project_id,h1,h2,N1,N2,vocabulary,length,calculated_length,volume,difficulty,effort,time,bugs,cc_rank,cc_score,loc,lloc,single_comments,sloc,multi,comments,blank,mi,path
3182310,8,160,112,223,168,335,1195.5084951819779,2476.4263366308846,5.575,13806.076826717182,767.0042681509545,0.8254754455436282,D,21.5,505,300,17,325,0,21,163,18.520110907137973,/home/senior/senior/Sample_Projects/round_2/3182310/pythonNeuroML/NeuroMLUtils/NetworkMLSaxHandler.py
3182310,6,132,66,134,138,200,945.3697987596428,1421.7048913556341,3.0454545454545454,4329.7376236739765,240.5409790929987,0.47390163045187805,A,1.61538461538,150,42,54,55,0,54,41,39.56966383131798,/home/senior/senior/Sample_Projects/round_2/3182310/pythonNeuroML/NeuroMLUtils/NetworkHandler.py
3182310,5,134,92,184,139,276,958.4655919957783,1964.8277360716882,3.4328358208955225,6744.9310342759445,374.71839079310803,0.6549425786905627,C,13.5,470,273,19,298,0,21,153,21.118559648721366,/home/senior/senior/Sample_Projects/round_2/3182310/pythonNeuroML/NeuroMLUtils/NeuroML2SaxHandler.py
3182310,8,177,107,214,185,321,1345.7661823646906,2417.5734488257363,4.836158192090395,11691.767639518814,649.5426466399341,0.8058578162752454,B,7.63636363636,347,206,22,222,0,31,103,24.055322354856703,/home/senior/senior/Sample_Projects/round_2/3182310/pythonNeuroML/NeuroMLUtils/NetworkMLHDF5Handler.py
3182310,6,193,121,242,199,363,1480.8539831970666,2772.0947372573446,3.761658031088083,10427.6724313411,579.3151350745055,0.9240315790857815,A,2.25925925926,417,209,18,207,35,20,157,25.02228864990134,/home/senior/senior/Sample_Projects/round_2/3182310/pythonNeuroML/NeuroMLUtils/NetworkMLUtils.py
3182310,1,2,1,2,3,3,2.0,4.754887502163469,0.5,2.3774437510817346,0.1320802083934297,0.0015849625007211565,A,1.33333333333,24,18,0,19,0,6,5,66.11825329370329,/home/senior/senior/Sample_Projects/round_2/3182310/pythonNeuroML/NeuroMLUtils/SynapseProperties.py
3182310,3,46,24,48,49,72,258.83873748078605,404.259108776295,1.565217391304348,632.7533876498532,35.1529659805474,0.134753036258765,A,2.0,96,30,23,42,0,23,31,45.83919275545874,/home/senior/senior/Sample_Projects/round_2/3182310/pythonNeuroML/NeuroMLUtils/NetworkHolder.py
3182310,6,242,147,294,248,441,1931.874678424779,3507.8005728806124,3.644628099173554,12784.628534217769,710.2571407898761,1.1692668576268708,A,2.39393939394,399,232,13,232,0,15,154,23.213343496360473,/home/senior/senior/Sample_Projects/round_2/3182310/pythonNeuroML/NeuroMLUtils/NetworkMLNet.py
3182310,12,176,115,227,188,342,1355.8795148888182,2583.669387273752,7.738636363636363,19994.077871970738,1110.7821039983744,0.8612231290912506,A,3.0,372,235,42,262,0,48,68,22.913958883919857,/home/senior/senior/Sample_Projects/round_2/3182310/pythonNeuroML/nCUtils/nCreport.py
3182310,18,535,341,678,553,1019,4923.975018515314,9284.247247969168,11.405607476635515,105892.47982636985,5882.915545909436,3.0947490826563895,C,10.4545454545,1479,768,21,1008,0,55,450,5.284517125365218,/home/senior/senior/Sample_Projects/round_2/3182310/pythonNeuroML/nCUtils/ncutils.py
3182310,10,123,93,173,133,266,887.1485651056,1876.7051278433164,7.032520325203252,13197.96695597129,733.2203864428494,0.6255683759477721,A,2.33333333333,167,122,6,117,0,6,44,31.568218200424827,/home/senior/senior/Sample_Projects/round_2/3182310/pythonNeuroML/nCUtils/simInfo.py
3182310,8,102,60,120,110,180,704.5873848810925,1220.6447484344387,4.705882352941177,5744.210580867947,319.12281004821926,0.40688158281147957,A,2.36363636364,300,134,47,145,0,57,108,30.854139629621546,/home/senior/senior/Sample_Projects/round_2/3182310/pythonNeuroML/PyNNUtils/PyNNUtils.py
3182310,3,7,5,10,10,15,24.406371956566698,49.82892142331044,2.142857142857143,106.77626019280808,5.932014455156004,0.016609640474436815,,,45,26,2,25,0,4,18,,/home/senior/senior/Sample_Projects/round_2/3182310/pythonNeuroML/PyNNUtils/Pop.py
3182310,7,27,16,31,34,47,148.0334470128169,239.11075353876598,4.018518518518518,960.8709910724484,53.381721726247136,0.07970358451292199,A,3.0,143,79,19,70,0,19,54,42.54553478600275,/home/senior/senior/Sample_Projects/round_2/3182310/pythonNeuroML/NeuroTools/LoadToNeuroTools.py
3182310,7,460,257,514,467,771,4088.576907888816,6836.671908316151,3.9108695652173915,26737.332093610337,1485.4073385339077,2.2788906361053836,A,2.77777777778,286,124,40,137,0,42,109,26.09505728180872,/home/senior/senior/Sample_Projects/round_2/3182310/pythonNeuroML/NEURONUtils/NEURONSimUtils.py
3182310,3,6,3,6,9,9,20.264662506490406,28.529325012980813,1.5,42.793987519471216,2.377443751081734,0.009509775004326938,,,50,17,14,17,0,17,19,,/home/senior/senior/Sample_Projects/round_2/3182310/pythonNeuroML/Examples/Ex3_ReadNetworkML_HDF5.py
3182310,3,6,3,6,9,9,20.264662506490406,28.529325012980813,1.5,42.793987519471216,2.377443751081734,0.009509775004326938,,,53,21,10,21,0,16,22,,/home/senior/senior/Sample_Projects/round_2/3182310/pythonNeuroML/Examples/Ex6_ReadNeuroML2_XML.py
3182310,4,15,12,15,19,27,66.60335893412778,114.6940428629768,2.0,229.3880857259536,12.743782540330756,0.03823134762099227,C,11.5,41,26,1,26,0,1,14,52.78216796273686,/home/senior/senior/Sample_Projects/round_2/3182310/pythonNeuroML/Examples/CellTypeA.py
3182310,1,2,1,2,3,3,2.0,4.754887502163469,0.5,2.3774437510817346,0.1320802083934297,0.0015849625007211565,,,18,7,0,6,5,0,7,,/home/senior/senior/Sample_Projects/round_2/3182310/pythonNeuroML/Examples/AlphaSynInput.py
3182310,5,15,11,22,20,33,70.2129994085646,142.62362713128297,3.6666666666666665,522.9532994813709,29.05296108229838,0.04754120904376099,,,69,29,20,29,0,23,20,,/home/senior/senior/Sample_Projects/round_2/3182310/pythonNeuroML/Examples/Ex1_CreateNetworkML.py
3182310,9,61,40,80,70,120,390.3043026043169,735.5139620333961,5.901639344262295,4340.738136590535,241.15211869947416,0.24517132067779868,,,200,105,21,102,7,24,70,,/home/senior/senior/Sample_Projects/round_2/3182310/pythonNeuroML/Examples/Ex4_SimplePyNN.py
3182310,3,6,3,6,9,9,20.264662506490406,28.529325012980813,1.5,42.793987519471216,2.377443751081734,0.009509775004326938,,,57,21,14,21,0,20,22,,/home/senior/senior/Sample_Projects/round_2/3182310/pythonNeuroML/Examples/Ex2_ReadNetworkML_XML.py
3182310,1,2,1,2,3,3,2.0,4.754887502163469,0.5,2.3774437510817346,0.1320802083934297,0.0015849625007211565,,,18,7,0,6,5,0,7,,/home/senior/senior/Sample_Projects/round_2/3182310/pythonNeuroML/Examples/AlphaSyn1.py
3182310,0,0,0,0,0,0,0.0,0.0,0.0,0.0,0.0,0.0,,,10,7,1,5,0,1,4,,/home/senior/senior/Sample_Projects/round_2/3182310/pythonNeuroML/Examples/test_neuroml.py
3182310,3,20,11,22,23,33,91.19344939991072,149.27754454988144,1.65,246.30794850730436,13.683774917072464,0.04975918151662715,,,146,69,12,68,5,20,61,,/home/senior/senior/Sample_Projects/round_2/3182310/pythonNeuroML/Examples/Ex5_NetworkMLPyNN.py
3182310,4,15,12,15,19,27,66.60335893412778,114.6940428629768,2.0,229.3880857259536,12.743782540330756,0.03823134762099227,C,11.5,44,28,1,28,0,1,15,52.10518830395864,/home/senior/senior/Sample_Projects/round_2/3182310/pythonNeuroML/Examples/CellsA.py
3182310,4,15,12,15,19,27,66.60335893412778,114.6940428629768,2.0,229.3880857259536,12.743782540330756,0.03823134762099227,C,11.5,44,28,1,28,0,1,15,52.10518830395864,/home/senior/senior/Sample_Projects/round_2/3182310/pythonNeuroML/Examples/CellsB.py
3182310,0,0,0,0,0,0,0.0,0.0,0.0,0.0,0.0,0.0,,,11,4,5,4,0,5,2,,/home/senior/senior/Sample_Projects/round_2/3182310/testProjects/TestHDF5/simulations/TestSpikesHDF5/run_TestHDF5.py
3182310,0,0,0,0,0,0,0.0,0.0,0.0,0.0,0.0,0.0,,,11,4,5,4,0,5,2,,/home/senior/senior/Sample_Projects/round_2/3182310/testProjects/TestHDF5/simulations/TestSpikesHDF5Parallel/run_TestHDF5.py
3182310,0,0,0,0,0,0,0.0,0.0,0.0,0.0,0.0,0.0,,,14,4,7,4,0,7,3,,/home/senior/senior/Sample_Projects/round_2/3182310/testProjects/TestHDF5/simulations/TestH5/run_TestHDF5.py
3182310,0,0,0,0,0,0,0.0,0.0,0.0,0.0,0.0,0.0,,,11,4,5,4,0,5,2,,/home/senior/senior/Sample_Projects/round_2/3182310/testProjects/TestHDF5/simulations/TestH5Parallel/run_TestHDF5.py
3182310,2,22,14,28,24,42,100.10749561002054,192.56842503028858,1.2727272727272727,245.08708640218546,13.61594924456586,0.0641894750100962,,,49,30,0,29,6,0,14,,/home/senior/senior/Sample_Projects/round_2/3182310/templates/clusterUtils/pullallsims.py
3182310,0,0,0,0,0,0,0.0,0.0,0.0,0.0,0.0,0.0,,,4,2,0,2,0,0,2,,/home/senior/senior/Sample_Projects/round_2/3182310/templates/neuronUtils/TestHDF5/run.py
3182310,6,11,8,14,17,22,53.563522809337215,89.92418250750748,3.8181818181818183,343.34687866502856,19.074826592501587,0.029974727502502494,A,3.0,85,31,5,29,34,5,17,53.65992234920016,/home/senior/senior/Sample_Projects/round_2/3182310/lib/jython/Lib/anydbm.py
3182310,16,123,87,158,139,245,917.9292841567265,1744.1405628172595,10.276422764227643,17923.5257837481,995.75143243045,0.5813801876057532,A,1.96052631579,445,369,8,324,43,20,70,22.242830994880567,/home/senior/senior/Sample_Projects/round_2/3182310/lib/jython/Lib/formatter.py
3182310,16,374,232,447,390,679,3260.5385279979764,5844.377283035986,9.561497326203208,55880.99776507135,3104.499875837297,1.9481257610119953,A,2.59712230216,1703,856,171,981,272,183,279,8.005596077252886,/home/senior/senior/Sample_Projects/round_2/3182310/lib/jython/Lib/optparse.py
3182310,3,28,14,28,31,42,139.36082531977635,208.0762450362488,1.5,312.1143675543732,17.339687086354065,0.06935874834541626,A,1.66666666667,259,130,20,205,0,31,34,33.054408165093065,/home/senior/senior/Sample_Projects/round_2/3182310/lib/jython/Lib/sre_constants.py
3182310,1,4,3,6,5,9,8.0,20.89735285398626,0.75,15.673014640489694,0.8707230355827608,0.0069657842846620865,,,78,43,16,42,6,16,14,,/home/senior/senior/Sample_Projects/round_2/3182310/lib/jython/Lib/dummy_threading.py
3182310,12,80,48,91,92,139,548.7737975996429,906.7751118919248,6.825,6188.740138662387,343.8188965923548,0.3022583706306416,A,3.20588235294,707,303,57,321,203,57,126,24.15071889898199,/home/senior/senior/Sample_Projects/round_2/3182310/lib/jython/Lib/SimpleXMLRPCServer.py
3182310,19,112,80,144,131,224,843.1343740258797,1575.4867523443888,12.214285714285714,19243.445332206462,1069.0802962336923,0.525162250781463,A,2.40625,602,419,15,417,31,10,139,20.1078374849331,/home/senior/senior/Sample_Projects/round_2/3182310/lib/jython/Lib/_abcoll.py
3182310,15,60,43,81,75,124,413.0167946706389,772.3735176214892,10.125,7820.281865917578,434.4601036620877,0.2574578392071631,A,3.58823529412,263,182,23,174,13,25,53,30.363280697050044,/home/senior/senior/Sample_Projects/round_2/3182310/lib/jython/Lib/zlib.py
3182310,5,24,16,29,29,45,121.64874049174458,218.60914478074076,3.0208333333333335,660.3817915251544,36.68787730695303,0.07286971492691359,A,3.33333333333,221,130,9,125,47,9,40,37.33798234622641,/home/senior/senior/Sample_Projects/round_2/3182310/lib/jython/Lib/SimpleHTTPServer.py
3182310,19,261,186,355,280,541,2175.9940878601683,4397.942112167227,12.921455938697317,56827.81522331024,3157.100845739458,1.4659807040557422,A,3.15277777778,975,645,96,661,121,107,97,12.53107510106033,/home/senior/senior/Sample_Projects/round_2/3182310/lib/jython/Lib/aifc.py
3182310,8,38,24,43,46,67,223.42124551085624,370.0786510558199,4.526315789473684,1675.0928416210793,93.0607134233933,0.12335955035193996,C,14.3333333333,149,81,10,93,23,9,23,37.03895021349541,/home/senior/senior/Sample_Projects/round_2/3182310/lib/jython/Lib/_MozillaCookieJar.py
3182310,24,484,327,629,508,956,4426.768906858211,8593.18256055419,15.59504132231405,134011.03712203106,7445.057617890615,2.864394186851397,B,5.55769230769,1439,982,147,1006,88,169,198,6.197145094329765,/home/senior/senior/Sample_Projects/round_2/3182310/lib/jython/Lib/zipfile.py
3182310,14,207,139,273,221,412,1645.8547691111667,3208.61585446927,9.231884057971014,29621.569555027894,1645.6427530571052,1.0695386181564233,A,2.31884057971,713,451,25,446,133,25,109,17.32216575388627,/home/senior/senior/Sample_Projects/round_2/3182310/lib/jython/Lib/calendar.py
3182310,3,8,4,8,11,12,28.75488750216347,41.51317942364757,1.5,62.26976913547136,3.4594316186372978,0.01383772647454919,A,1.8,65,38,1,35,15,1,14,54.405824392340904,/home/senior/senior/Sample_Projects/round_2/3182310/lib/jython/Lib/atexit.py
3182310,11,74,49,83,85,132,497.55329686155267,846.0396035701767,6.168918918918919,5219.1497166187255,289.9527620343736,0.2820132011900589,A,3.55555555556,415,250,7,236,116,6,56,27.21787204124207,/home/senior/senior/Sample_Projects/round_2/3182310/lib/jython/Lib/fileinput.py
3182310,11,52,45,86,63,131,334.4766131483471,783.0236699784891,9.096153846153847,7122.503767304334,395.6946537391297,0.2610078899928297,A,4.72727272727,237,133,21,129,43,20,44,32.98455279364909,/home/senior/senior/Sample_Projects/round_2/3182310/lib/jython/Lib/posixfile.py
3182310,2,5,4,5,7,9,13.60964047443681,25.26619429851844,1.0,25.26619429851844,1.403677461028802,0.008422064766172813,A,2.16666666667,83,38,0,36,32,0,15,55.56124345880647,/home/senior/senior/Sample_Projects/round_2/3182310/lib/jython/Lib/pwd.py
3182310,3,8,4,8,11,12,28.75488750216347,41.51317942364757,1.5,62.26976913547136,3.4594316186372978,0.01383772647454919,A,2.0,114,98,10,97,0,9,7,44.89151658446119,/home/senior/senior/Sample_Projects/round_2/3182310/lib/jython/Lib/symbol.py
3182310,20,451,316,583,471,899,4062.8981759859244,7982.745341401893,12.926829268292684,103191.58612056106,5732.865895586725,2.660915113800631,A,4.39361702128,1794,1082,149,1113,245,141,287,5.621099229304854,/home/senior/senior/Sample_Projects/round_2/3182310/lib/jython/Lib/cookielib.py
3182310,8,37,25,49,45,74,216.74977452827116,406.39712912839593,5.297297297297297,2152.8064137612323,119.60035632006846,0.1354657097094653,C,16.0,117,71,24,67,8,23,18,39.59828959063249,/home/senior/senior/Sample_Projects/round_2/3182310/lib/jython/Lib/whichdb.py
3182310,7,35,19,37,42,56,199.17639004747704,301.9697756756106,3.7,1117.2881699997592,62.07156499998663,0.1006565918918702,A,2.5,267,118,13,205,4,19,45,31.814335791876466,/home/senior/senior/Sample_Projects/round_2/3182310/lib/jython/Lib/unicodedata.py
3182310,6,15,8,16,21,24,74.11313393845472,105.41561814669026,3.2,337.32997806940887,18.74055433718938,0.03513853938223009,B,8.0,93,39,5,68,6,7,14,44.61827040277023,/home/senior/senior/Sample_Projects/round_2/3182310/lib/jython/Lib/keyword.py
3182310,10,53,36,64,63,100,336.79906504072324,597.7279923499917,6.037735849056604,3608.9237273961767,200.49576263312093,0.19924266411666391,A,3.76470588235,592,237,16,378,123,29,75,23.79709513802509,/home/senior/senior/Sample_Projects/round_2/3182310/lib/jython/Lib/mimetypes.py
3182310,15,163,93,177,178,270,1256.4460480737935,2018.4480263609273,8.144171779141104,16438.587453951724,913.2548585528735,0.6728160087869758,A,3.01351351351,722,612,33,546,55,11,88,16.725033859071573,/home/senior/senior/Sample_Projects/round_2/3182310/lib/jython/Lib/dbexts.py
3182310,13,97,72,129,110,201,688.2972620279857,1363.0533024184567,8.644329896907216,11782.682413173978,654.5934673985544,0.45435110080615226,A,2.63235294118,554,409,16,378,63,15,97,21.44546756711407,/home/senior/senior/Sample_Projects/round_2/3182310/lib/jython/Lib/ihooks.py
3182310,9,34,20,37,43,57,201.50306161549238,309.29709101801956,4.897058823529412,1514.6460486617723,84.1470027034318,0.10309903033933986,A,2.26315789474,324,145,36,137,106,42,45,35.56889296022205,/home/senior/senior/Sample_Projects/round_2/3182310/lib/jython/Lib/re.py
3182310,15,198,120,225,213,345,1569.2159697098905,2668.4748189779143,8.522727272727273,22742.683116289045,1263.4823953493915,0.8894916063259715,A,3.13793103448,705,540,52,543,30,50,80,15.911804374749675,/home/senior/senior/Sample_Projects/round_2/3182310/lib/jython/Lib/pstats.py
3182310,0,0,0,0,0,0,0.0,0.0,0.0,0.0,0.0,0.0,,,14,6,4,7,0,5,3,,/home/senior/senior/Sample_Projects/round_2/3182310/lib/jython/Lib/md5.py
3182310,5,9,7,13,14,20,40.13896548741762,76.14709844115208,3.611111111111111,274.97563325971583,15.276424069984213,0.025382366147050694,A,2.11111111111,105,63,23,51,8,15,23,49.06817752382853,/home/senior/senior/Sample_Projects/round_2/3182310/lib/jython/Lib/genericpath.py
3182310,17,305,183,343,322,526,2586.549825198582,4382.062277888289,9.559016393442622,41888.205151420676,2327.12250841226,1.460687425962763,A,2.47872340426,1518,782,88,770,253,98,407,11.188729144461801,/home/senior/senior/Sample_Projects/round_2/3182310/lib/jython/Lib/imaplib.py
3182310,16,180,151,295,196,446,1412.5335573393415,3396.1605904753824,13.11111111111111,44527.43885289945,2473.7466029388584,1.1320535301584609,C,11.25,536,439,72,429,0,81,35,16.31553471623895,/home/senior/senior/Sample_Projects/round_2/3182310/lib/jython/Lib/sre_compile.py
3182310,14,172,111,214,186,325,1330.6205067175672,2450.2266136101102,8.709302325581396,21339.76434411596,1185.5424635619977,0.8167422045367034,B,5.52380952381,403,257,18,258,72,23,55,22.880889624725462,/home/senior/senior/Sample_Projects/round_2/3182310/lib/jython/Lib/urlparse.py
3182310,11,90,64,115,101,179,622.3205264746811,1191.8198554125713,7.027777777777778,8375.845094982793,465.32472749904406,0.39727328513752375,A,4.8,556,350,28,345,92,22,91,22.42485363471609,/home/senior/senior/Sample_Projects/round_2/3182310/lib/jython/Lib/shutil.py
3182310,16,514,335,646,530,981,4692.891018285653,8877.901427011002,10.054474708171206,89262.63535951918,4959.035297751066,2.959300475670334,A,3.40845070423,2361,1254,315,1478,150,314,418,2.745518387887169,/home/senior/senior/Sample_Projects/round_2/3182310/lib/jython/Lib/argparse.py
3182310,16,75,56,106,91,162,531.161401787191,1054.2627317121887,11.306666666666667,11920.197286559147,662.2331825866193,0.35142091057072955,A,1.7311827957,1098,466,83,425,326,84,264,21.239693736235175,/home/senior/senior/Sample_Projects/round_2/3182310/lib/jython/Lib/codecs.py
3182310,14,53,34,68,67,102,356.88275300065607,618.7410974266927,8.981132075471699,5556.995516511429,308.7219731395238,0.20624703247556422,A,1.58974358974,231,178,4,163,9,2,55,31.92055757441421,/home/senior/senior/Sample_Projects/round_2/3182310/lib/jython/Lib/xdrlib.py
3182310,17,168,114,220,185,334,1311.3961953280875,2515.481407812448,11.130952380952381,27999.70376553142,1555.5390980850789,0.8384938026041494,B,5.33333333333,2274,391,67,1529,278,129,400,5.99950434051446,/home/senior/senior/Sample_Projects/round_2/3182310/lib/jython/Lib/pickletools.py
3182310,9,37,27,48,46,75,221.27909954125198,414.267146704276,5.837837837837838,2418.424424003341,134.35691244463004,0.13808904890142534,C,10.6,170,114,4,117,23,4,26,35.04474530701935,/home/senior/senior/Sample_Projects/round_2/3182310/lib/jython/Lib/_LWPCookieJar.py
3182310,18,929,583,1155,947,1738,9234.566466575447,17183.989429684054,11.18945102260495,192279.40809641092,10682.189338689495,5.727996476561351,A,4.93043478261,2357,1741,169,1884,36,110,268,0.0,/home/senior/senior/Sample_Projects/round_2/3182310/lib/jython/Lib/pydoc.py
3182310,12,90,91,176,102,267,627.2863286783247,1781.5375663063892,11.733333333333333,20903.3741113283,1161.298561740461,0.5938458554354631,B,9.0,291,254,22,253,0,24,16,23.566701808893416,/home/senior/senior/Sample_Projects/round_2/3182310/lib/jython/Lib/shlex.py
3182310,8,62,41,79,70,120,393.1601712439863,735.5139620333961,5.096774193548387,3748.748580686341,208.26381003813006,0.24517132067779868,B,5.125,122,98,9,100,0,6,13,35.51243919507571,/home/senior/senior/Sample_Projects/round_2/3182310/lib/jython/Lib/netrc.py
3182310,1,4,2,4,5,6,8.0,13.931568569324174,0.5,6.965784284662087,0.3869880158145604,0.004643856189774725,A,1.71428571429,134,27,2,22,78,2,32,61.84363983397585,/home/senior/senior/Sample_Projects/round_2/3182310/lib/jython/Lib/codeop.py
3182310,13,121,70,134,134,204,885.2881680460603,1441.4821948533854,7.198347107438017,10376.28918774627,576.4605104303483,0.48049406495112845,A,4.64516129032,623,392,34,397,103,34,89,20.541323398454697,/home/senior/senior/Sample_Projects/round_2/3182310/lib/jython/Lib/site.py
3182310,12,67,46,87,79,133,449.4475257693246,838.4028395075547,7.791044776119403,6532.034063029008,362.89078127938933,0.2794676131691849,A,2.88888888889,215,145,15,131,27,8,42,32.87963309622219,/home/senior/senior/Sample_Projects/round_2/3182310/lib/jython/Lib/macpath.py
3182310,5,11,7,12,16,19,49.663388279447084,76.0,2.727272727272727,207.27272727272725,11.515151515151514,0.025333333333333333,A,2.0,145,75,11,65,40,6,29,46.83029531317703,/home/senior/senior/Sample_Projects/round_2/3182310/lib/jython/Lib/dummy_thread.py
3182310,12,49,33,66,61,99,318.14033237029906,587.1429964187258,8.081632653061224,4745.074011873784,263.6152228818769,0.1957143321395753,A,4.15384615385,425,153,78,157,120,86,70,32.08791302928054,/home/senior/senior/Sample_Projects/round_2/3182310/lib/jython/Lib/textwrap.py
3182310,9,28,15,29,37,44,163.13526283059372,229.2159480876738,4.660714285714286,1068.3100437657654,59.35055798698696,0.07640531602922461,A,2.06666666667,190,109,9,102,55,8,24,39.27436528475443,/home/senior/senior/Sample_Projects/round_2/3182310/lib/jython/Lib/popen2.py
3182310,17,201,136,267,218,403,1607.3482582282204,3130.578282885101,11.291044776119403,35347.49956720267,1963.749975955704,1.0435260942950337,A,4.96428571429,1882,399,183,1494,95,393,110,5.60339984468969,/home/senior/senior/Sample_Projects/round_2/3182310/lib/jython/Lib/locale.py
3182310,15,120,100,189,135,289,887.43023040715,2045.1997075476904,11.8125,24158.921545407095,1342.162308078172,0.6817332358492302,B,7.11111111111,237,192,20,168,16,17,33,27.26119274852965,/home/senior/senior/Sample_Projects/round_2/3182310/lib/jython/Lib/quopri.py
3182310,9,25,13,26,34,39,144.62572975734892,198.41105080876326,4.68,928.563717785012,51.58687321027845,0.06613701693625443,A,3.5,142,120,11,119,0,11,12,38.07118054396924,/home/senior/senior/Sample_Projects/round_2/3182310/lib/jython/Lib/token.py
3182310,10,36,32,62,46,94,219.33658100079685,519.2148238693592,8.61111111111111,4471.016538875037,248.38980771527986,0.17307160795645307,A,4.3,167,94,3,90,54,3,20,37.668431800679556,/home/senior/senior/Sample_Projects/round_2/3182310/lib/jython/Lib/chunk.py
3182310,18,190,109,205,208,314,1513.3312156088418,2417.938071496303,9.710526315789474,23479.4512732141,1304.4139596230057,0.8059793571654343,A,2.22222222222,1639,822,414,838,116,421,271,12.230081353903406,/home/senior/senior/Sample_Projects/round_2/3182310/lib/jython/Lib/xmlrpclib.py
3182310,6,19,12,20,25,32,96.22039775975506,148.60339807279118,3.1578947368421053,469.2738886509195,26.07077159171775,0.04953446602426373,A,4.0,95,60,11,57,12,10,15,45.765664780613946,/home/senior/senior/Sample_Projects/round_2/3182310/lib/jython/Lib/glob.py
3182310,12,105,65,123,117,188,748.0153293635967,1291.62856728168,7.0285714285714285,9078.303644322665,504.35020246237025,0.43054285576056,A,2.33333333333,761,231,172,429,43,191,117,20.45319355078919,/home/senior/senior/Sample_Projects/round_2/3182310/lib/jython/Lib/Cookie.py
3182310,15,160,127,230,175,357,1230.1118541161056,2660.0823669241418,10.78125,28679.013018400903,1593.2785010222724,0.8866941223080472,A,4.6875,787,536,28,490,162,89,107,16.684059278128057,/home/senior/senior/Sample_Projects/round_2/3182310/lib/jython/Lib/telnetlib.py
3182310,6,20,14,26,26,40,101.94833690207419,188.0175887256437,3.9,733.2685960300104,40.737144223889466,0.06267252957521456,A,4.55555555556,180,136,14,125,17,12,24,37.629758450995816,/home/senior/senior/Sample_Projects/round_2/3182310/lib/jython/Lib/pty.py
3182310,13,70,46,87,83,133,477.1555275219819,847.8802443691411,8.07857142857143,6849.661117010704,380.5367287228169,0.28262674812304706,A,1.76595744681,642,266,87,246,160,87,149,27.060447077417738,/home/senior/senior/Sample_Projects/round_2/3182310/lib/jython/Lib/string.py
3182310,17,128,85,166,145,251,965.4868683012558,1802.1571815937486,11.0234375,19865.967056474838,1103.6648364708244,0.6007190605312496,B,5.17391304348,451,282,44,295,42,58,70,22.596635072767643,/home/senior/senior/Sample_Projects/round_2/3182310/lib/jython/Lib/csv.py
3182310,7,34,26,52,41,78,192.6252210569148,417.88905636021053,5.352941176470588,2236.935536987009,124.27419649927828,0.1392963521200702,A,4.05882352941,433,330,2,326,48,6,57,26.241850341868954,/home/senior/senior/Sample_Projects/round_2/3182310/lib/jython/Lib/copy.py
3182310,22,355,276,531,377,807,3105.5521967191967,6906.645515607813,16.453521126760563,113638.63790609925,6313.2576614499585,2.3022151718692707,A,3.17073170732,904,432,155,409,164,160,176,15.695314784294569,/home/senior/senior/Sample_Projects/round_2/3182310/lib/jython/Lib/random.py
3182310,2,8,4,8,10,12,26.0,39.863137138648355,1.0,39.863137138648355,2.2146187299249087,0.013287712379549451,A,1.5,33,15,0,13,11,0,9,63.51408407395373,/home/senior/senior/Sample_Projects/round_2/3182310/lib/jython/Lib/future_builtins.py
3182310,10,92,70,133,102,203,633.3869809061188,1354.5023444202136,7.228260869565218,9790.69629390698,543.9275718837212,0.45150078147340456,B,5.72727272727,255,208,20,184,24,19,27,27.842655224717664,/home/senior/senior/Sample_Projects/round_2/3182310/lib/jython/Lib/mailcap.py
3182310,2,3,2,4,5,6,6.754887502163469,13.931568569324174,1.3333333333333333,18.575424759098897,1.0319680421721609,0.004643856189774725,,,273,12,5,263,0,256,5,,/home/senior/senior/Sample_Projects/round_2/3182310/lib/jython/Lib/htmlentitydefs.py
3182310,4,40,28,56,44,84,220.8771237954945,458.59225596553296,2.8,1284.0583167034922,71.33657315019401,0.1528640853218443,A,5.0,92,59,2,46,24,3,20,44.210434170418466,/home/senior/senior/Sample_Projects/round_2/3182310/lib/jython/Lib/bisect.py
3182310,21,341,286,530,362,816,2961.285789675597,6935.874243859896,16.319648093841643,113191.0268829335,6288.390382385194,2.311958081286632,A,2.85314685315,1646,1066,163,1040,160,182,283,6.897802120886611,/home/senior/senior/Sample_Projects/round_2/3182310/lib/jython/Lib/_jyio.py
3182310,3,7,5,10,10,15,24.406371956566698,49.82892142331044,2.142857142857143,106.77626019280808,5.932014455156004,0.016609640474436815,A,2.9,154,73,17,69,40,15,28,47.414828313866394,/home/senior/senior/Sample_Projects/round_2/3182310/lib/jython/Lib/contextlib.py
3182310,13,123,71,136,136,207,902.0350004925607,1467.1048081388203,7.186991869918699,10544.070328412334,585.7816849117963,0.48903493604627346,A,4.38461538462,424,302,40,302,36,35,46,23.106481568914067,/home/senior/senior/Sample_Projects/round_2/3182310/lib/jython/Lib/warnings.py
3182310,15,110,72,138,125,210,804.5529274218403,1462.8146997790384,9.409090909090908,13763.756493375497,764.6531385208609,0.48760489992634615,A,3.77777777778,329,184,81,185,19,81,44,27.820028770342788,/home/senior/senior/Sample_Projects/round_2/3182310/lib/jython/Lib/tabnanny.py
3182310,8,27,15,29,35,44,152.38196255841368,225.68845274557853,4.296296296296297,969.6244636476708,53.868025758203935,0.07522948424852617,A,1.90909090909,180,173,11,161,0,12,8,35.052193003784026,/home/senior/senior/Sample_Projects/round_2/3182310/lib/jython/Lib/UserDict.py
3182310,2,5,4,5,7,9,13.60964047443681,25.26619429851844,1.0,25.26619429851844,1.403677461028802,0.008422064766172813,A,2.33333333333,85,38,0,34,34,0,17,56.0652775262779,/home/senior/senior/Sample_Projects/round_2/3182310/lib/jython/Lib/grp.py
3182310,20,384,275,516,404,791,3383.0641621746713,6848.64528285667,13.4375,92028.6709883865,5112.70394379925,2.282881760952223,A,2.98170731707,2136,1549,215,1545,26,283,350,3.1722521892713167,/home/senior/senior/Sample_Projects/round_2/3182310/lib/jython/Lib/_socket.py
3182310,3,9,6,12,12,18,33.28421251514428,64.52932501298082,2.0,129.05865002596164,7.169925001442313,0.02150977500432694,,,48,24,0,23,16,2,9,,/home/senior/senior/Sample_Projects/round_2/3182310/lib/jython/Lib/user.py
3182310,4,11,6,11,15,17,46.053747805010275,66.41714012534482,2.0,132.83428025068963,7.379682236149424,0.02213904670844827,A,1.69230769231,239,116,5,110,73,4,51,42.350703895258334,/home/senior/senior/Sample_Projects/round_2/3182310/lib/jython/Lib/shelve.py
3182310,21,355,227,435,376,662,3099.68336698753,5663.137819810596,12.866197183098592,72863.04786474619,4047.9471035970105,1.887712606603532,A,2.54368932039,1391,939,152,909,111,224,219,8.829951527686289,/home/senior/senior/Sample_Projects/round_2/3182310/lib/jython/Lib/pickle.py
3182310,11,56,37,71,67,108,363.26562344023614,655.1376325694393,6.973214285714286,4568.415098542251,253.80083880790284,0.2183792108564798,B,5.11111111111,210,128,24,112,45,25,29,34.80212561599285,/home/senior/senior/Sample_Projects/round_2/3182310/lib/jython/Lib/getopt.py
3182310,13,59,36,65,72,101,395.18165624818283,623.1624251456735,7.161016949152542,4462.476688543171,247.91537158573172,0.20772080838189116,A,4.6,201,117,35,120,12,39,34,34.37477068950992,/home/senior/senior/Sample_Projects/round_2/3182310/lib/jython/Lib/copy_reg.py
3182310,15,191,158,310,206,468,1505.8922650889558,3597.282246721746,12.172774869109947,43788.90692998984,2432.717051666102,1.199094082240582,B,5.8,560,351,124,323,39,128,74,19.555118940572616,/home/senior/senior/Sample_Projects/round_2/3182310/lib/jython/Lib/ntpath.py
3182310,20,272,192,361,292,553,2286.2284547178397,4528.9729810606495,13.272058823529411,60108.79581481229,3339.3775452673494,1.5096576603535499,B,6.08695652174,1654,821,284,858,221,285,291,9.579235639172257,/home/senior/senior/Sample_Projects/round_2/3182310/lib/jython/Lib/platform.py
3182310,10,42,24,46,52,70,259.6966127055816,399.03078026987646,5.476190476190476,2185.1685586207523,121.39825325670846,0.1330102600899588,A,3.77777777778,83,78,1,76,0,4,6,40.12014473918474,/home/senior/senior/Sample_Projects/round_2/3182310/lib/jython/Lib/pycimport.py
3182310,18,323,252,480,341,732,2767.389734592099,6158.775644045695,13.374613003095975,82371.24081200434,4576.180045111352,2.0529252146818986,B,7.97058823529,801,680,63,683,0,73,55,10.549537509528461,/home/senior/senior/Sample_Projects/round_2/3182310/lib/jython/Lib/sre_parse.py
3182310,16,143,109,204,159,313,1087.8616011593097,2288.9323650040033,11.412587412587413,26122.640697108625,1451.2578165060347,0.7629774550013344,A,2.91304347826,553,426,70,395,15,63,73,19.416635356459008,/home/senior/senior/Sample_Projects/round_2/3182310/lib/jython/Lib/sgmllib.py
3182310,8,28,16,30,36,46,158.6059378176129,237.81655006634637,4.285714285714286,1019.2137859986273,56.62298811103485,0.07927218335544879,A,5.0,166,81,4,76,51,4,35,41.52440620342559,/home/senior/senior/Sample_Projects/round_2/3182310/lib/jython/Lib/rlcompleter.py
3182310,11,133,85,161,144,246,976.4063117266685,1763.801550354809,6.657894736842105,11743.205058941228,652.4002810522904,0.5879338501182697,B,5.03703703704,595,353,26,341,120,31,108,21.31194222265343,/home/senior/senior/Sample_Projects/round_2/3182310/lib/jython/Lib/pkgutil.py
3182310,16,150,93,175,166,268,1148.322803574382,1976.510567600976,9.333333333333334,18447.431964275776,1024.8573313486543,0.658836855866992,A,3.06896551724,659,432,98,451,18,100,92,18.588653562168236,/home/senior/senior/Sample_Projects/round_2/3182310/lib/jython/Lib/asyncore.py
3182310,16,109,69,126,125,195,801.7320914006849,1358.3279355091072,9.247706422018348,12561.417972414496,697.8565540230276,0.45277597850303575,A,2.94117647059,513,314,100,275,41,78,97,24.418922684926578,/home/senior/senior/Sample_Projects/round_2/3182310/lib/jython/Lib/posixpath.py
3182310,0,0,0,0,0,0,0.0,0.0,0.0,0.0,0.0,0.0,,,13,6,1,6,3,1,3,,/home/senior/senior/Sample_Projects/round_2/3182310/lib/jython/Lib/sre.py
3182310,8,33,26,45,41,71,190.46500593882897,380.386192327884,5.454545454545454,2074.8337763339123,115.2685431296618,0.126795397442628,A,1.81481481481,244,146,23,131,48,16,42,35.42302719249347,/home/senior/senior/Sample_Projects/round_2/3182310/lib/jython/Lib/Queue.py
3182310,8,24,15,28,32,43,134.03910001730776,215.0,4.666666666666667,1003.3333333333334,55.74074074074074,0.07166666666666667,A,4.0,160,107,11,99,18,12,32,39.48818436668729,/home/senior/senior/Sample_Projects/round_2/3182310/lib/jython/Lib/getpass.py
3182310,8,57,32,65,65,97,356.4747308073903,584.1696778637601,4.56140350877193,2664.633618325923,148.03520101810685,0.1947232259545867,A,4.2,310,156,2,152,112,0,44,32.40176376540852,/home/senior/senior/Sample_Projects/round_2/3182310/lib/jython/Lib/ast.py
3182310,6,21,12,22,27,34,107.74844088268091,161.66617507355795,3.142857142857143,508.093693088325,28.227427393795832,0.053888725024519316,A,3.26666666667,310,153,10,138,97,9,65,37.32944354121165,/home/senior/senior/Sample_Projects/round_2/3182310/lib/jython/Lib/code.py
3182310,11,55,34,62,66,96,356.02853204886657,580.2618354584115,6.2,3597.6233798421513,199.8679655467862,0.1934206118194705,A,1.86567164179,447,309,26,326,5,24,90,25.540639705398775,/home/senior/senior/Sample_Projects/round_2/3182310/lib/jython/Lib/threading.py
3182310,15,327,202,387,342,589,2790.082370872001,4958.115131267794,8.876146788990825,44008.95770184945,2444.942094547192,1.6527050437559314,A,3.23728813559,1470,879,176,910,130,181,254,9.130479098470932,/home/senior/senior/Sample_Projects/round_2/3182310/lib/jython/Lib/urllib2.py
3182310,15,200,142,268,215,410,1587.3745968890726,3176.7590683316785,10.05,31926.42863673337,1773.6904798185205,1.0589196894438928,B,9.92857142857,468,403,27,385,21,26,35,17.718958608416987,/home/senior/senior/Sample_Projects/round_2/3182310/lib/jython/Lib/mimify.py
3182310,16,110,71,135,126,206,809.9495684877126,1437.3196642409828,9.818181818181818,14111.865794366013,783.9925441314451,0.47910655474699426,A,4.73684210526,404,272,8,251,95,5,50,24.867470689433205,/home/senior/senior/Sample_Projects/round_2/3182310/lib/jython/Lib/cmd.py
3182310,15,152,102,192,167,294,1160.288340977553,2170.8090619873715,9.473684210526315,20565.5595346172,1142.5310852565112,0.7236030206624572,A,2.56,508,389,66,370,5,62,67,20.242973444661203,/home/senior/senior/Sample_Projects/round_2/3182310/lib/jython/Lib/binhex.py
3182310,6,33,18,34,39,52,181.9747809431559,274.8409153808369,3.090909090909091,849.508283904405,47.19490466135583,0.09161363846027898,A,2.25,186,50,0,43,95,0,48,46.757626631211586,/home/senior/senior/Sample_Projects/round_2/3182310/lib/jython/Lib/MimeWriter.py
3182310,5,16,9,18,21,27,75.60964047443682,118.59257041502654,2.8125,333.54160429226215,18.530089127347896,0.03953085680500885,A,3.4,128,48,1,43,55,1,29,49.1443603450909,/home/senior/senior/Sample_Projects/round_2/3182310/lib/jython/Lib/py_compile.py
3182310,12,51,33,62,63,95,332.3132424492002,567.8415927324921,7.294117647058823,4141.90338228406,230.10574346022557,0.18928053091083072,C,10.75,196,130,52,125,4,49,15,33.44620041529906,/home/senior/senior/Sample_Projects/round_2/3182310/lib/jython/Lib/uu.py
3182310,1,2,1,2,3,3,2.0,4.754887502163469,0.5,2.3774437510817346,0.1320802083934297,0.0015849625007211565,A,2.0,142,5,4,114,0,12,24,49.45721763215703,/home/senior/senior/Sample_Projects/round_2/3182310/lib/jython/Lib/socket.py
3182310,2,4,2,4,6,6,10.0,15.509775004326936,1.0,15.509775004326936,0.861654166907052,0.005169925001442312,A,2.33333333333,41,30,3,26,4,1,8,59.935802589519994,/home/senior/senior/Sample_Projects/round_2/3182310/lib/jython/Lib/dircache.py
3182310,10,31,20,40,41,60,186.7993665708668,321.453120277085,6.451612903225806,2073.8910985618386,115.21617214232437,0.10715104009236168,A,1.42424242424,88,117,2,84,0,2,2,40.1558441660269,/home/senior/senior/Sample_Projects/round_2/3182310/lib/jython/Lib/UserList.py
3182310,16,248,154,292,264,446,2036.6406849759453,3587.799777233871,9.419354838709678,33794.75919200937,1877.4866217782983,1.195933259077957,A,3.5873015873,1050,670,92,662,147,74,149,13.077301558540704,/home/senior/senior/Sample_Projects/round_2/3182310/lib/jython/Lib/cgi.py
3182310,25,513,384,749,538,1133,4734.540507750787,10277.966856776657,18.250487329434698,187577.90389195213,10420.994660664008,3.4259889522588853,A,3.43103448276,1907,890,89,882,530,80,406,7.18371207264708,/home/senior/senior/Sample_Projects/round_2/3182310/lib/jython/Lib/_google_ipaddr_r234.py
3182310,9,34,22,41,43,63,201.50306161549238,341.85467954623215,5.426470588235294,1855.0643640082303,103.05913133379057,0.11395155984874406,B,7.4,135,90,10,88,12,11,25,38.729880737327065,/home/senior/senior/Sample_Projects/round_2/3182310/lib/jython/Lib/linecache.py
3182310,9,20,15,24,29,39,114.96788691072805,189.46125880997533,5.4,1023.0907975738669,56.838377642992604,0.06315375293665844,A,1.06557377049,391,235,60,175,61,15,95,34.90990848612075,/home/senior/senior/Sample_Projects/round_2/3182310/lib/jython/Lib/numbers.py
3182310,25,1599,1302,2462,1624,3764,17134.18020808942,40144.324392285,19.246404002501563,772633.8856613952,42924.104758966394,13.381441464095001,A,4.21912350598,6163,2873,689,2784,1772,650,918,0.0,/home/senior/senior/Sample_Projects/round_2/3182310/lib/jython/Lib/decimal.py
3182310,9,18,12,24,27,36,103.58797503894243,171.1759500778849,6.0,1027.0557004673094,57.05865002596163,0.05705865002596163,A,2.125,133,66,9,60,36,11,28,45.112751706983175,/home/senior/senior/Sample_Projects/round_2/3182310/lib/jython/Lib/hmac.py
3182310,9,51,38,72,60,110,317.8230174535271,649.757965516937,6.352941176470588,4127.874133872306,229.32634077068366,0.21658598850564567,A,3.5,162,114,6,112,22,7,22,35.04386015111633,/home/senior/senior/Sample_Projects/round_2/3182310/lib/jython/Lib/multifile.py
3182310,10,71,49,97,81,146,469.85132643370605,925.6181004211553,6.830985915492958,6322.884207102258,351.2713448390143,0.3085393668070518,A,1.4776119403,228,238,8,191,15,10,14,29.219127713653442,/home/senior/senior/Sample_Projects/round_2/3182310/lib/jython/Lib/UserString.py
3182310,13,74,49,92,87,141,507.60526539237657,908.4550329146707,8.08108108108108,7341.298779499636,407.84993219442424,0.30281834430489024,B,7.36363636364,378,260,27,251,42,23,58,25.908079258295842,/home/senior/senior/Sample_Projects/round_2/3182310/lib/jython/Lib/CGIHTTPServer.py
3182310,7,35,19,35,42,54,199.17639004747704,291.18514083005306,3.5,1019.1479929051857,56.619332939176985,0.09706171361001768,A,2.27777777778,212,164,10,165,0,10,37,33.9997036165193,/home/senior/senior/Sample_Projects/round_2/3182310/lib/jython/Lib/_weakrefset.py
3182310,7,47,31,56,54,87,280.71716048325214,500.6752126882218,4.170212765957447,2087.9221635508825,115.9956757528268,0.1668917375627406,A,1.42222222222,491,339,21,302,39,24,129,26.770211834367526,/home/senior/senior/Sample_Projects/round_2/3182310/lib/jython/Lib/htmllib.py
3182310,14,84,56,102,98,158,590.2576324222223,1045.124155370203,8.5,8883.555320646725,493.53085114704027,0.34837471845673434,A,2.45454545455,721,395,46,378,184,49,113,22.276351983454255,/home/senior/senior/Sample_Projects/round_2/3182310/lib/jython/Lib/os.py
3182310,2,4,2,4,6,6,10.0,15.509775004326936,1.0,15.509775004326936,0.861654166907052,0.005169925001442312,A,1.0,192,157,2,158,4,42,28,43.31765979417981,/home/senior/senior/Sample_Projects/round_2/3182310/lib/jython/Lib/opcode.py
3182310,15,216,137,267,231,404,1733.6590594014372,3172.106612732087,9.270833333333334,29408.071722203724,1633.7817623446513,1.0573688709106956,B,6.12121212121,819,507,98,561,52,96,108,14.676588310326213,/home/senior/senior/Sample_Projects/round_2/3182310/lib/jython/Lib/trace.py
3182310,16,240,153,286,256,439,1961.6537429460445,3512.0,9.533333333333333,33481.066666666666,1860.0592592592593,1.1706666666666667,A,2.6017699115,1338,938,108,1025,33,113,172,9.13810907119012,/home/senior/senior/Sample_Projects/round_2/3182310/lib/jython/Lib/pdb.py
3182310,17,83,66,128,100,194,598.6151411030505,1288.9081008162966,13.108433734939759,16895.566429977476,938.6425794431931,0.4296360336054322,A,3.35294117647,365,202,35,197,62,48,71,27.669474330659924,/home/senior/senior/Sample_Projects/round_2/3182310/lib/jython/Lib/base64.py
3182310,14,110,58,115,124,173,799.252537396519,1203.0759616969294,7.318181818181818,8804.328628782074,489.1293682656708,0.40102532056564316,A,3.0625,228,161,15,143,22,14,48,30.93486399352393,/home/senior/senior/Sample_Projects/round_2/3182310/lib/jython/Lib/sndhdr.py
3182310,5,45,30,58,50,88,258.7430298092722,496.6593447001757,3.2222222222222223,1600.346777367233,88.90815429817961,0.16555311490005858,A,2.16666666667,385,250,9,250,50,9,76,28.47822626470249,/home/senior/senior/Sample_Projects/round_2/3182310/lib/jython/Lib/weakref.py
3182310,13,61,47,87,74,134,409.8806939271703,832.0667509942795,9.270491803278688,7713.667994873197,428.5371108262887,0.2773555836647598,A,3.58823529412,479,221,82,280,49,90,68,25.65074188519959,/home/senior/senior/Sample_Projects/round_2/3182310/lib/jython/Lib/heapq.py
3182310,8,20,11,22,28,33,110.43856189774725,158.64271242790093,4.4,698.0279346827641,38.779329704598005,0.05288090414263365,A,3.375,251,75,20,78,100,21,53,42.7248045503776,/home/senior/senior/Sample_Projects/round_2/3182310/lib/jython/Lib/_threading_local.py
3182310,19,256,169,321,275,490,2128.710622755428,3970.6110261218914,11.912109375,47298.35282874495,2627.6862682636083,1.323537008707297,A,4.56363636364,966,593,73,544,217,63,132,14.494510460556663,/home/senior/senior/Sample_Projects/round_2/3182310/lib/jython/Lib/inspect.py
3182310,2,6,4,8,8,12,17.509775004326936,36.0,1.3333333333333333,48.0,2.6666666666666665,0.012,,,28,6,0,25,0,0,3,,/home/senior/senior/Sample_Projects/round_2/3182310/lib/jython/Lib/this.py
3182310,3,15,11,22,18,33,63.35824643629125,137.6075250475963,2.2,302.7365551047119,16.818697505817326,0.04586917501586544,A,3.75,146,62,17,94,6,18,29,41.35680303367655,/home/senior/senior/Sample_Projects/round_2/3182310/lib/jython/Lib/hashlib.py
3182310,0,0,0,0,0,0,0.0,0.0,0.0,0.0,0.0,0.0,,,12,1,1,10,0,1,1,,/home/senior/senior/Sample_Projects/round_2/3182310/lib/jython/Lib/select.py
3182310,19,198,139,270,217,409,1591.323233531191,3174.474454069792,12.954545454545455,41123.87360954049,2284.6596449744716,1.0581581513565974,A,4.06666666667,520,353,57,338,47,70,78,19.739626191592478,/home/senior/senior/Sample_Projects/round_2/3182310/lib/jython/Lib/gzip.py
3182310,15,136,98,193,151,291,1022.498305344174,2106.3757791435983,10.643382352941176,22418.962796399694,1245.4979331333163,0.7021252597145328,B,5.53333333333,426,276,11,308,57,29,50,21.66700068370048,/home/senior/senior/Sample_Projects/round_2/3182310/lib/jython/Lib/tokenize.py
3182310,5,20,12,24,25,36,98.04820237218406,167.17882283189007,3.0,501.5364684956702,27.863137138648344,0.05572627427729669,A,2.0,90,37,26,32,13,23,19,51.02130570913713,/home/senior/senior/Sample_Projects/round_2/3182310/lib/jython/Lib/commands.py
3182310,10,142,84,158,152,242,1048.4833719185385,1753.9984582533477,5.563380281690141,9758.160436761582,542.1200242645323,0.5846661527511159,A,4.53333333333,278,159,29,204,6,28,39,26.245269434358082,/home/senior/senior/Sample_Projects/round_2/3182310/lib/jython/Lib/pipes.py
3182310,11,79,45,87,90,132,536.0524269110014,856.924608715517,6.056962025316456,5190.359813549049,288.35332297494716,0.2856415362385057,A,2.0,618,358,43,352,92,46,131,23.61387900426571,/home/senior/senior/Sample_Projects/round_2/3182310/lib/jython/Lib/tempfile.py
3182310,0,0,0,0,0,0,0.0,0.0,0.0,0.0,0.0,0.0,A,1.25,28,17,1,16,4,1,7,72.9909028223914,/home/senior/senior/Sample_Projects/round_2/3182310/lib/jython/Lib/marshal.py
3182310,15,170,99,193,185,292,1318.1998180775372,2199.1633864707633,8.514705882352942,18725.229423037825,1040.2905235021015,0.733054462156921,B,6.0,713,392,99,480,50,103,84,17.28085282328737,/home/senior/senior/Sample_Projects/round_2/3182310/lib/jython/Lib/sysconfig.py
3182310,7,57,35,68,64,103,352.1262152617935,618.0,4.175438596491228,2580.4210526315787,143.3567251461988,0.206,A,2.63157894737,250,186,9,194,8,6,39,30.14385764643994,/home/senior/senior/Sample_Projects/round_2/3182310/lib/jython/Lib/mimetools.py
3182310,8,26,23,46,34,69,146.2114326716684,351.03493604627346,7.076923076923077,2484.247239712089,138.0137355395605,0.11701164534875783,A,5.0,36,22,5,21,4,5,6,52.212698285035906,/home/senior/senior/Sample_Projects/round_2/3182310/lib/jython/Lib/_fsum.py
3182310,9,40,22,44,49,66,241.40644880847532,370.5708497116037,4.95,1834.3257060724386,101.90698367069103,0.12352361657053458,A,2.77777777778,278,170,42,180,26,41,30,32.38199619899824,/home/senior/senior/Sample_Projects/round_2/3182310/lib/jython/Lib/runpy.py
3182310,18,295,199,380,313,579,2495.4071375794765,4799.920912373986,11.59322033898305,55646.54074684417,3091.474485935787,1.5999736374579951,A,3.80882352941,1046,745,91,653,177,78,125,12.292107433561005,/home/senior/senior/Sample_Projects/round_2/3182310/lib/jython/Lib/ftplib.py
3182310,9,151,130,260,160,390,1121.5284406510677,2855.551957006071,7.748344370860927,22125.799931768895,1229.2111073204942,0.951850652335357,A,4.57142857143,156,105,18,105,13,19,20,31.007328161010573,/home/senior/senior/Sample_Projects/round_2/3182310/lib/jython/Lib/colorsys.py
3182310,16,65,50,93,81,143,455.4539078468495,906.5985504125014,11.446153846153846,10377.066484721554,576.5036935956418,0.3021995168041671,A,3.11111111111,324,201,4,180,102,3,38,29.621415981342974,/home/senior/senior/Sample_Projects/round_2/3182310/lib/jython/Lib/StringIO.py
3182310,14,161,100,195,175,295,1233.5805862852599,2198.107277990537,8.478260869565217,18636.126922093685,1035.3403845607602,0.7327024259968457,A,3.3275862069,753,444,59,457,122,61,115,18.105952727249672,/home/senior/senior/Sample_Projects/round_2/3182310/lib/jython/Lib/ConfigParser.py
3182310,0,0,0,0,0,0,0.0,0.0,0.0,0.0,0.0,0.0,A,1.0,107,24,18,38,26,19,25,65.15807095479518,/home/senior/senior/Sample_Projects/round_2/3182310/lib/jython/Lib/io.py
3182310,1,4,2,4,5,6,8.0,13.931568569324174,0.5,6.965784284662087,0.3869880158145604,0.004643856189774725,A,1.2,128,30,4,51,40,11,33,54.18465958328566,/home/senior/senior/Sample_Projects/round_2/3182310/lib/jython/Lib/__future__.py
3182310,10,136,78,151,146,229,997.1142273589198,1646.469823983524,5.551470588235294,9140.328802261476,507.796044570082,0.5488232746611746,A,2.74418604651,627,368,54,325,154,38,94,22.283462392607387,/home/senior/senior/Sample_Projects/round_2/3182310/lib/jython/Lib/nntplib.py
3182310,12,102,70,126,114,196,723.6069348897463,1339.2464427762895,7.411764705882353,9926.179517047793,551.4544176137663,0.4464154809254298,A,4.43333333333,555,378,82,373,41,82,59,21.382586967680716,/home/senior/senior/Sample_Projects/round_2/3182310/lib/jython/Lib/smtpd.py
3182310,19,250,168,313,269,481,2072.1566939209497,3882.3733963897366,11.894,46176.94917665953,2565.386065369974,1.2941244654632456,A,2.77142857143,560,321,42,315,102,35,101,19.96746095694633,/home/senior/senior/Sample_Projects/round_2/3182310/lib/jython/Lib/uuid.py
3182310,15,129,103,199,144,302,963.0516748837275,2165.3173504355786,11.569767441860465,25052.218182365126,1391.7898990202848,0.7217724501451929,A,3.03333333333,363,270,40,236,31,31,56,24.432562926296466,/home/senior/senior/Sample_Projects/round_2/3182310/lib/jython/Lib/javapath.py
3182310,9,38,23,41,47,64,227.95057052383706,355.4936865073688,4.855263157894737,1726.015398963409,95.88974438685607,0.11849789550245626,A,1.48780487805,372,209,24,249,14,30,85,29.621808217817573,/home/senior/senior/Sample_Projects/round_2/3182310/lib/jython/Lib/ssl.py
3182310,11,93,52,100,104,152,646.1955172380573,1018.466837157446,5.913978494623656,6023.190972436509,334.62172069091713,0.33948894571914867,A,3.0,614,213,82,277,134,79,121,25.217517918874318,/home/senior/senior/Sample_Projects/round_2/3182310/lib/jython/Lib/BaseHTTPServer.py
3182310,12,213,121,242,225,363,1690.5126991167576,2836.4025724117846,6.816901408450704,19335.476690807096,1074.193149489283,0.9454675241372615,B,5.76923076923,323,238,6,251,20,6,46,22.66255860401373,/home/senior/senior/Sample_Projects/round_2/3182310/lib/jython/Lib/cgitb.py
3182310,14,136,92,183,150,275,1017.1979153188527,1987.925139886367,9.419117647058824,18724.500766135563,1040.250042563087,0.6626417132954557,B,9.14285714286,224,203,4,190,9,1,21,25.914909467336045,/home/senior/senior/Sample_Projects/round_2/3182310/lib/jython/Lib/dis.py
3182310,13,118,87,174,131,261,860.2575961605315,1835.7234034012745,9.584745762711865,17594.942112261368,977.4967840145205,0.6119078011337582,B,5.70588235294,467,265,78,294,56,83,39,22.50105617810561,/home/senior/senior/Sample_Projects/round_2/3182310/lib/jython/Lib/_strptime.py
3182310,11,51,34,69,62,103,327.3474402455566,613.2822199698483,7.4411764705882355,4563.541225069754,253.53006805943076,0.20442740665661607,B,6.75,97,65,12,70,6,13,9,39.184633203595304,/home/senior/senior/Sample_Projects/round_2/3182310/lib/jython/Lib/macurl2path.py
3182310,0,0,0,0,0,0,0.0,0.0,0.0,0.0,0.0,0.0,A,1.25,87,58,12,54,3,16,18,61.86766222177425,/home/senior/senior/Sample_Projects/round_2/3182310/lib/jython/Lib/types.py
3182310,0,0,0,0,0,0,0.0,0.0,0.0,0.0,0.0,0.0,,,19,10,2,10,4,2,3,,/home/senior/senior/Sample_Projects/round_2/3182310/lib/jython/Lib/new.py
3182310,10,34,21,41,44,62,206.1930175513852,338.48476035551244,6.029411764705882,2040.8639962611778,113.38133312562098,0.11282825345183747,A,5.0,185,91,27,87,44,24,27,39.18977339560193,/home/senior/senior/Sample_Projects/round_2/3182310/lib/jython/Lib/abc.py
3182310,16,182,124,225,198,349,1430.4186245161627,2662.6454604077835,9.89010989010989,26333.856201835224,1462.992011213068,0.8875484868025945,A,2.98333333333,645,460,82,446,28,84,89,17.799789021207307,/home/senior/senior/Sample_Projects/round_2/3182310/lib/jython/Lib/bdb.py
3182310,11,35,21,40,46,61,217.5786533980841,336.9372793194778,6.285714285714286,2117.891470008146,117.66063722267478,0.11231242643982593,A,3.0,296,170,18,173,56,31,49,33.01428685339124,/home/senior/senior/Sample_Projects/round_2/3182310/lib/jython/Lib/filecmp.py
3182310,11,44,47,83,55,130,278.26873902505133,751.5767627582057,10.375,7797.608913616385,433.20049520091027,0.2505255875860686,A,4.25,100,49,11,62,19,10,8,40.03596597863154,/home/senior/senior/Sample_Projects/round_2/3182310/lib/jython/Lib/functools.py
3182310,1,1,1,1,2,2,0.0,2.0,0.5,1.0,0.05555555555555555,0.0006666666666666666,A,1.66666666667,55,33,2,27,18,0,8,64.86676590687334,/home/senior/senior/Sample_Projects/round_2/3182310/lib/jython/Lib/mutex.py
3182310,3,35,20,35,38,55,184.27979309523727,288.6360132393972,1.5,432.95401985909575,24.053001103283098,0.0962120044131324,A,1.0,36,28,5,25,0,2,6,51.761395346802146,/home/senior/senior/Sample_Projects/round_2/3182310/lib/jython/Lib/tty.py
3182310,21,412,345,644,433,989,3671.0768830778397,8661.882759364731,16.4126213592233,142164.20198743764,7898.011221524313,2.887294253121577,A,2.88953488372,2017,1206,163,1166,335,157,353,5.134811594447082,/home/senior/senior/Sample_Projects/round_2/3182310/lib/jython/Lib/_pyio.py
3182310,16,294,186,355,310,541,2474.703669381891,4477.383303253363,9.65986394557823,43250.913541631126,2402.828530090618,1.4924611010844544,A,3.66101694915,1011,673,69,611,176,55,155,13.152288125467878,/home/senior/senior/Sample_Projects/round_2/3182310/lib/jython/Lib/rfc822.py
3182310,13,101,78,151,114,229,720.5850760937656,1564.731813243726,9.717821782178218,15205.784898007101,844.7658276670612,0.521577271081242,B,5.42857142857,145,133,9,103,20,9,13,32.900895470335584,/home/senior/senior/Sample_Projects/round_2/3182310/lib/jython/Lib/fpformat.py
3182310,9,64,37,71,73,108,412.5293250129808,668.5010523590419,4.9921875,3337.2825973236545,185.40458874020302,0.22283368411968063,A,3.64705882353,279,155,14,169,43,9,53,31.068579858500243,/home/senior/senior/Sample_Projects/round_2/3182310/lib/jython/Lib/DocXMLRPCServer.py
3182310,18,239,174,315,257,489,1963.365817133361,3914.7504045558067,11.861924686192468,46436.47446408247,2579.8041368934705,1.3049168015186021,A,3.51315789474,1005,800,77,728,89,43,111,11.923096755231473,/home/senior/senior/Sample_Projects/round_2/3182310/lib/jython/Lib/mhlib.py
3182310,9,47,33,62,56,95,289.59500104182973,551.6987175954724,5.9361702127659575,3274.9774938114215,181.9431941006345,0.18389957253182415,A,3.21739130435,222,153,21,141,26,16,34,33.414370682006606,/home/senior/senior/Sample_Projects/round_2/3182310/lib/jython/Lib/robotparser.py
3182310,13,120,74,144,133,218,876.9325878088565,1538.0515709392594,7.8,11996.802253326223,666.4890140736791,0.5126838569797532,A,2.8275862069,610,328,131,339,46,141,94,22.080902704852214,/home/senior/senior/Sample_Projects/round_2/3182310/lib/jython/Lib/profile.py
3182310,4,11,7,12,15,19,46.053747805010275,74.23092131656186,2.1818181818181817,161.9583737815895,8.997687432310528,0.024743640438853954,A,3.11111111111,239,166,31,165,0,31,43,38.01363633650803,/home/senior/senior/Sample_Projects/round_2/3182310/lib/jython/Lib/_sslcerts.py
3182310,14,126,109,207,140,316,932.4402392697959,2252.8534333546095,11.5,25907.814483578008,1439.323026865445,0.7509511444515365,A,3.63333333333,472,349,61,337,20,62,54,20.868378453956776,/home/senior/senior/Sample_Projects/round_2/3182310/lib/jython/Lib/HTMLParser.py
3182310,15,134,81,154,149,235,1005.4593104554692,1696.5046023086081,8.619402985074627,14622.85683333166,812.3809351850922,0.5655015341028694,A,2.93617021277,695,338,88,349,136,75,122,21.493688877787363,/home/senior/senior/Sample_Projects/round_2/3182310/lib/jython/Lib/collections.py
3182310,13,57,36,64,70,100,380.5804471432245,612.9283016944967,7.298245614035087,4473.301289559835,248.51673830887972,0.20430943389816555,A,2.01818181818,557,309,101,274,73,88,109,26.994596506216627,/home/senior/senior/Sample_Projects/round_2/3182310/lib/jython/Lib/sets.py
3182310,2,3,2,3,5,5,6.754887502163469,11.60964047443681,1.0,11.60964047443681,0.6449800263576005,0.0038698801581456034,A,1.71428571429,54,44,0,43,0,0,11,56.21207116750627,/home/senior/senior/Sample_Projects/round_2/3182310/lib/jython/Lib/_rawffi.py
3182310,20,515,311,580,535,891,4725.779302264097,8075.485017428063,11.262135922330097,90947.20990501507,5052.6227725008375,2.6918283391426874,A,3.9797979798,1602,1233,164,1166,98,132,174,5.201309616023805,/home/senior/senior/Sample_Projects/round_2/3182310/lib/jython/Lib/urllib.py
3182310,9,23,16,28,32,44,132.57125000229212,220.0,5.478260869565218,1205.217391304348,66.95652173913044,0.07333333333333333,A,1.85714285714,739,298,80,262,227,67,170,30.545915657126137,/home/senior/senior/Sample_Projects/round_2/3182310/lib/jython/Lib/SocketServer.py
3182310,15,59,38,75,74,113,405.6792988464764,701.6682303160715,9.533898305084746,6689.633551742207,371.6463084301226,0.23388941010535716,A,4.9,331,174,17,175,99,15,40,30.42441992960904,/home/senior/senior/Sample_Projects/round_2/3182310/lib/jython/Lib/timeit.py
3182310,17,114,83,162,131,245,848.4363299160364,1723.1886353766754,12.078947368421053,20814.30483257616,1156.3502684764533,0.5743962117922251,A,3.875,592,420,88,410,16,89,78,19.79794049129225,/home/senior/senior/Sample_Projects/round_2/3182310/lib/jython/Lib/gettext.py
3182310,8,94,58,115,102,173,640.1313520576979,1154.3295841610686,4.8936170212765955,5648.846901213739,313.8248278452077,0.38477652805368956,A,4.16666666667,319,204,14,189,72,9,44,28.285815104008766,/home/senior/senior/Sample_Projects/round_2/3182310/lib/jython/Lib/traceback.py
3182310,18,391,304,602,409,906,3441.9693457731364,7860.417071845225,13.856777493606138,108920.05037150238,6051.11390952791,2.6201390239484086,B,5.42222222222,2059,727,292,757,706,293,304,9.177346677649554,/home/senior/senior/Sample_Projects/round_2/3182310/lib/jython/Lib/difflib.py
3182310,11,50,37,72,61,109,320.2465572937465,646.4503697943546,7.92,5119.886928771289,284.43816270951606,0.2154834565981182,B,5.4,116,76,3,68,26,1,19,39.47699151394249,/home/senior/senior/Sample_Projects/round_2/3182310/lib/jython/Lib/fnmatch.py
3182310,20,249,212,403,269,615,2068.4790429826994,4963.949352972324,16.184738955823292,80340.224467785,4463.345803765833,1.654649784324108,B,5.94642857143,1920,925,199,982,405,199,334,8.041888964317915,/home/senior/senior/Sample_Projects/round_2/3182310/lib/jython/Lib/subprocess.py
3182310,14,97,78,152,111,230,693.4945146009578,1562.7156492605245,10.969072164948454,17141.54073003297,952.307818335165,0.5209052164201748,B,8.63636363636,344,239,40,225,50,45,29,25.120412212454774,/home/senior/senior/Sample_Projects/round_2/3182310/lib/jython/Lib/pyclbr.py
3182310,0,0,0,0,0,0,0.0,0.0,0.0,0.0,0.0,0.0,,,15,7,4,8,0,5,3,,/home/senior/senior/Sample_Projects/round_2/3182310/lib/jython/Lib/sha.py
3182310,13,137,145,279,150,424,1020.5361117014264,3065.0191247702533,13.237226277372264,40572.35169905733,2254.0195388365187,1.0216730415900843,B,7.1875,396,312,66,298,7,73,25,20.616014950945807,/home/senior/senior/Sample_Projects/round_2/3182310/lib/jython/Lib/markupbase.py
3182310,0,0,0,0,0,0,0.0,0.0,0.0,0.0,0.0,0.0,,,1,1,0,1,0,0,0,,/home/senior/senior/Sample_Projects/round_2/3182310/lib/jython/Lib/pyexpat.py
3182310,10,59,33,64,69,97,380.2952208612223,592.5268723074824,5.423728813559322,3213.7050701422777,178.53917056345986,0.19750895743582747,A,1.84482758621,474,305,18,313,59,21,84,25.864265691084736,/home/senior/senior/Sample_Projects/round_2/3182310/lib/jython/Lib/plistlib.py
3182310,6,9,6,11,15,17,44.039100017307746,66.41714012534482,3.6666666666666665,243.52951379293097,13.52941743294061,0.02213904670844827,A,1.5,134,51,12,42,54,13,26,51.36074960067085,/home/senior/senior/Sample_Projects/round_2/3182310/lib/jython/Lib/sched.py
3182310,14,121,102,198,135,300,890.4854206190324,2123.0446791152494,11.454545454545455,24318.511778956494,1351.0284321642496,0.7076815597050832,B,5.27777777778,350,251,16,253,33,11,48,23.5343236341411,/home/senior/senior/Sample_Projects/round_2/3182310/lib/jython/Lib/pprint.py
3182310,7,65,30,66,72,96,411.1053923012527,592.312800138462,3.5538461538461537,2104.9885666459186,116.94380925810658,0.197437600046154,A,3.33333333333,161,119,20,108,0,9,33,35.688739505359536,/home/senior/senior/Sample_Projects/round_2/3182310/lib/jython/Lib/imghdr.py
3182310,19,169,127,242,188,369,1331.4592474871174,2787.643286269048,13.603550295857989,37921.84565167184,2106.769202870658,0.9292144287563494,A,2.63888888889,605,297,74,296,138,53,97,21.57975462865534,/home/senior/senior/Sample_Projects/round_2/3182310/lib/jython/Lib/fractions.py
3182310,22,512,333,644,534,977,4706.10749561002,8852.299925258741,13.8359375,122479.86849713462,6804.4371387297015,2.9507666417529137,A,3.98319327731,2798,1097,341,1225,785,361,447,4.4543464582659125,/home/senior/senior/Sample_Projects/round_2/3182310/lib/jython/Lib/doctest.py
3182310,8,70,43,82,78,125,453.04981118614774,785.675277357781,4.685714285714286,3681.4498710478883,204.5249928359938,0.2618917591192603,A,2.03225806452,417,233,31,197,84,28,105,29.350885299102167,/home/senior/senior/Sample_Projects/round_2/3182310/lib/jython/Lib/poplib.py
3182310,10,36,28,48,46,76,219.33658100079685,419.790708660333,6.666666666666667,2798.60472440222,155.47804024456778,0.139930236220111,A,2.1724137931,314,181,83,163,19,79,49,33.01953431323709,/home/senior/senior/Sample_Projects/round_2/3182310/lib/jython/Lib/asynchat.py
3182310,10,66,43,76,76,119,432.14929282653156,743.5033740997867,5.757575757575758,4280.777002392711,237.82094457737287,0.24783445803326223,C,12.8,227,176,2,175,33,0,17,29.185981802812943,/home/senior/senior/Sample_Projects/round_2/3182310/lib/jython/Lib/compileall.py
3182310,15,463,359,686,478,1045,4158.407420383618,9301.405814339883,11.11231101511879,103360.11428677905,5742.228571487725,3.100468604779961,B,5.2641509434,930,807,64,793,0,82,73,8.247219805105098,/home/senior/senior/Sample_Projects/round_2/3182310/lib/jython/Lib/xmllib.py
3182310,17,523,356,690,540,1046,4792.525780558406,9494.34911451517,11.21414913957935,106471.04695340624,5915.058164078125,3.164783038171723,A,3.21759259259,2230,1837,284,1685,0,109,261,1.3260855127175224,/home/senior/senior/Sample_Projects/round_2/3182310/lib/jython/Lib/mailbox.py
3182310,2,18,9,18,20,27,77.05865002596161,116.69205856195879,1.0,116.69205856195879,6.4828921423310435,0.03889735285398626,A,1.0,96,67,7,66,3,9,20,45.532168162103,/home/senior/senior/Sample_Projects/round_2/3182310/lib/jython/Lib/stat.py
3182310,16,231,162,308,247,470,1877.7540285671091,3735.7325988447988,10.666666666666666,39847.81438767785,2213.7674659821027,1.2452441996149328,A,3.78378378378,1342,774,218,798,128,220,198,11.160382850568807,/home/senior/senior/Sample_Projects/round_2/3182310/lib/jython/Lib/httplib.py
3182310,14,153,101,191,167,292,1163.6833088407823,2156.0416534024234,8.738562091503267,18840.703860124442,1046.7057700069136,0.7186805511341412,A,2.88461538462,857,447,80,414,221,63,142,19.158282489689814,/home/senior/senior/Sample_Projects/round_2/3182310/lib/jython/Lib/smtplib.py
3182310,9,83,53,106,92,159,557.6575978147756,1037.2463510130651,5.746987951807229,5961.042282328098,331.1690156848943,0.3457487836710217,A,2.25,132,117,6,106,0,6,20,34.30828851952034,/home/senior/senior/Sample_Projects/round_2/3182310/lib/jython/Lib/repr.py
3182310,23,711,557,1044,734,1601,6839.846712968715,15240.937640801985,16.88607594936709,257359.63054215,14297.757252341667,5.080312546933995,A,2.95890410959,2081,1208,227,1204,299,217,351,3.103775756436236,/home/senior/senior/Sample_Projects/round_2/3182310/lib/jython/Lib/datetime.py
3182310,9,42,24,46,51,70,255.00665676968876,397.06977393800474,4.928571428571429,1956.9867429801664,108.72148572112036,0.13235659131266825,B,8.0,66,43,20,39,4,19,3,45.771749050575394,/home/senior/senior/Sample_Projects/round_2/3182310/lib/jython/Lib/nturl2path.py
3182310,10,46,26,50,56,76,287.3031309274962,441.35897407637793,5.434782608695652,2398.690076502054,133.2605598056697,0.14711965802545932,A,2.52,235,197,16,179,11,5,29,31.938869075077488,/home/senior/senior/Sample_Projects/round_2/3182310/lib/jython/Lib/isql.py
3182310,23,653,451,865,676,1316,6210.205210539131,12371.557338147355,15.23353751914242,188462.58288088944,10470.143493382748,4.123852446049118,A,3.46706586826,2590,1725,257,1653,342,327,338,0.6691966806619836,/home/senior/senior/Sample_Projects/round_2/3182310/lib/jython/Lib/tarfile.py
3182310,13,46,30,57,59,87,302.1895663144568,511.7899452944802,8.054347826086957,4122.134233295759,229.00745740531997,0.17059664843149341,A,1.88888888889,250,125,57,123,23,63,47,35.10508154584329,/home/senior/senior/Sample_Projects/round_2/3182310/lib/jython/Lib/dumbdbm.py
3182310,2,4,2,4,6,6,10.0,15.509775004326936,1.0,15.509775004326936,0.861654166907052,0.005169925001442312,A,2.2,35,30,0,29,0,0,6,58.955584059115964,/home/senior/senior/Sample_Projects/round_2/3182310/lib/jython/Lib/pawt/__init__.py
3182310,1,4,2,4,5,6,8.0,13.931568569324174,0.5,6.965784284662087,0.3869880158145604,0.004643856189774725,A,3.0,24,20,0,18,3,0,3,63.4807044830066,/home/senior/senior/Sample_Projects/round_2/3182310/lib/jython/Lib/pawt/swing.py
3182310,0,0,0,0,0,0,0.0,0.0,0.0,0.0,0.0,0.0,,,144,142,0,142,0,0,2,,/home/senior/senior/Sample_Projects/round_2/3182310/lib/jython/Lib/pawt/colors.py
3182310,11,43,24,47,54,71,271.3831322572005,408.5970126536063,6.011627906976744,2456.3332039757497,136.46295577643053,0.13619900421786876,A,3.25,196,158,3,157,7,1,29,33.30968234329,/home/senior/senior/Sample_Projects/round_2/3182310/lib/jython/Lib/unittest/runner.py
3182310,0,0,0,0,0,0,0.0,0.0,0.0,0.0,0.0,0.0,,,12,8,1,7,0,0,4,,/home/senior/senior/Sample_Projects/round_2/3182310/lib/jython/Lib/unittest/__main__.py
3182310,8,48,34,67,56,101,292.0782000346155,586.542847127818,5.583333333333333,3274.864229796984,181.936901655388,0.19551428237593935,B,7.71428571429,236,143,12,189,3,11,32,29.86490561905475,/home/senior/senior/Sample_Projects/round_2/3182310/lib/jython/Lib/unittest/main.py
3182310,0,0,0,0,0,0,0.0,0.0,0.0,0.0,0.0,0.0,,,69,12,2,17,35,2,15,,/home/senior/senior/Sample_Projects/round_2/3182310/lib/jython/Lib/unittest/__init__.py
3182310,18,311,202,384,329,586,2650.378359536579,4900.099051408852,11.112540192926046,54452.547658099655,3025.141536561092,1.6333663504696172,A,2.94047619048,1077,651,68,658,178,42,173,12.273948824823583,/home/senior/senior/Sample_Projects/round_2/3182310/lib/jython/Lib/unittest/case.py
3182310,8,47,27,50,55,77,285.06567602884894,445.1646979413988,4.25531914893617,1894.3178635804204,105.23988131002335,0.14838823264713294,A,2.66666666667,303,223,15,217,14,10,57,30.07851942010901,/home/senior/senior/Sample_Projects/round_2/3182310/lib/jython/Lib/unittest/suite.py
3182310,10,32,31,61,42,92,193.21928094887363,496.09320289564596,9.53125,4728.388340099125,262.6882411166181,0.16536440096521532,B,6.28571428571,156,131,7,122,11,3,16,34.68494500110812,/home/senior/senior/Sample_Projects/round_2/3182310/lib/jython/Lib/unittest/util.py
3182310,3,10,6,12,13,18,37.974168451037094,66.60791492653966,1.8,119.8942468677714,6.660791492653967,0.022202638308846556,A,2.85714285714,71,52,5,54,0,5,12,48.83782995635938,/home/senior/senior/Sample_Projects/round_2/3182310/lib/jython/Lib/unittest/signals.py
3182310,7,47,31,54,54,85,280.71716048325214,489.1654376838949,4.0212765957446805,1967.0695260054495,109.28164033363608,0.16305514589463163,A,4.63157894737,316,217,22,216,31,19,47,29.57177562111254,/home/senior/senior/Sample_Projects/round_2/3182310/lib/jython/Lib/unittest/loader.py
3182310,7,36,23,40,43,63,205.76878450632645,341.85467954623215,3.888888888888889,1329.434864902014,73.85749249455633,0.11395155984874406,A,1.86363636364,193,139,13,126,19,2,35,36.10616262352256,/home/senior/senior/Sample_Projects/round_2/3182310/lib/jython/Lib/unittest/result.py
3182310,1,2,1,2,3,3,2.0,4.754887502163469,0.5,2.3774437510817346,0.1320802083934297,0.0015849625007211565,A,1.2,168,147,1,148,0,1,19,47.111001446875285,/home/senior/senior/Sample_Projects/round_2/3182310/lib/jython/Lib/unittest/test/test_skipping.py
3182310,0,0,0,0,0,0,0.0,0.0,0.0,0.0,0.0,0.0,,,1,0,1,0,0,1,0,,/home/senior/senior/Sample_Projects/round_2/3182310/lib/jython/Lib/unittest/test/dummy.py
3182310,1,2,1,2,3,3,2.0,4.754887502163469,0.5,2.3774437510817346,0.1320802083934297,0.0015849625007211565,A,1.11111111111,148,74,42,73,0,42,33,53.753410856731186,/home/senior/senior/Sample_Projects/round_2/3182310/lib/jython/Lib/unittest/test/test_functiontestcase.py
3182310,3,6,3,6,9,9,20.264662506490406,28.529325012980813,1.5,42.793987519471216,2.377443751081734,0.009509775004326938,A,4.0,21,17,0,16,0,0,5,62.326285303862974,/home/senior/senior/Sample_Projects/round_2/3182310/lib/jython/Lib/unittest/test/__init__.py
3182310,7,35,20,37,42,57,199.17639004747704,307.3620930983894,3.7,1137.2397444640408,63.17998580355782,0.10245403103279646,A,1.33333333333,376,294,11,289,0,12,76,28.67756364919718,/home/senior/senior/Sample_Projects/round_2/3182310/lib/jython/Lib/unittest/test/test_discovery.py
3182310,3,13,7,13,16,20,52.860603837997665,80.0,1.5,120.0,6.666666666666667,0.02666666666666667,A,1.92,119,86,6,84,0,3,29,44.29024212898258,/home/senior/senior/Sample_Projects/round_2/3182310/lib/jython/Lib/unittest/test/support.py
3182310,3,17,13,26,20,39,74.24175580341925,168.55519570060713,2.2941176470588234,386.6854489602163,21.48252494223424,0.05618506523353571,A,1.94444444444,284,203,13,208,0,13,63,33.51721323549628,/home/senior/senior/Sample_Projects/round_2/3182310/lib/jython/Lib/unittest/test/test_break.py
3182310,6,29,15,29,35,44,156.39122386302654,225.68845274557853,3.0,677.0653582367356,37.61474212426309,0.07522948424852617,A,1.27777777778,567,350,80,375,3,79,109,27.16033249387153,/home/senior/senior/Sample_Projects/round_2/3182310/lib/jython/Lib/unittest/test/test_result.py
3182310,2,4,2,4,6,6,10.0,15.509775004326936,1.0,15.509775004326936,0.861654166907052,0.005169925001442312,A,1.28,367,223,79,206,0,79,82,40.78070284977558,/home/senior/senior/Sample_Projects/round_2/3182310/lib/jython/Lib/unittest/test/test_suite.py
3182310,4,10,8,16,14,24,41.219280948873624,91.37651812938249,3.2,292.404858014024,16.244714334112444,0.03045883937646083,A,1.59375,286,167,4,228,3,4,51,34.545381527458105,/home/senior/senior/Sample_Projects/round_2/3182310/lib/jython/Lib/unittest/test/test_assertions.py
3182310,9,79,48,95,88,143,526.5280041189719,923.6987214651336,5.4113924050632916,4998.496245903097,277.69423588350537,0.30789957382171124,A,1.43859649123,1124,712,138,780,13,134,193,15.93834613705002,/home/senior/senior/Sample_Projects/round_2/3182310/lib/jython/Lib/unittest/test/test_case.py
3182310,3,26,20,40,29,60,126.96632017383187,291.47885970765435,2.3076923076923075,672.6435224022792,37.3690845779044,0.09715961990255145,A,1.14285714286,508,423,2,433,0,2,73,25.044550280130537,/home/senior/senior/Sample_Projects/round_2/3182310/lib/jython/Lib/unittest/test/test_setups.py
3182310,2,6,3,6,8,9,17.509775004326936,27.0,1.0,27.0,1.5,0.009,A,1.21428571429,266,189,9,192,0,8,65,39.846590510259134,/home/senior/senior/Sample_Projects/round_2/3182310/lib/jython/Lib/unittest/test/test_runner.py
3182310,4,11,6,11,15,17,46.053747805010275,66.41714012534482,2.0,132.83428025068963,7.379682236149424,0.02213904670844827,A,1.75,255,176,5,190,0,4,60,37.20116617370026,/home/senior/senior/Sample_Projects/round_2/3182310/lib/jython/Lib/unittest/test/test_program.py
3182310,4,17,11,17,21,28,77.48686830125578,122.9848878378053,2.0,245.9697756756106,13.664987537533923,0.04099496261260177,A,1.70833333333,1286,761,363,705,0,363,218,22.968705332895855,/home/senior/senior/Sample_Projects/round_2/3182310/lib/jython/Lib/unittest/test/test_loader.py
3182310,1,2,1,2,3,3,2.0,4.754887502163469,0.5,2.3774437510817346,0.1320802083934297,0.0015849625007211565,,,36,19,1,18,8,1,9,,/home/senior/senior/Sample_Projects/round_2/3182310/lib/jython/Lib/xml/__init__.py
3182310,2,3,2,3,5,5,6.754887502163469,11.60964047443681,1.0,11.60964047443681,0.6449800263576005,0.0038698801581456034,A,1.5,58,30,14,29,3,14,12,59.86924087559727,/home/senior/senior/Sample_Projects/round_2/3182310/lib/jython/Lib/xml/FtCore.py
3182310,12,100,67,127,112,194,707.4051689861265,1320.6268548791752,7.62,10063.176634179315,559.0653685655175,0.44020895162639173,B,6.875,380,164,97,149,99,100,35,29.752070689155804,/home/senior/senior/Sample_Projects/round_2/3182310/lib/jython/Lib/xml/Uri.py
3182310,11,62,39,75,73,114,407.2139190489966,705.639999712322,6.653225806451613,4694.78225615053,260.8212364528072,0.23521333323744067,A,1.64150943396,605,356,59,442,0,63,104,22.100533085908307,/home/senior/senior/Sample_Projects/round_2/3182310/lib/jython/Lib/xml/parsers/expat.py
3182310,0,0,0,0,0,0,0.0,0.0,0.0,0.0,0.0,0.0,,,0,0,0,0,0,0,0,,/home/senior/senior/Sample_Projects/round_2/3182310/lib/jython/Lib/xml/parsers/__init__.py
3182310,4,18,10,18,22,28,83.05865002596161,124.86408532184433,2.0,249.72817064368866,13.873787257982704,0.04162136177394811,A,1.19696969697,378,198,28,159,92,5,99,37.05486985462463,/home/senior/senior/Sample_Projects/round_2/3182310/lib/jython/Lib/xml/sax/xmlreader.py
3182310,0,0,0,0,0,0,0.0,0.0,0.0,0.0,0.0,0.0,A,1.16666666667,345,69,80,55,133,75,77,61.70816916769384,/home/senior/senior/Sample_Projects/round_2/3182310/lib/jython/Lib/xml/sax/handler.py
3182310,11,167,101,202,178,303,1271.1323646481771,2265.1472295828185,6.652694610778443,15069.332766865338,837.185153714741,0.7550490765276061,A,1.584,813,519,66,504,55,58,188,17.32367491175569,/home/senior/senior/Sample_Projects/round_2/3182310/lib/jython/Lib/xml/sax/saxutils.py
3182310,4,8,4,8,12,12,32.0,43.01955000865388,2.0,86.03910001730776,4.779950000961542,0.014339850002884626,A,2.5,102,49,8,49,20,8,25,51.09364401944904,/home/senior/senior/Sample_Projects/round_2/3182310/lib/jython/Lib/xml/sax/__init__.py
3182310,0,0,0,0,0,0,0.0,0.0,0.0,0.0,0.0,0.0,A,1.10769230769,430,163,63,111,144,27,112,55.14944389137473,/home/senior/senior/Sample_Projects/round_2/3182310/lib/jython/Lib/xml/sax/saxlib.py
3182310,2,6,4,8,8,12,17.509775004326936,36.0,1.3333333333333333,48.0,2.6666666666666665,0.012,A,1.3125,127,59,18,42,37,9,30,53.21047367252301,/home/senior/senior/Sample_Projects/round_2/3182310/lib/jython/Lib/xml/sax/_exceptions.py
3182310,0,0,0,0,0,0,0.0,0.0,0.0,0.0,0.0,0.0,,,1,1,1,0,0,0,0,,/home/senior/senior/Sample_Projects/round_2/3182310/lib/jython/Lib/xml/sax/drivers2/__init__.py
3182310,4,20,13,26,24,39,94.43856189774725,178.81353752812512,2.6,464.91519757312534,25.828622087395853,0.05960451250937504,A,1.56962025316,382,272,15,277,4,21,86,30.68628021108834,/home/senior/senior/Sample_Projects/round_2/3182310/lib/jython/Lib/xml/sax/drivers2/drv_javasax.py
3182310,7,37,27,54,44,81,212.4012589826744,442.2139611096211,5.108108108108108,2258.876720262659,125.49315112570328,0.14740465370320704,B,6.66666666667,143,52,72,60,0,72,11,41.62657097178564,/home/senior/senior/Sample_Projects/round_2/3182310/lib/jython/Lib/xml/etree/ElementInclude.py
3182310,0,0,0,0,0,0,0.0,0.0,0.0,0.0,0.0,0.0,,,33,0,31,0,0,31,2,,/home/senior/senior/Sample_Projects/round_2/3182310/lib/jython/Lib/xml/etree/__init__.py
3182310,13,73,45,88,86,133,499.96290913407546,854.6932123753791,7.835616438356165,6697.048184639957,372.0582324799976,0.2848977374584597,A,4.0,303,187,77,202,0,78,24,28.594222912731837,/home/senior/senior/Sample_Projects/round_2/3182310/lib/jython/Lib/xml/etree/ElementPath.py
3182310,12,234,156,299,246,455,1884.6848943911705,3613.8440999293543,7.666666666666667,27706.138099458385,1539.2298944143547,1.2046146999764515,A,3.07070707071,1669,769,621,862,0,646,186,10.62715703961098,/home/senior/senior/Sample_Projects/round_2/3182310/lib/jython/Lib/xml/etree/ElementTree.py
3182310,0,0,0,0,0,0,0.0,0.0,0.0,0.0,0.0,0.0,,,11,1,2,9,0,2,0,,/home/senior/senior/Sample_Projects/round_2/3182310/lib/jython/Lib/xml/etree/cElementTree.py
3182310,10,44,29,51,54,80,273.4342721689147,460.39100017307754,5.795454545454546,2668.1751146394267,148.2319508133015,0.15346366672435918,A,2.12195121951,352,288,15,283,8,14,46,27.54414631165071,/home/senior/senior/Sample_Projects/round_2/3182310/lib/jython/Lib/xml/dom/pulldom.py
3182310,3,8,5,10,11,15,28.75488750216347,51.89147427955947,1.875,97.296514274174,5.405361904120777,0.01729715809318649,A,1.55555555556,232,151,30,147,5,27,50,40.381593075864075,/home/senior/senior/Sample_Projects/round_2/3182310/lib/jython/Lib/xml/dom/__init__.py
3182310,9,49,23,50,58,73,303.650107374626,427.63261264431276,4.591836734693878,1963.6191396932732,109.08995220518185,0.14254420421477093,A,1.83333333333,388,222,18,292,7,16,71,27.5113544893562,/home/senior/senior/Sample_Projects/round_2/3182310/lib/jython/Lib/xml/dom/xmlbuilder.py
3182310,15,387,260,508,402,768,3385.3287945620145,6644.007698825417,9.844961240310077,65409.998275257974,3633.8887930698875,2.2146692329418056,A,2.50438596491,1944,1427,108,1490,32,106,314,3.671861903073257,/home/senior/senior/Sample_Projects/round_2/3182310/lib/jython/Lib/xml/dom/minidom.py
3182310,4,10,8,15,14,23,41.219280948873624,87.56916320732489,3.0,262.7074896219747,14.59486053455415,0.029189721069108297,A,4.75,99,58,8,56,18,9,17,47.42362219348598,/home/senior/senior/Sample_Projects/round_2/3182310/lib/jython/Lib/xml/dom/domreg.py
3182310,5,14,9,16,19,25,64.91260938324326,106.19818783608963,2.857142857142857,303.42339381739896,16.85685521207772,0.03539939594536321,A,1.57142857143,184,93,53,98,0,52,33,42.04052471795099,/home/senior/senior/Sample_Projects/round_2/3182310/lib/jython/Lib/xml/dom/minicompat.py
3182310,0,0,0,0,0,0,0.0,0.0,0.0,0.0,0.0,0.0,,,54,20,4,40,0,4,10,,/home/senior/senior/Sample_Projects/round_2/3182310/lib/jython/Lib/xml/dom/MessageSource.py
3182310,0,0,0,0,0,0,0.0,0.0,0.0,0.0,0.0,0.0,A,1.5,27,20,2,19,3,2,3,71.41762407510254,/home/senior/senior/Sample_Projects/round_2/3182310/lib/jython/Lib/xml/dom/NodeFilter.py
3182310,16,501,313,626,517,939,4557.302063390799,8464.165221625723,9.996007984031936,84607.86313353616,4700.436840752009,2.821388407208574,A,3.28455284553,1491,1027,169,1103,17,165,202,5.677645114228294,/home/senior/senior/Sample_Projects/round_2/3182310/lib/jython/Lib/compiler/transformer.py
3182310,6,13,8,14,19,22,63.61549134016113,93.45440529575887,3.230769230769231,301.9296171093748,16.77386761718749,0.031151468431919623,A,2.55555555556,74,56,3,55,2,1,14,47.69082761012029,/home/senior/senior/Sample_Projects/round_2/3182310/lib/jython/Lib/compiler/future.py
3182310,0,0,0,0,0,0,0.0,0.0,0.0,0.0,0.0,0.0,,,31,6,0,6,16,0,9,,/home/senior/senior/Sample_Projects/round_2/3182310/lib/jython/Lib/compiler/__init__.py
3182310,3,8,4,8,11,12,28.75488750216347,41.51317942364757,1.5,62.26976913547136,3.4594316186372978,0.01383772647454919,A,1.4,46,20,7,17,13,6,9,61.026283061973125,/home/senior/senior/Sample_Projects/round_2/3182310/lib/jython/Lib/compiler/syntax.py
3182310,8,20,12,23,28,35,110.43856189774725,168.25742227201613,4.6,773.9841424512741,42.99911902507078,0.056085807424005374,A,1.61111111111,73,67,1,64,0,2,8,44.63215362312995,/home/senior/senior/Sample_Projects/round_2/3182310/lib/jython/Lib/compiler/misc.py
3182310,6,169,99,198,175,297,1266.2583997360161,2213.009700214202,3.514792899408284,7778.2707806345325,432.12615447969625,0.7376699000714007,A,1.28092783505,1419,1102,2,1100,3,4,314,10.051281293150184,/home/senior/senior/Sample_Projects/round_2/3182310/lib/jython/Lib/compiler/ast.py
3182310,0,0,0,0,0,0,0.0,0.0,0.0,0.0,0.0,0.0,,,23,20,1,20,0,1,2,,/home/senior/senior/Sample_Projects/round_2/3182310/lib/jython/Lib/compiler/consts.py
3182310,15,203,146,281,218,427,1614.6665501227185,3317.014706679747,10.381773399014778,34436.495045948606,1913.1386136638114,1.105671568893249,A,2.2380952381,1546,1199,53,1223,34,54,236,7.688980641621062,/home/senior/senior/Sample_Projects/round_2/3182310/lib/jython/Lib/compiler/pycodegen.py
3182310,18,178,116,223,196,339,1405.7392007379806,2581.3866371550553,11.275280898876405,29105.859442529192,1616.9921912516218,0.8604622123850184,A,2.49350649351,763,531,70,563,39,66,91,15.757294885459492,/home/senior/senior/Sample_Projects/round_2/3182310/lib/jython/Lib/compiler/pyassem.py
3182310,9,24,15,30,33,45,138.56842503028858,226.9977353711304,5.625,1276.8622614626086,70.93679230347826,0.07566591179037681,A,3.88888888889,113,63,11,60,25,11,17,44.0215516579365,/home/senior/senior/Sample_Projects/round_2/3182310/lib/jython/Lib/compiler/visitor.py
3182310,12,93,58,112,105,170,651.1613194417009,1141.4217380032408,7.225806451612903,8247.69255847503,458.20514213750164,0.38047391266774694,A,2.58181818182,462,333,18,333,28,19,83,23.18888216910108,/home/senior/senior/Sample_Projects/round_2/3182310/lib/jython/Lib/compiler/symbols.py
3182310,23,781,859,1649,804,2508,7608.810519478197,24204.837641476755,24.281049935979514,587718.8714649737,32651.04841472076,8.068279213825585,C,13.2820512821,2178,1534,210,1885,5,339,78,0.0,/home/senior/senior/Sample_Projects/round_2/3182310/lib/jython/Lib/site-packages/xlrd/formula.py
3182310,22,647,647,1239,669,1886,6139.548866199173,17701.7364876098,21.064914992272026,372885.5743271004,20715.86524039447,5.900578829203266,C,10.5957446809,2418,1505,652,1645,0,730,121,0.0,/home/senior/senior/Sample_Projects/round_2/3182310/lib/jython/Lib/site-packages/xlrd/sheet.py
3182310,2,6,5,10,8,15,17.509775004326936,45.0,1.6666666666666667,75.0,4.166666666666667,0.015,A,2.0,52,47,11,37,0,15,4,53.62699938636798,/home/senior/senior/Sample_Projects/round_2/3182310/lib/jython/Lib/site-packages/xlrd/timemachine.py
3182310,19,159,139,271,178,410,1243.4590126456408,3065.050706696223,16.19182389937107,49628.76128546809,2757.1534047482273,1.0216835688987411,B,6.0,662,356,76,546,0,99,40,15.053551048429615,/home/senior/senior/Sample_Projects/round_2/3182310/lib/jython/Lib/site-packages/xlrd/biffh.py
3182310,2,6,4,8,8,12,17.509775004326936,36.0,1.3333333333333333,48.0,2.6666666666666665,0.012,A,3.33333333333,461,58,351,96,0,354,14,45.23172066422768,/home/senior/senior/Sample_Projects/round_2/3182310/lib/jython/Lib/site-packages/xlrd/__init__.py
3182310,19,291,238,444,310,682,2462.509347541739,5644.316844397031,14.494845360824742,81813.49982703324,4545.19443483518,1.8814389481323437,B,7.12,1261,588,299,889,12,363,61,8.43508068216299,/home/senior/senior/Sample_Projects/round_2/3182310/lib/jython/Lib/site-packages/xlrd/formatting.py
3182310,16,251,176,341,267,517,2064.8574320416437,4167.379796682466,10.868525896414342,45293.27524043732,2516.2930689131845,1.3891265988941552,B,5.11627906977,801,631,45,689,0,69,67,12.038235021096822,/home/senior/senior/Sample_Projects/round_2/3182310/lib/jython/Lib/site-packages/xlrd/xlsx.py
3182310,16,151,112,218,167,330,1156.999115638087,2436.6224165164376,11.549668874172186,28142.182082150113,1563.4545601194507,0.8122074721721458,A,3.75,212,110,75,103,0,73,34,31.78053779549588,/home/senior/senior/Sample_Projects/round_2/3182310/lib/jython/Lib/site-packages/xlrd/xldate.py
3182310,21,413,304,587,434,891,3681.207828074585,7806.542148108032,14.923728813559322,116502.71798998512,6472.37322166584,2.6021807160360106,B,6.28571428571,1420,982,275,1036,0,317,109,6.113027137824496,/home/senior/senior/Sample_Projects/round_2/3182310/lib/jython/Lib/site-packages/xlrd/book.py
3182310,0,0,0,0,0,0,0.0,0.0,0.0,0.0,0.0,0.0,,,76,2,0,0,69,0,7,,/home/senior/senior/Sample_Projects/round_2/3182310/lib/jython/Lib/site-packages/xlrd/licences.py
3182310,0,0,0,0,0,0,0.0,0.0,0.0,0.0,0.0,0.0,,,1,1,0,1,0,0,0,,/home/senior/senior/Sample_Projects/round_2/3182310/lib/jython/Lib/site-packages/xlrd/info.py
3182310,18,202,165,328,220,493,1622.0173695418243,3836.210338767658,14.613861386138614,56061.84613882241,3114.547007712356,1.2787367795892193,B,9.21428571429,472,342,77,368,0,91,27,17.66830639434929,/home/senior/senior/Sample_Projects/round_2/3182310/lib/jython/Lib/site-packages/xlrd/compdoc.py
3182310,13,152,90,168,165,258,1149.7906983792593,1900.5111312754202,7.184210526315789,13653.672074689202,758.5373374827335,0.6335037104251401,A,2.0,432,185,16,238,78,16,100,24.88841445378486,/home/senior/senior/Sample_Projects/round_2/3182310/lib/jython/Lib/wsgiref/validate.py
3182310,6,28,17,33,34,50,150.11571282193984,254.373142062517,3.5357142857142856,899.3907522924708,49.966152905137264,0.08479104735417232,A,2.15384615385,155,102,5,101,9,6,40,39.03969693856619,/home/senior/senior/Sample_Projects/round_2/3182310/lib/jython/Lib/wsgiref/simple_server.py
3182310,0,0,0,0,0,0,0.0,0.0,0.0,0.0,0.0,0.0,,,23,1,0,0,13,0,10,,/home/senior/senior/Sample_Projects/round_2/3182310/lib/jython/Lib/wsgiref/__init__.py
3182310,9,33,17,34,42,51,194.9943309518098,275.0081885617168,4.636363636363637,1275.0379651497778,70.835442508321,0.09166939618723893,A,2.17647058824,169,84,7,66,57,2,39,42.78196055782502,/home/senior/senior/Sample_Projects/round_2/3182310/lib/jython/Lib/wsgiref/headers.py
3182310,8,53,34,64,61,98,327.5797840918496,581.2122590811629,4.830188679245283,2807.364874052409,155.96471522513383,0.19373741969372096,A,3.36363636364,165,105,10,100,21,5,34,36.46425076502022,/home/senior/senior/Sample_Projects/round_2/3182310/lib/jython/Lib/wsgiref/util.py
3182310,11,54,33,58,65,91,348.81767292183764,548.0354709855893,5.907407407407407,3237.4688008222774,179.85937782345985,0.18267849032852976,A,2.19444444444,450,236,49,219,80,44,102,29.424598636823823,/home/senior/senior/Sample_Projects/round_2/3182310/lib/jython/Lib/wsgiref/handlers.py
3182310,7,40,25,48,47,73,232.52860824989773,405.48498617246753,4.2,1703.0369419243636,94.61316344024243,0.13516166205748917,B,6.14285714286,101,69,21,71,0,22,9,40.38941950917805,/home/senior/senior/Sample_Projects/round_2/3182310/lib/jython/Lib/modjy/modjy_impl.py
3182310,3,10,5,10,13,15,37.974168451037094,55.506595772116384,1.5,83.25989365817458,4.625549647676365,0.01850219859070546,A,1.75,121,80,19,86,0,19,16,45.18779540954395,/home/senior/senior/Sample_Projects/round_2/3182310/lib/jython/Lib/modjy/modjy.py
3182310,3,10,5,10,13,15,37.974168451037094,55.506595772116384,1.5,83.25989365817458,4.625549647676365,0.01850219859070546,A,1.5,80,45,22,44,0,22,14,51.46690604575745,/home/senior/senior/Sample_Projects/round_2/3182310/lib/jython/Lib/modjy/modjy_log.py
3182310,1,4,2,4,5,6,8.0,13.931568569324174,0.5,6.965784284662087,0.3869880158145604,0.004643856189774725,A,1.39130434783,91,66,25,50,0,26,16,54.34288940251615,/home/senior/senior/Sample_Projects/round_2/3182310/lib/jython/Lib/modjy/modjy_exceptions.py
3182310,0,0,0,0,0,0,0.0,0.0,0.0,0.0,0.0,0.0,,,22,1,19,1,0,19,2,,/home/senior/senior/Sample_Projects/round_2/3182310/lib/jython/Lib/modjy/__init__.py
3182310,4,6,4,7,10,11,23.509775004326936,36.541209043760986,2.3333333333333335,85.26282110210897,4.736823394561609,0.012180403014586996,A,3.0,43,15,23,15,0,24,5,62.305133722199535,/home/senior/senior/Sample_Projects/round_2/3182310/lib/jython/Lib/modjy/modjy_write.py
3182310,11,61,35,64,72,99,399.8287253963464,610.8225751427889,5.770491803278689,3524.746663119044,195.81925906216912,0.2036075250475963,B,5.25,143,112,20,109,0,20,14,35.25100465212377,/home/senior/senior/Sample_Projects/round_2/3182310/lib/jython/Lib/modjy/modjy_publish.py
3182310,8,24,30,54,32,84,134.03910001730776,420.0,9.0,3780.0,210.0,0.14,B,5.375,167,146,27,129,0,28,11,34.78830477629893,/home/senior/senior/Sample_Projects/round_2/3182310/lib/jython/Lib/modjy/modjy_input.py
3182310,7,24,14,26,31,40,129.690584471711,198.16785241547504,3.7916666666666665,751.3864404086762,41.74369113381535,0.06605595080515834,B,5.4,113,73,22,81,0,22,10,41.426654304814825,/home/senior/senior/Sample_Projects/round_2/3182310/lib/jython/Lib/modjy/modjy_response.py
3182310,1,2,1,2,3,3,2.0,4.754887502163469,0.5,2.3774437510817346,0.1320802083934297,0.0015849625007211565,A,2.33333333333,84,35,19,49,0,19,16,57.303101330918906,/home/senior/senior/Sample_Projects/round_2/3182310/lib/jython/Lib/modjy/modjy_params.py
3182310,7,29,17,31,36,48,160.53293331310283,248.15640006923098,3.7413793103448274,928.4472209486745,51.58040116381525,0.082718800023077,A,2.28571428571,157,105,26,108,0,26,23,38.468087602169945,/home/senior/senior/Sample_Projects/round_2/3182310/lib/jython/Lib/modjy/modjy_wsgi.py
3182310,4,8,5,8,12,13,32.0,46.604512509375034,2.0,93.20902501875007,5.178279167708337,0.015534837503125011,A,4.5,38,28,4,24,5,2,5,57.15320955488708,/home/senior/senior/Sample_Projects/round_2/3182310/lib/jython/Lib/importlib/__init__.py
3182310,9,60,32,62,69,94,382.9427607494919,574.201298937148,4.65,2670.0360400577383,148.33533555876323,0.19140043297904932,A,1.85,348,235,25,260,4,25,59,27.7103655352308,/home/senior/senior/Sample_Projects/round_2/3182310/lib/jython/Lib/test/test_mhlib.py
3182310,9,58,33,63,67,96,368.29222273037993,582.3445622839461,4.887931034482759,2846.460058749978,158.13666993055435,0.19411485409464868,A,1.92156862745,560,375,14,439,4,14,103,22.710317482865147,/home/senior/senior/Sample_Projects/round_2/3182310/lib/jython/Lib/test/test_wsgiref.py
3182310,6,26,16,30,32,46,137.72120767599534,230.0,3.4615384615384617,796.1538461538462,44.23076923076923,0.07666666666666666,A,2.64705882353,289,180,65,177,0,63,47,34.00333968487896,/home/senior/senior/Sample_Projects/round_2/3182310/lib/jython/Lib/test/test_pty.py
3182310,1,2,1,2,3,3,2.0,4.754887502163469,0.5,2.3774437510817346,0.1320802083934297,0.0015849625007211565,A,1.25,29,15,1,16,4,1,8,67.66911488699562,/home/senior/senior/Sample_Projects/round_2/3182310/lib/jython/Lib/test/test_codecs_jy.py
3182310,23,299,241,435,322,676,2563.018425574545,5631.699809605481,16.73076923076923,94222.66989147631,5234.592771748684,1.8772332698684937,B,8.27272727273,757,703,76,576,0,77,105,12.392537105377553,/home/senior/senior/Sample_Projects/round_2/3182310/lib/jython/Lib/test/test_types.py
3182310,4,9,5,10,13,15,36.52932501298081,55.506595772116384,2.2222222222222223,123.34799060470309,6.852666144705727,0.01850219859070546,A,2.66666666667,32,22,3,21,2,3,6,58.08954420747695,/home/senior/senior/Sample_Projects/round_2/3182310/lib/jython/Lib/test/test_wait4.py
3182310,3,44,23,46,47,69,244.96987872220453,383.266630765757,1.5681818181818181,601.0317618826643,33.3906534379258,0.12775554358858565,A,1.85,174,130,10,129,4,8,31,35.54005336675492,/home/senior/senior/Sample_Projects/round_2/3182310/lib/jython/Lib/test/test_str_jy.py
3182310,2,4,3,4,6,7,10.0,18.094737505048094,1.0,18.094737505048094,1.0052631947248942,0.006031579168349364,A,2.0,23,15,1,15,0,1,7,64.49538963508253,/home/senior/senior/Sample_Projects/round_2/3182310/lib/jython/Lib/test/test_openpty.py
3182310,3,5,3,5,8,8,16.36452797660028,24.0,1.5,36.0,2.0,0.008,A,2.5,81,49,11,51,2,10,17,52.44251314015569,/home/senior/senior/Sample_Projects/round_2/3182310/lib/jython/Lib/test/test_imp.py
3182310,0,0,0,0,0,0,0.0,0.0,0.0,0.0,0.0,0.0,,,2,2,0,2,0,0,0,,/home/senior/senior/Sample_Projects/round_2/3182310/lib/jython/Lib/test/access_protected_class.py
3182310,16,192,123,236,208,359,1520.312800138462,2764.4578588126524,9.833333333333334,27183.83561165775,1510.2130895365417,0.9214859529375508,A,2.07368421053,2465,1575,249,1641,68,258,507,5.481750982139083,/home/senior/senior/Sample_Projects/round_2/3182310/lib/jython/Lib/test/test_multiprocessing.py
3182310,4,7,5,9,11,14,27.651484454403228,48.43204266092217,2.5714285714285716,124.53953827094274,6.918863237274596,0.016144014220307392,A,1.69230769231,93,71,4,70,0,7,19,47.52762643195313,/home/senior/senior/Sample_Projects/round_2/3182310/lib/jython/Lib/test/test_asynchat.py
3182310,7,21,23,47,28,70,111.8901503327572,336.51484454403226,7.833333333333333,2636.0329489282526,146.44627494045847,0.11217161484801075,A,1.46666666667,386,252,5,324,0,11,57,27.305455759292858,/home/senior/senior/Sample_Projects/round_2/3182310/lib/jython/Lib/test/test_sys_setprofile.py
3182310,3,6,4,6,9,10,20.264662506490406,31.699250014423125,1.5,47.548875021634686,2.6416041678685938,0.010566416671474375,A,2.6,98,69,0,71,0,0,27,48.5296945801008,/home/senior/senior/Sample_Projects/round_2/3182310/lib/jython/Lib/test/test_macos.py
3182310,9,33,20,39,42,59,194.9943309518098,318.14672794394687,5.318181818181818,1691.9621440655358,93.99789689252977,0.10604890931464896,A,3.11111111111,368,137,18,318,0,63,32,27.430972860394746,/home/senior/senior/Sample_Projects/round_2/3182310/lib/jython/Lib/test/test_ast.py
3182310,1,2,1,2,3,3,2.0,4.754887502163469,0.5,2.3774437510817346,0.1320802083934297,0.0015849625007211565,A,1.0,260,7,0,6,198,1,56,76.10877088641938,/home/senior/senior/Sample_Projects/round_2/3182310/lib/jython/Lib/test/test_extcall.py
3182310,10,68,41,79,78,120,447.16675415389676,754.2482662634699,5.8088235294117645,4381.295076089274,243.40528200495964,0.25141608875448995,A,3.0,357,238,54,261,0,59,42,26.691331643690553,/home/senior/senior/Sample_Projects/round_2/3182310/lib/jython/Lib/test/test_file.py
3182310,7,42,23,46,49,69,246.12881621111117,387.4149792439494,3.8333333333333335,1485.0907537684727,82.50504187602627,0.1291383264146498,A,1.31746031746,540,379,15,428,7,14,90,24.268184601662355,/home/senior/senior/Sample_Projects/round_2/3182310/lib/jython/Lib/test/test_httpservers.py
3182310,1,2,1,2,3,3,2.0,4.754887502163469,0.5,2.3774437510817346,0.1320802083934297,0.0015849625007211565,A,1.31578947368,193,139,3,165,0,3,25,46.071876538099865,/home/senior/senior/Sample_Projects/round_2/3182310/lib/jython/Lib/test/test_pep292.py
3182310,9,22,12,23,31,35,126.63682062300134,173.39687086354064,4.704545454545454,815.7534606534753,45.31963670297085,0.05779895695451355,A,2.11764705882,210,118,24,155,0,32,31,36.17914578955372,/home/senior/senior/Sample_Projects/round_2/3182310/lib/jython/Lib/test/test_pep277.py
3182310,7,55,31,62,62,93,337.6262686982595,553.7402568659794,3.9454545454545453,2184.757013453046,121.37538963628033,0.18458008562199313,A,2.22222222222,236,177,21,179,0,20,36,31.290519246786083,/home/senior/senior/Sample_Projects/round_2/3182310/lib/jython/Lib/test/test_binascii.py
3182310,6,116,71,141,122,212,811.0355704391252,1469.316315563332,3.646551724137931,5357.93794382146,297.6632191011922,0.4897721051877773,A,1.72,373,234,8,248,3,2,114,25.319796680359865,/home/senior/senior/Sample_Projects/round_2/3182310/lib/jython/Lib/test/test_file_newlines.py
3182310,1,2,1,2,3,3,2.0,4.754887502163469,0.5,2.3774437510817346,0.1320802083934297,0.0015849625007211565,A,1.0,33,16,5,21,0,5,7,65.2601490561804,/home/senior/senior/Sample_Projects/round_2/3182310/lib/jython/Lib/test/test_codecmaps_cn.py
3182310,7,30,22,34,37,56,166.8582023226588,291.7293884752212,3.966666666666667,1157.1932409517108,64.28851338620615,0.0972431294917404,A,2.92307692308,322,233,45,245,0,49,32,30.180835520339592,/home/senior/senior/Sample_Projects/round_2/3182310/lib/jython/Lib/test/test_queue.py
3182310,5,10,7,13,15,20,44.82892142331043,78.13781191217038,3.25,253.94788871455373,14.10821603969743,0.026045937304056792,A,3.25,134,93,15,95,0,15,24,43.02916210788341,/home/senior/senior/Sample_Projects/round_2/3182310/lib/jython/Lib/test/test_threading_local.py
3182310,2,12,6,12,14,18,45.01955000865388,68.53238859703687,1.0,68.53238859703687,3.8073549220576037,0.022844129532345624,A,2.0,71,52,2,56,0,2,13,48.52938455713905,/home/senior/senior/Sample_Projects/round_2/3182310/lib/jython/Lib/test/test_applesingle.py
3182310,3,12,8,16,15,24,47.77443751081735,93.76537429460444,2.0,187.53074858920888,10.418374921622716,0.03125512476486815,A,1.33333333333,147,110,14,114,0,14,19,41.02814711867403,/home/senior/senior/Sample_Projects/round_2/3182310/lib/jython/Lib/test/test_userstring.py
3182310,1,6,3,6,7,9,15.509775004326936,25.26619429851844,0.5,12.63309714925922,0.701838730514401,0.008422064766172813,A,3.33333333333,38,25,4,26,0,3,8,58.38930171742314,/home/senior/senior/Sample_Projects/round_2/3182310/lib/jython/Lib/test/test_transformer.py
3182310,6,73,39,77,79,116,467.3669678025682,731.238566788544,3.164383561643836,2313.9193003856667,128.55107224364815,0.24374618892951466,A,1.44444444444,606,447,51,453,5,51,97,21.786462009513173,/home/senior/senior/Sample_Projects/round_2/3182310/lib/jython/Lib/test/test_unicode_jy.py
3182310,2,6,4,7,8,11,17.509775004326936,33.0,1.1666666666666667,38.5,2.138888888888889,0.011,A,3.0,49,28,5,26,7,4,11,57.649338036681776,/home/senior/senior/Sample_Projects/round_2/3182310/lib/jython/Lib/test/win_console_handler.py
3182310,3,15,8,16,18,24,63.35824643629125,100.07820003461549,1.6,160.1251200553848,8.895840003076934,0.0333594000115385,A,2.14285714286,60,40,5,40,0,5,15,50.49393222596083,/home/senior/senior/Sample_Projects/round_2/3182310/lib/jython/Lib/test/clamp.py
3182310,0,0,0,0,0,0,0.0,0.0,0.0,0.0,0.0,0.0,A,1.33333333333,9,7,0,7,0,1,2,80.12069026790688,/home/senior/senior/Sample_Projects/round_2/3182310/lib/jython/Lib/test/pounce.py
3182310,6,35,18,35,41,53,195.03468059740075,283.95025624475846,3.0,851.8507687342753,47.325042707459744,0.09465008541491948,A,1.38888888889,257,93,23,199,0,22,35,32.430279628453,/home/senior/senior/Sample_Projects/round_2/3182310/lib/jython/Lib/test/test_rfc822.py
3182310,3,6,4,8,9,12,20.264662506490406,38.03910001730775,2.0,76.0782000346155,4.226566668589751,0.012679700005769252,A,1.41666666667,58,43,0,45,0,0,13,52.39441214013727,/home/senior/senior/Sample_Projects/round_2/3182310/lib/jython/Lib/test/test_trace_threaded.py
3182310,4,27,14,28,31,42,136.38196255841368,208.0762450362488,2.074074074074074,431.56554526036786,23.975863625575993,0.06935874834541626,A,1.69230769231,201,80,10,164,0,24,27,35.15346069217179,/home/senior/senior/Sample_Projects/round_2/3182310/lib/jython/Lib/test/test_quopri.py
3182310,2,4,2,4,6,6,10.0,15.509775004326936,1.0,15.509775004326936,0.861654166907052,0.005169925001442312,A,1.2,98,82,2,79,2,1,15,49.798020375613056,/home/senior/senior/Sample_Projects/round_2/3182310/lib/jython/Lib/test/test_thread_local.py
3182310,1,2,1,2,3,3,2.0,4.754887502163469,0.5,2.3774437510817346,0.1320802083934297,0.0015849625007211565,A,1.25,57,39,1,43,0,1,13,58.65986582514465,/home/senior/senior/Sample_Projects/round_2/3182310/lib/jython/Lib/test/test_macpath.py
3182310,2,4,2,4,6,6,10.0,15.509775004326936,1.0,15.509775004326936,0.861654166907052,0.005169925001442312,A,1.16666666667,36,22,2,24,0,2,10,60.8218272677288,/home/senior/senior/Sample_Projects/round_2/3182310/lib/jython/Lib/test/test_strptime_jy.py
3182310,19,260,195,370,279,565,2166.5262541428265,4590.128541183491,13.51923076923077,62055.00700869219,3447.5003893717885,1.5300428470611636,A,2.17518248175,1680,1143,103,1322,0,157,255,5.9730292574258215,/home/senior/senior/Sample_Projects/round_2/3182310/lib/jython/Lib/test/test_itertools.py
3182310,0,0,0,0,0,0,0.0,0.0,0.0,0.0,0.0,0.0,,,8,3,4,3,0,4,1,,/home/senior/senior/Sample_Projects/round_2/3182310/lib/jython/Lib/test/infinite_reload.py
3182310,4,50,31,62,54,93,290.1928094887362,535.2045377012026,2.48,1327.3072534989826,73.7392918610546,0.17840151256706754,A,1.66666666667,318,127,20,251,0,19,47,28.28095547891415,/home/senior/senior/Sample_Projects/round_2/3182310/lib/jython/Lib/test/test_hmac.py
3182310,14,121,79,148,135,227,890.4854206190324,1606.4371405305387,8.561983471074381,13754.288244542466,764.1271246968037,0.5354790468435129,A,2.4375,841,559,130,601,0,137,110,16.5887388060296,/home/senior/senior/Sample_Projects/round_2/3182310/lib/jython/Lib/test/test_os.py
3182310,1,2,1,2,3,3,2.0,4.754887502163469,0.5,2.3774437510817346,0.1320802083934297,0.0015849625007211565,A,1.2,20,13,0,14,0,0,6,68.86159612433765,/home/senior/senior/Sample_Projects/round_2/3182310/lib/jython/Lib/test/test_func_syntax_jy.py
3182310,6,15,10,18,21,28,74.11313393845472,122.9848878378053,3.6,442.7455962160991,24.596977567561062,0.04099496261260177,A,2.11764705882,176,127,9,126,10,7,31,39.165076028743016,/home/senior/senior/Sample_Projects/round_2/3182310/lib/jython/Lib/test/test_importlib.py
3182310,6,25,13,25,31,38,131.60617974869504,188.25945979470129,3.0,564.7783793841038,31.37657663245021,0.06275315326490043,A,1.26666666667,130,89,5,102,0,5,23,39.97768356615423,/home/senior/senior/Sample_Projects/round_2/3182310/lib/jython/Lib/test/test_univnewlines2k.py
3182310,9,29,18,35,38,53,169.41077387168042,278.14015821251,5.431034482758621,1510.5887902920804,83.92159946067113,0.09271338607083668,A,3.77777777778,140,100,18,101,0,21,21,38.55066588222395,/home/senior/senior/Sample_Projects/round_2/3182310/lib/jython/Lib/test/test_capi.py
3182310,18,206,207,377,224,584,1658.4777586257046,4559.495274481641,16.47087378640777,75098.87119570975,4172.159510872764,1.519831758160547,A,1.84415584416,1613,1279,100,1301,0,132,212,6.189493437385468,/home/senior/senior/Sample_Projects/round_2/3182310/lib/jython/Lib/test/test_builtin.py
3182310,1,2,1,2,3,3,2.0,4.754887502163469,0.5,2.3774437510817346,0.1320802083934297,0.0015849625007211565,A,1.625,79,32,2,57,3,3,17,55.992289976386665,/home/senior/senior/Sample_Projects/round_2/3182310/lib/jython/Lib/test/test_subprocess_jy.py
3182310,9,45,27,50,54,77,275.6627143478162,443.1263376665871,5.0,2215.6316883329355,123.09064935182975,0.14770877922219572,A,1.94285714286,334,242,27,250,0,17,57,28.85440824485415,/home/senior/senior/Sample_Projects/round_2/3182310/lib/jython/Lib/test/test_builtin_jy.py
3182310,5,29,35,68,34,103,152.49108933313642,524.008672648785,5.862068965517241,3071.7749775963257,170.65416542201808,0.174669557549595,A,1.58333333333,222,148,25,157,3,25,37,32.778968966671926,/home/senior/senior/Sample_Projects/round_2/3182310/lib/jython/Lib/test/test_epoll.py
3182310,4,11,8,14,15,22,46.053747805010275,85.95159310338741,2.5454545454545454,218.78587335407704,12.154770741893168,0.02865053103446247,A,1.84210526316,497,64,19,393,0,19,85,29.55532335253204,/home/senior/senior/Sample_Projects/round_2/3182310/lib/jython/Lib/test/test_descrtut.py
3182310,9,74,47,83,83,130,488.02887406952317,828.7551260751003,5.047297297297297,4182.973507960135,232.3874171088964,0.27625170869170007,A,1.72,816,590,65,624,6,69,121,18.340902927721423,/home/senior/senior/Sample_Projects/round_2/3182310/lib/jython/Lib/test/test_shutil.py
3182310,19,31,47,91,50,138,234.29070837742128,778.852154188912,27.887096774193548,21719.925396655304,1206.6625220364058,0.2596173847296373,A,1.61290322581,669,512,40,495,0,49,134,20.73401145902294,/home/senior/senior/Sample_Projects/round_2/3182310/lib/jython/Lib/test/test_class.py
3182310,4,21,11,22,25,33,100.23866587835397,153.24725426256592,2.0952380952380953,321.0894851215667,17.838304728975928,0.05108241808752197,A,2.33333333333,262,135,42,200,0,43,20,34.12239657313676,/home/senior/senior/Sample_Projects/round_2/3182310/lib/jython/Lib/test/test_zipimport_support.py
3182310,1,2,1,2,3,3,2.0,4.754887502163469,0.5,2.3774437510817346,0.1320802083934297,0.0015849625007211565,A,1.2,46,23,4,30,5,3,7,61.98429819755194,/home/senior/senior/Sample_Projects/round_2/3182310/lib/jython/Lib/test/test_msilib.py
3182310,6,110,69,138,116,207,761.4593434920395,1419.6020659914075,3.7636363636363637,5342.86595745857,296.8258865254761,0.4732006886638025,A,1.05084745763,597,515,17,511,0,20,69,18.685086955890256,/home/senior/senior/Sample_Projects/round_2/3182310/lib/jython/Lib/test/test_copy.py
3182310,1,2,1,2,3,3,2.0,4.754887502163469,0.5,2.3774437510817346,0.1320802083934297,0.0015849625007211565,A,4.0,30,13,5,14,3,5,8,68.48498793720316,/home/senior/senior/Sample_Projects/round_2/3182310/lib/jython/Lib/test/test_cd.py
3182310,4,39,24,47,43,71,214.1306865356277,385.264797583849,2.41025641025641,928.5869480226103,51.588163779033906,0.12842159919461632,A,1.72727272727,134,91,5,109,0,6,20,37.12340644873787,/home/senior/senior/Sample_Projects/round_2/3182310/lib/jython/Lib/test/test_filecmp.py
3182310,8,40,27,51,48,78,236.8771237954945,435.62707505625025,5.1,2221.698082786876,123.42767126593756,0.14520902501875008,A,2.0,244,177,7,175,12,7,50,32.261371994870565,/home/senior/senior/Sample_Projects/round_2/3182310/lib/jython/Lib/test/test_select_new.py
3182310,3,5,3,5,8,8,16.36452797660028,24.0,1.5,36.0,2.0,0.008,A,1.18181818182,224,40,1,52,146,1,25,52.439355865100815,/home/senior/senior/Sample_Projects/round_2/3182310/lib/jython/Lib/test/test_xml_etree_c.py
3182310,8,23,15,29,31,44,128.0419249893113,217.98463765702255,5.043478260869565,1099.4007812267225,61.077821179262365,0.07266154588567418,A,2.14705882353,214,163,5,167,3,7,39,34.78079052044738,/home/senior/senior/Sample_Projects/round_2/3182310/lib/jython/Lib/test/test_importhooks.py
3182310,11,44,54,94,55,148,278.26873902505133,855.6412376016497,11.75,10053.784541819383,558.5435856566323,0.28521374586721654,A,4.75,146,101,8,113,0,8,25,33.95636565483289,/home/senior/senior/Sample_Projects/round_2/3182310/lib/jython/Lib/test/test_xrange.py
3182310,2,7,5,10,9,15,21.651484454403228,47.548875021634686,1.4285714285714286,67.92696431662098,3.7737202398122767,0.01584962500721156,,,77,61,9,57,0,9,11,,/home/senior/senior/Sample_Projects/round_2/3182310/lib/jython/Lib/test/test_module.py
3182310,0,0,0,0,0,0,0.0,0.0,0.0,0.0,0.0,0.0,A,1.5,15,5,0,3,6,0,6,86.66493061395192,/home/senior/senior/Sample_Projects/round_2/3182310/lib/jython/Lib/test/sample_doctest_no_doctests.py
3182310,13,135,98,186,148,284,1003.4758219376965,2047.4847558386216,8.955555555555556,18336.363480065877,1018.6868600036598,0.6824949186128738,A,2.36842105263,331,264,31,247,2,3,51,24.262262024716655,/home/senior/senior/Sample_Projects/round_2/3182310/lib/jython/Lib/test/test_binop.py
3182310,1,2,1,2,3,3,2.0,4.754887502163469,0.5,2.3774437510817346,0.1320802083934297,0.0015849625007211565,A,1.0,12,6,3,6,0,3,3,76.10877088641938,/home/senior/senior/Sample_Projects/round_2/3182310/lib/jython/Lib/test/test_email_renamed.py
3182310,1,2,1,2,3,3,2.0,4.754887502163469,0.5,2.3774437510817346,0.1320802083934297,0.0015849625007211565,A,1.33333333333,32,25,3,19,2,2,8,66.11825329370329,/home/senior/senior/Sample_Projects/round_2/3182310/lib/jython/Lib/test/test_pstats.py
3182310,11,65,43,84,76,127,429.5076556518598,793.4867942073354,7.107692307692307,5639.859983442907,313.325554635717,0.26449559806911177,A,2.02083333333,469,340,35,360,0,34,74,23.63237679172632,/home/senior/senior/Sample_Projects/round_2/3182310/lib/jython/Lib/test/test_posix.py
3182310,11,37,22,41,48,63,230.80352233328142,351.8526375454329,6.094594594594595,2144.3991828782464,119.13328793768035,0.1172842125151443,A,1.56666666667,317,221,24,247,0,23,46,29.71851363411548,/home/senior/senior/Sample_Projects/round_2/3182310/lib/jython/Lib/test/test_compiler.py
3182310,4,22,13,25,26,38,106.10749561002054,178.61670928936152,2.272727272727273,405.94706656673077,22.55261480926282,0.05953890309645384,A,1.25,610,240,36,498,0,46,76,25.190637586506895,/home/senior/senior/Sample_Projects/round_2/3182310/lib/jython/Lib/test/test_htmlparser.py
3182310,1,2,1,2,3,3,2.0,4.754887502163469,0.5,2.3774437510817346,0.1320802083934297,0.0015849625007211565,A,1.33333333333,14,10,1,10,0,1,3,71.78197224823022,/home/senior/senior/Sample_Projects/round_2/3182310/lib/jython/Lib/test/test_metaclass.py
3182310,3,6,3,6,9,9,20.264662506490406,28.529325012980813,1.5,42.793987519471216,2.377443751081734,0.009509775004326938,A,1.57142857143,77,65,1,65,0,2,11,49.80243780763706,/home/senior/senior/Sample_Projects/round_2/3182310/lib/jython/Lib/test/test_deque_jy.py
3182310,9,51,34,66,60,100,317.8230174535271,590.6890595608519,5.823529411764706,3439.895111560255,191.1052839755697,0.19689635318695062,A,2.52380952381,245,184,14,189,0,17,42,30.541655725285455,/home/senior/senior/Sample_Projects/round_2/3182310/lib/jython/Lib/test/test_thread.py
3182310,3,16,8,16,19,24,68.75488750216347,101.95026032264605,1.5,152.92539048396907,8.49585502688717,0.03398342010754868,A,1.19047619048,770,123,1,124,536,1,109,40.0055139935437,/home/senior/senior/Sample_Projects/round_2/3182310/lib/jython/Lib/test/test_xml_etree_jy.py
3182310,2,4,2,4,6,6,10.0,15.509775004326936,1.0,15.509775004326936,0.861654166907052,0.005169925001442312,A,1.42857142857,54,38,4,40,0,4,10,56.10000433616042,/home/senior/senior/Sample_Projects/round_2/3182310/lib/jython/Lib/test/test_py_compile.py
3182310,14,109,79,153,123,232,791.0350603094913,1610.6633652387036,9.825688073394495,15825.875818079372,879.2153232266318,0.5368877884129012,A,3.18918918919,724,560,86,533,0,97,105,17.61518077624094,/home/senior/senior/Sample_Projects/round_2/3182310/lib/jython/Lib/test/test_mmap.py
3182310,1,2,1,2,3,3,2.0,4.754887502163469,0.5,2.3774437510817346,0.1320802083934297,0.0015849625007211565,A,1.25,20,16,0,13,0,0,7,69.50848765538363,/home/senior/senior/Sample_Projects/round_2/3182310/lib/jython/Lib/test/test_functools_jy.py
3182310,1,20,10,20,21,30,86.43856189774725,131.76952268336282,0.5,65.88476134168141,3.6602645189823004,0.04392317422778761,,,14,13,0,13,0,0,1,,/home/senior/senior/Sample_Projects/round_2/3182310/lib/jython/Lib/test/call_overridden_method.py
3182310,7,55,30,60,62,90,337.6262686982595,535.8776679348189,3.8181818181818183,2046.0783684783994,113.67102047102219,0.17862588931160628,A,1.39285714286,419,303,23,301,25,23,70,26.59925135247226,/home/senior/senior/Sample_Projects/round_2/3182310/lib/jython/Lib/test/test_import_pep328.py
3182310,3,5,3,5,8,8,16.36452797660028,24.0,1.5,36.0,2.0,0.008,A,1.2,53,29,0,40,2,0,11,54.86899311700324,/home/senior/senior/Sample_Projects/round_2/3182310/lib/jython/Lib/test/test_grammar_jy.py
3182310,11,43,35,69,54,104,271.3831322572005,598.5083002250008,8.825581395348838,5282.183719427623,293.4546510793124,0.19950276674166692,A,1.65714285714,426,340,16,360,5,21,45,24.537580792896357,/home/senior/senior/Sample_Projects/round_2/3182310/lib/jython/Lib/test/test_py3kwarn.py
3182310,2,8,4,8,10,12,26.0,39.863137138648355,1.0,39.863137138648355,2.2146187299249087,0.013287712379549451,A,2.5,40,21,3,22,3,3,12,58.67649485858237,/home/senior/senior/Sample_Projects/round_2/3182310/lib/jython/Lib/test/test_errno.py
3182310,19,250,349,670,269,1019,2072.1566939209497,8224.820147445202,25.46,209403.92095395483,11633.551164108601,2.741606715815067,A,2.54545454545,876,653,102,637,10,94,127,11.059235195465243,/home/senior/senior/Sample_Projects/round_2/3182310/lib/jython/Lib/test/test_complex.py
3182310,6,81,41,81,87,122,529.0376252379815,786.0391064935449,3.0,2358.1173194806347,131.00651774892415,0.26201303549784827,A,2.33333333333,238,165,1,154,21,1,62,31.62853869171262,/home/senior/senior/Sample_Projects/round_2/3182310/lib/jython/Lib/test/test_java_list_delegate.py
3182310,7,138,81,160,145,241,1000.6278594897907,1730.3580906935993,4.057971014492754,7021.74297672765,390.096832040425,0.5767860302311998,A,1.13114754098,535,480,7,466,0,9,62,18.944247248835026,/home/senior/senior/Sample_Projects/round_2/3182310/lib/jython/Lib/test/test_operator.py
3182310,2,8,8,11,10,19,26.0,63.11663380285989,1.375,86.78537147893235,4.8214095266073524,0.021038877934286628,A,2.18181818182,329,244,13,243,4,10,69,34.97567056315838,/home/senior/senior/Sample_Projects/round_2/3182310/lib/jython/Lib/test/test_codeop.py
3182310,9,20,11,21,29,32,114.96788691072805,155.45539184408233,4.725,734.5267264632889,40.80704035907161,0.05181846394802744,A,3.4,79,49,5,48,9,6,17,47.30766217422091,/home/senior/senior/Sample_Projects/round_2/3182310/lib/jython/Lib/test/fork_wait.py
3182310,10,56,35,66,66,101,358.4311565840995,610.4838060552038,5.892857142857143,3597.4938571110224,199.86076983950124,0.20349460201840125,A,1.9375,286,178,24,177,13,11,72,31.138515455290122,/home/senior/senior/Sample_Projects/round_2/3182310/lib/jython/Lib/test/junit_xml.py
3182310,9,36,20,39,45,59,214.64662506490404,324.0193326834508,4.875,1579.5942468318226,87.75523593510125,0.10800644422781693,A,3.2,137,84,14,105,0,13,18,37.8012201248739,/home/senior/senior/Sample_Projects/round_2/3182310/lib/jython/Lib/test/test__locale.py
3182310,5,20,16,31,25,47,98.04820237218406,218.26124091941205,3.875,845.7623085627217,46.986794920151205,0.07275374697313734,A,4.25,34,14,6,18,3,9,7,55.14223173011231,/home/senior/senior/Sample_Projects/round_2/3182310/lib/jython/Lib/test/test_genexps_jy.py
3182310,11,64,36,71,75,107,422.0537478050103,666.4835998830592,6.1015625,4066.591339911479,225.92174110619328,0.22216119996101974,A,1.79245283019,517,349,55,370,0,55,92,23.933909572028714,/home/senior/senior/Sample_Projects/round_2/3182310/lib/jython/Lib/test/test_smtplib.py
3182310,1,24,13,26,25,39,110.03910001730776,181.11039140121426,0.5416666666666666,98.10146200899105,5.450081222721725,0.06037013046707142,A,2.5,61,47,0,46,3,0,12,47.36176666410051,/home/senior/senior/Sample_Projects/round_2/3182310/lib/jython/Lib/test/test_long_int_args.py
3182310,3,7,6,9,10,15,24.406371956566698,49.82892142331044,1.9285714285714286,96.09863417352727,5.338813009640404,0.016609640474436815,A,1.33333333333,84,61,2,57,3,3,22,49.40709701777384,/home/senior/senior/Sample_Projects/round_2/3182310/lib/jython/Lib/test/test_weakref_jy.py
3182310,4,8,5,10,12,15,32.0,53.77443751081735,2.5,134.43609377704337,7.468671876502409,0.017924812503605784,A,1.4,34,17,9,17,0,9,8,60.25568112111068,/home/senior/senior/Sample_Projects/round_2/3182310/lib/jython/Lib/test/bark.py
3182310,1,2,1,2,3,3,2.0,4.754887502163469,0.5,2.3774437510817346,0.1320802083934297,0.0015849625007211565,A,1.07692307692,118,31,6,89,0,6,23,51.90358693767911,/home/senior/senior/Sample_Projects/round_2/3182310/lib/jython/Lib/test/test_complex_args.py
3182310,6,39,25,45,45,70,221.64046153995463,384.4297167430772,3.4615384615384617,1330.7182502644982,73.92879168136102,0.12814323891435908,A,1.62837837838,2246,1248,648,1172,7,647,419,14.720599623814406,/home/senior/senior/Sample_Projects/round_2/3182310/lib/jython/Lib/test/test_unittest.py
3182310,5,19,12,23,24,35,92.32026322986493,160.4736875252405,3.026315789473684,485.6440543527015,26.98022524181675,0.05349122917508017,A,1.85185185185,256,135,48,172,0,46,36,35.46910572116829,/home/senior/senior/Sample_Projects/round_2/3182310/lib/jython/Lib/test/test_winsound.py
3182310,5,31,20,39,36,59,165.18972609642998,305.0255750850964,3.1451612903225805,959.354631316029,53.297479517557164,0.10167519169503214,A,1.76,332,200,69,214,0,72,49,31.47823790821714,/home/senior/senior/Sample_Projects/round_2/3182310/lib/jython/Lib/test/test_urllib2net.py
3182310,1,2,1,2,3,3,2.0,4.754887502163469,0.5,2.3774437510817346,0.1320802083934297,0.0015849625007211565,A,1.0,11,9,1,7,0,0,3,74.84373664050284,/home/senior/senior/Sample_Projects/round_2/3182310/lib/jython/Lib/test/badsyntax_future7.py
3182310,5,22,15,24,27,39,109.71713608445735,185.4406125843753,2.727272727272727,505.74712523011436,28.09706251278413,0.061813537528125094,A,2.21052631579,256,175,12,210,3,14,31,33.10250926763932,/home/senior/senior/Sample_Projects/round_2/3182310/lib/jython/Lib/test/test_genericpath.py
3182310,3,108,58,116,111,174,734.2827377358182,1182.2283607449185,1.6111111111111112,1904.7012478668132,105.81673599260074,0.3940761202483062,A,1.23076923077,153,105,5,116,0,6,32,33.201459388238504,/home/senior/senior/Sample_Projects/round_2/3182310/lib/jython/Lib/test/test_strop.py
3182310,5,51,37,56,56,93,300.9033329149831,540.0840077513573,2.7450980392156863,1482.5835506900003,82.36575281611113,0.18002800258378576,A,3.27272727273,102,75,7,78,0,7,17,39.02668412969058,/home/senior/senior/Sample_Projects/round_2/3182310/lib/jython/Lib/test/test_normalization.py
3182310,10,65,36,70,75,106,424.67318879572315,660.2547811925633,5.384615384615385,3555.218052575341,197.5121140319634,0.22008492706418778,A,1.49572649573,778,589,42,582,7,35,147,19.720366418684705,/home/senior/senior/Sample_Projects/round_2/3182310/lib/jython/Lib/test/test_ftplib.py
3182310,7,27,17,33,34,50,148.0334470128169,254.373142062517,4.277777777777778,1088.1517743785448,60.4528763543636,0.08479104735417232,A,1.83333333333,62,47,0,47,0,0,15,46.22380287261118,/home/senior/senior/Sample_Projects/round_2/3182310/lib/jython/Lib/test/Graph.py
3182310,0,0,0,0,0,0,0.0,0.0,0.0,0.0,0.0,0.0,,,10,7,1,7,0,1,2,,/home/senior/senior/Sample_Projects/round_2/3182310/lib/jython/Lib/test/testall.py
3182310,1,2,1,2,3,3,2.0,4.754887502163469,0.5,2.3774437510817346,0.1320802083934297,0.0015849625007211565,A,1.33333333333,21,12,0,11,3,0,7,70.95765393990742,/home/senior/senior/Sample_Projects/round_2/3182310/lib/jython/Lib/test/test_inspect_jy.py
3182310,10,57,39,74,67,113,365.69401175626393,685.4680785217282,6.491228070175438,4449.529632509464,247.19609069497022,0.22848935950724275,A,1.48275862069,497,373,59,372,0,56,66,23.839347688716927,/home/senior/senior/Sample_Projects/round_2/3182310/lib/jython/Lib/test/test_bz2.py
3182310,2,4,2,4,6,6,10.0,15.509775004326936,1.0,15.509775004326936,0.861654166907052,0.005169925001442312,A,1.13333333333,234,216,7,205,0,21,22,40.84630744032636,/home/senior/senior/Sample_Projects/round_2/3182310/lib/jython/Lib/test/test_abc.py
3182310,1,2,1,2,3,3,2.0,4.754887502163469,0.5,2.3774437510817346,0.1320802083934297,0.0015849625007211565,A,1.2,43,29,3,28,4,3,8,62.616111219118295,/home/senior/senior/Sample_Projects/round_2/3182310/lib/jython/Lib/test/test_bsddb185.py
3182310,11,62,58,112,73,170,407.2139190489966,1052.270175009603,9.935483870967742,10454.813351708313,580.8229639837951,0.350756725003201,A,2.0652173913,341,253,28,252,0,29,61,26.13677426495484,/home/senior/senior/Sample_Projects/round_2/3182310/lib/jython/Lib/test/test_richcmp.py
3182310,1,2,1,2,3,3,2.0,4.754887502163469,0.5,2.3774437510817346,0.1320802083934297,0.0015849625007211565,C,13.0,39,27,1,31,3,1,4,60.09638655270036,/home/senior/senior/Sample_Projects/round_2/3182310/lib/jython/Lib/test/test_dl.py
3182310,3,11,9,17,14,26,42.808635307173745,98.9912279734977,2.3181818181818183,229.47966484765377,12.748870269314098,0.0329970759911659,A,1.1875,77,59,1,58,0,1,18,47.20721614442993,/home/senior/senior/Sample_Projects/round_2/3182310/lib/jython/Lib/test/test_jser2.py
3182310,18,382,219,414,400,633,3351.6364623356176,5471.560968127401,9.75392670157068,53369.20462628978,2964.9558125716544,1.823853656042467,A,2.25752508361,2552,1762,186,1937,41,226,388,1.8112795019134074,/home/senior/senior/Sample_Projects/round_2/3182310/lib/jython/Lib/test/test_socket.py
3182310,2,6,3,6,8,9,17.509775004326936,27.0,1.0,27.0,1.5,0.009,A,1.0,105,31,5,90,0,10,10,46.99801903012632,/home/senior/senior/Sample_Projects/round_2/3182310/lib/jython/Lib/test/test_codecencodings_jp.py
3182310,12,38,22,44,50,66,242.44079551951012,372.49450852513183,6.947368421052632,2587.856585543021,143.76981030794562,0.12416483617504394,A,2.8,307,250,31,228,0,38,48,30.134857528346796,/home/senior/senior/Sample_Projects/round_2/3182310/lib/jython/Lib/test/test_sort.py
3182310,0,0,0,0,0,0,0.0,0.0,0.0,0.0,0.0,0.0,A,2.0,21,15,2,15,0,2,4,73.46436415188043,/home/senior/senior/Sample_Projects/round_2/3182310/lib/jython/Lib/test/xmltests.py
3182310,17,234,209,402,251,611,1911.1522126837724,4870.613111463922,14.602564102564102,71123.44017894112,3951.3022321633957,1.6235377038213072,A,2.18867924528,581,405,84,419,0,102,78,16.661017189286902,/home/senior/senior/Sample_Projects/round_2/3182310/lib/jython/Lib/test/test_random.py
3182310,0,0,0,0,0,0,0.0,0.0,0.0,0.0,0.0,0.0,,,3,2,0,2,0,0,1,,/home/senior/senior/Sample_Projects/round_2/3182310/lib/jython/Lib/test/test_poll.py
3182310,7,110,57,114,117,171,765.6010529421158,1174.8323670487623,3.6272727272727274,4261.437404113238,236.74652245073543,0.3916107890162541,A,1.55,657,427,35,493,16,37,113,19.532058737160146,/home/senior/senior/Sample_Projects/round_2/3182310/lib/jython/Lib/test/test_pyexpat.py
3182310,13,108,63,123,121,186,777.633566569489,1286.9085621330748,7.402777777777778,9526.69810579068,529.26100587726,0.42896952071102495,A,1.78431372549,636,378,85,430,20,89,101,20.51615628128458,/home/senior/senior/Sample_Projects/round_2/3182310/lib/jython/Lib/test/test_zlib.py
3182310,0,0,0,0,0,0,0.0,0.0,0.0,0.0,0.0,0.0,,,6,2,3,2,0,3,1,,/home/senior/senior/Sample_Projects/round_2/3182310/lib/jython/Lib/test/autotest.py
3182310,0,0,0,0,0,0,0.0,0.0,0.0,0.0,0.0,0.0,A,1.3,33,24,7,16,0,6,10,72.98417767619257,/home/senior/senior/Sample_Projects/round_2/3182310/lib/jython/Lib/test/pyclbr_input.py
3182310,9,34,19,34,43,53,201.50306161549238,287.5920319992112,4.5,1294.1641439964503,71.8980079998028,0.09586401066640374,A,1.94736842105,257,149,51,175,0,51,31,33.52759739891073,/home/senior/senior/Sample_Projects/round_2/3182310/lib/jython/Lib/test/test_time.py
3182310,11,47,24,49,58,73,299.11942383385923,427.63261264431276,5.73404255319149,2452.0635980349425,136.2257554463857,0.14254420421477093,A,3.375,174,110,24,122,0,27,28,35.52704242836746,/home/senior/senior/Sample_Projects/round_2/3182310/lib/jython/Lib/test/test_ossaudiodev.py
3182310,4,13,7,14,17,21,56.105716335834195,85.83671966625714,2.1538461538461537,184.87908851193845,10.27106047288547,0.02861223988875238,A,1.26666666667,203,160,7,170,0,7,26,37.54430601646236,/home/senior/senior/Sample_Projects/round_2/3182310/lib/jython/Lib/test/test_ntpath.py
3182310,0,0,0,0,0,0,0.0,0.0,0.0,0.0,0.0,0.0,,,1,0,1,0,0,1,0,,/home/senior/senior/Sample_Projects/round_2/3182310/lib/jython/Lib/test/__init__.py
3182310,22,152,131,251,174,382,1199.7924776534458,2843.2044154142145,18.164473684210527,51645.31178262267,2869.1839879234817,0.9477348051380715,B,5.90909090909,404,159,44,314,8,141,38,20.522474436980566,/home/senior/senior/Sample_Projects/round_2/3182310/lib/jython/Lib/test/test_strtod.py
3182310,3,6,4,7,9,11,20.264662506490406,34.86917501586544,1.75,61.021056277764515,3.3900586820980285,0.011623058338621813,A,1.33333333333,40,28,2,29,0,2,9,56.71261323508951,/home/senior/senior/Sample_Projects/round_2/3182310/lib/jython/Lib/test/test_coding.py
3182310,1,2,1,2,3,3,2.0,4.754887502163469,0.5,2.3774437510817346,0.1320802083934297,0.0015849625007211565,A,1.15384615385,316,49,8,46,223,7,39,58.04793384057587,/home/senior/senior/Sample_Projects/round_2/3182310/lib/jython/Lib/test/test_pdb.py
3182310,12,47,29,55,59,84,304.0852260375028,494.14201614639467,7.0212765957446805,3469.5077729427708,192.75043183015393,0.16471400538213155,A,1.875,314,221,34,220,2,44,58,29.738784910664336,/home/senior/senior/Sample_Projects/round_2/3182310/lib/jython/Lib/test/test_gzip.py
3182310,2,6,4,8,8,12,17.509775004326936,36.0,1.3333333333333333,48.0,2.6666666666666665,0.012,A,1.2,46,22,5,33,0,6,8,55.450401377466804,/home/senior/senior/Sample_Projects/round_2/3182310/lib/jython/Lib/test/test_codecencodings_iso2022.py
3182310,3,8,4,8,11,12,28.75488750216347,41.51317942364757,1.5,62.26976913547136,3.4594316186372978,0.01383772647454919,A,1.17391304348,184,117,3,138,3,5,40,41.6915139164762,/home/senior/senior/Sample_Projects/round_2/3182310/lib/jython/Lib/test/test_symtable.py
3182310,5,28,16,31,33,47,146.2155782920497,237.08652360984732,2.767857142857143,656.2216278486845,36.4567571027047,0.07902884120328244,A,1.25,309,226,36,220,2,34,51,32.04945417780925,/home/senior/senior/Sample_Projects/round_2/3182310/lib/jython/Lib/test/test_decorators.py
3182310,4,40,20,40,44,60,220.8771237954945,327.56589711823784,2.0,655.1317942364757,36.39621079091532,0.10918863237274595,A,2.2,90,59,0,67,3,0,20,42.10838631769655,/home/senior/senior/Sample_Projects/round_2/3182310/lib/jython/Lib/test/test_concat_jy.py
3182310,20,675,823,1569,695,2392,6430.590553956028,22582.559048925203,23.244444444444444,524919.039226128,29162.168845896,7.5275196829750675,A,1.91666666667,3372,2480,433,2460,3,518,476,0.0,/home/senior/senior/Sample_Projects/round_2/3182310/lib/jython/Lib/test/test_datetime.py
3182310,1,2,1,2,3,3,2.0,4.754887502163469,0.5,2.3774437510817346,0.1320802083934297,0.0015849625007211565,A,1.33333333333,35,24,2,25,0,2,8,63.632697104011264,/home/senior/senior/Sample_Projects/round_2/3182310/lib/jython/Lib/test/test_mutex.py
3182310,9,20,17,32,29,49,114.96788691072805,238.04106876125107,7.2,1713.8956950810077,95.21642750450043,0.07934702292041702,A,3.0,196,146,3,166,3,4,24,34.45613818672376,/home/senior/senior/Sample_Projects/round_2/3182310/lib/jython/Lib/test/test_kqueue.py
3182310,5,29,22,44,34,66,152.49108933313642,335.7725475225224,3.793103448275862,1273.6200078440506,70.75666710244725,0.11192418250750748,A,1.61538461538,151,64,6,116,0,6,29,36.970949353392854,/home/senior/senior/Sample_Projects/round_2/3182310/lib/jython/Lib/test/test_dis.py
3182310,3,8,4,8,11,12,28.75488750216347,41.51317942364757,1.5,62.26976913547136,3.4594316186372978,0.01383772647454919,A,1.25,59,34,17,32,0,18,10,55.304119308850844,/home/senior/senior/Sample_Projects/round_2/3182310/lib/jython/Lib/test/socketserver_test.py
3182310,8,342,142,355,350,497,2902.905560090977,4200.251922580667,4.152046783625731,17439.642485568853,968.8690269760474,1.4000839741935558,A,2.63235294118,753,446,66,527,0,68,160,14.88355688704884,/home/senior/senior/Sample_Projects/round_2/3182310/lib/jython/Lib/test/test_sax.py
3182310,5,15,8,15,20,23,70.2129994085646,99.40434618240934,2.5,248.51086545602334,13.806159192001296,0.033134782060803114,A,1.38461538462,182,167,8,156,0,7,18,37.896191719851586,/home/senior/senior/Sample_Projects/round_2/3182310/lib/jython/Lib/test/test_defaultdict.py
3182310,3,5,5,11,8,16,16.36452797660028,48.0,3.3,158.39999999999998,8.799999999999999,0.016,A,1.13333333333,99,61,21,60,0,21,18,49.067667358801856,/home/senior/senior/Sample_Projects/round_2/3182310/lib/jython/Lib/test/inspect_fodder2.py
3182310,1,2,1,2,3,3,2.0,4.754887502163469,0.5,2.3774437510817346,0.1320802083934297,0.0015849625007211565,A,1.0,10,7,1,6,0,0,3,76.10877088641938,/home/senior/senior/Sample_Projects/round_2/3182310/lib/jython/Lib/test/badsyntax_future8.py
3182310,10,86,88,176,96,264,585.878049853254,1738.4301001903852,10.232558139534884,17788.58707171557,988.2548373175317,0.5794767000634617,A,2.0,348,165,22,276,0,33,50,23.761456016440214,/home/senior/senior/Sample_Projects/round_2/3182310/lib/jython/Lib/test/test_coercion.py
3182310,1,2,1,2,3,3,2.0,4.754887502163469,0.5,2.3774437510817346,0.1320802083934297,0.0015849625007211565,A,2.46153846154,180,143,0,143,0,0,37,47.264686158589335,/home/senior/senior/Sample_Projects/round_2/3182310/lib/jython/Lib/test/test_exception_variations.py
3182310,2,34,33,34,36,67,174.97373660251156,346.3849750966349,1.0,346.3849750966349,19.243609727590826,0.11546165836554496,A,1.1,188,121,47,120,3,47,18,36.62744937088013,/home/senior/senior/Sample_Projects/round_2/3182310/lib/jython/Lib/test/test_int_literal.py
3182310,0,0,0,0,0,0,0.0,0.0,0.0,0.0,0.0,0.0,A,1.0,3,2,1,2,0,1,0,89.45759118337814,/home/senior/senior/Sample_Projects/round_2/3182310/lib/jython/Lib/test/eof_fodder5.py
3182310,7,35,32,60,42,92,199.17639004747704,496.09320289564596,6.0,2976.559217373876,165.36440096521534,0.16536440096521532,A,2.0,200,129,44,135,0,46,21,34.30956002673525,/home/senior/senior/Sample_Projects/round_2/3182310/lib/jython/Lib/test/test_unicode_file.py
3182310,5,25,16,32,30,48,127.70604521880493,235.53074858920888,3.2,753.6983954854685,41.87213308252603,0.0785102495297363,A,1.52941176471,217,152,13,162,0,13,42,34.91571656422818,/home/senior/senior/Sample_Projects/round_2/3182310/lib/jython/Lib/test/test_string.py
3182310,8,32,19,36,40,55,184.0,292.70604521880495,4.5,1317.1772034846222,73.17651130470124,0.09756868173960165,A,2.39393939394,639,397,71,474,2,67,92,24.00835153509777,/home/senior/senior/Sample_Projects/round_2/3182310/lib/jython/Lib/test/test_exceptions.py
3182310,3,8,4,8,11,12,28.75488750216347,41.51317942364757,1.5,62.26976913547136,3.4594316186372978,0.01383772647454919,A,2.71428571429,99,77,4,79,0,4,16,46.7180405367768,/home/senior/senior/Sample_Projects/round_2/3182310/lib/jython/Lib/test/test_linuxaudiodev.py
3182310,4,11,6,12,15,18,46.053747805010275,70.32403072095333,2.1818181818181817,153.43424884571635,8.52412493587313,0.02344134357365111,A,2.75,46,32,5,32,0,7,9,53.52892649461154,/home/senior/senior/Sample_Projects/round_2/3182310/lib/jython/Lib/test/test_bigaddrspace.py
3182310,13,65,41,80,78,121,439.5596241826837,760.5336684823321,8.0,6084.269347858657,338.0149637699254,0.25351122282744404,A,1.66666666667,1933,799,188,1490,23,177,232,10.372076237944487,/home/senior/senior/Sample_Projects/round_2/3182310/lib/jython/Lib/test/test_logging.py
3182310,2,6,3,6,8,9,17.509775004326936,27.0,1.0,27.0,1.5,0.009,A,1.375,56,28,10,24,9,8,13,59.18742583872755,/home/senior/senior/Sample_Projects/round_2/3182310/lib/jython/Lib/test/inspect_fodder.py
3182310,7,14,10,18,21,28,72.95445336320968,122.9848878378053,4.5,553.4319952701238,30.746221959451322,0.04099496261260177,A,2.0,74,51,0,52,4,0,18,47.45990680337073,/home/senior/senior/Sample_Projects/round_2/3182310/lib/jython/Lib/test/test_pep247.py
3182310,6,9,7,14,15,21,44.039100017307746,82.0447025077789,4.666666666666667,382.8752783696349,21.27084879831305,0.02734823416925963,A,4.0,30,14,11,14,0,11,5,60.36772847747364,/home/senior/senior/Sample_Projects/round_2/3182310/lib/jython/Lib/test/double_const.py
3182310,6,12,7,13,18,20,58.52932501298082,83.39850002884624,3.25,271.0451250937503,15.05806250520835,0.027799500009615414,A,1.91666666667,520,56,5,70,359,5,86,45.87069858852178,/home/senior/senior/Sample_Projects/round_2/3182310/lib/jython/Lib/test/test_syntax.py
3182310,6,17,9,18,23,27,84.99664330558272,122.13617281353935,3.176470588235294,387.96196070183083,21.553442261212822,0.040712057604513116,A,1.26666666667,108,66,14,77,0,14,17,43.918638193739184,/home/senior/senior/Sample_Projects/round_2/3182310/lib/jython/Lib/test/test_cmd_line.py
3182310,3,26,18,35,29,53,126.96632017383187,257.47299274176135,2.019230769230769,519.897389190095,28.883188288338616,0.08582433091392044,A,1.66666666667,181,129,11,144,0,11,26,35.73606183553913,/home/senior/senior/Sample_Projects/round_2/3182310/lib/jython/Lib/test/test_glob.py
3182310,19,277,195,385,296,580,2328.2172027510533,4761.482952064791,13.203971119133573,62870.48338331037,3492.8046324061315,1.587160984021597,A,4.31818181818,631,391,74,467,0,79,90,15.418306842656582,/home/senior/senior/Sample_Projects/round_2/3182310/lib/jython/Lib/test/test_struct.py
3182310,13,56,31,62,69,93,373.31759197106004,568.0927744803698,7.196428571428571,4088.239073492661,227.1243929718145,0.18936425816012328,A,2.28947368421,404,273,50,280,5,57,69,26.98423939762703,/home/senior/senior/Sample_Projects/round_2/3182310/lib/jython/Lib/test/test_signal.py
3182310,4,12,6,12,16,18,51.01955000865388,72.0,2.0,144.0,8.0,0.024,A,2.66666666667,625,30,1,534,19,3,71,27.07810308361343,/home/senior/senior/Sample_Projects/round_2/3182310/lib/jython/Lib/test/test_tokenize.py
3182310,18,180,150,289,198,439,1423.5922073653032,3349.2875562149484,14.45,48397.205187306005,2688.7336215170003,1.1164291854049828,A,1.46296296296,1157,957,86,922,5,90,144,10.437752826756634,/home/senior/senior/Sample_Projects/round_2/3182310/lib/jython/Lib/test/test_bytes.py
3182310,6,31,23,44,37,67,169.0898606263201,349.0333754971397,4.258064516129032,1486.2066311491108,82.56703506383948,0.11634445849904655,A,1.32,542,475,17,429,3,17,93,24.56218209067766,/home/senior/senior/Sample_Projects/round_2/3182310/lib/jython/Lib/test/list_tests.py
3182310,2,3,2,3,5,5,6.754887502163469,11.60964047443681,1.0,11.60964047443681,0.6449800263576005,0.0038698801581456034,A,2.5,33,25,0,25,0,0,8,61.09043015453231,/home/senior/senior/Sample_Projects/round_2/3182310/lib/jython/Lib/test/test_sunaudiodev.py
3182310,4,16,10,17,20,27,72.0,116.69205856195879,2.125,247.9706244441624,13.776145802453467,0.03889735285398626,A,1.47368421053,181,137,16,130,0,16,35,39.11630642517497,/home/senior/senior/Sample_Projects/round_2/3182310/lib/jython/Lib/test/test_StringIO.py
3182310,9,42,22,43,51,65,255.00665676968876,368.70764722814727,4.607142857142857,1698.6888033011069,94.37160018339483,0.12290254907604908,A,2.05555555556,239,95,40,143,23,34,33,34.66090146522281,/home/senior/senior/Sample_Projects/round_2/3182310/lib/jython/Lib/test/test_file_eintr.py
3182310,10,40,25,48,50,73,246.09640474436813,412.0015018535549,6.0,2472.0090111213294,137.33383395118497,0.13733383395118495,B,5.2,169,112,21,103,23,30,22,36.98416435146813,/home/senior/senior/Sample_Projects/round_2/3182310/lib/jython/Lib/test/sortperf.py
3182310,2,4,2,4,6,6,10.0,15.509775004326936,1.0,15.509775004326936,0.861654166907052,0.005169925001442312,A,1.5,127,32,6,101,0,5,20,47.45607412211113,/home/senior/senior/Sample_Projects/round_2/3182310/lib/jython/Lib/test/test_cprofile.py
3182310,27,594,531,1002,621,1533,5601.687520314069,14223.863019452,22.772727272727273,323916.15330661146,17995.341850367302,4.741287673150667,A,4.60377358491,4440,3895,201,3801,26,232,412,0.0,/home/senior/senior/Sample_Projects/round_2/3182310/lib/jython/Lib/test/test_descr.py
3182310,5,11,6,11,16,17,49.663388279447084,68.0,2.5,170.0,9.444444444444445,0.02266666666666667,A,2.28571428571,190,49,4,172,0,2,14,37.99626202310932,/home/senior/senior/Sample_Projects/round_2/3182310/lib/jython/Lib/test/test_shlex.py
3182310,1,2,1,2,3,3,2.0,4.754887502163469,0.5,2.3774437510817346,0.1320802083934297,0.0015849625007211565,A,1.0,31,14,5,21,0,5,5,65.2601490561804,/home/senior/senior/Sample_Projects/round_2/3182310/lib/jython/Lib/test/test_codecmaps_tw.py
3182310,8,26,15,27,34,42,146.2114326716684,213.67343933251428,4.153846153846154,887.566594150444,49.30925523058022,0.07122447977750476,A,2.0,80,53,16,51,0,16,13,45.97101650791525,/home/senior/senior/Sample_Projects/round_2/3182310/lib/jython/Lib/test/test_list.py
3182310,3,19,14,28,22,42,85.46551025759159,187.29612798276648,2.210526315789474,414.02301975137857,23.001278875076586,0.06243204266092216,B,7.0,119,59,34,55,6,35,24,44.99509945816461,/home/senior/senior/Sample_Projects/round_2/3182310/lib/jython/Lib/test/test_imgfile.py
3182310,6,38,33,61,44,94,214.93102051518318,513.1865721519059,4.815789473684211,2471.3984922052314,137.29991623362397,0.17106219071730197,A,1.23333333333,327,267,6,259,0,8,62,28.170668288085718,/home/senior/senior/Sample_Projects/round_2/3182310/lib/jython/Lib/test/test_index.py
3182310,4,7,4,8,11,12,27.651484454403228,41.51317942364757,2.2857142857142856,94.88726725405158,5.27151484744731,0.01383772647454919,A,1.2,137,99,8,103,0,9,26,44.43616020339279,/home/senior/senior/Sample_Projects/round_2/3182310/lib/jython/Lib/test/test_slice.py
3182310,0,0,0,0,0,0,0.0,0.0,0.0,0.0,0.0,0.0,A,1.0,16,10,3,10,0,3,3,77.14859449161779,/home/senior/senior/Sample_Projects/round_2/3182310/lib/jython/Lib/test/mp_fork_bomb.py
3182310,1,2,1,2,3,3,2.0,4.754887502163469,0.5,2.3774437510817346,0.1320802083934297,0.0015849625007211565,,,4,3,0,3,0,0,1,,/home/senior/senior/Sample_Projects/round_2/3182310/lib/jython/Lib/test/import_star_from_java.py
3182310,6,62,40,80,68,120,384.66994624831324,730.4955409500408,3.870967741935484,2827.7246746453193,157.0958152580733,0.2434985136500136,A,1.77777777778,272,115,14,225,0,13,33,28.353198990974292,/home/senior/senior/Sample_Projects/round_2/3182310/lib/jython/Lib/test/test_difflib.py
3182310,0,0,0,0,0,0,0.0,0.0,0.0,0.0,0.0,0.0,A,1.0,2,2,0,2,0,0,0,89.45759118337814,/home/senior/senior/Sample_Projects/round_2/3182310/lib/jython/Lib/test/sys_jy_test_module.py
3182310,21,307,204,396,328,600,2628.701783406999,5014.5312027708505,13.543973941368078,67916.67993850552,3773.148885472529,1.6715104009236168,A,1.58862876254,3162,2375,257,2463,31,297,411,0.0,/home/senior/senior/Sample_Projects/round_2/3182310/lib/jython/Lib/test/test_io.py
3182310,5,34,19,38,39,57,184.58337707694838,301.26792647514816,2.7941176470588234,841.7780298570316,46.76544610316842,0.10042264215838272,A,1.4,162,109,10,126,0,10,26,36.55165932787562,/home/senior/senior/Sample_Projects/round_2/3182310/lib/jython/Lib/test/test_old_mailbox.py
3182310,1,2,1,2,3,3,2.0,4.754887502163469,0.5,2.3774437510817346,0.1320802083934297,0.0015849625007211565,A,1.33333333333,47,26,1,27,6,1,13,62.930621578344436,/home/senior/senior/Sample_Projects/round_2/3182310/lib/jython/Lib/test/test_readline.py
3182310,2,4,2,4,6,6,10.0,15.509775004326936,1.0,15.509775004326936,0.861654166907052,0.005169925001442312,A,1.16666666667,94,62,13,65,0,13,16,51.624974368335096,/home/senior/senior/Sample_Projects/round_2/3182310/lib/jython/Lib/test/test_mimetypes.py
3182310,19,142,88,168,161,256,1095.974713725093,1876.7147207973421,11.23943661971831,21093.21615769407,1171.845342094115,0.6255715735991141,A,2.16216216216,868,567,126,580,0,119,162,16.489546538815752,/home/senior/senior/Sample_Projects/round_2/3182310/lib/jython/Lib/test/test_tempfile.py
3182310,1,2,1,2,3,3,2.0,4.754887502163469,0.5,2.3774437510817346,0.1320802083934297,0.0015849625007211565,A,1.83333333333,52,37,3,36,3,3,10,60.22292735612329,/home/senior/senior/Sample_Projects/round_2/3182310/lib/jython/Lib/test/test_file_jy.py
3182310,2,8,4,8,10,12,26.0,39.863137138648355,1.0,39.863137138648355,2.2146187299249087,0.013287712379549451,A,2.6,67,52,2,51,3,2,11,50.93489138316311,/home/senior/senior/Sample_Projects/round_2/3182310/lib/jython/Lib/test/test_seq_jy.py
3182310,2,4,2,4,6,6,10.0,15.509775004326936,1.0,15.509775004326936,0.861654166907052,0.005169925001442312,A,1.46153846154,97,68,4,73,3,4,17,50.501425712253486,/home/senior/senior/Sample_Projects/round_2/3182310/lib/jython/Lib/test/test_anydbm.py
3182310,1,2,1,2,3,3,2.0,4.754887502163469,0.5,2.3774437510817346,0.1320802083934297,0.0015849625007211565,A,1.16666666667,39,26,0,26,0,0,13,63.29757430869529,/home/senior/senior/Sample_Projects/round_2/3182310/lib/jython/Lib/test/test_enumerate_jy.py
3182310,1,2,1,2,3,3,2.0,4.754887502163469,0.5,2.3774437510817346,0.1320802083934297,0.0015849625007211565,A,1.04,127,76,1,95,3,1,28,51.29713563081534,/home/senior/senior/Sample_Projects/round_2/3182310/lib/jython/Lib/test/test_cmath_jy.py
3182310,1,2,1,2,3,3,2.0,4.754887502163469,0.5,2.3774437510817346,0.1320802083934297,0.0015849625007211565,A,1.16666666667,47,24,6,30,0,6,11,61.98878162835071,/home/senior/senior/Sample_Projects/round_2/3182310/lib/jython/Lib/test/test_pep263.py
3182310,2,4,2,4,6,6,10.0,15.509775004326936,1.0,15.509775004326936,0.861654166907052,0.005169925001442312,A,1.16666666667,67,31,5,50,0,5,12,54.06756593014445,/home/senior/senior/Sample_Projects/round_2/3182310/lib/jython/Lib/test/test_codecmaps_jp.py
3182310,1,2,1,2,3,3,2.0,4.754887502163469,0.5,2.3774437510817346,0.1320802083934297,0.0015849625007211565,A,2.0,15,10,1,10,0,1,4,71.69230363224536,/home/senior/senior/Sample_Projects/round_2/3182310/lib/jython/Lib/test/test_ctypes.py
3182310,2,4,2,4,6,6,10.0,15.509775004326936,1.0,15.509775004326936,0.861654166907052,0.005169925001442312,A,1.66666666667,99,46,6,79,0,7,14,49.735252344423536,/home/senior/senior/Sample_Projects/round_2/3182310/lib/jython/Lib/test/test_cookie.py
3182310,11,107,71,133,118,204,759.390715349933,1404.0591820698157,6.836448598130841,9598.778426953926,533.265468164107,0.46801972735660524,A,1.66292134831,761,462,30,513,40,35,178,18.5992811298791,/home/senior/senior/Sample_Projects/round_2/3182310/lib/jython/Lib/test/test_chdir.py
3182310,5,10,6,10,15,16,44.82892142331043,62.5102495297363,2.5,156.27562382434076,8.681979101352264,0.020836749843245433,A,1.88235294118,244,153,19,198,0,38,27,36.97618356051512,/home/senior/senior/Sample_Projects/round_2/3182310/lib/jython/Lib/test/test_peepholer.py
3182310,8,21,13,24,29,37,116.23866587835397,179.74529681972018,4.571428571428571,821.692785461578,45.649599192309886,0.05991509893990673,B,5.75,109,77,17,77,0,19,15,42.148511718049654,/home/senior/senior/Sample_Projects/round_2/3182310/lib/jython/Lib/test/test_pwd.py
3182310,12,415,350,692,427,1042,3652.261073395883,9105.092134524552,10.004819277108433,91094.8013073396,5060.8222948522,3.035030711508184,A,1.10989010989,979,817,96,767,0,96,116,9.18625563844278,/home/senior/senior/Sample_Projects/round_2/3182310/lib/jython/Lib/test/test_bigmem.py
3182310,5,52,26,52,57,78,308.0325058177736,454.9654211048499,2.5,1137.4135527621247,63.18964182011804,0.1516551403682833,A,1.65384615385,423,179,23,344,4,20,52,25.79978219585815,/home/senior/senior/Sample_Projects/round_2/3182310/lib/jython/Lib/test/test_pydoc.py
3182310,1,2,1,2,3,3,2.0,4.754887502163469,0.5,2.3774437510817346,0.1320802083934297,0.0015849625007211565,A,1.5,19,12,0,12,0,0,7,70.1769374500563,/home/senior/senior/Sample_Projects/round_2/3182310/lib/jython/Lib/test/test_decimal_jy.py
3182310,1,2,1,2,3,3,2.0,4.754887502163469,0.5,2.3774437510817346,0.1320802083934297,0.0015849625007211565,A,1.0,10,8,1,6,0,0,3,76.10877088641938,/home/senior/senior/Sample_Projects/round_2/3182310/lib/jython/Lib/test/test_future2.py
3182310,8,13,10,19,21,29,72.10571633583419,127.37720526058406,5.846153846153846,744.6667384464914,41.37037435813841,0.04245906842019469,A,1.6,218,192,18,172,0,18,28,36.20047799298178,/home/senior/senior/Sample_Projects/round_2/3182310/lib/jython/Lib/test/test_list_jy.py
3182310,11,75,54,98,86,152,505.2151495922013,976.7922427147189,7.1866666666666665,7019.880250976446,389.99334727646925,0.3255974142382396,A,2.2,495,329,48,405,0,59,42,21.8640545541403,/home/senior/senior/Sample_Projects/round_2/3182310/lib/jython/Lib/test/test_compile.py
3182310,8,45,32,63,53,95,271.13338933483533,544.1524431835039,5.6,3047.2536818276217,169.29187121264565,0.18138414772783465,A,4.875,211,132,38,129,7,38,37,34.06967922221335,/home/senior/senior/Sample_Projects/round_2/3182310/lib/jython/Lib/test/test_imageop.py
3182310,0,0,0,0,0,0,0.0,0.0,0.0,0.0,0.0,0.0,,,5,5,0,5,0,0,0,,/home/senior/senior/Sample_Projects/round_2/3182310/lib/jython/Lib/test/call_protected_method.py
3182310,7,36,23,45,43,68,205.76878450632645,368.9860033197427,4.375,1614.3137645238742,89.68409802910412,0.12299533443991423,A,1.46428571429,750,610,22,607,0,25,121,21.09260952185034,/home/senior/senior/Sample_Projects/round_2/3182310/lib/jython/Lib/test/test_with.py
3182310,0,0,0,0,0,0,0.0,0.0,0.0,0.0,0.0,0.0,A,1.5,13,6,2,4,4,2,3,84.55093907518572,/home/senior/senior/Sample_Projects/round_2/3182310/lib/jython/Lib/test/doctest_aliases.py
3182310,8,29,17,31,37,48,164.8814488586996,250.05376155018962,4.275862068965517,1069.1953942146038,59.39974412303354,0.0833512538500632,A,1.9,182,111,25,125,5,20,27,37.1238386889244,/home/senior/senior/Sample_Projects/round_2/3182310/lib/jython/Lib/test/test_dummy_thread.py
3182310,0,0,0,0,0,0,0.0,0.0,0.0,0.0,0.0,0.0,A,1.16666666667,48,19,4,26,0,9,18,68.61936224409109,/home/senior/senior/Sample_Projects/round_2/3182310/lib/jython/Lib/test/testcodec.py
3182310,6,17,10,19,23,29,84.99664330558272,131.18329672565338,3.3529411764705883,439.8498772566025,24.436104292033473,0.04372776557521779,A,1.84,294,145,87,146,0,89,61,37.62222592130227,/home/senior/senior/Sample_Projects/round_2/3182310/lib/jython/Lib/test/test_mutants.py
3182310,3,8,4,8,11,12,28.75488750216347,41.51317942364757,1.5,62.26976913547136,3.4594316186372978,0.01383772647454919,A,1.8,58,23,6,38,0,6,14,53.64752505648635,/home/senior/senior/Sample_Projects/round_2/3182310/lib/jython/Lib/test/test_ascii_formatd.py
3182310,2,18,9,18,20,27,77.05865002596161,116.69205856195879,1.0,116.69205856195879,6.4828921423310435,0.03889735285398626,A,3.28571428571,85,54,4,61,8,4,12,45.95949512741869,/home/senior/senior/Sample_Projects/round_2/3182310/lib/jython/Lib/test/test_pulldom.py
3182310,7,27,26,50,34,76,148.0334470128169,386.6471759350258,6.481481481481482,2506.0465106899824,139.22480614944345,0.12888239197834195,A,5.0,171,125,23,129,0,33,19,35.08973383495059,/home/senior/senior/Sample_Projects/round_2/3182310/lib/jython/Lib/test/test_largefile.py
3182310,14,69,42,81,83,123,474.7911564265002,784.1298500556718,8.217391304347826,6443.501811327043,357.9723228515024,0.26137661668522394,A,2.10666666667,1050,794,66,875,0,128,109,15.258550046155381,/home/senior/senior/Sample_Projects/round_2/3182310/lib/jython/Lib/test/test_collections.py
3182310,1,2,1,2,3,3,2.0,4.754887502163469,0.5,2.3774437510817346,0.1320802083934297,0.0015849625007211565,A,1.5,16,11,1,10,0,2,5,71.75955509423368,/home/senior/senior/Sample_Projects/round_2/3182310/lib/jython/Lib/test/test_socketserver_jython.py
3182310,9,46,53,100,55,153,282.6131749916034,884.548036169273,9.782608695652174,8653.187310351585,480.7326283528658,0.29484934538975766,A,1.64583333333,252,161,20,181,0,20,51,29.84109657645313,/home/senior/senior/Sample_Projects/round_2/3182310/lib/jython/Lib/test/test_hash.py
3182310,2,6,3,6,8,9,17.509775004326936,27.0,1.0,27.0,1.5,0.009,A,1.2,37,26,0,25,3,0,9,58.83939919949762,/home/senior/senior/Sample_Projects/round_2/3182310/lib/jython/Lib/test/test_zlib_jy.py
3182310,1,2,1,2,3,3,2.0,4.754887502163469,0.5,2.3774437510817346,0.1320802083934297,0.0015849625007211565,A,1.0,16,7,1,11,0,1,4,71.00248824789918,/home/senior/senior/Sample_Projects/round_2/3182310/lib/jython/Lib/test/test_sqlite.py
3182310,2,8,4,8,10,12,26.0,39.863137138648355,1.0,39.863137138648355,2.2146187299249087,0.013287712379549451,A,1.8,53,38,0,43,0,0,10,52.62511136652178,/home/senior/senior/Sample_Projects/round_2/3182310/lib/jython/Lib/test/test_mimetools.py
3182310,2,4,2,4,6,6,10.0,15.509775004326936,1.0,15.509775004326936,0.861654166907052,0.005169925001442312,A,1.625,72,50,1,58,0,4,13,52.62549107177927,/home/senior/senior/Sample_Projects/round_2/3182310/lib/jython/Lib/test/test_pbcvm.py
3182310,6,24,17,34,30,51,125.5488750216347,250.25142037603445,4.25,1063.5685365981465,59.08714092211925,0.08341714012534482,A,3.25,66,43,3,51,0,3,12,45.32443881490383,/home/senior/senior/Sample_Projects/round_2/3182310/lib/jython/Lib/test/test___future__.py
3182310,0,0,0,0,0,0,0.0,0.0,0.0,0.0,0.0,0.0,A,1.5,8,7,0,7,0,0,1,80.09827311391032,/home/senior/senior/Sample_Projects/round_2/3182310/lib/jython/Lib/test/except_in_raising_code.py
3182310,28,172,199,379,200,578,1411.9234756263736,4418.14887768979,30.848837209302324,136294.7554943141,7571.930860795228,1.4727162925632635,B,5.97959183673,1021,855,121,782,0,121,118,10.546603361937596,/home/senior/senior/Sample_Projects/round_2/3182310/lib/jython/Lib/test/test_grammar.py
3182310,4,11,6,12,15,18,46.053747805010275,70.32403072095333,2.1818181818181817,153.43424884571635,8.52412493587313,0.02344134357365111,A,1.54545454545,103,71,7,76,0,10,20,45.66390901874825,/home/senior/senior/Sample_Projects/round_2/3182310/lib/jython/Lib/test/test_array_jy.py
3182310,4,7,5,8,11,13,27.651484454403228,44.97261104228487,2.2857142857142856,102.79453952522255,5.710807751401252,0.01499087034742829,A,3.0,39,33,1,31,0,0,7,55.12236267722444,/home/senior/senior/Sample_Projects/round_2/3182310/lib/jython/Lib/test/anygui.py
3182310,9,129,85,171,138,256,932.9776409625806,1819.7822609352115,5.965116279069767,10855.212789067018,603.0673771703899,0.6065940869784039,A,1.79032258065,802,560,61,631,0,72,110,15.8360852712547,/home/senior/senior/Sample_Projects/round_2/3182310/lib/jython/Lib/test/test_re.py
3182310,4,10,7,14,14,21,41.219280948873624,79.95445336320968,2.8,223.8724694169871,12.437359412054839,0.026651484454403226,A,1.52380952381,187,130,4,142,0,4,41,39.417093566683896,/home/senior/senior/Sample_Projects/round_2/3182310/lib/jython/Lib/test/test_jbasic.py
3182310,1,2,1,2,3,3,2.0,4.754887502163469,0.5,2.3774437510817346,0.1320802083934297,0.0015849625007211565,A,1.0,44,20,10,25,0,10,9,63.67753141200303,/home/senior/senior/Sample_Projects/round_2/3182310/lib/jython/Lib/test/test_codecmaps_kr.py
3182310,18,174,118,235,192,353,1370.1308183036406,2677.4917627545683,12.155172413793103,32545.374012792596,1808.076334044033,0.8924972542515228,A,2.37878787879,1550,1163,133,1215,3,137,199,8.383282951448043,/home/senior/senior/Sample_Projects/round_2/3182310/lib/jython/Lib/test/string_tests.py
3182310,4,7,4,7,11,11,27.651484454403228,38.053747805010275,2.0,76.10749561002055,4.228194200556697,0.012684582601670092,B,6.66666666667,44,32,7,32,0,7,5,54.833662088108824,/home/senior/senior/Sample_Projects/round_2/3182310/lib/jython/Lib/test/test_nis.py
3182310,2,8,4,8,10,12,26.0,39.863137138648355,1.0,39.863137138648355,2.2146187299249087,0.013287712379549451,A,4.66666666667,47,32,1,33,0,1,13,54.68212787959776,/home/senior/senior/Sample_Projects/round_2/3182310/lib/jython/Lib/test/test_frozen.py
3182310,14,126,82,153,140,235,932.4402392697959,1675.381508982067,8.5,14240.74282634757,791.1523792415317,0.5584605029940224,A,1.8691588785,1268,745,88,1019,0,113,161,11.5419955380695,/home/senior/senior/Sample_Projects/round_2/3182310/lib/jython/Lib/test/pickletester.py
3182310,17,140,143,268,157,411,1067.586490673551,2998.089127794459,16.271428571428572,48783.19309368412,2710.1773940935623,0.9993630425981529,B,7.5,222,131,47,139,3,46,33,27.829742974760517,/home/senior/senior/Sample_Projects/round_2/3182310/lib/jython/Lib/test/test_long_future.py
3182310,4,73,42,84,77,126,459.8571927982413,789.6151041275576,2.3013698630136985,1817.1964040195846,100.95535577886581,0.2632050347091859,A,1.33333333333,166,117,18,118,3,19,27,34.25316620892881,/home/senior/senior/Sample_Projects/round_2/3182310/lib/jython/Lib/test/test_format_jy.py
3182310,4,30,23,46,34,69,155.20671786825557,351.03493604627346,3.066666666666667,1076.507137208572,59.80595206714289,0.11701164534875783,A,1.36363636364,115,70,22,69,10,41,14,41.73645761811657,/home/senior/senior/Sample_Projects/round_2/3182310/lib/jython/Lib/test/profilee.py
3182310,21,239,168,330,260,498,1980.5458329857531,3995.13917088817,14.497907949790795,57921.15994614021,3217.8422192300113,1.3317130569627234,A,1.85915492958,2352,1427,189,1780,19,224,364,3.6213375146221796,/home/senior/senior/Sample_Projects/round_2/3182310/lib/jython/Lib/test/test_decimal.py
3182310,3,7,8,15,10,23,24.406371956566698,76.40434618240934,3.2142857142857144,245.58539844345862,13.643633246858812,0.02546811539413645,A,2.66666666667,23,17,0,17,0,0,6,59.033696459804155,/home/senior/senior/Sample_Projects/round_2/3182310/lib/jython/Lib/test/test_sort_jy.py
3182310,7,22,15,27,29,42,117.75898006442377,204.03520179535806,4.295454545454546,876.4239349846063,48.690218610255904,0.06801173393178601,B,5.28571428571,123,89,12,94,0,13,17,39.959611305207346,/home/senior/senior/Sample_Projects/round_2/3182310/lib/jython/Lib/test/test___all__.py
3182310,9,22,16,28,31,44,126.63682062300134,217.98463765702255,5.7272727272727275,1248.4574702174928,69.35874834541626,0.07266154588567418,A,1.36,182,133,7,139,0,8,36,36.61390908739122,/home/senior/senior/Sample_Projects/round_2/3182310/lib/jython/Lib/test/test_tcl.py
3182310,1,2,1,2,3,3,2.0,4.754887502163469,0.5,2.3774437510817346,0.1320802083934297,0.0015849625007211565,A,1.2,38,30,0,31,0,0,7,61.68352105562433,/home/senior/senior/Sample_Projects/round_2/3182310/lib/jython/Lib/test/test_re_jy.py
3182310,4,17,14,28,21,42,77.48686830125578,184.47733175670794,3.2941176470588234,607.6900340220967,33.76055744567204,0.06149244391890265,B,6.66666666667,23,11,3,16,0,6,4,56.37974303459305,/home/senior/senior/Sample_Projects/round_2/3182310/lib/jython/Lib/test/test_listcomp_jy.py
3182310,5,18,9,18,23,27,86.66829050039843,122.13617281353935,2.5,305.34043203384834,16.963357335213797,0.040712057604513116,A,1.08,301,226,5,222,3,3,71,33.99199119259975,/home/senior/senior/Sample_Projects/round_2/3182310/lib/jython/Lib/test/test_iter_jy.py
3182310,4,23,13,26,27,39,112.0419249893113,185.4406125843753,2.260869565217391,419.2570371472832,23.292057619293512,0.061813537528125094,A,2.44444444444,180,138,5,136,3,11,36,37.16251487834524,/home/senior/senior/Sample_Projects/round_2/3182310/lib/jython/Lib/test/test_select.py
3182310,1,2,1,2,3,3,2.0,4.754887502163469,0.5,2.3774437510817346,0.1320802083934297,0.0015849625007211565,A,1.16666666667,52,23,2,40,0,1,10,59.340082933642854,/home/senior/senior/Sample_Projects/round_2/3182310/lib/jython/Lib/test/test_global.py
3182310,7,26,17,28,33,45,141.86291712607164,226.9977353711304,3.769230769230769,855.6068487065684,47.533713817031575,0.07566591179037681,A,1.48484848485,264,142,31,154,18,31,61,35.51020604299209,/home/senior/senior/Sample_Projects/round_2/3182310/lib/jython/Lib/test/test_xpickle.py
3182310,5,12,6,12,17,18,54.62919048309069,73.57433114250613,2.5,183.93582785626532,10.218657103125851,0.02452477704750204,A,1.8,52,28,6,35,3,7,8,52.69687258335663,/home/senior/senior/Sample_Projects/round_2/3182310/lib/jython/Lib/test/test_popen.py
3182310,4,12,7,12,16,19,51.01955000865388,76.0,2.0,152.0,8.444444444444445,0.025333333333333333,A,2.0,80,63,3,63,2,3,12,47.12181629001997,/home/senior/senior/Sample_Projects/round_2/3182310/lib/jython/Lib/test/test_compileall.py
3182310,6,43,22,44,49,66,248.83915945651714,370.5708497116037,3.0697674418604652,1137.5663293472487,63.198129408180485,0.12352361657053458,A,2.0,138,92,17,95,0,16,26,38.494335435031466,/home/senior/senior/Sample_Projects/round_2/3182310/lib/jython/Lib/test/test_popen2.py
3182310,3,15,12,24,18,36,63.35824643629125,150.11730005192322,2.4,360.2815201246157,20.015640006923096,0.05003910001730774,A,3.05555555556,172,153,1,165,0,1,6,35.900074266422905,/home/senior/senior/Sample_Projects/round_2/3182310/lib/jython/Lib/test/test_generators_jy.py
3182310,8,16,10,19,24,29,88.0,132.96391252091354,4.75,631.5785844743393,35.0876991374633,0.044321304173637846,A,2.41666666667,121,77,4,86,3,4,28,42.47315133506362,/home/senior/senior/Sample_Projects/round_2/3182310/lib/jython/Lib/test/test_threading_jy.py
3182310,0,0,0,0,0,0,0.0,0.0,0.0,0.0,0.0,0.0,A,1.25,21,13,1,13,0,1,7,74.83027559077944,/home/senior/senior/Sample_Projects/round_2/3182310/lib/jython/Lib/test/test_future5.py
3182310,0,0,0,0,0,0,0.0,0.0,0.0,0.0,0.0,0.0,A,1.5,12,3,5,3,0,5,4,86.66493061395192,/home/senior/senior/Sample_Projects/round_2/3182310/lib/jython/Lib/test/sample_doctest_no_docstrings.py
3182310,1,2,1,2,3,3,2.0,4.754887502163469,0.5,2.3774437510817346,0.1320802083934297,0.0015849625007211565,A,1.33333333333,23,17,2,17,0,2,4,67.11640554730376,/home/senior/senior/Sample_Projects/round_2/3182310/lib/jython/Lib/test/test_softspace.py
3182310,3,19,10,19,22,29,85.46551025759159,129.32351694048162,1.5,193.98527541072244,10.776959745040136,0.04310783898016054,A,1.6,163,142,1,143,0,3,19,37.89293614166574,/home/senior/senior/Sample_Projects/round_2/3182310/lib/jython/Lib/test/test_shelve.py
3182310,3,5,3,6,8,9,16.36452797660028,27.0,1.8,48.6,2.7,0.009,A,4.0,29,18,2,20,0,2,7,60.48612459413421,/home/senior/senior/Sample_Projects/round_2/3182310/lib/jython/Lib/test/test_tk.py
3182310,0,0,0,0,0,0,0.0,0.0,0.0,0.0,0.0,0.0,A,1.0,5,3,0,3,0,0,2,86.73218207594023,/home/senior/senior/Sample_Projects/round_2/3182310/lib/jython/Lib/test/eof_fodder6.py
3182310,7,30,18,33,37,51,166.8582023226588,265.6821216470764,3.85,1022.8761683412442,56.82645379673579,0.08856070721569215,A,1.92307692308,170,120,21,126,8,21,15,36.862200620396635,/home/senior/senior/Sample_Projects/round_2/3182310/lib/jython/Lib/test/script_helper.py
3182310,5,9,6,12,14,18,40.13896548741762,68.53238859703687,3.3333333333333335,228.44129532345625,12.691183073525346,0.022844129532345624,B,5.16666666667,121,115,2,92,0,2,27,43.465633338719684,/home/senior/senior/Sample_Projects/round_2/3182310/lib/jython/Lib/test/test_opcodes.py
3182310,10,121,67,134,131,201,870.4017326590996,1413.7180233090276,5.537190082644628,7828.025418322714,434.89030101792855,0.4712393411030092,A,1.6393442623,567,316,89,399,7,78,72,20.95722835486094,/home/senior/senior/Sample_Projects/round_2/3182310/lib/jython/Lib/test/test_strptime.py
3182310,4,10,5,10,14,15,41.219280948873624,57.110323830864054,2.0,114.22064766172811,6.345591536762672,0.019036774610288017,,,16,11,1,11,0,1,4,,/home/senior/senior/Sample_Projects/round_2/3182310/lib/jython/Lib/test/test_longexp.py
3182310,14,53,42,76,67,118,356.88275300065607,715.7985244740171,10.037735849056604,7184.996509814662,399.16647276748125,0.2385995081580057,A,2.42857142857,96,35,55,35,0,55,6,45.73069519997997,/home/senior/senior/Sample_Projects/round_2/3182310/lib/jython/Lib/test/whrandom.py
3182310,8,33,18,36,41,54,190.46500593882897,289.30780824937654,4.363636363636363,1262.4340723609157,70.13522624227309,0.0964359360831255,A,1.5,167,82,9,136,0,10,22,35.94293088234252,/home/senior/senior/Sample_Projects/round_2/3182310/lib/jython/Lib/test/test_ucn.py
3182310,11,230,172,336,241,508,1842.5164595222168,4019.747782804821,8.034782608695652,32297.79957662308,1794.3221987012823,1.339915927601607,A,1.3426183844,4652,1986,265,3449,18,136,920,0.0,/home/senior/senior/Sample_Projects/round_2/3182310/lib/jython/Lib/test/test_argparse.py
3182310,1,2,1,2,3,3,2.0,4.754887502163469,0.5,2.3774437510817346,0.1320802083934297,0.0015849625007211565,A,1.48275862069,134,97,4,97,0,4,33,51.042242686111834,/home/senior/senior/Sample_Projects/round_2/3182310/lib/jython/Lib/test/test_call.py
3182310,3,6,3,6,9,9,20.264662506490406,28.529325012980813,1.5,42.793987519471216,2.377443751081734,0.009509775004326938,A,4.0,65,18,1,51,0,1,13,51.734418597834654,/home/senior/senior/Sample_Projects/round_2/3182310/lib/jython/Lib/test/test_dictcomps.py
3182310,1,2,1,2,3,3,2.0,4.754887502163469,0.5,2.3774437510817346,0.1320802083934297,0.0015849625007211565,A,1.75,48,26,3,33,3,3,9,61.03520592496571,/home/senior/senior/Sample_Projects/round_2/3182310/lib/jython/Lib/test/test_xmllib.py
3182310,14,41,25,48,55,73,272.9626010981479,422.0392590873002,8.195121951219512,3458.663196422753,192.1479553568196,0.14067975302910007,A,1.45,703,591,42,552,0,43,109,21.58531137372552,/home/senior/senior/Sample_Projects/round_2/3182310/lib/jython/Lib/test/test_dict.py
3182310,3,10,5,10,13,15,37.974168451037094,55.506595772116384,1.5,83.25989365817458,4.625549647676365,0.01850219859070546,A,1.8,45,37,0,37,0,0,8,53.02833092687542,/home/senior/senior/Sample_Projects/round_2/3182310/lib/jython/Lib/test/test_wave.py
3182310,4,14,7,14,18,21,61.30296890880645,87.56842503028855,2.0,175.1368500605771,9.729825003365395,0.029189475010096184,A,2.55555555556,61,51,2,49,0,0,10,48.96012711315249,/home/senior/senior/Sample_Projects/round_2/3182310/lib/jython/Lib/test/test_threading_local_jy.py
3182310,0,0,0,0,0,0,0.0,0.0,0.0,0.0,0.0,0.0,A,1.0,4,3,0,3,0,0,1,86.73218207594023,/home/senior/senior/Sample_Projects/round_2/3182310/lib/jython/Lib/test/eof_fodder2.py
3182310,1,2,1,2,3,3,2.0,4.754887502163469,0.5,2.3774437510817346,0.1320802083934297,0.0015849625007211565,A,2.25,119,92,6,92,0,6,21,51.43516423473124,/home/senior/senior/Sample_Projects/round_2/3182310/lib/jython/Lib/test/test_future.py
3182310,0,0,0,0,0,0,0.0,0.0,0.0,0.0,0.0,0.0,A,1.0,4,3,0,3,0,0,1,86.73218207594023,/home/senior/senior/Sample_Projects/round_2/3182310/lib/jython/Lib/test/eof_fodder3.py
3182310,13,262,154,294,275,448,2152.862542738646,3630.2729381685867,7.293893129770993,26478.822842901413,1471.045713494523,1.210090979389529,A,3.32835820896,1394,961,96,1141,19,84,138,7.9249284769883275,/home/senior/senior/Sample_Projects/round_2/3182310/lib/jython/Lib/test/test_ssl.py
3182310,2,13,7,14,15,21,50.105716335834195,82.0447025077789,1.0769230769230769,88.35583346991572,4.908657414995318,0.02734823416925963,A,1.33333333333,61,50,2,48,0,2,11,49.51173886448987,/home/senior/senior/Sample_Projects/round_2/3182310/lib/jython/Lib/test/test_userlist.py
3182310,3,21,25,47,24,72,96.99355338051744,330.1173000519233,3.357142857142857,1108.2509358885995,61.56949643825553,0.11003910001730775,A,1.7,47,40,0,42,0,0,5,46.49397667834944,/home/senior/senior/Sample_Projects/round_2/3182310/lib/jython/Lib/test/jser2_classes.py
3182310,4,12,7,14,16,21,51.01955000865388,84.0,2.3333333333333335,196.0,10.88888888888889,0.028,A,2.13157894737,360,297,21,298,0,21,41,32.19927743826089,/home/senior/senior/Sample_Projects/round_2/3182310/lib/jython/Lib/test/test_funcattrs.py
3182310,6,47,27,54,53,81,276.57545103317585,463.96155681961915,3.4468085106382977,1599.1866426548575,88.84370236971431,0.15465385227320638,A,1.58333333333,109,84,4,85,3,4,17,38.9106681549573,/home/senior/senior/Sample_Projects/round_2/3182310/lib/jython/Lib/test/test_float_jy.py
3182310,3,30,19,38,33,57,151.96160537041902,287.53046480343187,1.9,546.3078831265206,30.350437951473364,0.09584348826781063,A,1.47368421053,201,150,4,158,4,4,35,34.55429300118565,/home/senior/senior/Sample_Projects/round_2/3182310/lib/jython/Lib/test/test_uu.py
3182310,8,59,39,77,67,116,371.07593991234864,703.6663460931015,5.220338983050848,3673.3768575707677,204.07649208726488,0.2345554486977005,A,1.62068965517,332,178,28,247,4,46,53,27.607911516203917,/home/senior/senior/Sample_Projects/round_2/3182310/lib/jython/Lib/test/test_unicodedata.py
3182310,1,2,1,2,3,3,2.0,4.754887502163469,0.5,2.3774437510817346,0.1320802083934297,0.0015849625007211565,A,2.0,17,12,0,12,0,0,5,70.109685988068,/home/senior/senior/Sample_Projects/round_2/3182310/lib/jython/Lib/test/test_crypt.py
3182310,4,16,8,16,20,24,72.0,103.72627427729671,2.0,207.45254855459342,11.525141586366301,0.0345754247590989,A,1.17307692308,658,292,108,428,0,106,122,28.27343277259065,/home/senior/senior/Sample_Projects/round_2/3182310/lib/jython/Lib/test/test_textwrap.py
3182310,9,46,33,59,55,92,282.6131749916034,531.8850936442687,5.771739130434782,3069.9020078815943,170.55011154897747,0.17729503121475626,A,1.80952380952,443,329,39,335,5,41,64,25.555215488431198,/home/senior/senior/Sample_Projects/round_2/3182310/lib/jython/Lib/test/test_fileio.py
3182310,1,2,1,2,3,3,2.0,4.754887502163469,0.5,2.3774437510817346,0.1320802083934297,0.0015849625007211565,A,1.0,10,8,1,7,0,0,2,74.84373664050284,/home/senior/senior/Sample_Projects/round_2/3182310/lib/jython/Lib/test/badsyntax_future4.py
3182310,1,2,1,2,3,3,2.0,4.754887502163469,0.5,2.3774437510817346,0.1320802083934297,0.0015849625007211565,A,1.0,20,9,1,8,5,1,6,73.72789735533709,/home/senior/senior/Sample_Projects/round_2/3182310/lib/jython/Lib/test/test_json.py
3182310,7,28,18,35,35,53,154.25742227201613,271.8519998980832,4.375,1189.352499554114,66.07513886411745,0.09061733329936106,A,2.42857142857,76,48,11,46,4,11,15,46.141873627332906,/home/senior/senior/Sample_Projects/round_2/3182310/lib/jython/Lib/test/test_fpformat.py
3182310,15,62,90,180,77,270,427.76353017811414,1692.0323659876235,21.774193548387096,36842.64022714987,2046.8133459527703,0.5640107886625412,A,1.55555555556,331,242,5,276,0,5,50,23.903450774654722,/home/senior/senior/Sample_Projects/round_2/3182310/lib/jython/Lib/test/test_augassign.py
3182310,9,44,27,54,53,81,268.7443162330219,463.96155681961915,5.5227272727272725,2562.3331433447147,142.3518412969286,0.15465385227320638,A,2.6,124,71,24,78,0,24,22,39.57823403566312,/home/senior/senior/Sample_Projects/round_2/3182310/lib/jython/Lib/test/test_zipfile64.py
3182310,5,11,6,11,16,17,49.663388279447084,68.0,2.5,170.0,9.444444444444445,0.02266666666666667,A,1.57142857143,213,131,18,152,10,24,33,39.25621244333796,/home/senior/senior/Sample_Projects/round_2/3182310/lib/jython/Lib/test/test_urllibnet.py
3182310,1,2,1,2,3,3,2.0,4.754887502163469,0.5,2.3774437510817346,0.1320802083934297,0.0015849625007211565,A,1.0,130,9,0,97,0,0,33,51.10717513216955,/home/senior/senior/Sample_Projects/round_2/3182310/lib/jython/Lib/test/test_unpack.py
3182310,1,2,1,2,3,3,2.0,4.754887502163469,0.5,2.3774437510817346,0.1320802083934297,0.0015849625007211565,A,2.0,61,44,1,43,6,1,11,58.5589886321622,/home/senior/senior/Sample_Projects/round_2/3182310/lib/jython/Lib/test/test_eof_jy.py
3182310,3,14,8,16,17,24,58.05785641096992,98.09910819000817,1.7142857142857142,168.1698997542997,9.342772208572207,0.03269970273000272,A,1.2,30,19,1,18,3,1,8,57.96740481756981,/home/senior/senior/Sample_Projects/round_2/3182310/lib/jython/Lib/test/test_complex_jy.py
3182310,8,18,11,21,26,32,99.05865002596161,150.41407098051496,4.666666666666667,701.9323312424032,38.99624062457795,0.05013802366017166,A,1.5,201,103,9,134,21,8,37,38.06166874572514,/home/senior/senior/Sample_Projects/round_2/3182310/lib/jython/Lib/test/test_docxmlrpc.py
3182310,3,45,25,50,48,75,251.8882768369988,418.8721875540868,1.6666666666666667,698.1203125901446,38.78446181056359,0.13962406251802892,A,2.2,65,61,0,60,0,0,5,42.39187227040091,/home/senior/senior/Sample_Projects/round_2/3182310/lib/jython/Lib/test/test_evalorder.py
3182310,10,190,98,193,200,291,1471.4918465317537,2224.362151224445,5.078947368421052,11297.418294376785,627.6343496875992,0.7414540504081483,A,1.51428571429,714,403,105,507,0,130,102,17.332166734501353,/home/senior/senior/Sample_Projects/round_2/3182310/lib/jython/Lib/test/test_unicode.py
3182310,0,0,0,0,0,0,0.0,0.0,0.0,0.0,0.0,0.0,,,4,4,0,4,0,0,0,,/home/senior/senior/Sample_Projects/round_2/3182310/lib/jython/Lib/test/access_protected_field.py
3182310,1,2,1,2,3,3,2.0,4.754887502163469,0.5,2.3774437510817346,0.1320802083934297,0.0015849625007211565,A,1.25,24,17,0,17,0,0,7,67.12761412430136,/home/senior/senior/Sample_Projects/round_2/3182310/lib/jython/Lib/test/test_pickletools.py
3182310,3,9,7,14,12,21,33.28421251514428,75.28421251514429,2.3333333333333335,175.66316253533668,9.759064585296482,0.025094737505048096,A,1.48888888889,257,148,10,156,33,13,58,38.71763174871141,/home/senior/senior/Sample_Projects/round_2/3182310/lib/jython/Lib/test/test_iterlen.py
3182310,11,82,48,90,93,138,559.3730121836933,902.4039159329084,6.036585365853658,5447.4382730096295,302.63545961164607,0.30080130531096944,A,1.390625,759,344,102,535,17,69,105,19.581929882875507,/home/senior/senior/Sample_Projects/round_2/3182310/lib/jython/Lib/test/test_gdb.py
3182310,3,6,3,6,9,9,20.264662506490406,28.529325012980813,1.5,42.793987519471216,2.377443751081734,0.009509775004326938,A,4.0,287,18,5,213,0,5,69,38.33169157892538,/home/senior/senior/Sample_Projects/round_2/3182310/lib/jython/Lib/test/test_genexps.py
3182310,5,18,9,18,23,27,86.66829050039843,122.13617281353935,2.5,305.34043203384834,16.963357335213797,0.040712057604513116,A,2.28571428571,186,69,5,153,0,4,28,37.337158591921295,/home/senior/senior/Sample_Projects/round_2/3182310/lib/jython/Lib/test/test_profile.py
3182310,1,2,1,2,3,3,2.0,4.754887502163469,0.5,2.3774437510817346,0.1320802083934297,0.0015849625007211565,A,1.16666666667,45,25,11,25,0,11,9,63.65511425800646,/home/senior/senior/Sample_Projects/round_2/3182310/lib/jython/Lib/test/test_startfile.py
3182310,4,13,8,16,17,24,56.105716335834195,98.09910819000817,2.4615384615384617,241.47472785232782,13.415262658462657,0.03269970273000272,A,1.28571428571,56,29,8,34,0,8,14,52.168316268244986,/home/senior/senior/Sample_Projects/round_2/3182310/lib/jython/Lib/test/test_sha.py
3182310,1,2,1,2,3,3,2.0,4.754887502163469,0.5,2.3774437510817346,0.1320802083934297,0.0015849625007211565,A,2.66666666667,18,15,0,14,0,0,4,68.6643251691715,/home/senior/senior/Sample_Projects/round_2/3182310/lib/jython/Lib/test/test_subclasses_jy.py
3182310,3,5,3,5,8,8,16.36452797660028,24.0,1.5,36.0,2.0,0.008,A,1.85714285714,75,54,10,48,3,8,14,53.09193802581931,/home/senior/senior/Sample_Projects/round_2/3182310/lib/jython/Lib/test/test_codeop_jy.py
3182310,1,2,1,2,3,3,2.0,4.754887502163469,0.5,2.3774437510817346,0.1320802083934297,0.0015849625007211565,A,1.0,18,8,0,7,5,0,6,74.84373664050284,/home/senior/senior/Sample_Projects/round_2/3182310/lib/jython/Lib/test/test_distutils.py
3182310,2,4,2,4,6,6,10.0,15.509775004326936,1.0,15.509775004326936,0.861654166907052,0.005169925001442312,A,1.22580645161,282,162,53,160,0,53,69,43.16886557157696,/home/senior/senior/Sample_Projects/round_2/3182310/lib/jython/Lib/test/test_isinstance.py
3182310,1,2,1,2,3,3,2.0,4.754887502163469,0.5,2.3774437510817346,0.1320802083934297,0.0015849625007211565,A,1.0,21,11,5,12,0,5,4,70.24418891204462,/home/senior/senior/Sample_Projects/round_2/3182310/lib/jython/Lib/test/test_codecmaps_hk.py
3182310,16,184,256,454,200,710,1448.3353999144904,5427.137894740054,19.73913043478261,107126.98279182543,5951.499043990301,1.8090459649133515,A,2.0701754386,1413,939,156,1092,0,173,165,7.287129901066681,/home/senior/senior/Sample_Projects/round_2/3182310/lib/jython/Lib/test/test_float.py
3182310,6,35,18,35,41,53,195.03468059740075,283.95025624475846,3.0,851.8507687342753,47.325042707459744,0.09465008541491948,A,1.09523809524,202,118,34,124,0,31,44,36.92244248010237,/home/senior/senior/Sample_Projects/round_2/3182310/lib/jython/Lib/test/test_timeout.py
3182310,0,0,0,0,0,0,0.0,0.0,0.0,0.0,0.0,0.0,A,1.0,12,7,1,7,0,1,4,80.16552457589864,/home/senior/senior/Sample_Projects/round_2/3182310/lib/jython/Lib/test/gdb_sample.py
3182310,0,0,0,0,0,0,0.0,0.0,0.0,0.0,0.0,0.0,,,0,0,0,0,0,0,0,,/home/senior/senior/Sample_Projects/round_2/3182310/lib/jython/Lib/test/eof_fodder4.py
3182310,8,24,14,27,32,41,134.03910001730776,205.0,4.5,922.5,51.25,0.06833333333333333,B,5.2,97,72,10,71,0,11,16,42.58307180949362,/home/senior/senior/Sample_Projects/round_2/3182310/lib/jython/Lib/test/test_grp.py
3182310,5,17,10,18,22,28,81.0965087756926,124.86408532184433,2.6470588235294117,330.5225787931173,18.362365488506516,0.04162136177394811,A,1.76470588235,180,69,4,146,0,4,30,37.78131931563929,/home/senior/senior/Sample_Projects/round_2/3182310/lib/jython/Lib/test/test_joverload.py
3182310,9,60,32,63,69,95,382.9427607494919,580.3098233939262,4.725,2741.963915536301,152.3313286409056,0.1934366077979754,A,1.28181818182,1075,813,45,898,5,46,127,16.037965214712795,/home/senior/senior/Sample_Projects/round_2/3182310/lib/jython/Lib/test/test_csv.py
3182310,4,26,13,26,30,39,130.2114326716684,191.36873322873222,2.0,382.73746645746445,21.263192580970248,0.06378957774291075,A,1.22727272727,224,152,5,191,0,5,28,34.03353763954213,/home/senior/senior/Sample_Projects/round_2/3182310/lib/jython/Lib/test/test_cmd_line_script.py
3182310,2,4,2,4,6,6,10.0,15.509775004326936,1.0,15.509775004326936,0.861654166907052,0.005169925001442312,,,25,17,4,17,0,4,4,,/home/senior/senior/Sample_Projects/round_2/3182310/lib/jython/Lib/test/tf_inherit_check.py
3182310,8,12,17,34,20,51,67.01955000865388,220.4183328392555,11.333333333333334,2498.0744388448957,138.78191326916087,0.07347277761308517,A,2.0,39,34,0,34,0,0,5,49.62753306121605,/home/senior/senior/Sample_Projects/round_2/3182310/lib/jython/Lib/test/test_undocumented_details.py
3182310,1,4,2,4,5,6,8.0,13.931568569324174,0.5,6.965784284662087,0.3869880158145604,0.004643856189774725,A,1.77777777778,64,43,2,46,3,2,13,55.06469946891536,/home/senior/senior/Sample_Projects/round_2/3182310/lib/jython/Lib/test/test_exceptions_jy.py
3182310,8,49,34,68,57,102,299.1207823616452,594.9547814448038,5.551020408163265,3302.606133734421,183.47811854080115,0.19831826048160126,A,1.44827586207,676,358,28,518,0,39,130,21.144559482439085,/home/senior/senior/Sample_Projects/round_2/3182310/lib/jython/Lib/test/test_scope.py
3182310,8,16,11,20,24,31,88.0,142.13383752235586,5.0,710.6691876117793,39.48162153398774,0.047377945840785286,A,1.57142857143,219,177,13,169,0,11,37,36.03916966554593,/home/senior/senior/Sample_Projects/round_2/3182310/lib/jython/Lib/test/test_enumerate.py
3182310,2,4,3,4,6,7,10.0,18.094737505048094,1.0,18.094737505048094,1.0052631947248942,0.006031579168349364,A,1.27027027027,232,179,23,173,0,6,36,41.98490968820943,/home/senior/senior/Sample_Projects/round_2/3182310/lib/jython/Lib/test/test_property.py
3182310,11,120,72,141,131,213,866.8806192780326,1498.119099327477,6.4625,9681.594679403821,537.86637107799,0.499373033109159,A,1.80434782609,643,441,83,469,0,84,91,19.23101697015641,/home/senior/senior/Sample_Projects/round_2/3182310/lib/jython/Lib/test/test_import.py
3182310,3,5,3,5,8,8,16.36452797660028,24.0,1.5,36.0,2.0,0.008,A,1.83333333333,82,39,1,66,3,3,12,50.131086906365965,/home/senior/senior/Sample_Projects/round_2/3182310/lib/jython/Lib/test/test_operator_jy.py
3182310,5,21,14,27,26,41,103.84830635279079,192.7180284437848,3.2142857142857144,619.4508057121654,34.41393365067586,0.06423934281459492,A,1.45,227,149,21,165,5,21,36,35.360818070134755,/home/senior/senior/Sample_Projects/round_2/3182310/lib/jython/Lib/test/test_import_jy.py
3182310,16,115,149,278,131,427,851.2313558586033,3003.2716216564913,19.339130434782607,58080.661622295964,3226.703423460887,1.0010905405521637,B,5.16666666667,410,287,33,329,0,33,48,20.015120137254318,/home/senior/senior/Sample_Projects/round_2/3182310/lib/jython/Lib/test/test_int.py
3182310,1,2,1,2,3,3,2.0,4.754887502163469,0.5,2.3774437510817346,0.1320802083934297,0.0015849625007211565,A,1.25,69,35,2,53,0,2,14,56.71970823165611,/home/senior/senior/Sample_Projects/round_2/3182310/lib/jython/Lib/test/test_htmllib.py
3182310,9,66,39,78,75,117,427.4593368906387,728.7717867880181,5.318181818181818,3875.7408660999145,215.3189370055508,0.24292392892933937,A,1.76923076923,532,355,33,417,7,33,75,22.53571463225164,/home/senior/senior/Sample_Projects/round_2/3182310/lib/jython/Lib/test/test_httplib.py
3182310,2,6,3,6,8,9,17.509775004326936,27.0,1.0,27.0,1.5,0.009,A,2.0,19,12,2,11,0,1,6,66.05675369621248,/home/senior/senior/Sample_Projects/round_2/3182310/lib/jython/Lib/test/test_tuple_jy.py
3182310,1,2,1,2,3,3,2.0,4.754887502163469,0.5,2.3774437510817346,0.1320802083934297,0.0015849625007211565,A,1.0,10,7,1,6,0,0,3,76.10877088641938,/home/senior/senior/Sample_Projects/round_2/3182310/lib/jython/Lib/test/badsyntax_future9.py
3182310,2,3,2,3,5,5,6.754887502163469,11.60964047443681,1.0,11.60964047443681,0.6449800263576005,0.0038698801581456034,A,1.45652173913,467,230,31,275,83,31,78,38.851055821976914,/home/senior/senior/Sample_Projects/round_2/3182310/lib/jython/Lib/test/test_gettext.py
3182310,6,15,10,18,21,28,74.11313393845472,122.9848878378053,3.6,442.7455962160991,24.596977567561062,0.04099496261260177,A,1.52941176471,158,112,11,121,2,11,24,39.624715791079694,/home/senior/senior/Sample_Projects/round_2/3182310/lib/jython/Lib/test/test_hotshot.py
3182310,13,50,38,68,63,106,330.2985258245704,633.5916718909912,8.84,5600.950379516362,311.16390997313124,0.21119722396366372,A,2.25,262,194,20,206,0,22,36,29.553772175232947,/home/senior/senior/Sample_Projects/round_2/3182310/lib/jython/Lib/test/test_marshal.py
3182310,9,58,63,123,67,186,368.29222273037993,1128.2925894251457,9.543103448275861,10767.412900807209,598.1896056004005,0.3760975298083819,A,1.55555555556,392,350,22,312,3,14,55,23.977267692799476,/home/senior/senior/Sample_Projects/round_2/3182310/lib/jython/Lib/test/seq_tests.py
3182310,18,376,265,525,394,790,3291.584058256753,6811.420937370538,12.566489361702128,85595.648747542,4755.3138193078885,2.2704736457901795,A,1.42307692308,605,440,29,492,0,29,84,14.22609880387199,/home/senior/senior/Sample_Projects/round_2/3182310/lib/jython/Lib/test/test_fractions.py
3182310,5,18,13,26,23,39,86.66829050039843,176.41891628622352,3.611111111111111,637.0683088113627,35.392683822853485,0.05880630542874117,A,3.66666666667,131,77,14,86,0,14,31,41.45069235732635,/home/senior/senior/Sample_Projects/round_2/3182310/lib/jython/Lib/test/test_linecache.py
3182310,4,15,10,20,19,30,66.60335893412778,127.43782540330756,2.6666666666666665,339.8342010754868,18.879677837527044,0.042479275134435855,A,1.86666666667,158,109,8,106,3,8,41,40.714927409081525,/home/senior/senior/Sample_Projects/round_2/3182310/lib/jython/Lib/test/test_defaultdict_jy.py
3182310,5,19,11,22,24,33,92.32026322986493,151.30376252379818,2.8947368421052633,437.9845757267842,24.33247642926579,0.05043458750793273,A,1.63076923077,738,446,23,624,3,32,88,23.508062068375967,/home/senior/senior/Sample_Projects/round_2/3182310/lib/jython/Lib/test/test_cfgparser.py
3182310,21,320,193,362,341,555,2755.2556562423097,4669.563500608416,11.878125,55465.658955664345,3081.425497536908,1.5565211668694718,A,2.8152173913,1426,845,134,867,218,137,207,9.82760946456774,/home/senior/senior/Sample_Projects/round_2/3182310/lib/jython/Lib/test/test_support.py
3182310,4,15,10,20,19,30,66.60335893412778,127.43782540330756,2.6666666666666665,339.8342010754868,18.879677837527044,0.042479275134435855,A,1.14634146341,2700,127,20,1735,553,20,392,14.41329689005456,/home/senior/senior/Sample_Projects/round_2/3182310/lib/jython/Lib/test/test_doctest.py
3182310,1,2,1,2,3,3,2.0,4.754887502163469,0.5,2.3774437510817346,0.1320802083934297,0.0015849625007211565,A,1.0,27,11,5,18,0,6,4,66.64902407484027,/home/senior/senior/Sample_Projects/round_2/3182310/lib/jython/Lib/test/test_codecencodings_hk.py
3182310,1,2,1,2,3,3,2.0,4.754887502163469,0.5,2.3774437510817346,0.1320802083934297,0.0015849625007211565,A,2.66666666667,51,31,9,30,0,12,12,61.7870272423858,/home/senior/senior/Sample_Projects/round_2/3182310/lib/jython/Lib/test/test_jsr223.py
3182310,1,2,1,2,3,3,2.0,4.754887502163469,0.5,2.3774437510817346,0.1320802083934297,0.0015849625007211565,A,1.32432432432,197,140,5,140,0,5,52,47.617098135528224,/home/senior/senior/Sample_Projects/round_2/3182310/lib/jython/Lib/test/test_subclasses.py
3182310,11,79,49,98,90,147,536.0524269110014,954.3024051604622,6.822784810126582,6510.999954196064,361.7222196775591,0.31810080172015404,A,3.5,482,296,36,393,0,37,53,22.044192956436216,/home/senior/senior/Sample_Projects/round_2/3182310/lib/jython/Lib/test/test_uuid.py
3182310,1,2,1,2,3,3,2.0,4.754887502163469,0.5,2.3774437510817346,0.1320802083934297,0.0015849625007211565,A,1.0,10,8,2,6,0,0,2,76.10877088641938,/home/senior/senior/Sample_Projects/round_2/3182310/lib/jython/Lib/test/badsyntax_future6.py
3182310,8,100,60,118,108,178,688.3856189774725,1202.3699753850974,4.72,5675.186283817659,315.2881268787589,0.40078999179503244,A,2.125,292,145,20,234,0,21,38,26.422796704716465,/home/senior/senior/Sample_Projects/round_2/3182310/lib/jython/Lib/test/test_pkg.py
3182310,3,7,4,7,10,11,24.406371956566698,36.541209043760986,1.5,54.81181356564148,3.0451007536467487,0.012180403014586996,A,1.33333333333,355,57,5,114,186,5,50,43.843946677833394,/home/senior/senior/Sample_Projects/round_2/3182310/lib/jython/Lib/test/test_xml_etree.py
3182310,2,10,5,10,12,15,35.219280948873624,53.77443751081735,1.0,53.77443751081735,2.987468750600964,0.017924812503605784,A,1.78571428571,138,104,22,92,5,18,19,44.64585445626964,/home/senior/senior/Sample_Projects/round_2/3182310/lib/jython/Lib/test/test_dict_jy.py
3182310,1,2,1,2,3,3,2.0,4.754887502163469,0.5,2.3774437510817346,0.1320802083934297,0.0015849625007211565,A,1.5,21,13,2,15,0,2,4,68.20982767847295,/home/senior/senior/Sample_Projects/round_2/3182310/lib/jython/Lib/test/test_lib2to3.py
3182310,1,2,1,2,3,3,2.0,4.754887502163469,0.5,2.3774437510817346,0.1320802083934297,0.0015849625007211565,A,1.2,27,17,0,16,3,0,8,67.67584003319443,/home/senior/senior/Sample_Projects/round_2/3182310/lib/jython/Lib/test/test_coerce_jy.py
3182310,13,101,54,104,114,158,720.5850760937656,1079.5966222380293,6.693069306930693,7225.815016167404,401.4341675648558,0.3598655407460098,A,1.61764705882,800,496,66,611,9,78,114,17.750573978206752,/home/senior/senior/Sample_Projects/round_2/3182310/lib/jython/Lib/test/test_trace.py
3182310,1,2,1,2,3,3,2.0,4.754887502163469,0.5,2.3774437510817346,0.1320802083934297,0.0015849625007211565,A,1.0,19,12,1,13,0,1,5,69.54211338637779,/home/senior/senior/Sample_Projects/round_2/3182310/lib/jython/Lib/test/test_ttk_textonly.py
3182310,1,2,1,2,3,3,2.0,4.754887502163469,0.5,2.3774437510817346,0.1320802083934297,0.0015849625007211565,A,1.0,22,6,11,6,0,11,5,76.10877088641938,/home/senior/senior/Sample_Projects/round_2/3182310/lib/jython/Lib/test/outstanding_bugs.py
3182310,3,11,6,12,14,18,42.808635307173745,68.53238859703687,1.6363636363636365,112.14390861333307,6.23021714518517,0.022844129532345624,A,2.1,84,53,9,56,0,8,19,48.5159342647414,/home/senior/senior/Sample_Projects/round_2/3182310/lib/jython/Lib/test/test_stringmap.py
3182310,1,2,1,2,3,3,2.0,4.754887502163469,0.5,2.3774437510817346,0.1320802083934297,0.0015849625007211565,A,1.13333333333,82,64,2,64,0,2,16,54.97894864999881,/home/senior/senior/Sample_Projects/round_2/3182310/lib/jython/Lib/test/test_atexit.py
3182310,11,119,87,170,130,257,858.5370616386556,1804.7485279483128,7.857142857142857,14180.16700530817,787.787055850454,0.6015828426494376,A,1.5306122449,454,364,24,352,28,24,50,21.413905354600423,/home/senior/senior/Sample_Projects/round_2/3182310/lib/jython/Lib/test/test_telnetlib.py
3182310,15,85,66,128,100,194,603.4015885058325,1288.9081008162966,11.294117647058824,14557.07972686641,808.7266514925783,0.4296360336054322,A,2.19672131148,901,699,67,704,0,72,130,15.794066178987652,/home/senior/senior/Sample_Projects/round_2/3182310/lib/jython/Lib/test/test_iter.py
3182310,1,2,1,2,3,3,2.0,4.754887502163469,0.5,2.3774437510817346,0.1320802083934297,0.0015849625007211565,A,4.0,96,83,4,82,0,4,10,52.27749987378264,/home/senior/senior/Sample_Projects/round_2/3182310/lib/jython/Lib/test/test_sundry.py
3182310,1,2,1,2,3,3,2.0,4.754887502163469,0.5,2.3774437510817346,0.1320802083934297,0.0015849625007211565,A,1.2,38,26,5,26,0,5,7,63.293090877896525,/home/senior/senior/Sample_Projects/round_2/3182310/lib/jython/Lib/test/test_future_builtins.py
3182310,11,28,23,38,39,61,172.65968562262316,322.4095353505972,7.464285714285714,2406.5568888669577,133.6976049370532,0.10746984511686573,A,1.78571428571,120,93,5,92,0,5,23,39.246077708715084,/home/senior/senior/Sample_Projects/round_2/3182310/lib/jython/Lib/test/test_structseq.py
3182310,9,38,22,43,47,65,227.95057052383706,361.04827535904644,5.092105263157895,1838.495823209881,102.13865684499339,0.12034942511968215,A,2.20833333333,287,193,31,210,3,37,43,31.084642255886756,/home/senior/senior/Sample_Projects/round_2/3182310/lib/jython/Lib/test/test_socketserver.py
3182310,11,62,71,141,73,212,407.2139190489966,1312.2428064825638,12.508064516129032,16413.61768431013,911.8676491283406,0.43741426882752127,A,2.13157894737,368,195,19,292,0,15,57,24.066441934926203,/home/senior/senior/Sample_Projects/round_2/3182310/lib/jython/Lib/test/test_bisect.py
3182310,4,8,5,10,12,15,32.0,53.77443751081735,2.5,134.43609377704337,7.468671876502409,0.017924812503605784,A,1.58333333333,286,76,29,230,0,29,27,36.05374480578841,/home/senior/senior/Sample_Projects/round_2/3182310/lib/jython/Lib/test/test_modulefinder.py
3182310,4,9,5,10,13,15,36.52932501298081,55.506595772116384,2.2222222222222223,123.34799060470309,6.852666144705727,0.01850219859070546,A,2.66666666667,39,29,2,28,2,2,7,55.47240695521019,/home/senior/senior/Sample_Projects/round_2/3182310/lib/jython/Lib/test/test_wait3.py
3182310,5,81,43,86,86,129,525.1374907080914,828.9881533565706,2.654320987654321,2200.400653971144,122.24448077617467,0.2763293844521902,A,1.4,154,134,0,136,0,0,18,32.761970513413715,/home/senior/senior/Sample_Projects/round_2/3182310/lib/jython/Lib/test/test_dictviews.py
3182310,6,24,22,41,30,63,125.5488750216347,309.1341075233367,5.125,1584.3123010571005,88.0173500587278,0.1030447025077789,A,2.72222222222,417,282,78,267,7,80,65,29.220745496263707,/home/senior/senior/Sample_Projects/round_2/3182310/lib/jython/Lib/test/test_userdict.py
3182310,6,84,45,90,90,135,552.4644385177428,876.4001680045061,3.2142857142857144,2817.000540014484,156.50003000080468,0.29213338933483535,A,1.27272727273,328,225,31,239,4,32,54,27.29866294270715,/home/senior/senior/Sample_Projects/round_2/3182310/lib/jython/Lib/test/test_repr.py
3182310,1,4,2,4,5,6,8.0,13.931568569324174,0.5,6.965784284662087,0.3869880158145604,0.004643856189774725,A,1.28571428571,61,35,5,41,0,6,15,56.19646434300219,/home/senior/senior/Sample_Projects/round_2/3182310/lib/jython/Lib/test/test_charmapcodec.py
3182310,1,2,1,2,3,3,2.0,4.754887502163469,0.5,2.3774437510817346,0.1320802083934297,0.0015849625007211565,,,3,3,0,3,0,0,0,,/home/senior/senior/Sample_Projects/round_2/3182310/lib/jython/Lib/test/module_deleter.py
3182310,1,1,1,2,2,3,0.0,3.0,1.0,3.0,0.16666666666666666,0.001,,,4,4,0,4,0,0,0,,/home/senior/senior/Sample_Projects/round_2/3182310/lib/jython/Lib/test/check_for_initializer_in_syspath.py
3182310,7,46,32,60,53,92,273.7353344330258,526.9686818198144,4.565217391304348,2405.726590916544,133.65147727314132,0.17565622727327146,A,2.40909090909,343,221,25,228,35,25,55,29.134865733233273,/home/senior/senior/Sample_Projects/round_2/3182310/lib/jython/Lib/test/test_fileno.py
3182310,0,0,0,0,0,0,0.0,0.0,0.0,0.0,0.0,0.0,,,1,1,0,1,0,0,0,,/home/senior/senior/Sample_Projects/round_2/3182310/lib/jython/Lib/test/relimport.py
3182310,22,272,232,426,294,658,2297.897388430113,5395.384402902328,17.227941176470587,92951.36511764818,5163.964728758232,1.798461467634109,A,2.34042553191,1033,759,97,790,29,101,117,10.332254908045146,/home/senior/senior/Sample_Projects/round_2/3182310/lib/jython/Lib/test/test_math.py
3182310,1,2,1,2,3,3,2.0,4.754887502163469,0.5,2.3774437510817346,0.1320802083934297,0.0015849625007211565,A,1.33333333333,18,11,0,10,3,0,5,71.78197224823022,/home/senior/senior/Sample_Projects/round_2/3182310/lib/jython/Lib/test/test_int_jy.py
3182310,7,26,15,29,33,44,141.86291712607164,221.95334125177195,3.9038461538461537,866.4716975790328,48.13731653216849,0.07398444708392399,A,2.15384615385,240,162,13,168,0,17,59,34.6690357378901,/home/senior/senior/Sample_Projects/round_2/3182310/lib/jython/Lib/test/test_imaplib.py
3182310,3,8,4,8,11,12,28.75488750216347,41.51317942364757,1.5,62.26976913547136,3.4594316186372978,0.01383772647454919,A,1.71428571429,142,49,13,48,57,11,24,51.49660349135267,/home/senior/senior/Sample_Projects/round_2/3182310/lib/jython/Lib/test/test_code.py
3182310,7,15,9,15,22,24,78.25484338853101,107.02635884729514,3.5,374.592255965533,20.810680886974055,0.03567545294909838,A,1.83333333333,170,104,19,121,0,23,30,40.00283102501384,/home/senior/senior/Sample_Projects/round_2/3182310/lib/jython/Lib/test/test_new.py
3182310,13,156,101,198,169,299,1184.628462478345,2212.862951448373,8.25,18256.11934944908,1014.2288527471711,0.7376209838161244,A,2.23076923077,1682,714,80,1419,3,188,180,7.5132610191982225,/home/senior/senior/Sample_Projects/round_2/3182310/lib/jython/Lib/test/test_codecs.py
3182310,15,122,84,163,137,247,904.1533141168,1753.2139244912503,10.020491803278688,17568.065759758632,976.0036533199241,0.5844046414970834,A,1.94736842105,566,422,25,425,5,29,111,19.66511811772004,/home/senior/senior/Sample_Projects/round_2/3182310/lib/jython/Lib/test/test_descr_jy.py
3182310,15,95,67,132,110,199,682.7396417255678,1349.4905829914073,10.421052631578947,14063.112391173612,781.2840217318674,0.4498301943304691,A,2.61111111111,270,204,1,203,22,1,44,27.34686544033772,/home/senior/senior/Sample_Projects/round_2/3182310/lib/jython/Lib/test/pystone.py
3182310,14,109,65,127,123,192,791.0350603094913,1332.962785025134,8.155963302752294,10871.595558599489,603.9775310333049,0.44432092834171133,A,2.34482758621,763,536,83,575,0,90,105,17.58655967375313,/home/senior/senior/Sample_Projects/round_2/3182310/lib/jython/Lib/test/test_file2k.py
3182310,5,34,20,38,39,58,184.58337707694838,306.5533286940104,2.7941176470588234,856.5460654685585,47.585892526031024,0.10218444289800348,A,2.08823529412,403,289,26,310,4,25,63,27.92168918771456,/home/senior/senior/Sample_Projects/round_2/3182310/lib/jython/Lib/test/test_class_jy.py
3182310,14,58,43,73,72,116,393.0658666262056,715.7113001673082,8.810344827586206,6305.663351474042,350.3146306374468,0.23857043338910272,A,1.57777777778,686,592,45,532,4,46,105,20.313896999165337,/home/senior/senior/Sample_Projects/round_2/3182310/lib/jython/Lib/test/mapping_tests.py
3182310,3,7,4,8,10,12,24.406371956566698,39.863137138648355,1.7142857142857142,68.33680652339717,3.796489251299843,0.013287712379549451,A,1.33333333333,100,68,10,72,0,10,18,47.89163911868902,/home/senior/senior/Sample_Projects/round_2/3182310/lib/jython/Lib/test/test_classpathimporter.py
3182310,1,2,1,2,3,3,2.0,4.754887502163469,0.5,2.3774437510817346,0.1320802083934297,0.0015849625007211565,A,4.0,82,13,4,67,3,4,8,54.16591684597676,/home/senior/senior/Sample_Projects/round_2/3182310/lib/jython/Lib/test/test_cl.py
3182310,13,109,61,122,122,183,785.8378077365192,1268.3249327740082,7.275229357798165,9227.354786144848,512.6308214524915,0.42277497759133603,A,1.88636363636,399,250,31,302,0,35,66,23.88492068473159,/home/senior/senior/Sample_Projects/round_2/3182310/lib/jython/Lib/test/test_hashlib.py
3182310,3,12,8,16,15,24,47.77443751081735,93.76537429460444,2.0,187.53074858920888,10.418374921622716,0.03125512476486815,A,1.72727272727,111,80,4,74,8,4,25,45.024630732469475,/home/senior/senior/Sample_Projects/round_2/3182310/lib/jython/Lib/test/test_contains.py
3182310,8,14,9,17,22,26,77.30296890880645,115.94522208456974,4.857142857142857,563.1625072679101,31.286805959328337,0.038648407361523245,A,1.875,82,62,7,59,0,7,16,46.47923904980646,/home/senior/senior/Sample_Projects/round_2/3182310/lib/jython/Lib/test/test_gdbm.py
3182310,0,0,0,0,0,0,0.0,0.0,0.0,0.0,0.0,0.0,,,7,6,1,6,0,2,0,,/home/senior/senior/Sample_Projects/round_2/3182310/lib/jython/Lib/test/import_nonexistent.py
3182310,7,41,27,54,48,81,239.31111664374467,452.3819625584137,4.609756097560975,2085.370510330248,115.85391724056934,0.15079398751947123,A,3.30769230769,225,191,10,188,4,11,23,31.295852257919023,/home/senior/senior/Sample_Projects/round_2/3182310/lib/jython/Lib/test/test_fileinput.py
3182310,7,43,22,43,50,65,252.98086890659343,366.8506523353571,3.5,1283.9772831737498,71.33207128743055,0.12228355077845236,A,1.8275862069,292,241,21,233,0,16,38,30.10732900638503,/home/senior/senior/Sample_Projects/round_2/3182310/lib/jython/Lib/test/test_functools.py
3182310,4,14,8,16,18,24,61.30296890880645,100.07820003461549,2.2857142857142856,228.75017150769253,12.708342861538474,0.0333594000115385,A,2.21428571429,154,129,4,130,0,4,20,39.47945402322528,/home/senior/senior/Sample_Projects/round_2/3182310/lib/jython/Lib/test/test_aifc.py
3182310,12,141,83,164,153,247,1049.6962906968838,1792.574797145085,6.9787234042553195,12509.883690714636,694.9935383730353,0.597524932381695,A,1.3153526971,1625,937,43,1259,29,39,294,9.409122969037936,/home/senior/senior/Sample_Projects/round_2/3182310/lib/jython/Lib/test/test_optparse.py
3182310,13,65,51,99,78,150,439.5596241826837,942.8103328293373,9.9,9333.82229501044,518.5456830561355,0.3142701109431124,B,5.22222222222,129,96,8,104,0,10,17,34.377263177859696,/home/senior/senior/Sample_Projects/round_2/3182310/lib/jython/Lib/test/test_pow.py
3182310,5,12,6,12,17,18,54.62919048309069,73.57433114250613,2.5,183.93582785626532,10.218657103125851,0.02452477704750204,A,2.5,100,62,9,73,8,8,10,45.77649380738085,/home/senior/senior/Sample_Projects/round_2/3182310/lib/jython/Lib/test/symlink_support.py
3182310,12,283,154,355,295,509,2347.9578327300765,4176.126712422845,7.5265017667844525,31431.62507936629,1746.2013932981272,1.3920422374742818,A,2.0,671,491,11,530,12,12,118,14.932447354967257,/home/senior/senior/Sample_Projects/round_2/3182310/lib/jython/Lib/test/test_minidom.py
3182310,10,117,77,142,127,219,837.0519531401319,1530.5219464031045,6.068376068376068,9287.78275167696,515.98793064872,0.5101739821343682,A,1.86666666667,1384,834,104,930,164,117,186,12.682091603897701,/home/senior/senior/Sample_Projects/round_2/3182310/lib/jython/Lib/test/test_urllib2.py
3182310,13,102,54,106,115,160,728.6931012169267,1095.2784081511002,6.754901960784314,7398.498266824588,411.0276814902549,0.36509280271703337,A,1.6,800,503,52,625,9,64,114,17.49485754987943,/home/senior/senior/Sample_Projects/round_2/3182310/lib/jython/Lib/test/test_sys_settrace.py
3182310,2,4,3,6,6,9,10.0,23.264662506490403,1.5,34.89699375973561,1.938721875540867,0.007754887502163467,A,1.27272727273,73,46,2,48,3,2,20,53.26133000732794,/home/senior/senior/Sample_Projects/round_2/3182310/lib/jython/Lib/test/test_func_jy.py
3182310,7,55,31,61,62,92,337.6262686982595,547.7860605555926,3.881818181818182,2126.405889611255,118.13366053395862,0.18259535351853087,A,1.47540983607,438,233,41,312,0,40,85,26.18250230092041,/home/senior/senior/Sample_Projects/round_2/3182310/lib/jython/Lib/test/test_locale.py
3182310,3,6,3,6,9,9,20.264662506490406,28.529325012980813,1.5,42.793987519471216,2.377443751081734,0.009509775004326938,A,1.25,47,39,0,40,0,0,7,54.35592781444829,/home/senior/senior/Sample_Projects/round_2/3182310/lib/jython/Lib/test/test_future4.py
3182310,7,109,91,174,116,265,757.3835758550881,1817.3649637088065,5.587155963302752,10153.901494483149,564.1056385823972,0.6057883212362688,A,1.79411764706,521,372,28,427,0,28,66,19.53213657794549,/home/senior/senior/Sample_Projects/round_2/3182310/lib/jython/Lib/test/test_posixpath.py
3182310,4,13,7,13,17,20,56.105716335834195,81.7492568250068,2.0,163.4985136500136,9.083250758334088,0.027249752275002266,A,1.22222222222,79,48,16,47,0,19,16,49.73286218671391,/home/senior/senior/Sample_Projects/round_2/3182310/lib/jython/Lib/test/test_bufio.py
3182310,14,320,210,414,334,624,2716.3199592727624,5231.43147850381,9.05625,47377.151327200125,2632.063962622229,1.7438104928346032,A,1.62365591398,2122,1528,190,1658,0,194,274,3.505589106770362,/home/senior/senior/Sample_Projects/round_2/3182310/lib/jython/Lib/test/test_mailbox.py
3182310,5,57,39,78,62,117,344.0843712818271,696.6409683152644,3.4210526315789473,2383.2454179206416,132.4025232178134,0.23221365610508815,A,1.3,770,622,49,602,6,52,113,19.264255848777587,/home/senior/senior/Sample_Projects/round_2/3182310/lib/jython/Lib/test/test_memoryio.py
3182310,15,109,81,157,124,238,796.3354503348127,1655.0987218720763,10.802752293577981,17879.621513801558,993.3123063223088,0.5516995739573588,A,2.21666666667,806,571,39,659,0,59,108,15.656337784001376,/home/senior/senior/Sample_Projects/round_2/3182310/lib/jython/Lib/test/test_deque.py
3182310,1,2,1,2,3,3,2.0,4.754887502163469,0.5,2.3774437510817346,0.1320802083934297,0.0015849625007211565,C,20.0,155,69,4,141,4,4,6,45.03821303937589,/home/senior/senior/Sample_Projects/round_2/3182310/lib/jython/Lib/test/test_gl.py
3182310,1,4,2,4,5,6,8.0,13.931568569324174,0.5,6.965784284662087,0.3869880158145604,0.004643856189774725,A,2.0,28,18,2,19,0,2,7,63.12927093383799,/home/senior/senior/Sample_Projects/round_2/3182310/lib/jython/Lib/test/test_jython_initializer.py
3182310,1,2,1,2,3,3,2.0,4.754887502163469,0.5,2.3774437510817346,0.1320802083934297,0.0015849625007211565,A,4.0,25,13,4,13,3,4,5,69.13860461444797,/home/senior/senior/Sample_Projects/round_2/3182310/lib/jython/Lib/test/test_al.py
3182310,4,9,6,11,13,17,36.52932501298081,62.907475208398566,2.4444444444444446,153.7738282871965,8.542990460399805,0.02096915840279952,A,1.25,141,77,20,93,2,20,26,44.14763483768507,/home/senior/senior/Sample_Projects/round_2/3182310/lib/jython/Lib/test/test_print.py
3182310,5,9,5,9,14,14,40.13896548741762,53.30296890880645,2.5,133.25742227201613,7.403190126223119,0.017767656302935482,A,4.0,127,92,22,92,0,22,13,44.37431457497662,/home/senior/senior/Sample_Projects/round_2/3182310/lib/jython/Lib/test/test_resource.py
3182310,3,7,4,8,10,12,24.406371956566698,39.863137138648355,1.7142857142857142,68.33680652339717,3.796489251299843,0.013287712379549451,A,4.0,76,45,20,45,0,21,11,51.90808297257587,/home/senior/senior/Sample_Projects/round_2/3182310/lib/jython/Lib/test/test_threaded_import.py
3182310,1,8,4,8,9,12,24.0,38.03910001730775,0.5,19.019550008653876,1.0566416671474377,0.012679700005769252,,,590,3,30,525,0,87,35,,/home/senior/senior/Sample_Projects/round_2/3182310/lib/jython/Lib/test/re_tests.py
3182310,16,327,185,365,343,550,2795.479011937873,4632.135621395046,8.929663608562691,41363.41288829827,2297.9673826832372,1.544045207131682,A,1.6511627907,1562,1079,104,1161,0,109,297,7.2451124859607425,/home/senior/senior/Sample_Projects/round_2/3182310/lib/jython/Lib/test/test_tarfile.py
3182310,1,2,1,2,3,3,2.0,4.754887502163469,0.5,2.3774437510817346,0.1320802083934297,0.0015849625007211565,A,1.28571428571,65,41,6,41,0,6,18,59.09577808688264,/home/senior/senior/Sample_Projects/round_2/3182310/lib/jython/Lib/test/test_jser.py
3182310,6,14,10,19,20,29,68.81274391313339,125.33591475173351,4.071428571428571,510.29622434634354,28.34979024146353,0.041778638250577836,A,1.55555555556,88,64,8,65,0,8,15,45.38438876227535,/home/senior/senior/Sample_Projects/round_2/3182310/lib/jython/Lib/test/test_macostools.py
3182310,1,2,1,2,3,3,2.0,4.754887502163469,0.5,2.3774437510817346,0.1320802083934297,0.0015849625007211565,A,1.25,35,26,0,26,0,0,9,63.28636573169769,/home/senior/senior/Sample_Projects/round_2/3182310/lib/jython/Lib/test/test_datetime_jy.py
3182310,8,134,71,141,142,212,970.8559515213415,1515.7463893349927,4.208955223880597,6379.708683469671,354.4282601927595,0.5052487964449975,A,1.43421052632,915,502,151,602,41,144,121,16.88455818903331,/home/senior/senior/Sample_Projects/round_2/3182310/lib/jython/Lib/test/test_urllib.py
3182310,16,225,152,288,241,440,1822.1007680238333,3481.6713079411834,10.24,35652.31419331772,1980.6841218509844,1.1605571026470611,C,10.5238095238,1449,617,80,1111,136,86,122,7.336378749042366,/home/senior/senior/Sample_Projects/round_2/3182310/lib/jython/Lib/test/regrtest.py
3182310,8,49,26,50,57,76,299.1207823616452,443.2996410765204,4.081632653061225,1809.3862901082466,100.52146056156926,0.1477665470255068,A,1.38461538462,438,335,29,347,0,30,62,25.83278505161689,/home/senior/senior/Sample_Projects/round_2/3182310/lib/jython/Lib/test/test_str.py
3182310,3,6,3,6,9,9,20.264662506490406,28.529325012980813,1.5,42.793987519471216,2.377443751081734,0.009509775004326938,A,1.42857142857,68,42,13,41,3,13,11,54.103616841260056,/home/senior/senior/Sample_Projects/round_2/3182310/lib/jython/Lib/test/test_whichdb.py
3182310,9,45,27,54,54,81,275.6627143478162,466.145887675241,5.4,2517.1877934463014,139.8437663025723,0.15538196255841366,A,1.75,87,66,5,66,0,5,16,41.23914809032869,/home/senior/senior/Sample_Projects/round_2/3182310/lib/jython/Lib/test/time_hashlib.py
3182310,2,6,4,8,8,12,17.509775004326936,36.0,1.3333333333333333,48.0,2.6666666666666665,0.012,A,2.0,57,37,3,36,9,3,9,54.5417290464407,/home/senior/senior/Sample_Projects/round_2/3182310/lib/jython/Lib/test/test_compile_jy.py
3182310,6,20,14,24,26,38,101.94833690207419,178.61670928936152,3.6,643.0201534417015,35.723341857872306,0.05953890309645384,A,2.61538461538,91,76,5,71,0,3,15,43.347473353511056,/home/senior/senior/Sample_Projects/round_2/3182310/lib/jython/Lib/test/test_cmp_jy.py
3182310,4,15,8,17,19,25,66.60335893412778,106.19818783608963,2.2666666666666666,240.71589242846983,13.37310513491499,0.03539939594536321,A,1.28571428571,99,69,6,67,3,6,23,45.6373849717773,/home/senior/senior/Sample_Projects/round_2/3182310/lib/jython/Lib/test/test_cpickle_jy.py
3182310,1,2,1,2,3,3,2.0,4.754887502163469,0.5,2.3774437510817346,0.1320802083934297,0.0015849625007211565,A,1.0,12,9,1,8,0,0,3,73.72789735533709,/home/senior/senior/Sample_Projects/round_2/3182310/lib/jython/Lib/test/badsyntax_future5.py
3182310,8,33,24,42,41,66,190.46500593882897,353.5984323047935,5.090909090909091,1800.137473551676,100.00763741953756,0.11786614410159783,A,1.83783783784,708,471,153,459,2,162,94,23.814211175507833,/home/senior/senior/Sample_Projects/round_2/3182310/lib/jython/Lib/test/test_gc.py
3182310,10,114,62,122,124,184,812.1687425636542,1279.5721211111852,5.350877192982456,6846.8332796300265,380.37962664611257,0.42652404037039504,A,4.0,185,108,5,148,7,10,25,30.29809723099205,/home/senior/senior/Sample_Projects/round_2/3182310/lib/jython/Lib/test/test_strftime.py
3182310,8,14,9,17,22,26,77.30296890880645,115.94522208456974,4.857142857142857,563.1625072679101,31.286805959328337,0.038648407361523245,A,1.5,93,71,9,73,0,11,11,44.54285156330967,/home/senior/senior/Sample_Projects/round_2/3182310/lib/jython/Lib/test/test_ioctl.py
3182310,5,9,5,9,14,14,40.13896548741762,53.30296890880645,2.5,133.25742227201613,7.403190126223119,0.017767656302935482,A,1.25,123,41,2,37,57,2,27,53.22327130100896,/home/senior/senior/Sample_Projects/round_2/3182310/lib/jython/Lib/test/test_doctest2.py
3182310,5,15,11,17,20,28,70.2129994085646,121.01398665684616,2.8333333333333335,342.8729621943975,19.048497899688748,0.040337995552282055,A,1.75,48,32,0,34,3,0,11,51.47330751628184,/home/senior/senior/Sample_Projects/round_2/3182310/lib/jython/Lib/test/test_dictproxy_jy.py
3182310,5,12,7,13,17,20,54.62919048309069,81.7492568250068,2.7083333333333335,221.4042372343934,12.300235401910745,0.027249752275002266,A,3.25,71,55,6,54,2,7,9,48.1704469159843,/home/senior/senior/Sample_Projects/round_2/3182310/lib/jython/Lib/test/test_fork1.py
3182310,2,4,3,4,6,7,10.0,18.094737505048094,1.0,18.094737505048094,1.0052631947248942,0.006031579168349364,A,1.66666666667,90,58,1,74,0,1,15,49.90433497289665,/home/senior/senior/Sample_Projects/round_2/3182310/lib/jython/Lib/test/test_aepack.py
3182310,4,23,15,30,27,45,112.0419249893113,213.9699375973561,2.608695652173913,558.1824459061464,31.010135883674803,0.07132331253245204,A,1.25,88,58,15,48,6,9,19,46.63065530166675,/home/senior/senior/Sample_Projects/round_2/3182310/lib/jython/Lib/test/test_SimpleXMLRPCServer.py
3182310,23,66,110,209,89,319,502.97193686696926,2065.7589644782806,36.416666666666664,75228.05562308404,4179.336423504669,0.6885863214927602,A,1.32142857143,370,314,6,311,0,6,53,22.201162391661587,/home/senior/senior/Sample_Projects/round_2/3182310/lib/jython/Lib/test/test_bool.py
3182310,13,49,27,52,62,79,323.22649869747937,470.3815085205632,6.8979591836734695,3244.6724465295993,180.25958036275551,0.15679383617352108,A,1.93617021277,757,364,92,560,0,99,105,21.054812756707328,/home/senior/senior/Sample_Projects/round_2/3182310/lib/jython/Lib/test/test_threading.py
3182310,1,2,1,2,3,3,2.0,4.754887502163469,0.5,2.3774437510817346,0.1320802083934297,0.0015849625007211565,A,1.25,16,11,0,11,0,0,5,70.96886251690502,/home/senior/senior/Sample_Projects/round_2/3182310/lib/jython/Lib/test/test_pep263_jy.py
3182310,2,4,2,4,6,6,10.0,15.509775004326936,1.0,15.509775004326936,0.861654166907052,0.005169925001442312,A,1.66666666667,40,32,1,31,0,0,8,58.41590138323132,/home/senior/senior/Sample_Projects/round_2/3182310/lib/jython/Lib/test/test_thread_jy.py
3182310,10,168,117,230,178,347,1275.1286079757053,2594.07950054534,6.845238095238095,17757.091819209174,986.5051010671764,0.8646931668484467,A,1.41860465116,1293,810,183,922,0,191,188,11.220462391319376,/home/senior/senior/Sample_Projects/round_2/3182310/lib/jython/Lib/test/test_weakref.py
3182310,1,2,1,2,3,3,2.0,4.754887502163469,0.5,2.3774437510817346,0.1320802083934297,0.0015849625007211565,A,1.0,86,24,5,74,0,11,7,53.64119017028361,/home/senior/senior/Sample_Projects/round_2/3182310/lib/jython/Lib/test/test_codecencodings_cn.py
3182310,7,58,53,95,65,148,359.41438217180234,891.3104363282113,5.732758620689655,5109.667587571211,283.87042153173394,0.2971034787760704,A,1.375,59,44,3,43,0,2,13,43.30528926166166,/home/senior/senior/Sample_Projects/round_2/3182310/lib/jython/Lib/test/test_unary.py
3182310,1,2,1,2,3,3,2.0,4.754887502163469,0.5,2.3774437510817346,0.1320802083934297,0.0015849625007211565,A,1.35294117647,112,71,6,84,0,6,22,52.40796245891343,/home/senior/senior/Sample_Projects/round_2/3182310/lib/jython/Lib/test/test_cpickle.py
3182310,5,25,15,30,30,45,127.70604521880493,220.81007680238335,3.0,662.43023040715,36.80167946706389,0.07360335893412778,A,3.0,90,69,6,65,0,6,19,43.47843353738624,/home/senior/senior/Sample_Projects/round_2/3182310/lib/jython/Lib/test/test_pkgimport.py
3182310,4,17,11,20,21,31,77.48686830125578,136.16184010614157,2.3529411764705883,320.3808002497449,17.79893334720805,0.04538728003538052,A,1.7,144,124,2,119,3,2,20,39.4512244104885,/home/senior/senior/Sample_Projects/round_2/3182310/lib/jython/Lib/test/test_slots_jy.py
3182310,5,32,26,45,37,71,171.60964047443682,369.87118895965546,3.515625,1300.3283986862887,72.2404665936827,0.12329039631988516,A,1.9512195122,463,344,76,314,3,83,70,27.249764788841222,/home/senior/senior/Sample_Projects/round_2/3182310/lib/jython/Lib/test/test_memoryview.py
3182310,3,8,4,8,11,12,28.75488750216347,41.51317942364757,1.5,62.26976913547136,3.4594316186372978,0.01383772647454919,A,1.2,51,50,1,43,0,0,7,52.585435347611735,/home/senior/senior/Sample_Projects/round_2/3182310/lib/jython/Lib/test/test_closuregen.py
3182310,7,25,25,51,32,76,135.74788919877133,380.0,7.14,2713.2,150.73333333333332,0.12666666666666668,A,1.55555555556,407,265,8,338,0,14,61,26.525417387133956,/home/senior/senior/Sample_Projects/round_2/3182310/lib/jython/Lib/test/test_profilehooks.py
3182310,6,14,8,16,20,24,68.81274391313339,103.72627427729671,3.4285714285714284,355.63294037930297,19.757385576627943,0.0345754247590989,A,1.38461538462,192,73,3,169,0,4,20,37.01437637508506,/home/senior/senior/Sample_Projects/round_2/3182310/lib/jython/Lib/test/test_plistlib.py
3182310,5,30,15,30,35,45,158.81635834269238,230.81773576252348,2.5,577.0443394063087,32.05801885590604,0.07693924525417449,A,1.61111111111,279,143,5,244,3,5,27,31.105329789139805,/home/senior/senior/Sample_Projects/round_2/3182310/lib/jython/Lib/test/test__osx_support.py
3182310,1,1,1,1,2,2,0.0,2.0,0.5,1.0,0.05555555555555555,0.0006666666666666666,,,26,8,8,7,5,8,6,,/home/senior/senior/Sample_Projects/round_2/3182310/lib/jython/Lib/test/test_getargs.py
3182310,1,2,1,2,3,3,2.0,4.754887502163469,0.5,2.3774437510817346,0.1320802083934297,0.0015849625007211565,A,1.33333333333,42,18,10,23,0,12,9,64.39099643986583,/home/senior/senior/Sample_Projects/round_2/3182310/lib/jython/Lib/test/threaded_import_hangers.py
3182310,2,4,2,4,6,6,10.0,15.509775004326936,1.0,15.509775004326936,0.861654166907052,0.005169925001442312,A,2.33333333333,42,36,0,35,0,0,7,57.210393482082075,/home/senior/senior/Sample_Projects/round_2/3182310/lib/jython/Lib/test/test_dbm.py
3182310,4,6,4,8,10,12,23.509775004326936,39.863137138648355,2.6666666666666665,106.3016990363956,5.905649946466422,0.013287712379549451,A,2.75,63,52,3,52,0,3,8,50.734259360633736,/home/senior/senior/Sample_Projects/round_2/3182310/lib/jython/Lib/test/test_dummy_threading.py
3182310,19,170,125,243,189,368,1340.3070818988376,2782.905212113355,13.579411764705883,37790.21577743341,2099.456432079634,0.9276350707044516,A,3.5,1808,251,109,1420,0,115,279,6.6391502120576575,/home/senior/senior/Sample_Projects/round_2/3182310/lib/jython/Lib/test/test_generators.py
3182310,4,8,4,8,12,12,32.0,43.01955000865388,2.0,86.03910001730776,4.779950000961542,0.014339850002884626,A,1.15,206,156,4,172,3,3,27,39.51583633352619,/home/senior/senior/Sample_Projects/round_2/3182310/lib/jython/Lib/test/buffer_tests.py
3182310,13,34,21,42,47,63,221.07945293834575,349.93909765569117,8.029411764705882,2809.8051076471675,156.10028375817598,0.11664636588523039,A,2.18181818182,419,337,32,319,0,23,68,27.237541321366834,/home/senior/senior/Sample_Projects/round_2/3182310/lib/jython/Lib/test/test_heapq.py
3182310,6,43,24,48,49,72,248.83915945651714,404.259108776295,3.3488372093023258,1353.7979456694532,75.21099698163628,0.134753036258765,A,2.625,413,334,15,356,0,28,42,25.70373790715791,/home/senior/senior/Sample_Projects/round_2/3182310/lib/jython/Lib/test/test_runpy.py
3182310,18,221,192,374,239,566,1796.185115651468,4471.890613317104,15.23076923076923,68110.3339566759,3783.9074420375496,1.4906302044390347,A,1.70238095238,1241,937,54,1000,3,54,184,8.75819659949214,/home/senior/senior/Sample_Projects/round_2/3182310/lib/jython/Lib/test/test_array.py
3182310,3,14,7,14,17,21,58.05785641096992,85.83671966625714,1.5,128.75507949938572,7.153059972188095,0.02861223988875238,A,1.125,108,78,1,84,0,1,23,44.18558238695012,/home/senior/senior/Sample_Projects/round_2/3182310/lib/jython/Lib/test/test_structmembers.py
3182310,9,35,20,39,44,59,208.05423060605463,322.1064654996005,5.014285714285714,1615.1338484337111,89.72965824631729,0.10736882183320018,A,1.47272727273,345,249,7,265,0,8,73,29.335161830999095,/home/senior/senior/Sample_Projects/round_2/3182310/lib/jython/Lib/test/test_poplib.py
3182310,6,28,16,30,34,46,150.11571282193984,234.02329069751565,3.2142857142857144,752.2177200991574,41.78987333884208,0.07800776356583855,A,2.42857142857,87,70,2,69,0,4,16,42.82189803133978,/home/senior/senior/Sample_Projects/round_2/3182310/lib/jython/Lib/test/test_isatty.py
3182310,1,2,1,2,3,3,2.0,4.754887502163469,0.5,2.3774437510817346,0.1320802083934297,0.0015849625007211565,A,4.0,31,18,2,18,3,2,8,66.24551530291045,/home/senior/senior/Sample_Projects/round_2/3182310/lib/jython/Lib/test/test_buffer.py
3182310,8,16,9,17,24,26,88.0,119.20902501875008,4.25,506.63835632968784,28.146575351649325,0.039736341672916696,A,1.66666666667,74,43,10,43,4,10,17,49.361864130700376,/home/senior/senior/Sample_Projects/round_2/3182310/lib/jython/Lib/test/test_dircache.py
3182310,1,2,1,2,3,3,2.0,4.754887502163469,0.5,2.3774437510817346,0.1320802083934297,0.0015849625007211565,A,1.0,69,19,5,57,0,9,7,56.076354303872044,/home/senior/senior/Sample_Projects/round_2/3182310/lib/jython/Lib/test/test_codecencodings_kr.py
3182310,1,2,1,2,3,3,2.0,4.754887502163469,0.5,2.3774437510817346,0.1320802083934297,0.0015849625007211565,A,1.0,10,8,1,7,0,0,2,74.84373664050284,/home/senior/senior/Sample_Projects/round_2/3182310/lib/jython/Lib/test/badsyntax_future3.py
3182310,0,0,0,0,0,0,0.0,0.0,0.0,0.0,0.0,0.0,A,1.0,9,5,1,5,0,1,3,82.89093368333656,/home/senior/senior/Sample_Projects/round_2/3182310/lib/jython/Lib/test/warning_tests.py
3182310,1,1,1,1,2,2,0.0,2.0,0.5,1.0,0.05555555555555555,0.0006666666666666666,,,4,4,0,4,0,0,0,,/home/senior/senior/Sample_Projects/round_2/3182310/lib/jython/Lib/test/print_sans_lib.py
3182310,10,38,24,47,48,71,232.64052645972987,396.53233755120215,6.184210526315789,2452.23945590875,136.2355253282639,0.13217744585040073,A,2.77777777778,239,174,19,186,2,21,32,31.867669500506153,/home/senior/senior/Sample_Projects/round_2/3182310/lib/jython/Lib/test/test_pep352.py
3182310,5,16,9,18,21,27,75.60964047443682,118.59257041502654,2.8125,333.54160429226215,18.530089127347896,0.03953085680500885,A,1.57142857143,85,52,10,54,5,9,16,47.276317010167475,/home/senior/senior/Sample_Projects/round_2/3182310/lib/jython/Lib/test/test_threadsignals.py
3182310,7,25,17,32,32,49,135.74788919877133,245.0,4.48,1097.6000000000001,60.97777777777779,0.08166666666666667,A,4.42857142857,290,206,23,226,0,22,41,31.268721813673622,/home/senior/senior/Sample_Projects/round_2/3182310/lib/jython/Lib/test/test_curses.py
3182310,4,21,12,24,25,36,100.23866587835397,167.17882283189007,2.2857142857142856,382.1230236157487,21.229056867541594,0.05572627427729669,A,1.26666666667,326,281,7,284,0,6,35,30.694852166488452,/home/senior/senior/Sample_Projects/round_2/3182310/lib/jython/Lib/test/test_contextlib.py
3182310,4,29,15,29,33,44,148.8814488586996,221.95334125177195,2.0,443.9066825035439,24.661482361307993,0.07398444708392399,A,1.28846153846,439,222,33,339,0,29,67,28.162882894619994,/home/senior/senior/Sample_Projects/round_2/3182310/lib/jython/Lib/test/test_sgmllib.py
3182310,4,21,12,24,25,36,100.23866587835397,167.17882283189007,2.2857142857142856,382.1230236157487,21.229056867541594,0.05572627427729669,A,1.22222222222,204,137,20,148,0,20,36,36.844920462546476,/home/senior/senior/Sample_Projects/round_2/3182310/lib/jython/Lib/test/test_pipes.py
3182310,7,15,9,17,22,26,78.25484338853101,115.94522208456974,3.966666666666667,459.91604760212664,25.55089153345148,0.038648407361523245,A,1.86363636364,134,89,8,92,3,9,31,42.3288786727761,/home/senior/senior/Sample_Projects/round_2/3182310/lib/jython/Lib/test/test_os_jy.py
3182310,1,2,1,2,3,3,2.0,4.754887502163469,0.5,2.3774437510817346,0.1320802083934297,0.0015849625007211565,A,1.0,15,9,3,9,0,3,3,72.72974510173664,/home/senior/senior/Sample_Projects/round_2/3182310/lib/jython/Lib/test/test_email_codecs.py
3182310,7,28,15,29,35,44,154.25742227201613,225.68845274557853,3.625,818.1206412027221,45.45114673348456,0.07522948424852617,A,1.46153846154,135,94,8,103,0,8,24,39.31117845852723,/home/senior/senior/Sample_Projects/round_2/3182310/lib/jython/Lib/test/test_univnewlines.py
3182310,1,2,1,2,3,3,2.0,4.754887502163469,0.5,2.3774437510817346,0.1320802083934297,0.0015849625007211565,A,1.125,193,122,12,157,0,12,24,46.565469646454,/home/senior/senior/Sample_Projects/round_2/3182310/lib/jython/Lib/test/test_base64.py
3182310,6,35,19,38,41,57,195.03468059740075,305.38046426323075,3.257142857142857,994.6677978859516,55.25932210477509,0.10179348808774358,A,1.67741935484,274,189,14,221,0,22,39,31.182290083138504,/home/senior/senior/Sample_Projects/round_2/3182310/lib/jython/Lib/test/test_multibytecodec.py
3182310,12,41,26,51,53,77,262.6791821979953,441.0498750013664,7.463414634146342,3291.7380914736127,182.8743384152007,0.14701662500045545,A,1.17777777778,653,322,29,557,3,28,64,21.402981170824543,/home/senior/senior/Sample_Projects/round_2/3182310/lib/jython/Lib/test/test_parser.py
3182310,10,79,63,125,89,188,531.2179600548648,1217.4378850216829,7.9113924050632916,9631.628837196859,535.090490955381,0.405812628340561,A,1.37704918033,530,372,47,376,0,49,107,22.007729354950936,/home/senior/senior/Sample_Projects/round_2/3182310/lib/jython/Lib/test/test_inspect.py
3182310,2,4,2,4,6,6,10.0,15.509775004326936,1.0,15.509775004326936,0.861654166907052,0.005169925001442312,A,1.2,46,39,3,36,0,3,7,57.10326090010454,/home/senior/senior/Sample_Projects/round_2/3182310/lib/jython/Lib/test/test_classdecorators.py
3182310,2,8,5,10,10,15,26.0,49.82892142331044,1.25,62.28615177913805,3.4603417655076694,0.016609640474436815,A,1.25,37,21,3,26,0,3,8,56.661942753591255,/home/senior/senior/Sample_Projects/round_2/3182310/lib/jython/Lib/test/test_timeit.py
3182310,4,8,4,8,12,12,32.0,43.01955000865388,2.0,86.03910001730776,4.779950000961542,0.014339850002884626,A,1.75,74,29,20,35,4,20,15,54.30666500479815,/home/senior/senior/Sample_Projects/round_2/3182310/lib/jython/Lib/test/test_commands.py
3182310,3,7,4,8,10,12,24.406371956566698,39.863137138648355,1.7142857142857142,68.33680652339717,3.796489251299843,0.013287712379549451,A,1.85714285714,56,41,4,42,0,5,10,52.83522092096501,/home/senior/senior/Sample_Projects/round_2/3182310/lib/jython/Lib/test/test__rawffi.py
3182310,15,160,168,336,175,504,1230.1118541161056,3755.4104003634943,15.75,59147.713805725034,3285.9841003180572,1.2518034667878315,A,1.40131578947,862,590,46,639,0,49,177,13.567002101407708,/home/senior/senior/Sample_Projects/round_2/3182310/lib/jython/Lib/test/test_sets.py
3182310,13,45,58,88,58,146,295.2391056706696,855.2652252886255,12.71111111111111,10871.371308113195,603.9650726729553,0.28508840842954186,B,7.0,314,231,36,248,0,39,30,26.253711221771706,/home/senior/senior/Sample_Projects/round_2/3182310/lib/jython/Lib/test/test_format.py
3182310,9,82,54,105,91,159,549.8485893916638,1034.7393477915928,5.762195121951219,5962.370022335702,331.2427790186501,0.3449131159305309,A,1.54901960784,563,444,33,433,36,38,61,21.14472274658165,/home/senior/senior/Sample_Projects/round_2/3182310/lib/jython/Lib/test/lock_tests.py
3182310,2,4,2,4,6,6,10.0,15.509775004326936,1.0,15.509775004326936,0.861654166907052,0.005169925001442312,A,1.8,40,25,2,25,3,2,10,60.36507743161825,/home/senior/senior/Sample_Projects/round_2/3182310/lib/jython/Lib/test/test_nt_paths_jy.py
3182310,0,0,0,0,0,0,0.0,0.0,0.0,0.0,0.0,0.0,,,3,0,3,0,0,3,0,,/home/senior/senior/Sample_Projects/round_2/3182310/lib/jython/Lib/test/test_bastion.py
3182310,9,44,29,55,53,84,268.7443162330219,481.14531818330875,5.625,2706.442414781112,150.357911932284,0.16038177272776957,A,1.88888888889,451,281,78,313,0,79,60,26.490358057909642,/home/senior/senior/Sample_Projects/round_2/3182310/lib/jython/Lib/test/test_winreg.py
3182310,1,2,1,2,3,3,2.0,4.754887502163469,0.5,2.3774437510817346,0.1320802083934297,0.0015849625007211565,A,1.16666666667,52,39,2,38,0,1,12,59.81386586540282,/home/senior/senior/Sample_Projects/round_2/3182310/lib/jython/Lib/test/test_abstract_numbers.py
3182310,1,2,1,2,3,3,2.0,4.754887502163469,0.5,2.3774437510817346,0.1320802083934297,0.0015849625007211565,A,1.18181818182,51,30,6,30,0,6,15,61.986743705260366,/home/senior/senior/Sample_Projects/round_2/3182310/lib/jython/Lib/test/test_scriptpackages.py
3182310,23,309,259,515,332,774,2659.924000611763,6482.280519862519,19.166666666666668,124243.70996403163,6902.428331335091,2.1607601732875064,A,1.80479452055,1838,1427,86,1444,3,89,305,4.137768875447109,/home/senior/senior/Sample_Projects/round_2/3182310/lib/jython/Lib/test/test_set.py
3182310,2,4,2,4,6,6,10.0,15.509775004326936,1.0,15.509775004326936,0.861654166907052,0.005169925001442312,A,1.15384615385,187,100,18,127,0,18,42,45.35156224159762,/home/senior/senior/Sample_Projects/round_2/3182310/lib/jython/Lib/test/test_getopt.py
3182310,2,3,2,3,5,5,6.754887502163469,11.60964047443681,1.0,11.60964047443681,0.6449800263576005,0.0038698801581456034,A,2.57142857143,80,53,5,56,3,4,16,53.64440957301147,/home/senior/senior/Sample_Projects/round_2/3182310/lib/jython/Lib/test/test_traceback_jy.py
3182310,7,61,41,79,68,120,381.4264620457393,730.4955409500408,4.532786885245901,3311.180607748955,183.95447820827528,0.2434985136500136,A,1.46875,782,557,70,614,2,64,96,18.910779481404028,/home/senior/senior/Sample_Projects/round_2/3182310/lib/jython/Lib/test/test_warnings.py
3182310,7,131,88,172,138,260,941.0298976558091,1848.2163587623243,4.595419847328245,8493.330137213125,471.851674289618,0.6160721195874415,A,2.57692307692,375,255,44,251,0,46,80,24.39384025412586,/home/senior/senior/Sample_Projects/round_2/3182310/lib/jython/Lib/test/test_zipfile.py
3182310,1,2,1,2,3,3,2.0,4.754887502163469,0.5,2.3774437510817346,0.1320802083934297,0.0015849625007211565,A,1.875,51,37,7,37,0,7,7,59.96467651631914,/home/senior/senior/Sample_Projects/round_2/3182310/lib/jython/Lib/test/test_StringIO_jy.py
3182310,4,15,13,26,19,39,66.60335893412778,165.66917302429982,3.466666666666667,574.3197998175727,31.90665554542071,0.05522305767476661,A,2.0,46,30,8,30,0,8,8,51.64102390575978,/home/senior/senior/Sample_Projects/round_2/3182310/lib/jython/Lib/test/curses_tests.py
3182310,3,29,17,33,32,50,145.63633636086306,250.0,1.706896551724138,426.7241379310345,23.70689655172414,0.08333333333333333,A,2.625,140,60,18,91,8,29,23,40.00638582942707,/home/senior/senior/Sample_Projects/round_2/3182310/lib/jython/Lib/test/test_javashell.py
3182310,4,8,4,8,12,12,32.0,43.01955000865388,2.0,86.03910001730776,4.779950000961542,0.014339850002884626,A,2.0,23,20,0,20,0,0,3,59.37932191232417,/home/senior/senior/Sample_Projects/round_2/3182310/lib/jython/Lib/test/reperf.py
3182310,6,41,28,55,47,83,235.16940719366838,461.03087468924394,4.024390243902439,1855.3681542372012,103.0760085687334,0.15367695822974797,A,1.55172413793,335,210,22,231,26,23,56,29.532557367218235,/home/senior/senior/Sample_Projects/round_2/3182310/lib/jython/Lib/test/test_getargs2.py
3182310,1,2,1,2,3,3,2.0,4.754887502163469,0.5,2.3774437510817346,0.1320802083934297,0.0015849625007211565,A,1.33333333333,96,47,23,47,0,23,26,57.824338939824244,/home/senior/senior/Sample_Projects/round_2/3182310/lib/jython/Lib/test/test_stringprep.py
3182310,6,27,20,37,33,57,143.89173756274062,287.53046480343187,4.111111111111111,1182.069688636331,65.67053825757394,0.09584348826781063,A,2.64705882353,281,211,19,216,0,21,46,31.45021977757297,/home/senior/senior/Sample_Projects/round_2/3182310/lib/jython/Lib/test/test_sys.py
3182310,2,5,3,6,7,9,13.60964047443681,25.26619429851844,1.2,30.319433158222125,1.6844129532345624,0.008422064766172813,A,1.8,49,33,1,28,4,1,16,57.91855987540861,/home/senior/senior/Sample_Projects/round_2/3182310/lib/jython/Lib/test/test_binhex.py
3182310,0,0,0,0,0,0,0.0,0.0,0.0,0.0,0.0,0.0,A,1.2,27,16,3,12,6,0,6,75.53907626264508,/home/senior/senior/Sample_Projects/round_2/3182310/lib/jython/Lib/test/pydoc_mod.py
3182310,2,7,4,8,9,12,21.651484454403228,38.03910001730775,1.1428571428571428,43.47325716263743,2.415180953479857,0.012679700005769252,A,1.33333333333,58,42,3,42,0,3,13,53.04453811414652,/home/senior/senior/Sample_Projects/round_2/3182310/lib/jython/Lib/test/test_xdrlib.py
3182310,0,0,0,0,0,0,0.0,0.0,0.0,0.0,0.0,0.0,A,1.0,76,19,0,19,40,0,17,71.48487553709084,/home/senior/senior/Sample_Projects/round_2/3182310/lib/jython/Lib/test/sample_doctest.py
3182310,11,98,61,114,109,175,686.2953125283008,1184.432256835962,6.3979591836734695,7577.949235062737,420.9971797257076,0.39481075227865403,A,2.0,810,385,94,616,0,98,100,17.340488571226782,/home/senior/senior/Sample_Projects/round_2/3182310/lib/jython/Lib/test/test_codeccallbacks.py
3182310,9,28,16,30,37,46,163.13526283059372,239.6348548189317,4.821428571428571,1155.3823357341348,64.18790754078526,0.0798782849396439,A,2.04166666667,395,218,16,330,0,43,49,28.083648863873147,/home/senior/senior/Sample_Projects/round_2/3182310/lib/jython/Lib/test/test_cgi.py
3182310,1,2,1,2,3,3,2.0,4.754887502163469,0.5,2.3774437510817346,0.1320802083934297,0.0015849625007211565,A,1.33333333333,24,15,0,14,3,0,7,68.84366240114122,/home/senior/senior/Sample_Projects/round_2/3182310/lib/jython/Lib/test/test_decorators_jy.py
3182310,13,61,37,68,74,105,409.8806939271703,651.9926033910399,7.245901639344262,4724.274273751469,262.4596818750816,0.2173308677970133,A,3.54545454545,202,136,25,137,8,28,32,33.133855897144294,/home/senior/senior/Sample_Projects/round_2/3182310/lib/jython/Lib/test/test_pyclbr.py
3182310,8,29,19,37,37,56,164.8814488586996,291.7293884752212,5.103448275862069,1488.8258446321634,82.71254692400908,0.0972431294917404,A,3.11111111111,125,89,8,95,3,8,19,39.07012342506382,/home/senior/senior/Sample_Projects/round_2/3182310/lib/jython/Lib/test/test_fcntl.py
3182310,1,2,1,2,3,3,2.0,4.754887502163469,0.5,2.3774437510817346,0.1320802083934297,0.0015849625007211565,A,1.0,11,7,2,6,0,1,3,76.10877088641938,/home/senior/senior/Sample_Projects/round_2/3182310/lib/jython/Lib/test/test_future1.py
3182310,7,10,8,16,17,24,52.87076540327685,98.09910819000817,5.6,549.3550058640457,30.519722548002537,0.03269970273000272,A,2.2,92,71,11,64,0,9,17,46.180760191948195,/home/senior/senior/Sample_Projects/round_2/3182310/lib/jython/Lib/test/test_set_jy.py
3182310,7,19,11,20,26,31,100.36210720983135,145.71363126237387,3.6842105263157894,536.8396941245353,29.82442745136307,0.04857121042079129,A,2.17647058824,325,204,22,250,0,19,53,32.19120738599108,/home/senior/senior/Sample_Projects/round_2/3182310/lib/jython/Lib/test/test_sysconfig.py
3182310,1,2,1,2,3,3,2.0,4.754887502163469,0.5,2.3774437510817346,0.1320802083934297,0.0015849625007211565,A,1.16666666667,46,33,0,32,3,0,11,61.396483509580165,/home/senior/senior/Sample_Projects/round_2/3182310/lib/jython/Lib/test/test_math_jy.py
3182310,5,11,6,11,16,17,49.663388279447084,68.0,2.5,170.0,9.444444444444445,0.02266666666666667,A,1.42857142857,72,45,8,48,0,7,16,50.06233094627544,/home/senior/senior/Sample_Projects/round_2/3182310/lib/jython/Lib/test/test_fnmatch.py
3182310,1,2,1,2,3,3,2.0,4.754887502163469,0.5,2.3774437510817346,0.1320802083934297,0.0015849625007211565,A,1.14285714286,34,20,1,19,3,1,11,66.14387289826944,/home/senior/senior/Sample_Projects/round_2/3182310/lib/jython/Lib/test/test_long_jy.py
3182310,4,12,6,12,16,18,51.01955000865388,72.0,2.0,144.0,8.0,0.024,A,2.16666666667,49,32,0,41,0,0,8,51.252064185089885,/home/senior/senior/Sample_Projects/round_2/3182310/lib/jython/Lib/test/test_sax_jy.py
3182310,4,13,7,14,17,21,56.105716335834195,85.83671966625714,2.1538461538461537,184.87908851193845,10.27106047288547,0.02861223988875238,A,3.8,78,49,0,49,12,0,17,48.85279154905957,/home/senior/senior/Sample_Projects/round_2/3182310/lib/jython/Lib/test/test_threadedtempfile.py
3182310,1,2,1,2,3,3,2.0,4.754887502163469,0.5,2.3774437510817346,0.1320802083934297,0.0015849625007211565,A,1.25,31,23,1,23,0,1,7,64.40220501686343,/home/senior/senior/Sample_Projects/round_2/3182310/lib/jython/Lib/test/test_smtpnet.py
3182310,16,120,77,148,136,225,892.8268714730223,1594.6791392813266,9.866666666666667,15734.167507575756,874.120417087542,0.5315597130937755,A,3.18518518519,375,287,7,318,0,16,50,22.526916381639197,/home/senior/senior/Sample_Projects/round_2/3182310/lib/jython/Lib/test/test_multibytecodec_support.py
3182310,5,18,11,22,23,33,86.66829050039843,149.27754454988144,3.0555555555555554,456.12583056908215,25.340323920504563,0.04975918151662715,A,1.28571428571,61,45,2,48,0,2,11,47.714550117889246,/home/senior/senior/Sample_Projects/round_2/3182310/lib/jython/Lib/test/test_md5.py
3182310,1,2,1,2,3,3,2.0,4.754887502163469,0.5,2.3774437510817346,0.1320802083934297,0.0015849625007211565,A,1.28571428571,41,29,1,27,4,0,9,62.937026479486306,/home/senior/senior/Sample_Projects/round_2/3182310/lib/jython/Lib/test/test_SimpleHTTPServer.py
3182310,13,94,117,178,107,295,664.2370683935321,1988.7327609883382,12.308510638297872,24478.33834535646,1359.9076858531366,0.6629109203294461,A,4.5,509,304,77,362,11,81,59,20.454821562959694,/home/senior/senior/Sample_Projects/round_2/3182310/lib/jython/Lib/test/test_cmath.py
3182310,7,21,12,23,28,35,111.8901503327572,168.25742227201613,3.8333333333333335,644.9867853760619,35.832599187559,0.056085807424005374,A,1.66666666667,101,66,19,67,0,19,15,44.197224483175326,/home/senior/senior/Sample_Projects/round_2/3182310/lib/jython/Lib/test/test_tuple.py
3182310,4,17,13,26,21,39,77.48686830125578,171.30037948837168,3.0588235294117645,523.9776313761956,29.109868409788646,0.05710012649612389,A,2.375,76,39,0,67,0,20,9,44.0477664192136,/home/senior/senior/Sample_Projects/round_2/3182310/lib/jython/Lib/test/test_colorsys.py
3182310,3,11,6,12,14,18,42.808635307173745,68.53238859703687,1.6363636363636365,112.14390861333307,6.23021714518517,0.022844129532345624,A,1.44,571,361,51,463,0,51,57,28.73996981611823,/home/senior/senior/Sample_Projects/round_2/3182310/lib/jython/Lib/test/test_urlparse.py
3182310,8,20,12,24,28,36,110.43856189774725,173.06477719407374,4.8,830.7109305315539,46.150607251752994,0.057688259064691244,A,2.21428571429,58,44,1,45,0,1,12,47.74134537822384,/home/senior/senior/Sample_Projects/round_2/3182310/lib/jython/Lib/test/test_compare.py
3182310,11,50,30,54,61,84,320.2465572937465,498.18193635528246,5.94,2959.200701950378,164.40003899724323,0.16606064545176083,A,1.41935483871,716,370,94,546,3,93,73,21.189491523709776,/home/senior/senior/Sample_Projects/round_2/3182310/lib/jython/Lib/test/test_subprocess.py
3182310,2,6,4,8,8,12,17.509775004326936,36.0,1.3333333333333333,48.0,2.6666666666666665,0.012,A,3.33333333333,292,66,12,206,5,13,69,38.050593998061494,/home/senior/senior/Sample_Projects/round_2/3182310/lib/jython/Lib/test/test_MimeWriter.py
3182310,2,12,6,12,14,18,45.01955000865388,68.53238859703687,1.0,68.53238859703687,3.8073549220576037,0.022844129532345624,A,3.0,67,28,1,51,0,1,15,49.26463736292888,/home/senior/senior/Sample_Projects/round_2/3182310/lib/jython/Lib/test/test_multifile.py
3182310,3,9,5,10,12,15,33.28421251514428,53.77443751081735,1.6666666666666667,89.62406251802892,4.9791145843349405,0.017924812503605784,A,2.11111111111,261,113,18,178,0,21,65,38.39884888002434,/home/senior/senior/Sample_Projects/round_2/3182310/lib/jython/Lib/test/test_robotparser.py
3182310,1,2,1,2,3,3,2.0,4.754887502163469,0.5,2.3774437510817346,0.1320802083934297,0.0015849625007211565,A,1.14285714286,156,126,19,122,2,19,13,48.93537949156857,/home/senior/senior/Sample_Projects/round_2/3182310/lib/jython/Lib/test/test_ast_jy.py
3182310,3,10,6,12,13,18,37.974168451037094,66.60791492653966,1.8,119.8942468677714,6.660791492653967,0.022202638308846556,A,1.25,142,94,21,94,0,21,27,43.87621288851111,/home/senior/senior/Sample_Projects/round_2/3182310/lib/jython/Lib/test/test_pkgutil.py
3182310,11,49,26,52,60,78,313.1745301666555,460.73746645746445,5.836734693877551,2689.202355241527,149.4001308467515,0.1535791554858215,A,1.54430379747,754,523,57,540,3,57,154,21.51429013948868,/home/senior/senior/Sample_Projects/round_2/3182310/lib/jython/Lib/test/test_asyncore.py
3182310,4,11,7,11,15,18,46.053747805010275,70.32403072095333,2.0,140.64806144190666,7.8137811912170365,0.02344134357365111,A,1.46153846154,475,167,61,334,0,61,80,31.74580019872658,/home/senior/senior/Sample_Projects/round_2/3182310/lib/jython/Lib/test/test_calendar.py
3182310,1,2,1,2,3,3,2.0,4.754887502163469,0.5,2.3774437510817346,0.1320802083934297,0.0015849625007211565,A,1.57142857143,92,57,4,67,0,4,21,54.492566804205474,/home/senior/senior/Sample_Projects/round_2/3182310/lib/jython/Lib/test/test_pickle.py
3182310,8,76,47,91,84,138,498.84249102171253,882.1398043434689,4.7894736842105265,4224.985378697667,234.72140992764818,0.29404660144782296,A,2.22580645161,393,262,4,345,0,4,44,23.685170802565473,/home/senior/senior/Sample_Projects/round_2/3182310/lib/jython/Lib/test/test_audioop.py
3182310,4,7,4,8,11,12,27.651484454403228,41.51317942364757,2.2857142857142856,94.88726725405158,5.27151484744731,0.01383772647454919,A,4.0,43,29,3,31,0,3,9,55.22575724475811,/home/senior/senior/Sample_Projects/round_2/3182310/lib/jython/Lib/test/test_ttk_guionly.py
3182310,1,2,1,2,3,3,2.0,4.754887502163469,0.5,2.3774437510817346,0.1320802083934297,0.0015849625007211565,A,1.33333333333,23,12,3,12,0,3,8,70.19935460405286,/home/senior/senior/Sample_Projects/round_2/3182310/lib/jython/Lib/test/test_bytes_jy.py
3182310,1,2,1,2,3,3,2.0,4.754887502163469,0.5,2.3774437510817346,0.1320802083934297,0.0015849625007211565,A,2.75,32,24,2,25,0,1,5,63.44215129504396,/home/senior/senior/Sample_Projects/round_2/3182310/lib/jython/Lib/test/test_eof.py
3182310,6,45,23,46,51,69,262.6431643391623,391.3973485960332,3.066666666666667,1200.2852023611686,66.68251124228715,0.1304657828653444,A,1.5625,170,106,34,110,0,35,26,37.01193326941344,/home/senior/senior/Sample_Projects/round_2/3182310/lib/jython/Lib/test/test_traceback.py
3182310,10,32,19,36,42,55,193.21928094887363,296.57745825283183,5.625,1668.248202672179,92.68045570400994,0.09885915275094394,A,2.08333333333,262,153,24,204,0,27,34,31.97109004996358,/home/senior/senior/Sample_Projects/round_2/3182310/lib/jython/Lib/test/test_platform.py
3182310,2,5,3,6,7,9,13.60964047443681,25.26619429851844,1.2,30.319433158222125,1.6844129532345624,0.008422064766172813,A,2.57142857143,73,40,7,52,0,6,14,52.102206001027085,/home/senior/senior/Sample_Projects/round_2/3182310/lib/jython/Lib/test/test_rlcompleter.py
3182310,3,9,8,16,12,24,33.28421251514428,86.03910001730776,2.6666666666666665,229.43760004615402,12.746533335897446,0.028679700005769252,A,1.28571428571,121,76,14,83,0,15,24,44.269002847071135,/home/senior/senior/Sample_Projects/round_2/3182310/lib/jython/Lib/test/test_copy_reg.py
3182310,7,21,15,26,28,41,111.8901503327572,197.10155180436175,4.333333333333333,854.1067244855675,47.450373582531526,0.06570051726812058,A,1.32258064516,275,197,13,214,10,11,38,32.85954122979876,/home/senior/senior/Sample_Projects/round_2/3182310/lib/jython/Lib/test/test_java_visibility.py
3182310,25,324,388,717,349,1105,2818.2078056789865,9334.026964961666,27.662037037037038,258198.199609472,14344.344422748445,3.1113423216538885,A,3.85714285714,920,639,75,741,0,79,104,9.067513971836336,/home/senior/senior/Sample_Projects/round_2/3182310/lib/jython/Lib/test/test_long.py
3182310,4,25,15,30,29,45,124.09640474436812,218.60914478074076,2.4,524.6619474737778,29.147885970765433,0.07286971492691359,A,2.45454545455,167,123,17,121,0,17,29,37.76181110649225,/home/senior/senior/Sample_Projects/round_2/3182310/lib/jython/Lib/test/test_dict2java.py
3182310,9,136,89,178,145,267,992.4242714230271,1917.0357270339875,5.889705882352941,11290.776598192824,627.265366566268,0.6390119090113292,A,1.5,472,353,33,362,0,36,77,20.969928828006662,/home/senior/senior/Sample_Projects/round_2/3182310/lib/jython/Lib/test/test_zipimport.py
3182310,2,74,37,74,76,111,461.4995490565424,693.519953992238,1.0,693.519953992238,38.52888633290211,0.23117331799741267,A,1.16666666667,90,79,0,67,0,0,23,39.97128257193377,/home/senior/senior/Sample_Projects/round_2/3182310/lib/jython/Lib/test/test_str2unicode.py
3182310,15,133,93,173,148,266,996.955922855786,1917.7145952573005,9.75563909774436,18708.531483807124,1039.3628602115068,0.6392381984191001,A,1.68367346939,1029,679,134,724,8,137,163,14.390548740144817,/home/senior/senior/Sample_Projects/round_2/3182310/lib/jython/Lib/test/test_xmlrpc.py
3182310,0,0,0,0,0,0,0.0,0.0,0.0,0.0,0.0,0.0,A,1.0,3,3,0,3,0,0,0,86.73218207594023,/home/senior/senior/Sample_Projects/round_2/3182310/lib/jython/Lib/test/eof_fodder1.py
3182310,7,15,9,18,22,27,78.25484338853101,120.40465370320703,4.2,505.69954555346953,28.094419197414975,0.04013488456773568,A,2.33333333333,81,43,17,44,6,18,14,49.02919830358181,/home/senior/senior/Sample_Projects/round_2/3182310/lib/jython/Lib/test/test_bsddb3.py
3182310,8,24,14,26,32,40,134.03910001730776,200.0,4.333333333333333,866.6666666666666,48.148148148148145,0.06666666666666667,A,1.88888888889,190,144,10,149,3,11,28,36.149753373853095,/home/senior/senior/Sample_Projects/round_2/3182310/lib/jython/Lib/test/test_dumbdbm.py
3182310,1,2,1,2,3,3,2.0,4.754887502163469,0.5,2.3774437510817346,0.1320802083934297,0.0015849625007211565,A,1.25,30,17,0,19,3,0,8,66.12946187070091,/home/senior/senior/Sample_Projects/round_2/3182310/lib/jython/Lib/test/test_hashlib_jy.py
3182310,16,131,97,192,147,289,985.3784132014059,2080.7053076577095,11.725190839694656,24396.666813452226,1355.3703785251237,0.6935684358859031,A,2.0,457,387,15,388,0,19,54,19.99831146953633,/home/senior/senior/Sample_Projects/round_2/3182310/lib/jython/Lib/test/test_weakset.py
3182310,7,31,17,33,38,50,173.2315700763964,262.39637567217926,3.725806451612903,977.6381093592485,54.313228297736025,0.08746545855739309,A,2.17142857143,357,279,31,272,3,31,51,29.616430522543972,/home/senior/senior/Sample_Projects/round_2/3182310/lib/jython/Lib/test/test_bsddb.py
3182310,8,46,26,49,54,75,278.0838499786226,431.6165626622602,4.260869565217392,1839.0618756913698,102.1701042050761,0.14387218755408673,A,2.0303030303,399,266,56,273,18,50,52,28.091886329935708,/home/senior/senior/Sample_Projects/round_2/3182310/lib/jython/Lib/test/test_site.py
3182310,1,2,1,2,3,3,2.0,4.754887502163469,0.5,2.3774437510817346,0.1320802083934297,0.0015849625007211565,A,1.11392405063,216,185,77,107,6,0,26,50.171353344687674,/home/senior/senior/Sample_Projects/round_2/3182310/lib/jython/Lib/test/pydocfodder.py
3182310,3,6,3,6,9,9,20.264662506490406,28.529325012980813,1.5,42.793987519471216,2.377443751081734,0.009509775004326938,A,1.16666666667,30,21,0,21,0,0,9,60.26478535998686,/home/senior/senior/Sample_Projects/round_2/3182310/lib/jython/Lib/test/test_future3.py
3182310,8,70,38,73,78,111,453.04981118614774,697.6796462937097,4.171428571428572,2910.3208102537606,161.68448945854226,0.2325598820979032,A,1.63829787234,547,345,38,382,20,51,107,23.514166389602106,/home/senior/senior/Sample_Projects/round_2/3182310/lib/jython/Lib/test/test_urllib2_localnet.py
3182310,1,2,1,2,3,3,2.0,4.754887502163469,0.5,2.3774437510817346,0.1320802083934297,0.0015849625007211565,A,1.0,27,11,5,18,0,6,4,66.64902407484027,/home/senior/senior/Sample_Projects/round_2/3182310/lib/jython/Lib/test/test_codecencodings_tw.py
3182310,4,9,5,10,13,15,36.52932501298081,55.506595772116384,2.2222222222222223,123.34799060470309,6.852666144705727,0.01850219859070546,A,1.35714285714,246,85,1,93,113,1,39,44.50749903076501,/home/senior/senior/Sample_Projects/round_2/3182310/lib/jython/Lib/test/test_cmd.py
3182310,3,6,3,6,9,9,20.264662506490406,28.529325012980813,1.5,42.793987519471216,2.377443751081734,0.009509775004326938,A,1.35714285714,93,67,4,64,0,1,25,49.975899072435595,/home/senior/senior/Sample_Projects/round_2/3182310/lib/jython/Lib/test/test_typechecks.py
3182310,5,14,7,14,19,21,64.91260938324326,89.20647778231529,2.5,223.01619445578822,12.389788580877124,0.029735492594105097,A,1.4,388,271,17,268,27,12,76,33.11856678427279,/home/senior/senior/Sample_Projects/round_2/3182310/lib/jython/Lib/test/test_java_subclasses.py
3182310,12,154,107,179,166,286,1162.1046772756688,2109.261277365221,6.974025974025974,14710.042934352254,817.2246074640141,0.7030870924550736,A,1.79104477612,1761,868,354,1141,3,387,263,9.782234816321631,/home/senior/senior/Sample_Projects/round_2/3182310/lib/jython/Lib/test/test_cookielib.py
3182310,5,39,20,40,44,60,217.7403270100645,327.56589711823784,2.5641025641025643,839.9125567134305,46.66180870630169,0.10918863237274595,A,1.8,434,145,32,366,0,32,36,26.190937712649127,/home/senior/senior/Sample_Projects/round_2/3182310/lib/jython/Lib/test/test_pprint.py
3182310,1,2,1,2,3,3,2.0,4.754887502163469,0.5,2.3774437510817346,0.1320802083934297,0.0015849625007211565,A,1.0,16,8,4,8,0,4,4,73.72789735533709,/home/senior/senior/Sample_Projects/round_2/3182310/lib/jython/Lib/test/test_email.py
3182310,3,6,3,6,9,9,20.264662506490406,28.529325012980813,1.5,42.793987519471216,2.377443751081734,0.009509775004326938,A,4.0,154,18,1,110,0,1,43,44.55065191933133,/home/senior/senior/Sample_Projects/round_2/3182310/lib/jython/Lib/test/test_setcomps.py
3182310,3,9,5,9,12,14,33.28421251514428,50.18947501009619,1.5,75.28421251514428,4.182456250841349,0.016729825003365395,A,1.3125,368,117,2,307,4,2,55,33.57060351073876,/home/senior/senior/Sample_Projects/round_2/3182310/lib/jython/Lib/test/test_tools.py
3182310,3,6,3,6,9,9,20.264662506490406,28.529325012980813,1.5,42.793987519471216,2.377443751081734,0.009509775004326938,A,1.11764705882,115,56,0,94,0,0,21,46.412947120385375,/home/senior/senior/Sample_Projects/round_2/3182310/lib/jython/Lib/test/test_netrc.py
3182310,0,0,0,0,0,0,0.0,0.0,0.0,0.0,0.0,0.0,A,1.0,13,11,2,9,0,2,2,78.05153303713244,/home/senior/senior/Sample_Projects/round_2/3182310/lib/jython/Lib/test/leakers/test_selftype.py
3182310,0,0,0,0,0,0,0.0,0.0,0.0,0.0,0.0,0.0,,,0,0,0,0,0,0,0,,/home/senior/senior/Sample_Projects/round_2/3182310/lib/jython/Lib/test/leakers/__init__.py
3182310,0,0,0,0,0,0,0.0,0.0,0.0,0.0,0.0,0.0,A,1.0,16,10,2,10,0,2,4,77.14859449161779,/home/senior/senior/Sample_Projects/round_2/3182310/lib/jython/Lib/test/leakers/test_ctypes.py
3182310,0,0,0,0,0,0,0.0,0.0,0.0,0.0,0.0,0.0,A,1.0,12,11,1,8,0,0,3,79.0496852907329,/home/senior/senior/Sample_Projects/round_2/3182310/lib/jython/Lib/test/leakers/test_dictself.py
3182310,1,2,1,2,3,3,2.0,4.754887502163469,0.5,2.3774437510817346,0.1320802083934297,0.0015849625007211565,A,2.0,14,10,1,10,0,1,3,71.69230363224536,/home/senior/senior/Sample_Projects/round_2/3182310/lib/jython/Lib/test/leakers/test_gestalt.py
3182310,0,0,0,0,0,0,0.0,0.0,0.0,0.0,0.0,0.0,,,1,0,1,0,0,1,0,,/home/senior/senior/Sample_Projects/round_2/3182310/lib/jython/Lib/test/test_metaclass_support/__init__.py
3182310,0,0,0,0,0,0,0.0,0.0,0.0,0.0,0.0,0.0,A,1.0,3,3,0,3,0,0,0,86.73218207594023,/home/senior/senior/Sample_Projects/round_2/3182310/lib/jython/Lib/test/test_metaclass_support/simpleclass.py
3182310,0,0,0,0,0,0,0.0,0.0,0.0,0.0,0.0,0.0,A,1.5,5,5,1,4,0,0,0,84.55093907518572,/home/senior/senior/Sample_Projects/round_2/3182310/lib/jython/Lib/test/test_metaclass_support/metaclass.py
3182310,0,0,0,0,0,0,0.0,0.0,0.0,0.0,0.0,0.0,,,0,0,0,0,0,0,0,,/home/senior/senior/Sample_Projects/round_2/3182310/lib/jython/Lib/test/issue1811/__init__.py
3182310,0,0,0,0,0,0,0.0,0.0,0.0,0.0,0.0,0.0,,,1,1,0,1,0,0,0,,/home/senior/senior/Sample_Projects/round_2/3182310/lib/jython/Lib/test/issue1811/foo.py
3182310,3,5,3,6,8,9,16.36452797660028,27.0,1.8,48.6,2.7,0.009,,,15,10,5,10,0,6,0,,/home/senior/senior/Sample_Projects/round_2/3182310/lib/jython/Lib/test/subprocessdata/sigchild_ignore.py
3182310,0,0,0,0,0,0,0.0,0.0,0.0,0.0,0.0,0.0,,,1,0,1,0,0,1,0,,/home/senior/senior/Sample_Projects/round_2/3182310/lib/jython/Lib/test/pbcvm/test/__init__.py
3182310,0,0,0,0,0,0,0.0,0.0,0.0,0.0,0.0,0.0,,,10,9,1,9,0,1,0,,/home/senior/senior/Sample_Projects/round_2/3182310/lib/jython/Lib/test/bugs/jdkbugs.py
3182310,1,2,1,2,3,3,2.0,4.754887502163469,0.5,2.3774437510817346,0.1320802083934297,0.0015849625007211565,,,16,6,1,12,0,1,3,,/home/senior/senior/Sample_Projects/round_2/3182310/lib/jython/Lib/test/bugs/pr234.py
3182310,1,2,1,2,3,3,2.0,4.754887502163469,0.5,2.3774437510817346,0.1320802083934297,0.0015849625007211565,,,8,5,1,5,0,1,2,,/home/senior/senior/Sample_Projects/round_2/3182310/lib/jython/Lib/test/bugs/pr233.py
3182310,0,0,0,0,0,0,0.0,0.0,0.0,0.0,0.0,0.0,,,6,1,1,4,0,1,1,,/home/senior/senior/Sample_Projects/round_2/3182310/lib/jython/Lib/test/bugs/pr239.py
3182310,0,0,0,0,0,0,0.0,0.0,0.0,0.0,0.0,0.0,A,1.0,9,8,0,8,0,0,1,79.0496852907329,/home/senior/senior/Sample_Projects/round_2/3182310/lib/jython/Lib/test/bugs/pr104.py
3182310,0,0,0,0,0,0,0.0,0.0,0.0,0.0,0.0,0.0,,,2,2,0,2,0,0,0,,/home/senior/senior/Sample_Projects/round_2/3182310/lib/jython/Lib/test/bugs/pr144.py
3182310,0,0,0,0,0,0,0.0,0.0,0.0,0.0,0.0,0.0,,,16,15,0,15,0,0,1,,/home/senior/senior/Sample_Projects/round_2/3182310/lib/jython/Lib/test/bugs/pr119.py
3182310,0,0,0,0,0,0,0.0,0.0,0.0,0.0,0.0,0.0,A,1.0,10,5,2,5,0,2,3,82.89093368333656,/home/senior/senior/Sample_Projects/round_2/3182310/lib/jython/Lib/test/bugs/pr178.py
3182310,2,6,3,6,8,9,17.509775004326936,27.0,1.0,27.0,1.5,0.009,A,2.0,13,9,1,9,0,1,3,67.78401055004994,/home/senior/senior/Sample_Projects/round_2/3182310/lib/jython/Lib/test/bugs/pr155.py
3182310,2,8,4,8,10,12,26.0,39.863137138648355,1.0,39.863137138648355,2.2146187299249087,0.013287712379549451,A,2.5,57,39,2,42,0,0,13,52.7487547555511,/home/senior/senior/Sample_Projects/round_2/3182310/lib/jython/Lib/test/bugs/bugs101.py
3182310,0,0,0,0,0,0,0.0,0.0,0.0,0.0,0.0,0.0,,,5,2,2,2,0,2,1,,/home/senior/senior/Sample_Projects/round_2/3182310/lib/jython/Lib/test/bugs/pr183.py
3182310,0,0,0,0,0,0,0.0,0.0,0.0,0.0,0.0,0.0,,,14,5,2,9,0,2,3,,/home/senior/senior/Sample_Projects/round_2/3182310/lib/jython/Lib/test/bugs/pr235.py
3182310,0,0,0,0,0,0,0.0,0.0,0.0,0.0,0.0,0.0,A,1.0,11,3,6,3,0,6,2,86.73218207594023,/home/senior/senior/Sample_Projects/round_2/3182310/lib/jython/Lib/test/bugs/pr195.py
3182310,0,0,0,0,0,0,0.0,0.0,0.0,0.0,0.0,0.0,,,2,2,0,2,0,0,0,,/home/senior/senior/Sample_Projects/round_2/3182310/lib/jython/Lib/test/bugs/pr148.py
3182310,0,0,0,0,0,0,0.0,0.0,0.0,0.0,0.0,0.0,,,9,7,1,7,0,1,1,,/home/senior/senior/Sample_Projects/round_2/3182310/lib/jython/Lib/test/bugs/pr134.py
3182310,1,1,1,1,2,2,0.0,2.0,0.5,1.0,0.05555555555555555,0.0006666666666666666,,,12,4,2,7,0,2,3,,/home/senior/senior/Sample_Projects/round_2/3182310/lib/jython/Lib/test/bugs/pr242.py
3182310,0,0,0,0,0,0,0.0,0.0,0.0,0.0,0.0,0.0,A,1.5,7,4,1,4,0,1,2,84.55093907518572,/home/senior/senior/Sample_Projects/round_2/3182310/lib/jython/Lib/test/bugs/pr149.py
3182310,1,2,1,2,3,3,2.0,4.754887502163469,0.5,2.3774437510817346,0.1320802083934297,0.0015849625007211565,,,9,6,2,4,0,2,3,,/home/senior/senior/Sample_Projects/round_2/3182310/lib/jython/Lib/test/bugs/pr171.py
3182310,0,0,0,0,0,0,0.0,0.0,0.0,0.0,0.0,0.0,,,7,4,3,4,0,3,0,,/home/senior/senior/Sample_Projects/round_2/3182310/lib/jython/Lib/test/bugs/pr170.py
3182310,1,2,2,4,3,6,2.0,9.509775004326938,1.0,9.509775004326938,0.5283208335737188,0.003169925001442313,,,12,8,0,8,0,0,4,,/home/senior/senior/Sample_Projects/round_2/3182310/lib/jython/Lib/test/bugs/pr133.py
3182310,5,30,26,48,35,74,158.81635834269238,379.5669432539275,4.0,1518.26777301571,84.34820961198389,0.12652231441797582,A,1.16666666667,81,64,4,61,0,2,16,42.67569983954413,/home/senior/senior/Sample_Projects/round_2/3182310/lib/jython/Lib/test/bugs/pr192.py
3182310,1,3,2,4,4,6,4.754887502163469,12.0,0.6666666666666666,8.0,0.4444444444444444,0.004,A,1.0,26,21,1,19,0,1,6,63.68502953779261,/home/senior/senior/Sample_Projects/round_2/3182310/lib/jython/Lib/test/bugs/pr208.py
3182310,0,0,0,0,0,0,0.0,0.0,0.0,0.0,0.0,0.0,,,1,1,0,1,0,0,0,,/home/senior/senior/Sample_Projects/round_2/3182310/lib/jython/Lib/test/bugs/pr142.py
3182310,1,1,1,1,2,2,0.0,2.0,0.5,1.0,0.05555555555555555,0.0006666666666666666,A,1.0,14,8,2,8,0,2,4,75.7088759918591,/home/senior/senior/Sample_Projects/round_2/3182310/lib/jython/Lib/test/bugs/pr112.py
3182310,0,0,0,0,0,0,0.0,0.0,0.0,0.0,0.0,0.0,,,7,7,0,7,0,0,0,,/home/senior/senior/Sample_Projects/round_2/3182310/lib/jython/Lib/test/bugs/pr139.py
3182310,1,2,1,2,3,3,2.0,4.754887502163469,0.5,2.3774437510817346,0.1320802083934297,0.0015849625007211565,,,9,6,1,6,0,1,2,,/home/senior/senior/Sample_Projects/round_2/3182310/lib/jython/Lib/test/bugs/pr174.py
3182310,1,1,1,2,2,3,0.0,3.0,1.0,3.0,0.16666666666666666,0.001,,,10,6,1,6,0,1,3,,/home/senior/senior/Sample_Projects/round_2/3182310/lib/jython/Lib/test/bugs/pr186.py
3182310,4,20,11,22,24,33,94.43856189774725,151.30376252379818,2.2,332.868277552356,18.492682086242,0.05043458750793273,A,2.0,139,97,5,92,0,5,42,41.50720935476429,/home/senior/senior/Sample_Projects/round_2/3182310/lib/jython/Lib/test/bugs/bugs100.py
3182310,0,0,0,0,0,0,0.0,0.0,0.0,0.0,0.0,0.0,,,16,10,3,10,0,3,3,,/home/senior/senior/Sample_Projects/round_2/3182310/lib/jython/Lib/test/bugs/pr241.py
3182310,0,0,0,0,0,0,0.0,0.0,0.0,0.0,0.0,0.0,,,5,3,1,3,0,1,1,,/home/senior/senior/Sample_Projects/round_2/3182310/lib/jython/Lib/test/bugs/pr191.py
3182310,0,0,0,0,0,0,0.0,0.0,0.0,0.0,0.0,0.0,A,1.5,10,9,0,9,0,0,1,77.98428157514414,/home/senior/senior/Sample_Projects/round_2/3182310/lib/jython/Lib/test/bugs/pr127.py
3182310,0,0,0,0,0,0,0.0,0.0,0.0,0.0,0.0,0.0,,,1,0,1,0,0,1,0,,/home/senior/senior/Sample_Projects/round_2/3182310/lib/jython/Lib/test/bugs/pr133/__init__.py
3182310,0,0,0,0,0,0,0.0,0.0,0.0,0.0,0.0,0.0,A,1.0,2,2,0,2,0,0,0,89.45759118337814,/home/senior/senior/Sample_Projects/round_2/3182310/lib/jython/Lib/test/bugs/pr133/test.py
3182310,2,4,2,4,6,6,10.0,15.509775004326936,1.0,15.509775004326936,0.861654166907052,0.005169925001442312,,,5,2,0,1,3,0,1,,/home/senior/senior/Sample_Projects/round_2/3182310/lib/jython/Lib/test/crashers/compiler_recursion.py
3182310,0,0,0,0,0,0,0.0,0.0,0.0,0.0,0.0,0.0,,,19,4,0,4,10,0,5,,/home/senior/senior/Sample_Projects/round_2/3182310/lib/jython/Lib/test/crashers/bogus_code_obj.py
3182310,1,5,3,6,6,9,11.60964047443681,23.264662506490403,0.6,13.95879750389424,0.7754887502163467,0.007754887502163467,A,2.5,30,10,16,9,0,16,5,68.15217070651887,/home/senior/senior/Sample_Projects/round_2/3182310/lib/jython/Lib/test/crashers/buffer_mutate.py
3182310,1,2,1,2,3,3,2.0,4.754887502163469,0.5,2.3774437510817346,0.1320802083934297,0.0015849625007211565,,,16,5,4,9,0,4,3,,/home/senior/senior/Sample_Projects/round_2/3182310/lib/jython/Lib/test/crashers/infinite_loop_re.py
3182310,2,4,2,4,6,6,10.0,15.509775004326936,1.0,15.509775004326936,0.861654166907052,0.005169925001442312,A,1.42857142857,38,25,0,24,5,2,9,60.78660031144986,/home/senior/senior/Sample_Projects/round_2/3182310/lib/jython/Lib/test/crashers/borrowed_ref_2.py
3182310,0,0,0,0,0,0,0.0,0.0,0.0,0.0,0.0,0.0,A,1.0,31,16,8,14,0,8,9,74.21028464452877,/home/senior/senior/Sample_Projects/round_2/3182310/lib/jython/Lib/test/crashers/mutation_inside_cyclegc.py
3182310,2,4,2,4,6,6,10.0,15.509775004326936,1.0,15.509775004326936,0.861654166907052,0.005169925001442312,,,15,6,5,5,0,5,5,,/home/senior/senior/Sample_Projects/round_2/3182310/lib/jython/Lib/test/crashers/recursive_call.py
3182310,0,0,0,0,0,0,0.0,0.0,0.0,0.0,0.0,0.0,A,1.6,35,17,6,15,7,6,7,73.51816532147109,/home/senior/senior/Sample_Projects/round_2/3182310/lib/jython/Lib/test/crashers/loosing_mro_ref.py
3182310,1,2,1,2,3,3,2.0,4.754887502163469,0.5,2.3774437510817346,0.1320802083934297,0.0015849625007211565,,,16,4,10,4,0,10,2,,/home/senior/senior/Sample_Projects/round_2/3182310/lib/jython/Lib/test/crashers/recursion_limit_too_high.py
3182310,0,0,0,0,0,0,0.0,0.0,0.0,0.0,0.0,0.0,A,1.2,44,24,0,23,11,0,10,69.73071809845806,/home/senior/senior/Sample_Projects/round_2/3182310/lib/jython/Lib/test/crashers/decref_before_assignment.py
3182310,0,0,0,0,0,0,0.0,0.0,0.0,0.0,0.0,0.0,A,1.25,29,20,0,19,4,0,6,71.4512498060967,/home/senior/senior/Sample_Projects/round_2/3182310/lib/jython/Lib/test/crashers/borrowed_ref_1.py
3182310,0,0,0,0,0,0,0.0,0.0,0.0,0.0,0.0,0.0,A,1.33333333333,36,16,0,15,11,0,10,73.5540327678653,/home/senior/senior/Sample_Projects/round_2/3182310/lib/jython/Lib/test/crashers/gc_has_finalizer.py
3182310,2,5,3,6,7,9,13.60964047443681,25.26619429851844,1.2,30.319433158222125,1.6844129532345624,0.008422064766172813,A,1.66666666667,47,29,9,28,0,9,10,57.93649359860504,/home/senior/senior/Sample_Projects/round_2/3182310/lib/jython/Lib/test/crashers/nasty_eq_vs_dict.py
3182310,1,2,1,2,3,3,2.0,4.754887502163469,0.5,2.3774437510817346,0.1320802083934297,0.0015849625007211565,A,3.0,32,9,1,8,15,1,8,73.45889150738388,/home/senior/senior/Sample_Projects/round_2/3182310/lib/jython/Lib/test/crashers/gc_inspection.py
3182310,1,2,1,2,3,3,2.0,4.754887502163469,0.5,2.3774437510817346,0.1320802083934297,0.0015849625007211565,A,1.33333333333,8,7,0,7,0,0,1,74.79890233251108,/home/senior/senior/Sample_Projects/round_2/3182310/lib/jython/Lib/test/pyservlet/increment.py
3182310,0,0,0,0,0,0,0.0,0.0,0.0,0.0,0.0,0.0,A,1.5,5,4,0,4,0,0,1,84.55093907518572,/home/senior/senior/Sample_Projects/round_2/3182310/lib/jython/Lib/test/pyservlet/basic.py
3182310,0,0,0,0,0,0,0.0,0.0,0.0,0.0,0.0,0.0,,,0,0,0,0,0,0,0,,/home/senior/senior/Sample_Projects/round_2/3182310/lib/jython/Lib/test/pyservlet/empty.py
3182310,0,0,0,0,0,0,0.0,0.0,0.0,0.0,0.0,0.0,,,0,0,0,0,0,0,0,,/home/senior/senior/Sample_Projects/round_2/3182310/lib/jython/Lib/test/pyservlet/__init__.py
3182310,0,0,0,0,0,0,0.0,0.0,0.0,0.0,0.0,0.0,A,1.33333333333,9,7,0,7,0,0,2,80.12069026790688,/home/senior/senior/Sample_Projects/round_2/3182310/lib/jython/Lib/test/pyservlet/filter.py
3182310,0,0,0,0,0,0,0.0,0.0,0.0,0.0,0.0,0.0,A,1.5,5,4,0,4,0,0,1,84.55093907518572,/home/senior/senior/Sample_Projects/round_2/3182310/lib/jython/Lib/test/pyservlet/updated_basic.py
3182310,8,23,16,30,31,46,128.0419249893113,227.8930302777963,5.217391304347826,1189.0071144928502,66.05595080515835,0.0759643434259321,A,1.8125,201,158,3,151,13,3,34,35.639377612919425,/home/senior/senior/Sample_Projects/round_2/3182310/lib/jython/Lib/test/zxjdbc/runner.py
3182310,4,19,11,21,23,32,88.71062275542812,144.75398259382442,2.210526315789474,319.9824878389803,17.776804879943352,0.048251327531274806,A,2.5,224,167,14,181,0,13,29,35.21292800642534,/home/senior/senior/Sample_Projects/round_2/3182310/lib/jython/Lib/test/zxjdbc/sptest.py
3182310,1,2,1,2,3,3,2.0,4.754887502163469,0.5,2.3774437510817346,0.1320802083934297,0.0015849625007211565,,,30,20,3,19,3,3,5,,/home/senior/senior/Sample_Projects/round_2/3182310/lib/jython/Lib/test/zxjdbc/jndi.py
3182310,1,2,1,2,3,3,2.0,4.754887502163469,0.5,2.3774437510817346,0.1320802083934297,0.0015849625007211565,A,1.33333333333,20,14,1,11,4,1,4,70.95765393990742,/home/senior/senior/Sample_Projects/round_2/3182310/lib/jython/Lib/test/zxjdbc/test_zxjdbc_dbapi20.py
3182310,10,235,145,281,245,426,1884.2007633916487,3381.0077620150955,5.9787234042553195,20214.11023672855,1123.006124262697,1.1270025873383651,A,2.65476190476,1239,1002,128,932,0,70,179,10.146708433045472,/home/senior/senior/Sample_Projects/round_2/3182310/lib/jython/Lib/test/zxjdbc/zxtest.py
3182310,8,120,71,141,128,212,852.8268714730223,1484.0,4.7,6974.8,387.4888888888889,0.49466666666666664,A,3.36842105263,264,219,20,205,0,5,39,26.86385085208921,/home/senior/senior/Sample_Projects/round_2/3182310/lib/jython/Lib/test/zxjdbc/dbextstest.py
3182310,0,0,0,0,0,0,0.0,0.0,0.0,0.0,0.0,0.0,,,4,1,0,0,4,0,0,,/home/senior/senior/Sample_Projects/round_2/3182310/lib/jython/Lib/test/tracedmodules/__init__.py
3182310,1,4,2,4,5,6,8.0,13.931568569324174,0.5,6.965784284662087,0.3869880158145604,0.004643856189774725,A,1.0,9,6,1,7,0,0,1,71.94442289662238,/home/senior/senior/Sample_Projects/round_2/3182310/lib/jython/Lib/test/tracedmodules/testmod.py
3182310,11,27,16,29,38,45,166.43571036342394,236.15673810496133,5.907407407407407,1395.0740639904197,77.50411466613443,0.07871891270165378,A,1.53571428571,291,206,7,219,0,7,65,32.06588823779394,/home/senior/senior/Sample_Projects/round_2/3182310/lib/jython/Lib/ctypes/__init__.py
3182310,15,93,96,188,108,284,666.7451283671747,1918.3880506144253,15.161290322580646,29085.238186734838,1615.8465659297133,0.6394626835381417,B,7.0,384,242,21,240,76,21,47,24.108496424814994,/home/senior/senior/Sample_Projects/round_2/3182310/lib/jython/Lib/json/decoder.py
3182310,5,59,35,87,64,122,358.68558038678543,732.0,3.6864406779661016,2698.4745762711864,149.91525423728814,0.244,C,10.75,351,45,4,78,206,4,63,37.09782873697291,/home/senior/senior/Sample_Projects/round_2/3182310/lib/jython/Lib/json/__init__.py
3182310,15,109,86,168,124,254,796.3354503348127,1766.3658628382664,11.559633027522937,20418.541166754272,1134.3633981530152,0.5887886209460887,A,3.75,447,268,13,294,92,14,48,22.8811828108366,/home/senior/senior/Sample_Projects/round_2/3182310/lib/jython/Lib/json/encoder.py
3182310,2,10,5,10,12,15,35.219280948873624,53.77443751081735,1.0,53.77443751081735,2.987468750600964,0.017924812503605784,A,5.0,40,25,0,25,9,0,6,56.287762151502406,/home/senior/senior/Sample_Projects/round_2/3182310/lib/jython/Lib/json/tool.py
3182310,6,57,45,90,63,135,347.9845058117172,806.9327896724888,4.7368421052631575,3822.313214238104,212.3507341243391,0.26897759655749626,A,1.0,67,55,0,57,2,0,8,41.04066262253841,/home/senior/senior/Sample_Projects/round_2/3182310/lib/jython/Lib/json/scanner.py
3182310,0,0,0,0,0,0,0.0,0.0,0.0,0.0,0.0,0.0,A,1.25,12,8,0,8,0,0,4,79.01605955973875,/home/senior/senior/Sample_Projects/round_2/3182310/lib/jython/Lib/json/tests/test_default.py
3182310,0,0,0,0,0,0,0.0,0.0,0.0,0.0,0.0,0.0,A,1.25,24,11,2,16,0,2,6,72.9909028223914,/home/senior/senior/Sample_Projects/round_2/3182310/lib/jython/Lib/json/tests/test_pass3.py
3182310,0,0,0,0,0,0,0.0,0.0,0.0,0.0,0.0,0.0,A,1.25,44,18,0,35,0,0,9,65.88274455965558,/home/senior/senior/Sample_Projects/round_2/3182310/lib/jython/Lib/json/tests/test_separators.py
3182310,0,0,0,0,0,0,0.0,0.0,0.0,0.0,0.0,0.0,A,1.2,60,30,2,46,0,2,12,63.36351394871173,/home/senior/senior/Sample_Projects/round_2/3182310/lib/jython/Lib/json/tests/test_indent.py
3182310,4,8,4,8,12,12,32.0,43.01955000865388,2.0,86.03910001730776,4.779950000961542,0.014339850002884626,A,1.77777777778,73,55,3,58,0,3,12,49.62275349767938,/home/senior/senior/Sample_Projects/round_2/3182310/lib/jython/Lib/json/tests/__init__.py
3182310,0,0,0,0,0,0,0.0,0.0,0.0,0.0,0.0,0.0,A,1.33333333333,23,13,0,18,0,0,5,71.9259777022443,/home/senior/senior/Sample_Projects/round_2/3182310/lib/jython/Lib/json/tests/test_speedups.py
3182310,1,2,1,2,3,3,2.0,4.754887502163469,0.5,2.3774437510817346,0.1320802083934297,0.0015849625007211565,A,1.2,69,35,0,62,0,0,7,55.26605851633354,/home/senior/senior/Sample_Projects/round_2/3182310/lib/jython/Lib/json/tests/test_tool.py
3182310,0,0,0,0,0,0,0.0,0.0,0.0,0.0,0.0,0.0,A,1.1,59,47,4,46,0,4,9,63.376964241109405,/home/senior/senior/Sample_Projects/round_2/3182310/lib/jython/Lib/json/tests/test_decode.py
3182310,2,3,2,4,5,6,6.754887502163469,13.931568569324174,1.3333333333333333,18.575424759098897,1.0319680421721609,0.004643856189774725,A,2.4,105,26,3,94,0,37,8,48.31409969854319,/home/senior/senior/Sample_Projects/round_2/3182310/lib/jython/Lib/json/tests/test_fail.py
3182310,1,2,1,2,3,3,2.0,4.754887502163469,0.5,2.3774437510817346,0.1320802083934297,0.0015849625007211565,A,1.14285714286,32,23,1,24,0,1,7,64.02988135950324,/home/senior/senior/Sample_Projects/round_2/3182310/lib/jython/Lib/json/tests/test_dump.py
3182310,0,0,0,0,0,0,0.0,0.0,0.0,0.0,0.0,0.0,A,1.25,18,11,2,11,0,2,5,76.29065045230081,/home/senior/senior/Sample_Projects/round_2/3182310/lib/jython/Lib/json/tests/test_pass2.py
3182310,0,0,0,0,0,0,0.0,0.0,0.0,0.0,0.0,0.0,A,1.25,75,11,2,65,0,2,8,60.140405367936786,/home/senior/senior/Sample_Projects/round_2/3182310/lib/jython/Lib/json/tests/test_pass1.py
3182310,3,39,25,50,42,75,210.88557403779114,404.423806708407,1.9230769230769231,777.7380898238597,43.2076716568811,0.13480793556946902,A,2.1,108,90,9,85,0,8,14,39.257849373088405,/home/senior/senior/Sample_Projects/round_2/3182310/lib/jython/Lib/json/tests/test_recursion.py
3182310,1,4,2,4,5,6,8.0,13.931568569324174,0.5,6.965784284662087,0.3869880158145604,0.004643856189774725,A,1.125,89,71,2,71,0,2,16,51.111798245834805,/home/senior/senior/Sample_Projects/round_2/3182310/lib/jython/Lib/json/tests/test_unicode.py
3182310,0,0,0,0,0,0,0.0,0.0,0.0,0.0,0.0,0.0,A,1.11111111111,34,27,0,25,0,0,9,68.98437457806824,/home/senior/senior/Sample_Projects/round_2/3182310/lib/jython/Lib/json/tests/test_check_circular.py
3182310,3,7,5,10,10,15,24.406371956566698,49.82892142331044,2.142857142857143,106.77626019280808,5.932014455156004,0.016609640474436815,A,1.85714285714,37,31,0,30,0,2,7,55.27148758368982,/home/senior/senior/Sample_Projects/round_2/3182310/lib/jython/Lib/json/tests/test_float.py
3182310,0,0,0,0,0,0,0.0,0.0,0.0,0.0,0.0,0.0,A,1.6,41,17,1,34,0,1,6,66.10255052857983,/home/senior/senior/Sample_Projects/round_2/3182310/lib/jython/Lib/json/tests/test_encode_basestring_ascii.py
3182310,2,4,2,4,6,6,10.0,15.509775004326936,1.0,15.509775004326936,0.861654166907052,0.005169925001442312,A,1.33333333333,109,39,0,83,0,0,26,49.31786404449569,/home/senior/senior/Sample_Projects/round_2/3182310/lib/jython/Lib/json/tests/test_scanstring.py
3182310,14,135,81,151,149,232,1008.6730745106687,1674.8470967472217,7.82962962962963,13113.43245379121,728.5240252106228,0.5582823655824073,A,3.22222222222,799,407,70,370,242,66,117,20.942240021270216,/home/senior/senior/Sample_Projects/round_2/3182310/lib/jython/Lib/email/message.py
3182310,8,52,33,62,60,95,320.4228653433368,561.1546065828093,4.769230769230769,2676.2758160103213,148.68198977835118,0.1870515355276031,A,3.0625,401,139,29,193,112,40,67,30.427533846150766,/home/senior/senior/Sample_Projects/round_2/3182310/lib/jython/Lib/email/charset.py
3182310,15,100,82,156,115,238,722.9889779116003,1629.2266321247614,11.7,19061.951595859708,1058.9973108810948,0.5430755440415871,A,4.41666666667,341,162,49,162,58,43,72,28.65716195198845,/home/senior/senior/Sample_Projects/round_2/3182310/lib/jython/Lib/email/quoprimime.py
3182310,1,8,5,10,9,15,24.0,47.548875021634686,0.625,29.718046888521677,1.651002604917871,0.01584962500721156,A,1.2,125,32,9,87,6,12,23,45.615072682007856,/home/senior/senior/Sample_Projects/round_2/3182310/lib/jython/Lib/email/__init__.py
3182310,6,18,10,20,24,30,90.56842503028855,137.5488750216347,3.3333333333333335,458.4962500721157,25.472013892895315,0.04584962500721157,A,4.5,76,37,7,37,12,6,20,49.93786188538562,/home/senior/senior/Sample_Projects/round_2/3182310/lib/jython/Lib/email/iterators.py
3182310,5,11,8,15,16,23,49.663388279447084,92.0,3.409090909090909,313.6363636363636,17.424242424242422,0.030666666666666665,A,3.42857142857,93,48,4,45,24,3,20,49.484164084157094,/home/senior/senior/Sample_Projects/round_2/3182310/lib/jython/Lib/email/parser.py
3182310,0,0,0,0,0,0,0.0,0.0,0.0,0.0,0.0,0.0,A,1.07142857143,59,29,18,15,0,4,26,73.58925972414424,/home/senior/senior/Sample_Projects/round_2/3182310/lib/jython/Lib/email/errors.py
3182310,8,33,20,35,41,55,190.46500593882897,294.6653602539946,4.242424242424242,1250.0954677442194,69.44974820801218,0.09822178675133153,A,4.25,187,63,20,64,53,19,50,42.58095859483801,/home/senior/senior/Sample_Projects/round_2/3182310/lib/jython/Lib/email/base64mime.py
3182310,12,51,30,56,63,86,332.3132424492002,514.0460734209928,6.588235294117647,3386.6564837147757,188.14758242859864,0.17134869114033094,A,3.26666666667,333,177,36,192,35,31,70,30.7151769218748,/home/senior/senior/Sample_Projects/round_2/3182310/lib/jython/Lib/email/utils.py
3182310,9,67,40,75,76,115,434.9573007736515,718.5116640460124,5.037313432835821,3619.3684569481966,201.0760253860109,0.23950388801533745,A,3.33333333333,375,190,89,191,45,87,50,29.73878951543365,/home/senior/senior/Sample_Projects/round_2/3182310/lib/jython/Lib/email/generator.py
3182310,18,129,84,162,147,246,979.5069659755613,1771.1193968297457,11.30232558139535,20017.768066494336,1112.098225916352,0.590373132276582,B,6.06666666667,520,263,122,267,70,121,61,23.470779963562272,/home/senior/senior/Sample_Projects/round_2/3182310/lib/jython/Lib/email/header.py
3182310,4,10,6,10,14,16,41.219280948873624,60.91767875292166,2.0,121.83535750584332,6.768630972546851,0.020305892917640553,A,2.0,87,42,12,41,6,9,28,51.775182650274786,/home/senior/senior/Sample_Projects/round_2/3182310/lib/jython/Lib/email/encoders.py
3182310,17,184,125,245,201,370,1453.8222682157461,2830.889125736204,11.317934782608695,32039.8185018785,1779.9899167710278,0.9436297085787346,A,4.61538461538,497,351,44,335,46,42,72,20.09825986473741,/home/senior/senior/Sample_Projects/round_2/3182310/lib/jython/Lib/email/_parseaddr.py
3182310,12,68,58,105,80,163,456.967023213677,1030.47427946664,9.264705882352942,9547.04111858799,530.3911732548883,0.34349142648888,B,5.22727272727,486,326,117,313,19,112,37,23.72870762337992,/home/senior/senior/Sample_Projects/round_2/3182310/lib/jython/Lib/email/feedparser.py
3182310,1,1,1,1,2,2,0.0,2.0,0.5,1.0,0.05555555555555555,0.0006666666666666666,A,2.5,35,13,8,10,7,6,10,73.60603080677907,/home/senior/senior/Sample_Projects/round_2/3182310/lib/jython/Lib/email/mime/message.py
3182310,0,0,0,0,0,0,0.0,0.0,0.0,0.0,0.0,0.0,A,4.5,48,14,8,12,13,6,15,75.09521661352228,/home/senior/senior/Sample_Projects/round_2/3182310/lib/jython/Lib/email/mime/multipart.py
3182310,0,0,0,0,0,0,0.0,0.0,0.0,0.0,0.0,0.0,,,0,0,0,0,0,0,0,,/home/senior/senior/Sample_Projects/round_2/3182310/lib/jython/Lib/email/mime/__init__.py
3182310,0,0,0,0,0,0,0.0,0.0,0.0,0.0,0.0,0.0,A,1.5,31,11,5,8,7,3,11,78.9824338287446,/home/senior/senior/Sample_Projects/round_2/3182310/lib/jython/Lib/email/mime/text.py
3182310,2,4,3,6,6,9,10.0,23.264662506490403,1.5,34.89699375973561,1.938721875540867,0.007754887502163467,A,3.33333333333,75,29,7,28,22,5,18,57.953351638715795,/home/senior/senior/Sample_Projects/round_2/3182310/lib/jython/Lib/email/mime/audio.py
3182310,1,2,1,2,3,3,2.0,4.754887502163469,0.5,2.3774437510817346,0.1320802083934297,0.0015849625007211565,A,2.5,36,13,5,11,10,3,10,70.80073386193426,/home/senior/senior/Sample_Projects/round_2/3182310/lib/jython/Lib/email/mime/application.py
3182310,0,0,0,0,0,0,0.0,0.0,0.0,0.0,0.0,0.0,A,1.5,23,8,8,7,0,6,8,80.09827311391032,/home/senior/senior/Sample_Projects/round_2/3182310/lib/jython/Lib/email/mime/nonmultipart.py
3182310,1,2,1,2,3,3,2.0,4.754887502163469,0.5,2.3774437510817346,0.1320802083934297,0.0015849625007211565,A,1.5,27,11,5,8,5,3,9,73.6606458933488,/home/senior/senior/Sample_Projects/round_2/3182310/lib/jython/Lib/email/mime/base.py
3182310,1,2,2,4,3,6,2.0,9.509775004326938,1.0,9.509775004326938,0.5283208335737188,0.003169925001442313,A,3.5,47,16,5,14,16,3,12,66.72081678498411,/home/senior/senior/Sample_Projects/round_2/3182310/lib/jython/Lib/email/mime/image.py
3182310,13,95,63,123,108,186,672.2419991272743,1256.4090754024053,8.41578947368421,10573.674271412874,587.4263484118263,0.4188030251341351,A,1.25347222222,3329,1966,192,2688,0,192,449,3.3158580532438795,/home/senior/senior/Sample_Projects/round_2/3182310/lib/jython/Lib/email/test/test_email_renamed.py
3182310,0,0,0,0,0,0,0.0,0.0,0.0,0.0,0.0,0.0,,,0,0,0,0,0,0,0,,/home/senior/senior/Sample_Projects/round_2/3182310/lib/jython/Lib/email/test/__init__.py
3182310,1,2,1,2,3,3,2.0,4.754887502163469,0.5,2.3774437510817346,0.1320802083934297,0.0015849625007211565,A,1.2,80,42,13,49,0,13,18,57.45553797809195,/home/senior/senior/Sample_Projects/round_2/3182310/lib/jython/Lib/email/test/test_email_codecs_renamed.py
3182310,1,2,1,2,3,3,2.0,4.754887502163469,0.5,2.3774437510817346,0.1320802083934297,0.0015849625007211565,A,1.75,140,52,11,105,0,11,24,50.262882635004495,/home/senior/senior/Sample_Projects/round_2/3182310/lib/jython/Lib/email/test/test_email_torture.py
3182310,1,2,1,2,3,3,2.0,4.754887502163469,0.5,2.3774437510817346,0.1320802083934297,0.0015849625007211565,A,1.2,80,42,13,49,0,13,18,57.45553797809195,/home/senior/senior/Sample_Projects/round_2/3182310/lib/jython/Lib/email/test/test_email_codecs.py
3182310,14,110,72,141,124,213,799.252537396519,1481.2438141124046,8.972727272727273,13290.79676844494,738.377598246941,0.4937479380374682,A,1.25641025641,3558,2087,216,2858,9,217,475,2.2344567936857485,/home/senior/senior/Sample_Projects/round_2/3182310/lib/jython/Lib/email/test/test_email.py
3182310,10,80,45,86,90,131,538.9735285398625,850.4327556191874,5.375,4571.076061453133,253.94867008072958,0.2834775852063958,B,6.42857142857,196,115,18,127,26,21,25,32.651784540537975,/home/senior/senior/Sample_Projects/round_2/3182310/lib/jython/Lib/distutils/spawn.py
3182310,11,70,38,75,81,113,467.103558991158,716.4030503259627,5.892857142857143,4221.660832277995,234.53671290433306,0.2388010167753209,A,4.875,319,129,70,180,21,74,48,30.099287394769906,/home/senior/senior/Sample_Projects/round_2/3182310/lib/jython/Lib/distutils/emxccompiler.py
3182310,13,218,135,263,231,398,1741.569899137204,3124.9961184835906,7.841743119266055,24505.416809851828,1361.4120449917682,1.0416653728278635,A,3.05454545455,1148,467,152,532,289,166,175,15.636470452423723,/home/senior/senior/Sample_Projects/round_2/3182310/lib/jython/Lib/distutils/ccompiler.py
3182310,17,209,125,243,226,368,1680.3249269061603,2877.8258581687896,9.882775119617225,28440.905789701603,1580.050321650089,0.9592752860562632,A,4.96666666667,801,498,110,557,35,115,99,15.195517489112026,/home/senior/senior/Sample_Projects/round_2/3182310/lib/jython/Lib/distutils/msvc9compiler.py
3182310,16,123,76,148,139,224,917.9292841567265,1594.6428002900657,9.626016260162602,15350.057524743397,852.7809735968553,0.5315476000966886,A,4.4,484,251,87,247,58,98,92,24.748706552813065,/home/senior/senior/Sample_Projects/round_2/3182310/lib/jython/Lib/distutils/fancy_getopt.py
3182310,7,30,18,36,37,54,166.8582023226588,281.3104817439633,4.2,1181.504023324646,65.63911240692477,0.0937701605813211,B,8.33333333333,242,106,22,120,61,22,39,36.285314432699366,/home/senior/senior/Sample_Projects/round_2/3182310/lib/jython/Lib/distutils/core.py
3182310,0,0,0,0,0,0,0.0,0.0,0.0,0.0,0.0,0.0,,,19,3,6,2,6,6,5,,/home/senior/senior/Sample_Projects/round_2/3182310/lib/jython/Lib/distutils/__init__.py
3182310,7,54,33,59,61,92,330.41540957123055,545.6278350557856,3.824074074074074,2086.5212581299947,115.9178476738886,0.1818759450185952,C,11.5,231,125,16,135,39,16,41,32.74292177244118,/home/senior/senior/Sample_Projects/round_2/3182310/lib/jython/Lib/distutils/file_util.py
3182310,8,71,43,87,79,130,460.6320454848324,819.4914972630233,4.901408450704225,4016.662549965241,223.1479194425134,0.2731638324210078,B,8.125,394,205,78,241,7,83,68,26.502316016796325,/home/senior/senior/Sample_Projects/round_2/3182310/lib/jython/Lib/distutils/bcppcompiler.py
3182310,14,163,97,191,177,288,1251.1456580484721,2150.6703984239034,8.202453987730062,17640.774985845146,980.0430547691748,0.7168901328079678,A,4.8,659,403,67,454,34,71,104,18.036481355767563,/home/senior/senior/Sample_Projects/round_2/3182310/lib/jython/Lib/distutils/msvccompiler.py
3182310,9,89,50,100,98,150,604.8696003689903,992.2064766172814,5.056179775280899,5016.774319975018,278.7096844430566,0.3307354922057605,B,5.9,288,154,63,172,13,63,40,29.400465252256534,/home/senior/senior/Sample_Projects/round_2/3182310/lib/jython/Lib/distutils/unixccompiler.py
3182310,8,67,41,72,75,113,430.42797576067073,703.8565120260345,4.298507462686567,3025.5324696044468,168.08513720024703,0.2346188373420115,A,2.0,457,187,79,199,107,76,72,29.593969909958386,/home/senior/senior/Sample_Projects/round_2/3182310/lib/jython/Lib/distutils/cmd.py
3182310,0,0,0,0,0,0,0.0,0.0,0.0,0.0,0.0,0.0,A,1.0,88,40,9,20,37,1,22,71.02265292916992,/home/senior/senior/Sample_Projects/round_2/3182310/lib/jython/Lib/distutils/errors.py
3182310,12,244,140,269,256,409,1978.1194603739982,3272.0,6.614754098360656,21643.475409836068,1202.4153005464482,1.0906666666666667,A,3.95238095238,1249,654,162,725,166,164,196,12.44832649905542,/home/senior/senior/Sample_Projects/round_2/3182310/lib/jython/Lib/distutils/dist.py
3182310,11,169,102,201,180,303,1288.8023725366995,2270.0314881878917,6.541420118343195,14849.229646104817,824.9572025613787,0.7566771627292972,B,6.47058823529,622,366,91,371,65,94,95,19.555637045871077,/home/senior/senior/Sample_Projects/round_2/3182310/lib/jython/Lib/distutils/sysconfig.py
3182310,0,0,0,0,0,0,0.0,0.0,0.0,0.0,0.0,0.0,A,1.5,21,11,2,8,4,0,7,78.9824338287446,/home/senior/senior/Sample_Projects/round_2/3182310/lib/jython/Lib/distutils/jythoncompiler.py
3182310,12,98,59,117,110,176,691.2611147319444,1193.5193095803402,7.163265306122449,8549.49546250407,474.971970139115,0.3978397698601134,B,6.0,449,182,120,240,26,122,63,25.685201281183982,/home/senior/senior/Sample_Projects/round_2/3182310/lib/jython/Lib/distutils/cygwinccompiler.py
3182310,5,16,11,18,21,29,75.60964047443682,127.37720526058406,2.8125,358.24838979539265,19.90268832196626,0.04245906842019469,A,5.0,89,39,6,36,30,11,17,50.35512924796867,/home/senior/senior/Sample_Projects/round_2/3182310/lib/jython/Lib/distutils/dep_util.py
3182310,15,195,121,231,210,352,1542.032770115302,2715.414422218475,8.884615384615385,24125.41275124876,1340.300708402709,0.9051381407394917,B,8.75,580,306,82,302,109,90,87,20.648113816109117,/home/senior/senior/Sample_Projects/round_2/3182310/lib/jython/Lib/distutils/util.py
3182310,6,25,19,33,31,52,131.60617974869504,257.61820814011753,3.96,1020.1681042348654,56.676005790825855,0.08587273604670584,A,3.38461538462,299,74,95,71,78,98,55,42.13550431995058,/home/senior/senior/Sample_Projects/round_2/3182310/lib/jython/Lib/distutils/version.py
3182310,6,13,9,18,19,27,63.61549134016113,114.6940428629768,4.153846153846154,476.42140881544213,26.46785604530234,0.03823134762099227,A,1.72727272727,71,52,4,51,0,3,16,47.88751080541458,/home/senior/senior/Sample_Projects/round_2/3182310/lib/jython/Lib/distutils/log.py
3182310,5,27,19,31,32,50,139.9916030328505,250.0,2.8703703703703702,717.5925925925926,39.86625514403292,0.08333333333333333,A,4.16666666667,164,64,5,60,67,6,32,43.69190338220642,/home/senior/senior/Sample_Projects/round_2/3182310/lib/jython/Lib/distutils/versionpredicate.py
3182310,10,70,45,87,80,132,462.26909213502137,834.4945085251318,6.214285714285714,5185.787302977605,288.09929460986694,0.27816483617504395,C,20.0,255,114,38,128,62,44,27,30.8101259752102,/home/senior/senior/Sample_Projects/round_2/3182310/lib/jython/Lib/distutils/extension.py
3182310,8,46,28,48,54,76,278.0838499786226,437.37145016442366,4.173913043478261,1825.55040068629,101.41946670479389,0.1457904833881412,B,7.16666666667,216,115,19,118,42,20,37,35.26194134652105,/home/senior/senior/Sample_Projects/round_2/3182310/lib/jython/Lib/distutils/dir_util.py
3182310,10,65,43,86,75,129,424.67318879572315,803.5176110739686,6.615384615384615,5315.578042489331,295.30989124940726,0.26783920369132286,B,5.4,304,123,44,118,82,48,60,33.653179272346705,/home/senior/senior/Sample_Projects/round_2/3182310/lib/jython/Lib/distutils/text_file.py
3182310,7,25,15,30,32,45,135.74788919877133,225.0,4.2,945.0,52.5,0.075,A,4.33333333333,116,72,11,85,6,6,14,40.734576103983265,/home/senior/senior/Sample_Projects/round_2/3182310/lib/jython/Lib/distutils/config.py
3182310,0,0,0,0,0,0,0.0,0.0,0.0,0.0,0.0,0.0,,,7,3,2,3,0,2,2,,/home/senior/senior/Sample_Projects/round_2/3182310/lib/jython/Lib/distutils/debug.py
3182310,10,50,33,63,60,96,315.41209043760983,567.0614971784178,6.3,3572.4874322240316,198.4715240124462,0.1890204990594726,B,6.16666666667,243,145,10,150,37,9,46,32.35212804739905,/home/senior/senior/Sample_Projects/round_2/3182310/lib/jython/Lib/distutils/archive_util.py
3182310,12,87,58,106,99,164,603.5556341474933,1087.2144856930558,7.310344827586207,7947.912791963029,441.5507106646127,0.36240482856435197,A,4.375,343,177,29,186,58,31,70,28.590563725134178,/home/senior/senior/Sample_Projects/round_2/3182310/lib/jython/Lib/distutils/filelist.py
3182310,5,21,13,26,26,39,103.84830635279079,183.31714900750262,3.0952380952380953,567.4102231184605,31.522790173247806,0.061105716335834205,A,4.4,153,64,18,99,5,23,31,39.91673792761508,/home/senior/senior/Sample_Projects/round_2/3182310/lib/jython/Lib/distutils/command/bdist.py
3182310,9,62,35,67,71,102,397.6894962569671,627.2742061894776,4.862903225806452,3050.373760743992,169.4652089302218,0.20909140206315918,B,8.0,194,116,11,156,2,17,25,31.430022857401408,/home/senior/senior/Sample_Projects/round_2/3182310/lib/jython/Lib/distutils/command/upload.py
3182310,10,97,57,103,107,160,673.410826641025,1078.6347178241836,5.309278350515464,5726.771955458294,318.15399752546074,0.35954490594139454,B,10.0,587,272,53,431,8,64,95,19.925578754010452,/home/senior/senior/Sample_Projects/round_2/3182310/lib/jython/Lib/distutils/command/bdist_rpm.py
3182310,9,28,19,31,37,50,163.13526283059372,260.4726682814475,4.982142857142857,1297.7120437593544,72.09511354218635,0.0868242227604825,A,4.875,158,100,11,113,7,10,27,37.548199057888475,/home/senior/senior/Sample_Projects/round_2/3182310/lib/jython/Lib/distutils/command/build_scripts.py
3182310,7,26,15,27,33,42,141.86291712607164,211.86455301305503,3.6346153846153846,770.0461638359116,42.78034243532842,0.07062151767101835,A,4.5,133,63,5,101,4,5,23,39.27779467948556,/home/senior/senior/Sample_Projects/round_2/3182310/lib/jython/Lib/distutils/command/bdist_dumb.py
3182310,10,68,44,80,78,124,447.16675415389676,779.3898751389188,5.882352941176471,4584.646324346581,254.7025735748101,0.25979662504630624,B,5.63636363636,315,192,21,224,31,22,39,27.67946371189788,/home/senior/senior/Sample_Projects/round_2/3182310/lib/jython/Lib/distutils/command/register.py
3182310,4,22,15,30,26,45,106.10749561002054,211.51978731634918,2.727272727272727,576.8721472264068,32.048452623689265,0.07050659577211639,A,2.44444444444,147,64,22,98,2,22,25,39.84201969671055,/home/senior/senior/Sample_Projects/round_2/3182310/lib/jython/Lib/distutils/command/build.py
3182310,2,3,2,3,5,5,6.754887502163469,11.60964047443681,1.0,11.60964047443681,0.6449800263576005,0.0038698801581456034,A,1.66666666667,51,25,2,30,3,2,16,59.5361832948566,/home/senior/senior/Sample_Projects/round_2/3182310/lib/jython/Lib/distutils/command/install_headers.py
3182310,10,94,56,105,104,161,649.3506330065715,1078.7707946207158,5.585106382978723,6025.049650807189,334.7249806003994,0.35959026487357193,B,7.25,368,189,61,248,3,64,56,25.514819831131096,/home/senior/senior/Sample_Projects/round_2/3182310/lib/jython/Lib/distutils/command/bdist_wininst.py
3182310,9,30,18,33,39,51,175.7360428812364,269.55551316197466,4.95,1334.2997901517747,74.12776611954304,0.08985183772065822,A,3.36363636364,219,106,36,129,12,36,42,36.40340559721428,/home/senior/senior/Sample_Projects/round_2/3182310/lib/jython/Lib/distutils/command/install_lib.py
3182310,0,0,0,0,0,0,0.0,0.0,0.0,0.0,0.0,0.0,,,33,3,0,27,3,6,3,,/home/senior/senior/Sample_Projects/round_2/3182310/lib/jython/Lib/distutils/command/__init__.py
3182310,4,11,7,11,15,18,46.053747805010275,70.32403072095333,2.0,140.64806144190666,7.8137811912170365,0.02344134357365111,A,1.875,78,41,4,42,13,3,19,51.139002881466084,/home/senior/senior/Sample_Projects/round_2/3182310/lib/jython/Lib/distutils/command/install_egg_info.py
3182310,12,121,75,153,133,228,880.20200171888,1608.6043952942712,7.586776859504132,12204.122602315214,678.0068112397341,0.5362014650980904,A,4.90909090909,679,269,114,436,6,134,123,19.28685616103077,/home/senior/senior/Sample_Projects/round_2/3182310/lib/jython/Lib/distutils/command/install.py
3182310,1,1,1,1,2,2,0.0,2.0,0.5,1.0,0.05555555555555555,0.0006666666666666666,A,3.25,80,37,7,58,2,7,13,57.59275409804279,/home/senior/senior/Sample_Projects/round_2/3182310/lib/jython/Lib/distutils/command/clean.py
3182310,4,7,4,7,11,11,27.651484454403228,38.053747805010275,2.0,76.10749561002055,4.228194200556697,0.012684582601670092,A,2.66666666667,81,45,7,57,3,7,14,50.029127424310566,/home/senior/senior/Sample_Projects/round_2/3182310/lib/jython/Lib/distutils/command/install_data.py
3182310,14,195,132,255,209,387,1536.7323800899806,2982.7479841153017,9.153846153846153,27303.616162286224,1516.8675645714568,0.9942493280384339,B,7.94117647059,768,365,169,449,40,171,110,16.72447600024393,/home/senior/senior/Sample_Projects/round_2/3182310/lib/jython/Lib/distutils/command/build_ext.py
3182310,6,26,15,26,32,41,137.72120767599534,205.0,3.0,615.0,34.166666666666664,0.06833333333333333,A,3.0,149,94,10,106,10,5,23,39.125857780123575,/home/senior/senior/Sample_Projects/round_2/3182310/lib/jython/Lib/distutils/command/check.py
3182310,4,9,5,9,13,14,36.52932501298081,51.80615605397529,2.0,103.61231210795059,5.75623956155281,0.01726871868465843,A,2.33333333333,64,34,4,42,3,4,15,51.991477792217935,/home/senior/senior/Sample_Projects/round_2/3182310/lib/jython/Lib/distutils/command/install_scripts.py
3182310,9,44,26,50,53,76,268.7443162330219,435.32195454680317,5.113636363636363,2226.078176659789,123.67100981443271,0.1451073181822677,A,3.05263157895,357,191,22,215,63,22,57,30.181758163211825,/home/senior/senior/Sample_Projects/round_2/3182310/lib/jython/Lib/distutils/command/config.py
3182310,7,73,44,79,80,123,471.5086772526445,777.5971556711455,3.787671232876712,2945.2823773023524,163.6267987390196,0.25919905189038184,A,4.8,469,217,56,265,63,61,85,26.21309481353356,/home/senior/senior/Sample_Projects/round_2/3182310/lib/jython/Lib/distutils/command/sdist.py
3182310,9,51,32,56,60,88,317.8230174535271,519.8063724135496,4.9411764705882355,2568.455016631657,142.6919453684254,0.17326879080451654,A,4.55555555556,209,90,27,130,11,27,41,34.178981454884315,/home/senior/senior/Sample_Projects/round_2/3182310/lib/jython/Lib/distutils/command/build_clib.py
3182310,12,132,91,175,144,266,972.8795737639698,1907.2000503836553,7.954545454545454,15170.909491688166,842.828305093787,0.6357333501278851,A,4.4375,741,401,89,538,27,106,87,16.845392478785048,/home/senior/senior/Sample_Projects/round_2/3182310/lib/jython/Lib/distutils/command/bdist_msi.py
3182310,9,53,34,58,62,92,332.1091091048304,547.7860605555926,4.9245283018867925,2697.587958585088,149.86599769917154,0.18259535351853087,A,4.1,393,222,80,237,18,77,58,28.424637409440095,/home/senior/senior/Sample_Projects/round_2/3182310/lib/jython/Lib/distutils/command/build_py.py
3182310,4,12,6,12,16,18,51.01955000865388,72.0,2.0,144.0,8.0,0.024,A,1.33333333333,184,76,15,147,0,14,22,39.431640587358956,/home/senior/senior/Sample_Projects/round_2/3182310/lib/jython/Lib/distutils/tests/test_msvc9compiler.py
3182310,3,16,10,19,19,29,68.75488750216347,123.18989788986397,1.78125,219.4320056163202,12.190666978684455,0.04106329929662132,A,1.33333333333,327,238,20,248,14,21,45,32.88723678427059,/home/senior/senior/Sample_Projects/round_2/3182310/lib/jython/Lib/distutils/tests/test_archive_util.py
3182310,1,2,1,2,3,3,2.0,4.754887502163469,0.5,2.3774437510817346,0.1320802083934297,0.0015849625007211565,A,1.0,13,8,0,7,2,0,4,74.84373664050284,/home/senior/senior/Sample_Projects/round_2/3182310/lib/jython/Lib/distutils/tests/test_versionpredicate.py
3182310,3,7,4,7,10,11,24.406371956566698,36.541209043760986,1.5,54.81181356564148,3.0451007536467487,0.012180403014586996,A,4.66666666667,51,32,5,36,0,4,10,54.13889616788018,/home/senior/senior/Sample_Projects/round_2/3182310/lib/jython/Lib/distutils/tests/test_clean.py
3182310,2,3,2,3,5,5,6.754887502163469,11.60964047443681,1.0,11.60964047443681,0.6449800263576005,0.0038698801581456034,A,1.16666666667,123,65,8,93,0,5,22,49.0942050725673,/home/senior/senior/Sample_Projects/round_2/3182310/lib/jython/Lib/distutils/tests/test_config.py
3182310,5,24,13,26,29,39,121.64874049174458,189.46125880997533,2.7083333333333335,513.1242426103499,28.506902367241665,0.06315375293665844,A,2.09090909091,512,311,70,346,4,68,92,28.34087466201685,/home/senior/senior/Sample_Projects/round_2/3182310/lib/jython/Lib/distutils/tests/test_sdist.py
3182310,4,8,5,8,12,13,32.0,46.604512509375034,2.0,93.20902501875007,5.178279167708337,0.015534837503125011,A,3.0,51,37,3,35,4,1,9,53.90045023317706,/home/senior/senior/Sample_Projects/round_2/3182310/lib/jython/Lib/distutils/tests/setuptools_extension.py
3182310,2,9,6,12,11,18,30.529325012980813,62.26976913547136,1.3333333333333333,83.02635884729514,4.612575491516397,0.020756589711823786,A,1.8,116,81,11,83,0,10,22,45.16973576638262,/home/senior/senior/Sample_Projects/round_2/3182310/lib/jython/Lib/distutils/tests/test_build_py.py
3182310,3,10,5,10,13,15,37.974168451037094,55.506595772116384,1.5,83.25989365817458,4.625549647676365,0.01850219859070546,A,2.2,71,33,1,59,0,0,11,48.64734489153591,/home/senior/senior/Sample_Projects/round_2/3182310/lib/jython/Lib/distutils/tests/test_version.py
3182310,1,2,1,2,3,3,2.0,4.754887502163469,0.5,2.3774437510817346,0.1320802083934297,0.0015849625007211565,A,1.44444444444,108,71,9,78,0,8,21,53.08916093467032,/home/senior/senior/Sample_Projects/round_2/3182310/lib/jython/Lib/distutils/tests/test_core.py
3182310,9,42,25,48,51,73,255.00665676968876,414.0870499639192,5.142857142857143,2129.5905426715844,118.31058570397691,0.13802901665463974,A,1.80952380952,511,366,64,374,0,65,73,25.27454325481591,/home/senior/senior/Sample_Projects/round_2/3182310/lib/jython/Lib/distutils/tests/test_build_ext.py
3182310,4,8,4,8,12,12,32.0,43.01955000865388,2.0,86.03910001730776,4.779950000961542,0.014339850002884626,A,4.0,36,18,0,16,10,0,10,61.11219168858661,/home/senior/senior/Sample_Projects/round_2/3182310/lib/jython/Lib/distutils/tests/__init__.py
3182310,6,24,12,24,30,36,125.5488750216347,176.64806144190666,3.0,529.94418432572,29.44134357365111,0.05888268714730222,A,2.09090909091,221,119,12,122,39,15,48,38.378199660320035,/home/senior/senior/Sample_Projects/round_2/3182310/lib/jython/Lib/distutils/tests/support.py
3182310,1,2,1,2,3,3,2.0,4.754887502163469,0.5,2.3774437510817346,0.1320802083934297,0.0015849625007211565,A,1.33333333333,77,50,10,54,0,9,13,56.534665709380846,/home/senior/senior/Sample_Projects/round_2/3182310/lib/jython/Lib/distutils/tests/test_install_data.py
3182310,4,9,6,10,13,16,36.52932501298081,59.207035490257475,2.2222222222222223,131.57118997834996,7.309510554352776,0.019735678496752493,A,1.75,82,49,1,65,0,0,16,47.61204050636105,/home/senior/senior/Sample_Projects/round_2/3182310/lib/jython/Lib/distutils/tests/test_install_scripts.py
3182310,4,8,4,8,12,12,32.0,43.01955000865388,2.0,86.03910001730776,4.779950000961542,0.014339850002884626,A,1.25,107,78,7,80,0,6,20,46.69141968157913,/home/senior/senior/Sample_Projects/round_2/3182310/lib/jython/Lib/distutils/tests/test_install_lib.py
3182310,1,2,1,2,3,3,2.0,4.754887502163469,0.5,2.3774437510817346,0.1320802083934297,0.0015849625007211565,A,1.33333333333,107,59,12,75,0,11,20,53.470874766765334,/home/senior/senior/Sample_Projects/round_2/3182310/lib/jython/Lib/distutils/tests/test_text_file.py
3182310,5,11,6,11,16,17,49.663388279447084,68.0,2.5,170.0,9.444444444444445,0.02266666666666667,A,1.875,112,67,6,85,0,5,21,44.67308185777043,/home/senior/senior/Sample_Projects/round_2/3182310/lib/jython/Lib/distutils/tests/test_build_scripts.py
3182310,6,17,9,18,23,27,84.99664330558272,122.13617281353935,3.176470588235294,387.96196070183083,21.553442261212822,0.040712057604513116,A,1.8,247,172,22,176,0,21,49,36.08377892941724,/home/senior/senior/Sample_Projects/round_2/3182310/lib/jython/Lib/distutils/tests/test_install.py
3182310,2,8,4,8,10,12,26.0,39.863137138648355,1.0,39.863137138648355,2.2146187299249087,0.013287712379549451,A,1.42857142857,299,163,24,218,0,26,57,37.47092342376003,/home/senior/senior/Sample_Projects/round_2/3182310/lib/jython/Lib/distutils/tests/test_filelist.py
3182310,3,7,4,7,10,11,24.406371956566698,36.541209043760986,1.5,54.81181356564148,3.0451007536467487,0.012180403014586996,A,1.45454545455,130,73,8,94,0,7,28,45.63764027296515,/home/senior/senior/Sample_Projects/round_2/3182310/lib/jython/Lib/distutils/tests/test_upload.py
3182310,3,10,6,12,13,18,37.974168451037094,66.60791492653966,1.8,119.8942468677714,6.660791492653967,0.022202638308846556,A,2.0,55,34,10,33,0,9,12,53.509701277485924,/home/senior/senior/Sample_Projects/round_2/3182310/lib/jython/Lib/distutils/tests/test_build.py
3182310,4,12,7,13,16,20,51.01955000865388,80.0,2.1666666666666665,173.33333333333331,9.629629629629628,0.02666666666666667,A,1.55555555556,90,65,5,66,0,4,19,46.59360595543326,/home/senior/senior/Sample_Projects/round_2/3182310/lib/jython/Lib/distutils/tests/test_config_cmd.py
3182310,1,5,3,6,6,9,11.60964047443681,23.264662506490403,0.6,13.95879750389424,0.7754887502163467,0.007754887502163467,A,2.5,60,39,4,44,0,4,12,53.90301642126996,/home/senior/senior/Sample_Projects/round_2/3182310/lib/jython/Lib/distutils/tests/test_spawn.py
3182310,5,22,13,24,27,37,109.71713608445735,175.93083758004835,2.727272727272727,479.81137521831363,26.656187512128536,0.058643612526682785,A,1.36363636364,134,98,2,102,0,2,30,40.16947819008454,/home/senior/senior/Sample_Projects/round_2/3182310/lib/jython/Lib/distutils/tests/test_dir_util.py
3182310,7,19,10,20,26,30,100.36210720983135,141.01319154423277,3.6842105263157894,519.522284636647,28.862349146480387,0.047004397181410924,A,1.27027027027,444,300,25,337,5,23,77,29.592813206601978,/home/senior/senior/Sample_Projects/round_2/3182310/lib/jython/Lib/distutils/tests/test_dist.py
3182310,3,6,4,6,9,10,20.264662506490406,31.699250014423125,1.5,47.548875021634686,2.6416041678685938,0.010566416671474375,A,1.85714285714,108,68,16,74,0,17,18,48.242876352983664,/home/senior/senior/Sample_Projects/round_2/3182310/lib/jython/Lib/distutils/tests/test_check.py
3182310,2,8,4,8,10,12,26.0,39.863137138648355,1.0,39.863137138648355,2.2146187299249087,0.013287712379549451,A,1.5,113,72,10,79,0,9,24,47.00174328918783,/home/senior/senior/Sample_Projects/round_2/3182310/lib/jython/Lib/distutils/tests/test_bdist_dumb.py
3182310,5,20,11,22,25,33,98.04820237218406,153.24725426256592,2.75,421.4299492220563,23.412774956780904,0.05108241808752197,A,2.33333333333,136,83,13,93,0,12,30,41.32249250166482,/home/senior/senior/Sample_Projects/round_2/3182310/lib/jython/Lib/distutils/tests/test_bdist_rpm.py
3182310,12,73,44,86,85,130,494.87674280689515,833.2208216979013,7.068493150684931,5889.615671179686,327.20087062109366,0.27774027389930045,A,4.5625,287,187,25,226,0,26,36,27.537218936165768,/home/senior/senior/Sample_Projects/round_2/3182310/lib/jython/Lib/distutils/tests/setuptools_build_ext.py
3182310,3,10,5,10,13,15,37.974168451037094,55.506595772116384,1.5,83.25989365817458,4.625549647676365,0.01850219859070546,A,1.3,82,58,3,59,0,2,20,48.76839752311485,/home/senior/senior/Sample_Projects/round_2/3182310/lib/jython/Lib/distutils/tests/test_ccompiler.py
3182310,3,10,5,10,13,15,37.974168451037094,55.506595772116384,1.5,83.25989365817458,4.625549647676365,0.01850219859070546,A,1.375,81,63,4,62,0,3,15,48.296087195895666,/home/senior/senior/Sample_Projects/round_2/3182310/lib/jython/Lib/distutils/tests/test_file_util.py
3182310,1,2,1,2,3,3,2.0,4.754887502163469,0.5,2.3774437510817346,0.1320802083934297,0.0015849625007211565,A,1.33333333333,41,27,4,29,0,3,8,62.27700490109964,/home/senior/senior/Sample_Projects/round_2/3182310/lib/jython/Lib/distutils/tests/test_install_headers.py
3182310,2,5,3,6,7,9,13.60964047443681,25.26619429851844,1.2,30.319433158222125,1.6844129532345624,0.008422064766172813,A,2.0,52,32,6,34,0,5,12,56.110111834269645,/home/senior/senior/Sample_Projects/round_2/3182310/lib/jython/Lib/distutils/tests/test_bdist.py
3182310,1,2,1,2,3,3,2.0,4.754887502163469,0.5,2.3774437510817346,0.1320802083934297,0.0015849625007211565,A,1.2,81,53,9,55,0,9,17,56.38189780149927,/home/senior/senior/Sample_Projects/round_2/3182310/lib/jython/Lib/distutils/tests/test_dep_util.py
3182310,3,9,5,10,12,15,33.28421251514428,53.77443751081735,1.6666666666666667,89.62406251802892,4.9791145843349405,0.017924812503605784,A,1.85714285714,146,94,17,93,0,17,36,44.5349233129245,/home/senior/senior/Sample_Projects/round_2/3182310/lib/jython/Lib/distutils/tests/test_build_clib.py
3182310,2,4,2,4,6,6,10.0,15.509775004326936,1.0,15.509775004326936,0.861654166907052,0.005169925001442312,A,1.45454545455,111,73,20,74,0,19,17,50.37520083636287,/home/senior/senior/Sample_Projects/round_2/3182310/lib/jython/Lib/distutils/tests/test_sysconfig.py
3182310,5,13,7,13,18,20,59.715356810271004,83.39850002884624,2.5,208.4962500721156,11.583125004006423,0.027799500009615414,A,1.2,289,179,45,197,0,43,47,36.25100352662233,/home/senior/senior/Sample_Projects/round_2/3182310/lib/jython/Lib/distutils/tests/test_register.py
3182310,1,2,1,2,3,3,2.0,4.754887502163469,0.5,2.3774437510817346,0.1320802083934297,0.0015849625007211565,A,1.33333333333,25,18,3,17,0,2,5,67.11640554730376,/home/senior/senior/Sample_Projects/round_2/3182310/lib/jython/Lib/distutils/tests/test_util.py
3182310,1,4,2,4,5,6,8.0,13.931568569324174,0.5,6.965784284662087,0.3869880158145604,0.004643856189774725,A,1.33333333333,25,16,2,17,0,1,6,64.2170918034233,/home/senior/senior/Sample_Projects/round_2/3182310/lib/jython/Lib/distutils/tests/test_bdist_msi.py
3182310,1,15,12,24,16,36,58.60335893412778,144.0,0.8,115.2,6.4,0.048,A,1.4,130,90,17,89,0,16,24,42.04799291231737,/home/senior/senior/Sample_Projects/round_2/3182310/lib/jython/Lib/distutils/tests/test_unixccompiler.py
3182310,2,4,2,4,6,6,10.0,15.509775004326936,1.0,15.509775004326936,0.861654166907052,0.005169925001442312,A,1.23076923077,127,93,3,97,0,2,27,47.871284354663665,/home/senior/senior/Sample_Projects/round_2/3182310/lib/jython/Lib/distutils/tests/test_cmd.py
3182310,2,4,2,4,6,6,10.0,15.509775004326936,1.0,15.509775004326936,0.861654166907052,0.005169925001442312,A,1.33333333333,32,16,7,17,0,6,8,63.911553906100266,/home/senior/senior/Sample_Projects/round_2/3182310/lib/jython/Lib/distutils/tests/test_bdist_wininst.py
3182310,3,15,10,20,18,30,63.35824643629125,125.09775004326937,2.0,250.19550008653874,13.899750004807707,0.04169925001442312,A,2.0,117,80,7,84,7,7,19,42.933538692372466,/home/senior/senior/Sample_Projects/round_2/3182310/lib/jython/Lib/encodings/utf_8_sig.py
3182310,0,0,0,0,0,0,0.0,0.0,0.0,0.0,0.0,0.0,A,1.3,307,21,4,287,0,261,16,46.17604691333197,/home/senior/senior/Sample_Projects/round_2/3182310/lib/jython/Lib/encodings/mac_croatian.py
3182310,9,24,15,27,33,42,138.56842503028858,211.86455301305503,5.0625,1072.564299628591,59.586905534921726,0.07062151767101835,A,2.16666666667,129,64,8,69,24,8,28,43.158264457655996,/home/senior/senior/Sample_Projects/round_2/3182310/lib/jython/Lib/encodings/uu_codec.py
3182310,0,0,0,0,0,0,0.0,0.0,0.0,0.0,0.0,0.0,A,1.0,39,16,5,26,0,5,8,68.64177939808765,/home/senior/senior/Sample_Projects/round_2/3182310/lib/jython/Lib/encodings/iso2022_jp_ext.py
3182310,0,0,0,0,0,0,0.0,0.0,0.0,0.0,0.0,0.0,A,1.25,37,17,0,24,3,0,10,69.3372582673305,/home/senior/senior/Sample_Projects/round_2/3182310/lib/jython/Lib/encodings/string_escape.py
3182310,0,0,0,0,0,0,0.0,0.0,0.0,0.0,0.0,0.0,A,1.0,39,16,5,26,0,5,8,68.64177939808765,/home/senior/senior/Sample_Projects/round_2/3182310/lib/jython/Lib/encodings/johab.py
3182310,0,0,0,0,0,0,0.0,0.0,0.0,0.0,0.0,0.0,A,1.25,45,17,4,24,4,4,13,69.3372582673305,/home/senior/senior/Sample_Projects/round_2/3182310/lib/jython/Lib/encodings/unicode_escape.py
3182310,0,0,0,0,0,0,0.0,0.0,0.0,0.0,0.0,0.0,A,1.3,307,21,4,287,0,253,16,46.17604691333197,/home/senior/senior/Sample_Projects/round_2/3182310/lib/jython/Lib/encodings/iso8859_11.py
3182310,0,0,0,0,0,0,0.0,0.0,0.0,0.0,0.0,0.0,A,1.3,183,23,4,161,0,131,18,51.62686512820783,/home/senior/senior/Sample_Projects/round_2/3182310/lib/jython/Lib/encodings/mac_latin2.py
3182310,1,2,1,2,3,3,2.0,4.754887502163469,0.5,2.3774437510817346,0.1320802083934297,0.0015849625007211565,A,1.27272727273,118,28,6,91,0,7,21,51.669029479269504,/home/senior/senior/Sample_Projects/round_2/3182310/lib/jython/Lib/encodings/rot_13.py
3182310,0,0,0,0,0,0,0.0,0.0,0.0,0.0,0.0,0.0,A,1.3,698,25,5,673,2,645,18,38.12086093755592,/home/senior/senior/Sample_Projects/round_2/3182310/lib/jython/Lib/encodings/cp858.py
3182310,0,0,0,0,0,0,0.0,0.0,0.0,0.0,0.0,0.0,A,1.3,307,21,4,287,0,261,16,46.17604691333197,/home/senior/senior/Sample_Projects/round_2/3182310/lib/jython/Lib/encodings/cp1006.py
3182310,0,0,0,0,0,0,0.0,0.0,0.0,0.0,0.0,0.0,A,1.3,307,21,4,287,0,261,16,46.17604691333197,/home/senior/senior/Sample_Projects/round_2/3182310/lib/jython/Lib/encodings/cp1252.py
3182310,2,11,6,12,13,18,40.053747805010275,66.60791492653966,1.0909090909090908,72.66317991986145,4.036843328881192,0.022202638308846556,A,1.6875,102,50,2,55,20,3,25,48.824448709575044,/home/senior/senior/Sample_Projects/round_2/3182310/lib/jython/Lib/encodings/zlib_codec.py
3182310,0,0,0,0,0,0,0.0,0.0,0.0,0.0,0.0,0.0,A,1.3,698,25,5,675,0,646,18,38.092790741581275,/home/senior/senior/Sample_Projects/round_2/3182310/lib/jython/Lib/encodings/cp863.py
3182310,7,37,24,43,44,67,212.4012589826744,365.78191844869895,4.0675675675675675,1487.8426682845727,82.6579260158096,0.12192730614956632,A,2.625,248,169,4,194,0,6,50,31.73617920681725,/home/senior/senior/Sample_Projects/round_2/3182310/lib/jython/Lib/encodings/_java.py
3182310,0,0,0,0,0,0,0.0,0.0,0.0,0.0,0.0,0.0,A,1.22222222222,50,20,4,27,4,4,15,68.26735428307082,/home/senior/senior/Sample_Projects/round_2/3182310/lib/jython/Lib/encodings/latin_1.py
3182310,0,0,0,0,0,0,0.0,0.0,0.0,0.0,0.0,0.0,A,1.0,39,16,5,26,0,5,8,68.64177939808765,/home/senior/senior/Sample_Projects/round_2/3182310/lib/jython/Lib/encodings/gbk.py
3182310,0,0,0,0,0,0,0.0,0.0,0.0,0.0,0.0,0.0,A,1.3,694,25,5,671,0,642,18,38.14901455176899,/home/senior/senior/Sample_Projects/round_2/3182310/lib/jython/Lib/encodings/cp857.py
3182310,0,0,0,0,0,0,0.0,0.0,0.0,0.0,0.0,0.0,A,1.3,690,25,5,667,0,638,18,38.20557402848324,/home/senior/senior/Sample_Projects/round_2/3182310/lib/jython/Lib/encodings/cp864.py
3182310,0,0,0,0,0,0,0.0,0.0,0.0,0.0,0.0,0.0,A,1.0,39,16,5,26,0,5,8,68.64177939808765,/home/senior/senior/Sample_Projects/round_2/3182310/lib/jython/Lib/encodings/euc_jp.py
3182310,0,0,0,0,0,0,0.0,0.0,0.0,0.0,0.0,0.0,A,1.3,698,25,5,675,0,646,18,38.092790741581275,/home/senior/senior/Sample_Projects/round_2/3182310/lib/jython/Lib/encodings/cp737.py
3182310,0,0,0,0,0,0,0.0,0.0,0.0,0.0,0.0,0.0,A,1.25,45,17,4,24,4,4,13,69.3372582673305,/home/senior/senior/Sample_Projects/round_2/3182310/lib/jython/Lib/encodings/unicode_internal.py
3182310,0,0,0,0,0,0,0.0,0.0,0.0,0.0,0.0,0.0,A,1.0,39,16,5,26,0,5,8,68.64177939808765,/home/senior/senior/Sample_Projects/round_2/3182310/lib/jython/Lib/encodings/cp950.py
3182310,0,0,0,0,0,0,0.0,0.0,0.0,0.0,0.0,0.0,A,1.0,39,16,5,26,0,5,8,68.64177939808765,/home/senior/senior/Sample_Projects/round_2/3182310/lib/jython/Lib/encodings/gb18030.py
3182310,1,8,4,8,9,12,24.0,38.03910001730775,0.5,19.019550008653876,1.0566416671474377,0.012679700005769252,A,1.75,79,31,2,36,20,2,21,54.41222136330743,/home/senior/senior/Sample_Projects/round_2/3182310/lib/jython/Lib/encodings/base64_codec.py
3182310,0,0,0,0,0,0,0.0,0.0,0.0,0.0,0.0,0.0,A,1.3,307,21,4,287,0,261,16,46.17604691333197,/home/senior/senior/Sample_Projects/round_2/3182310/lib/jython/Lib/encodings/koi8_r.py
3182310,0,0,0,0,0,0,0.0,0.0,0.0,0.0,0.0,0.0,A,1.3,307,21,4,287,0,261,16,46.17604691333197,/home/senior/senior/Sample_Projects/round_2/3182310/lib/jython/Lib/encodings/cp875.py
3182310,0,0,0,0,0,0,0.0,0.0,0.0,0.0,0.0,0.0,A,1.3,307,21,4,287,0,261,16,46.17604691333197,/home/senior/senior/Sample_Projects/round_2/3182310/lib/jython/Lib/encodings/mac_iceland.py
3182310,0,0,0,0,0,0,0.0,0.0,0.0,0.0,0.0,0.0,A,1.3,698,25,5,675,0,646,18,38.092790741581275,/home/senior/senior/Sample_Projects/round_2/3182310/lib/jython/Lib/encodings/cp437.py
3182310,0,0,0,0,0,0,0.0,0.0,0.0,0.0,0.0,0.0,,,527,3,0,412,12,104,103,,/home/senior/senior/Sample_Projects/round_2/3182310/lib/jython/Lib/encodings/aliases.py
3182310,0,0,0,0,0,0,0.0,0.0,0.0,0.0,0.0,0.0,A,1.3,307,21,4,287,0,261,16,46.17604691333197,/home/senior/senior/Sample_Projects/round_2/3182310/lib/jython/Lib/encodings/iso8859_1.py
3182310,0,0,0,0,0,0,0.0,0.0,0.0,0.0,0.0,0.0,A,1.3,307,21,4,287,0,261,16,46.17604691333197,/home/senior/senior/Sample_Projects/round_2/3182310/lib/jython/Lib/encodings/iso8859_14.py
3182310,14,65,42,80,79,122,444.756876755656,769.0612512776066,8.615384615384615,6625.758472545534,368.09769291919633,0.2563537504258689,C,13.0,167,71,25,105,8,26,29,33.86002477756488,/home/senior/senior/Sample_Projects/round_2/3182310/lib/jython/Lib/encodings/__init__.py
3182310,0,0,0,0,0,0,0.0,0.0,0.0,0.0,0.0,0.0,A,1.14285714286,42,16,2,23,4,2,13,69.73840397982778,/home/senior/senior/Sample_Projects/round_2/3182310/lib/jython/Lib/encodings/utf_16_be.py
3182310,0,0,0,0,0,0,0.0,0.0,0.0,0.0,0.0,0.0,A,1.3,307,21,4,287,0,261,16,46.17604691333197,/home/senior/senior/Sample_Projects/round_2/3182310/lib/jython/Lib/encodings/cp1257.py
3182310,0,0,0,0,0,0,0.0,0.0,0.0,0.0,0.0,0.0,A,1.0,39,16,5,26,0,5,8,68.64177939808765,/home/senior/senior/Sample_Projects/round_2/3182310/lib/jython/Lib/encodings/shift_jisx0213.py
3182310,0,0,0,0,0,0,0.0,0.0,0.0,0.0,0.0,0.0,A,1.3,49,19,2,26,7,2,14,68.60142852089466,/home/senior/senior/Sample_Projects/round_2/3182310/lib/jython/Lib/encodings/undefined.py
3182310,0,0,0,0,0,0,0.0,0.0,0.0,0.0,0.0,0.0,A,1.3,697,25,5,675,0,646,17,38.092790741581275,/home/senior/senior/Sample_Projects/round_2/3182310/lib/jython/Lib/encodings/cp775.py
3182310,0,0,0,0,0,0,0.0,0.0,0.0,0.0,0.0,0.0,A,1.3,307,21,4,287,0,261,16,46.17604691333197,/home/senior/senior/Sample_Projects/round_2/3182310/lib/jython/Lib/encodings/cp1258.py
3182310,5,44,30,52,49,82,251.8246316944779,460.4062072174471,2.9545454545454546,1360.291066778821,75.57172593215672,0.15346873573914904,B,5.23076923077,178,116,16,125,0,16,37,34.82509148029048,/home/senior/senior/Sample_Projects/round_2/3182310/lib/jython/Lib/encodings/idna.py
3182310,0,0,0,0,0,0,0.0,0.0,0.0,0.0,0.0,0.0,A,1.0,39,16,5,26,0,5,8,68.64177939808765,/home/senior/senior/Sample_Projects/round_2/3182310/lib/jython/Lib/encodings/iso2022_jp_3.py
3182310,0,0,0,0,0,0,0.0,0.0,0.0,0.0,0.0,0.0,A,1.3,307,21,4,287,0,261,16,46.17604691333197,/home/senior/senior/Sample_Projects/round_2/3182310/lib/jython/Lib/encodings/mac_romanian.py
3182310,3,21,13,26,24,39,96.99355338051744,178.81353752812512,1.8571428571428572,332.0822839808038,18.449015776711324,0.05960451250937504,A,2.26315789474,126,84,6,93,4,6,23,40.865562615445576,/home/senior/senior/Sample_Projects/round_2/3182310/lib/jython/Lib/encodings/utf_16.py
3182310,0,0,0,0,0,0,0.0,0.0,0.0,0.0,0.0,0.0,A,1.3,152,23,4,130,0,99,18,53.6390662948195,/home/senior/senior/Sample_Projects/round_2/3182310/lib/jython/Lib/encodings/hp_roman8.py
3182310,0,0,0,0,0,0,0.0,0.0,0.0,0.0,0.0,0.0,A,1.3,307,21,4,287,0,261,16,46.17604691333197,/home/senior/senior/Sample_Projects/round_2/3182310/lib/jython/Lib/encodings/cp1256.py
3182310,1,8,4,8,9,12,24.0,38.03910001730775,0.5,19.019550008653876,1.0566416671474377,0.012679700005769252,A,1.75,79,31,2,36,20,2,21,54.41222136330743,/home/senior/senior/Sample_Projects/round_2/3182310/lib/jython/Lib/encodings/hex_codec.py
3182310,0,0,0,0,0,0,0.0,0.0,0.0,0.0,0.0,0.0,A,1.14285714286,37,16,2,23,3,2,9,69.73840397982778,/home/senior/senior/Sample_Projects/round_2/3182310/lib/jython/Lib/encodings/utf_32_be.py
3182310,0,0,0,0,0,0,0.0,0.0,0.0,0.0,0.0,0.0,A,1.3,307,21,4,287,0,261,16,46.17604691333197,/home/senior/senior/Sample_Projects/round_2/3182310/lib/jython/Lib/encodings/mac_centeuro.py
3182310,0,0,0,0,0,0,0.0,0.0,0.0,0.0,0.0,0.0,A,1.3,307,21,4,287,0,261,16,46.17604691333197,/home/senior/senior/Sample_Projects/round_2/3182310/lib/jython/Lib/encodings/mac_turkish.py
3182310,0,0,0,0,0,0,0.0,0.0,0.0,0.0,0.0,0.0,A,1.3,307,21,4,287,0,261,16,46.17604691333197,/home/senior/senior/Sample_Projects/round_2/3182310/lib/jython/Lib/encodings/iso8859_5.py
3182310,0,0,0,0,0,0,0.0,0.0,0.0,0.0,0.0,0.0,A,1.0,39,16,5,26,0,5,8,68.64177939808765,/home/senior/senior/Sample_Projects/round_2/3182310/lib/jython/Lib/encodings/hz.py
3182310,0,0,0,0,0,0,0.0,0.0,0.0,0.0,0.0,0.0,A,1.3,307,21,4,287,0,261,16,46.17604691333197,/home/senior/senior/Sample_Projects/round_2/3182310/lib/jython/Lib/encodings/cp037.py
3182310,0,0,0,0,0,0,0.0,0.0,0.0,0.0,0.0,0.0,A,1.0,39,16,5,26,0,5,8,68.64177939808765,/home/senior/senior/Sample_Projects/round_2/3182310/lib/jython/Lib/encodings/big5hkscs.py
3182310,0,0,0,0,0,0,0.0,0.0,0.0,0.0,0.0,0.0,A,1.0,39,16,5,26,0,5,8,68.64177939808765,/home/senior/senior/Sample_Projects/round_2/3182310/lib/jython/Lib/encodings/iso2022_kr.py
3182310,11,114,84,166,125,250,817.0032094197909,1741.446071165522,8.008771929824562,13946.844412053699,774.8246895585388,0.5804820237218407,A,2.72727272727,237,187,16,183,8,12,30,27.533878944827602,/home/senior/senior/Sample_Projects/round_2/3182310/lib/jython/Lib/encodings/punycode.py
3182310,0,0,0,0,0,0,0.0,0.0,0.0,0.0,0.0,0.0,A,1.0,39,16,5,26,0,5,8,68.64177939808765,/home/senior/senior/Sample_Projects/round_2/3182310/lib/jython/Lib/encodings/shift_jis_2004.py
3182310,0,0,0,0,0,0,0.0,0.0,0.0,0.0,0.0,0.0,A,1.3,307,21,4,287,0,261,16,46.17604691333197,/home/senior/senior/Sample_Projects/round_2/3182310/lib/jython/Lib/encodings/iso8859_13.py
3182310,0,0,0,0,0,0,0.0,0.0,0.0,0.0,0.0,0.0,A,1.14285714286,47,17,5,24,5,5,13,69.35166929489904,/home/senior/senior/Sample_Projects/round_2/3182310/lib/jython/Lib/encodings/mbcs.py
3182310,0,0,0,0,0,0,0.0,0.0,0.0,0.0,0.0,0.0,A,1.14285714286,42,16,2,23,4,2,13,69.73840397982778,/home/senior/senior/Sample_Projects/round_2/3182310/lib/jython/Lib/encodings/utf_8.py
3182310,0,0,0,0,0,0,0.0,0.0,0.0,0.0,0.0,0.0,A,1.0,39,16,5,26,0,5,8,68.64177939808765,/home/senior/senior/Sample_Projects/round_2/3182310/lib/jython/Lib/encodings/cp949.py
3182310,0,0,0,0,0,0,0.0,0.0,0.0,0.0,0.0,0.0,A,1.3,307,21,4,287,0,261,16,46.17604691333197,/home/senior/senior/Sample_Projects/round_2/3182310/lib/jython/Lib/encodings/cp1253.py
3182310,0,0,0,0,0,0,0.0,0.0,0.0,0.0,0.0,0.0,A,1.0,39,16,5,26,0,5,8,68.64177939808765,/home/senior/senior/Sample_Projects/round_2/3182310/lib/jython/Lib/encodings/iso2022_jp_1.py
3182310,0,0,0,0,0,0,0.0,0.0,0.0,0.0,0.0,0.0,A,1.3,83,23,5,61,0,34,17,60.725978340508476,/home/senior/senior/Sample_Projects/round_2/3182310/lib/jython/Lib/encodings/palmos.py
3182310,0,0,0,0,0,0,0.0,0.0,0.0,0.0,0.0,0.0,A,1.3,307,21,4,287,0,225,16,46.17604691333197,/home/senior/senior/Sample_Projects/round_2/3182310/lib/jython/Lib/encodings/iso8859_8.py
3182310,0,0,0,0,0,0,0.0,0.0,0.0,0.0,0.0,0.0,A,1.0,39,16,5,26,0,5,8,68.64177939808765,/home/senior/senior/Sample_Projects/round_2/3182310/lib/jython/Lib/encodings/iso2022_jp_2004.py
3182310,0,0,0,0,0,0,0.0,0.0,0.0,0.0,0.0,0.0,A,1.3,307,21,4,287,0,261,16,46.17604691333197,/home/senior/senior/Sample_Projects/round_2/3182310/lib/jython/Lib/encodings/iso8859_16.py
3182310,0,0,0,0,0,0,0.0,0.0,0.0,0.0,0.0,0.0,A,1.3,307,21,4,287,0,261,16,46.17604691333197,/home/senior/senior/Sample_Projects/round_2/3182310/lib/jython/Lib/encodings/cp1026.py
3182310,0,0,0,0,0,0,0.0,0.0,0.0,0.0,0.0,0.0,A,1.3,307,21,4,287,0,261,16,46.17604691333197,/home/senior/senior/Sample_Projects/round_2/3182310/lib/jython/Lib/encodings/cp424.py
3182310,0,0,0,0,0,0,0.0,0.0,0.0,0.0,0.0,0.0,A,1.0,39,16,5,26,0,5,8,68.64177939808765,/home/senior/senior/Sample_Projects/round_2/3182310/lib/jython/Lib/encodings/euc_jis_2004.py
3182310,0,0,0,0,0,0,0.0,0.0,0.0,0.0,0.0,0.0,A,1.25,45,17,4,24,4,4,13,69.3372582673305,/home/senior/senior/Sample_Projects/round_2/3182310/lib/jython/Lib/encodings/raw_unicode_escape.py
3182310,0,0,0,0,0,0,0.0,0.0,0.0,0.0,0.0,0.0,A,1.3,307,21,4,287,0,261,16,46.17604691333197,/home/senior/senior/Sample_Projects/round_2/3182310/lib/jython/Lib/encodings/cp856.py
3182310,0,0,0,0,0,0,0.0,0.0,0.0,0.0,0.0,0.0,A,1.0,39,16,5,26,0,5,8,68.64177939808765,/home/senior/senior/Sample_Projects/round_2/3182310/lib/jython/Lib/encodings/euc_kr.py
3182310,0,0,0,0,0,0,0.0,0.0,0.0,0.0,0.0,0.0,A,1.3,307,21,4,287,0,258,16,46.17604691333197,/home/senior/senior/Sample_Projects/round_2/3182310/lib/jython/Lib/encodings/iso8859_7.py
3182310,0,0,0,0,0,0,0.0,0.0,0.0,0.0,0.0,0.0,A,1.3,698,25,5,675,0,646,18,38.092790741581275,/home/senior/senior/Sample_Projects/round_2/3182310/lib/jython/Lib/encodings/cp860.py
3182310,0,0,0,0,0,0,0.0,0.0,0.0,0.0,0.0,0.0,A,1.3,698,25,5,675,0,646,18,38.092790741581275,/home/senior/senior/Sample_Projects/round_2/3182310/lib/jython/Lib/encodings/cp862.py
3182310,0,0,0,0,0,0,0.0,0.0,0.0,0.0,0.0,0.0,A,1.3,309,21,4,289,0,253,16,46.110484823225484,/home/senior/senior/Sample_Projects/round_2/3182310/lib/jython/Lib/encodings/cp720.py
3182310,0,0,0,0,0,0,0.0,0.0,0.0,0.0,0.0,0.0,A,1.3,307,21,4,287,0,216,16,46.17604691333197,/home/senior/senior/Sample_Projects/round_2/3182310/lib/jython/Lib/encodings/iso8859_6.py
3182310,0,0,0,0,0,0,0.0,0.0,0.0,0.0,0.0,0.0,A,1.3,307,21,4,287,0,261,16,46.17604691333197,/home/senior/senior/Sample_Projects/round_2/3182310/lib/jython/Lib/encodings/iso8859_2.py
3182310,0,0,0,0,0,0,0.0,0.0,0.0,0.0,0.0,0.0,A,1.3,307,21,4,287,0,261,16,46.17604691333197,/home/senior/senior/Sample_Projects/round_2/3182310/lib/jython/Lib/encodings/cp874.py
3182310,0,0,0,0,0,0,0.0,0.0,0.0,0.0,0.0,0.0,A,1.3,698,25,5,675,0,646,18,38.092790741581275,/home/senior/senior/Sample_Projects/round_2/3182310/lib/jython/Lib/encodings/cp866.py
3182310,0,0,0,0,0,0,0.0,0.0,0.0,0.0,0.0,0.0,A,1.0,39,16,5,26,0,5,8,68.64177939808765,/home/senior/senior/Sample_Projects/round_2/3182310/lib/jython/Lib/encodings/cp932.py
3182310,1,4,2,4,5,6,8.0,13.931568569324174,0.5,6.965784284662087,0.3869880158145604,0.004643856189774725,A,1.41666666667,75,39,2,44,13,2,16,55.525234187616576,/home/senior/senior/Sample_Projects/round_2/3182310/lib/jython/Lib/encodings/quopri_codec.py
3182310,0,0,0,0,0,0,0.0,0.0,0.0,0.0,0.0,0.0,A,1.3,307,21,4,287,0,261,16,46.17604691333197,/home/senior/senior/Sample_Projects/round_2/3182310/lib/jython/Lib/encodings/cp1254.py
3182310,4,32,21,42,36,63,168.0,325.70527509086565,2.625,854.9763471135224,47.498685950751245,0.10856842503028855,A,2.42857142857,150,99,13,113,3,13,21,37.19994718660398,/home/senior/senior/Sample_Projects/round_2/3182310/lib/jython/Lib/encodings/utf_32.py
3182310,0,0,0,0,0,0,0.0,0.0,0.0,0.0,0.0,0.0,A,1.3,307,21,4,287,0,261,16,46.17604691333197,/home/senior/senior/Sample_Projects/round_2/3182310/lib/jython/Lib/encodings/koi8_u.py
3182310,0,0,0,0,0,0,0.0,0.0,0.0,0.0,0.0,0.0,A,1.28571428571,69,31,4,44,0,5,21,63.763949345033645,/home/senior/senior/Sample_Projects/round_2/3182310/lib/jython/Lib/encodings/charmap.py
3182310,0,0,0,0,0,0,0.0,0.0,0.0,0.0,0.0,0.0,A,1.3,307,21,4,287,0,261,16,46.17604691333197,/home/senior/senior/Sample_Projects/round_2/3182310/lib/jython/Lib/encodings/mac_roman.py
3182310,0,0,0,0,0,0,0.0,0.0,0.0,0.0,0.0,0.0,A,1.3,307,21,4,287,0,261,16,46.17604691333197,/home/senior/senior/Sample_Projects/round_2/3182310/lib/jython/Lib/encodings/iso8859_10.py
3182310,0,0,0,0,0,0,0.0,0.0,0.0,0.0,0.0,0.0,A,1.3,307,21,4,287,0,261,16,46.17604691333197,/home/senior/senior/Sample_Projects/round_2/3182310/lib/jython/Lib/encodings/mac_greek.py
3182310,0,0,0,0,0,0,0.0,0.0,0.0,0.0,0.0,0.0,A,1.3,307,21,4,287,0,261,16,46.17604691333197,/home/senior/senior/Sample_Projects/round_2/3182310/lib/jython/Lib/encodings/mac_cyrillic.py
3182310,0,0,0,0,0,0,0.0,0.0,0.0,0.0,0.0,0.0,A,1.0,39,16,5,26,0,5,8,68.64177939808765,/home/senior/senior/Sample_Projects/round_2/3182310/lib/jython/Lib/encodings/iso2022_jp.py
3182310,0,0,0,0,0,0,0.0,0.0,0.0,0.0,0.0,0.0,A,1.3,175,23,4,153,0,123,18,52.106647860174974,/home/senior/senior/Sample_Projects/round_2/3182310/lib/jython/Lib/encodings/ptcp154.py
3182310,0,0,0,0,0,0,0.0,0.0,0.0,0.0,0.0,0.0,A,1.3,307,21,4,287,0,261,16,46.17604691333197,/home/senior/senior/Sample_Projects/round_2/3182310/lib/jython/Lib/encodings/cp1140.py
3182310,0,0,0,0,0,0,0.0,0.0,0.0,0.0,0.0,0.0,A,1.3,307,21,4,287,0,261,16,46.17604691333197,/home/senior/senior/Sample_Projects/round_2/3182310/lib/jython/Lib/encodings/cp1255.py
3182310,0,0,0,0,0,0,0.0,0.0,0.0,0.0,0.0,0.0,A,1.3,307,21,4,287,0,261,16,46.17604691333197,/home/senior/senior/Sample_Projects/round_2/3182310/lib/jython/Lib/encodings/iso8859_9.py
3182310,2,9,5,10,11,15,30.529325012980813,51.89147427955947,1.1111111111111112,57.65719364395497,3.203177424664165,0.01729715809318649,A,1.6875,102,49,2,54,21,3,25,49.741648053636844,/home/senior/senior/Sample_Projects/round_2/3182310/lib/jython/Lib/encodings/bz2_codec.py
3182310,0,0,0,0,0,0,0.0,0.0,0.0,0.0,0.0,0.0,A,1.0,39,16,5,26,0,5,8,68.64177939808765,/home/senior/senior/Sample_Projects/round_2/3182310/lib/jython/Lib/encodings/big5.py
3182310,0,0,0,0,0,0,0.0,0.0,0.0,0.0,0.0,0.0,A,1.0,39,16,5,26,0,5,8,68.64177939808765,/home/senior/senior/Sample_Projects/round_2/3182310/lib/jython/Lib/encodings/euc_jisx0213.py
3182310,0,0,0,0,0,0,0.0,0.0,0.0,0.0,0.0,0.0,A,1.3,307,21,4,287,0,261,16,46.17604691333197,/home/senior/senior/Sample_Projects/round_2/3182310/lib/jython/Lib/encodings/iso8859_15.py
3182310,0,0,0,0,0,0,0.0,0.0,0.0,0.0,0.0,0.0,A,1.3,689,25,5,666,0,637,18,38.21976681647187,/home/senior/senior/Sample_Projects/round_2/3182310/lib/jython/Lib/encodings/cp869.py
3182310,0,0,0,0,0,0,0.0,0.0,0.0,0.0,0.0,0.0,A,1.3,307,21,4,287,0,254,16,46.17604691333197,/home/senior/senior/Sample_Projects/round_2/3182310/lib/jython/Lib/encodings/iso8859_3.py
3182310,0,0,0,0,0,0,0.0,0.0,0.0,0.0,0.0,0.0,A,1.14285714286,37,16,2,23,3,2,9,69.73840397982778,/home/senior/senior/Sample_Projects/round_2/3182310/lib/jython/Lib/encodings/utf_32_le.py
3182310,0,0,0,0,0,0,0.0,0.0,0.0,0.0,0.0,0.0,A,1.3,698,25,5,675,0,646,18,38.092790741581275,/home/senior/senior/Sample_Projects/round_2/3182310/lib/jython/Lib/encodings/cp855.py
3182310,0,0,0,0,0,0,0.0,0.0,0.0,0.0,0.0,0.0,A,1.0,39,16,5,26,0,5,8,68.64177939808765,/home/senior/senior/Sample_Projects/round_2/3182310/lib/jython/Lib/encodings/shift_jis.py
3182310,0,0,0,0,0,0,0.0,0.0,0.0,0.0,0.0,0.0,A,1.3,307,21,4,287,0,252,16,46.17604691333197,/home/senior/senior/Sample_Projects/round_2/3182310/lib/jython/Lib/encodings/tis_620.py
3182310,0,0,0,0,0,0,0.0,0.0,0.0,0.0,0.0,0.0,A,1.3,307,21,4,287,0,261,16,46.17604691333197,/home/senior/senior/Sample_Projects/round_2/3182310/lib/jython/Lib/encodings/cp1251.py
3182310,0,0,0,0,0,0,0.0,0.0,0.0,0.0,0.0,0.0,A,1.22222222222,50,20,4,27,4,4,15,68.26735428307082,/home/senior/senior/Sample_Projects/round_2/3182310/lib/jython/Lib/encodings/ascii.py
3182310,0,0,0,0,0,0,0.0,0.0,0.0,0.0,0.0,0.0,A,1.3,698,25,5,675,0,646,18,38.092790741581275,/home/senior/senior/Sample_Projects/round_2/3182310/lib/jython/Lib/encodings/cp850.py
3182310,0,0,0,0,0,0,0.0,0.0,0.0,0.0,0.0,0.0,A,1.0,39,16,5,26,0,5,8,68.64177939808765,/home/senior/senior/Sample_Projects/round_2/3182310/lib/jython/Lib/encodings/iso2022_jp_2.py
3182310,0,0,0,0,0,0,0.0,0.0,0.0,0.0,0.0,0.0,A,1.3,307,21,4,287,0,261,16,46.17604691333197,/home/senior/senior/Sample_Projects/round_2/3182310/lib/jython/Lib/encodings/mac_farsi.py
3182310,0,0,0,0,0,0,0.0,0.0,0.0,0.0,0.0,0.0,A,1.14285714286,42,16,2,23,4,2,13,69.73840397982778,/home/senior/senior/Sample_Projects/round_2/3182310/lib/jython/Lib/encodings/utf_16_le.py
3182310,0,0,0,0,0,0,0.0,0.0,0.0,0.0,0.0,0.0,A,1.3,698,25,5,675,0,646,18,38.092790741581275,/home/senior/senior/Sample_Projects/round_2/3182310/lib/jython/Lib/encodings/mac_arabic.py
3182310,0,0,0,0,0,0,0.0,0.0,0.0,0.0,0.0,0.0,A,1.3,307,21,4,287,0,261,16,46.17604691333197,/home/senior/senior/Sample_Projects/round_2/3182310/lib/jython/Lib/encodings/cp500.py
3182310,0,0,0,0,0,0,0.0,0.0,0.0,0.0,0.0,0.0,A,1.3,698,25,5,675,0,646,18,38.092790741581275,/home/senior/senior/Sample_Projects/round_2/3182310/lib/jython/Lib/encodings/cp861.py
3182310,0,0,0,0,0,0,0.0,0.0,0.0,0.0,0.0,0.0,A,1.3,307,21,4,287,0,261,16,46.17604691333197,/home/senior/senior/Sample_Projects/round_2/3182310/lib/jython/Lib/encodings/cp1250.py
3182310,0,0,0,0,0,0,0.0,0.0,0.0,0.0,0.0,0.0,A,1.3,307,21,4,287,0,261,16,46.17604691333197,/home/senior/senior/Sample_Projects/round_2/3182310/lib/jython/Lib/encodings/iso8859_4.py
3182310,0,0,0,0,0,0,0.0,0.0,0.0,0.0,0.0,0.0,A,1.3,698,25,5,675,0,646,18,38.092790741581275,/home/senior/senior/Sample_Projects/round_2/3182310/lib/jython/Lib/encodings/cp852.py
3182310,0,0,0,0,0,0,0.0,0.0,0.0,0.0,0.0,0.0,A,1.14285714286,38,16,2,23,3,2,10,69.73840397982778,/home/senior/senior/Sample_Projects/round_2/3182310/lib/jython/Lib/encodings/utf_7.py
3182310,0,0,0,0,0,0,0.0,0.0,0.0,0.0,0.0,0.0,A,1.3,698,25,5,675,0,646,18,38.092790741581275,/home/senior/senior/Sample_Projects/round_2/3182310/lib/jython/Lib/encodings/cp865.py
3182310,0,0,0,0,0,0,0.0,0.0,0.0,0.0,0.0,0.0,A,1.0,39,16,5,26,0,5,8,68.64177939808765,/home/senior/senior/Sample_Projects/round_2/3182310/lib/jython/Lib/encodings/gb2312.py
3182310,15,188,120,225,203,345,1478.8660630495235,2644.540891428886,8.976063829787234,23737.567841948112,1318.7537689971173,0.8815136304762953,A,2.54700854701,1726,845,168,758,587,179,213,12.86343800031399,/home/senior/senior/Sample_Projects/round_2/3182310/lib/jython/Lib/logging/__init__.py
3182310,12,173,106,201,185,307,1329.2102333898074,2312.134108378508,6.971098265895954,16118.114073436303,895.4507818575725,0.7707113694595026,B,5.21052631579,906,651,118,642,58,107,88,14.484777475099444,/home/senior/senior/Sample_Projects/round_2/3182310/lib/jython/Lib/logging/config.py
3182310,18,182,121,236,200,357,1441.4772745421244,2728.8566597495765,11.67032967032967,31846.656842352197,1769.258713464011,0.9096188865831921,A,3.359375,1198,646,115,635,341,168,107,14.33374517051206,/home/senior/senior/Sample_Projects/round_2/3182310/lib/jython/Lib/logging/handlers.py
3182310,13,142,97,186,155,283,1063.369807305499,2059.1432066926095,8.514084507042254,17531.719273882853,973.984404104603,0.6863810688975365,B,7.21428571429,414,315,9,379,0,15,26,19.55039763176013,/home/senior/senior/Sample_Projects/round_2/3182310/lib/jython/bin/runxlrd.py
3182310,2,12,6,12,14,18,45.01955000865388,68.53238859703687,1.0,68.53238859703687,3.8073549220576037,0.022844129532345624,,,65,27,14,32,0,14,19,,/home/senior/senior/Sample_Projects/round_2/3182310/pythonnC/Ex7_ExtractNeuroML.py
3182310,0,0,0,0,0,0,0.0,0.0,0.0,0.0,0.0,0.0,,,1,0,0,0,0,0,1,,/home/senior/senior/Sample_Projects/round_2/3182310/pythonnC/__init__.py
3182310,5,21,15,30,26,45,103.84830635279079,211.51978731634918,3.5714285714285716,755.4278118441042,41.9682117691169,0.07050659577211639,,,85,35,17,35,0,17,33,,/home/senior/senior/Sample_Projects/round_2/3182310/pythonnC/Ex3_ManualCreate.py
3182310,1,18,9,18,19,27,75.05865002596161,114.6940428629768,0.5,57.3470214314884,3.185945635082689,0.03823134762099227,,,73,22,17,21,11,19,24,,/home/senior/senior/Sample_Projects/round_2/3182310/pythonnC/Ex6_LoadCells.py
3182310,6,65,34,68,71,102,406.96368285117643,627.2742061894776,3.1384615384615384,1968.675970194668,109.37088723303711,0.20909140206315918,A,5.0,223,114,21,113,12,28,77,34.86555922152524,/home/senior/senior/Sample_Projects/round_2/3182310/pythonnC/Ex5_MultiSimGenerate.py
3182310,0,0,0,0,0,0,0.0,0.0,0.0,0.0,0.0,0.0,,,37,14,16,14,0,16,7,,/home/senior/senior/Sample_Projects/round_2/3182310/pythonnC/Ex1_Simple.py
3182310,8,30,20,40,38,60,171.20671786825557,314.8756508066151,5.333333333333333,1679.3368043019473,93.29648912788596,0.1049585502688717,,,77,34,17,34,0,17,26,,/home/senior/senior/Sample_Projects/round_2/3182310/pythonnC/Ex4_SaveNetworkML.py
3182310,2,14,7,14,16,21,55.30296890880645,84.0,1.0,84.0,4.666666666666667,0.028,,,61,25,15,25,0,15,21,,/home/senior/senior/Sample_Projects/round_2/3182310/pythonnC/Ex2_SaveProject.py
3182310,0,0,0,0,0,0,0.0,0.0,0.0,0.0,0.0,0.0,,,1,1,1,0,0,0,0,,/home/senior/senior/Sample_Projects/round_2/3182310/pythonnC/utils/__init__.py
3182310,6,23,12,23,29,35,119.55169999363824,170.02933482946506,3.0,510.0880044883952,28.33822247157751,0.05667644494315502,A,2.54545454545,155,112,12,114,12,13,17,39.06965058740402,/home/senior/senior/Sample_Projects/round_2/3182310/pythonnC/utils/jutils.py
3182310,10,33,19,37,43,56,199.6842868877026,303.8708262633175,5.606060606060606,1703.518268445871,94.63990380254839,0.10129027542110583,A,3.6,332,172,28,198,73,29,33,31.974879166039532,/home/senior/senior/Sample_Projects/round_2/3182310/pythonnC/utils/putils.py
3182310,2,4,2,4,6,6,10.0,15.509775004326936,1.0,15.509775004326936,0.861654166907052,0.005169925001442312,A,1.0,15,9,1,9,0,1,5,69.52489346053315,/home/senior/senior/Sample_Projects/round_2/3182310/pythonnC/utils/test.py
3182310,6,27,15,27,33,42,143.89173756274062,211.86455301305503,3.0,635.5936590391651,35.310758835509176,0.07062151767101835,A,3.33333333333,144,101,4,92,26,9,22,40.30983042185779,/home/senior/senior/Sample_Projects/round_2/3182310/pythonnC/utils/neurotools.py
3182310,10,22,13,25,32,38,131.32677655889415,190.0,5.681818181818182,1079.5454545454545,59.974747474747474,0.06333333333333334,B,5.5,126,103,8,103,3,10,12,39.28891556027327,/home/senior/senior/Sample_Projects/round_2/3182310/pythonnC/utils/socketserver.py
3182310,0,0,0,0,0,0,0.0,0.0,0.0,0.0,0.0,0.0,A,2.0,42,32,2,35,0,2,5,65.78186736667311,/home/senior/senior/Sample_Projects/round_2/3182310/pythonnC/utils/constants.py
