project_id,add,delete,churn,pathname
31069027,31,4,35,hr_attendance_apk/models/hr_employee.py
31069027,1,2,3,hr_attendance_report/models/hr_attendance_report_parser.py
31069027,19,0,19,hr_attendance_apk/models/hr_employee.py
31069027,1,0,1,hr_attendance_report/__openerp__.py
31069027,17,13,30,hr_attendance_reminder/models/hr_attendance.py
31069027,1,0,1,hr_attendance_report/__openerp__.py
31069027,1,0,1,hr_attendance_report/models/__init__.py
31069027,4,1,5,hr_attendance_report/models/hr_attendance_report_parser.py
31069027,117,0,117,hr_attendance_report/models/resource.py
31069027,1,1,2,hr_attendance_apk/__init__.py
31069027,1,0,1,hr_attendance_apk/__openerp__.py
31069027,19,1,20,hr_attendance_apk/models/clock_company_apk.py
31069027,40,8,48,hr_attendance_apk/models/hr_employee.py
31069027,1,0,1,hr_attendance_report/models/__init__.py
31069027,37,0,37,hr_attendance_report/models/hr_attendance.py
31069027,0,8,8,hr_biometric_machine/__init__.py
31069027,0,27,27,hr_biometric_machine/__openerp__.py
31069027,0,27,27,hr_biometric_machine/migrations/1.3.0/post-migration.py
31069027,0,28,28,hr_biometric_machine/migrations/1.3.0/pre-migration.py
31069027,0,9,9,hr_biometric_machine/models/__init__.py
31069027,0,190,190,hr_biometric_machine/models/biometric_data.py
31069027,0,167,167,hr_biometric_machine/models/biometric_machine.py
31069027,0,29,29,hr_biometric_machine/models/biometric_user.py
31069027,0,23,23,hr_biometric_machine/models/hr_attendance.py
31069027,0,6,6,hr_biometric_machine/pyzk/__init__.py
31069027,0,29,29,hr_biometric_machine/pyzk/attendance.py
31069027,0,7,7,hr_biometric_machine/tests/__init__.py
31069027,0,141,141,hr_biometric_machine/tests/biometric.py
31069027,0,41,41,hr_biometric_machine/tests/test_attendance.py
31069027,0,5,5,hr_biometric_machine/wizard/__init__.py
31069027,0,46,46,hr_biometric_machine/wizard/biometric_data_wizard.py
31069027,0,33,33,hr_biometric_machine/wizard/biometric_user_wizard.py
31069027,8,0,8,hr_biometric_machine/__init__.py
31069027,27,0,27,hr_biometric_machine/__openerp__.py
31069027,27,0,27,hr_biometric_machine/migrations/1.3.0/post-migration.py
31069027,28,0,28,hr_biometric_machine/migrations/1.3.0/pre-migration.py
31069027,9,0,9,hr_biometric_machine/models/__init__.py
31069027,190,0,190,hr_biometric_machine/models/biometric_data.py
31069027,167,0,167,hr_biometric_machine/models/biometric_machine.py
31069027,29,0,29,hr_biometric_machine/models/biometric_user.py
31069027,23,0,23,hr_biometric_machine/models/hr_attendance.py
31069027,6,0,6,hr_biometric_machine/pyzk/__init__.py
31069027,29,0,29,hr_biometric_machine/pyzk/attendance.py
31069027,7,0,7,hr_biometric_machine/tests/__init__.py
31069027,141,0,141,hr_biometric_machine/tests/biometric.py
31069027,41,0,41,hr_biometric_machine/tests/test_attendance.py
31069027,5,0,5,hr_biometric_machine/wizard/__init__.py
31069027,46,0,46,hr_biometric_machine/wizard/biometric_data_wizard.py
31069027,33,0,33,hr_biometric_machine/wizard/biometric_user_wizard.py
31069027,4,0,4,hr_attendance_reminder/__init__.py
31069027,23,0,23,hr_attendance_reminder/__openerp__.py
31069027,5,0,5,hr_attendance_reminder/models/__init__.py
31069027,59,0,59,hr_attendance_reminder/models/hr_attendance.py
31069027,12,0,12,hr_attendance_reminder/models/resource_calendar.py
31069027,22,0,22,hr_attendance_report/__init__.py
31069027,43,0,43,hr_attendance_report/__openerp__.py
31069027,22,0,22,hr_attendance_report/models/__init__.py
31069027,110,0,110,hr_attendance_report/models/hr_attendance_report_parser.py
31069027,50,0,50,hr_attendance_report/models/ir_qweb.py
31069027,21,0,21,hr_attendance_report/wizard/__init__.py
31069027,39,0,39,hr_attendance_report/wizard/employee_print_attendance_report.py
31069027,85,46,131,hr_attendance_apk/models/hr_employee.py
31069027,8,4,12,hr_attendance_apk/models/clock_company_apk.py
31069027,89,57,146,hr_attendance_apk/models/hr_employee.py
31069027,2,0,2,hr_attendance_apk/__init__.py
31069027,21,0,21,hr_attendance_apk/__openerp__.py
31069027,3,0,3,hr_attendance_apk/models/__init__.py
31069027,54,0,54,hr_attendance_apk/models/clock_company_apk.py
31069027,161,0,161,hr_attendance_apk/models/hr_employee.py
31069027,3,0,3,hr_attendance_apk/tests/__init__.py
31069027,66,0,66,hr_attendance_apk/tests/test_hr_attendance_rfid_process.py
31069027,0,4,4,web_decimal_numpad_dot/__init__.py
31069027,0,42,42,web_decimal_numpad_dot/__openerp__.py
31069027,1,1,2,stock_transfer_only_available/wizard/stock_transfer_details.py
31069027,1,0,1,stock_picking_review/__openerp__.py
31069027,4,0,4,picking_invoice_rel/stock.py
31069027,2,1,3,stock_transfer_uos/wizard/stock_transfer_details.py
31069027,2,20,22,picking_invoice_rel/invoice.py
31069027,25,10,35,picking_invoice_rel/invoice.py
31069027,1,1,2,picking_invoice_rel/invoice.py
31069027,6,1,7,picking_invoice_rel/invoice.py
31069027,4,0,4,facebook_pixel/__init__.py
31069027,22,0,22,facebook_pixel/__openerp__.py
31069027,4,0,4,facebook_pixel/models/__init__.py
31069027,36,0,36,facebook_pixel/models/website.py
31069027,2,9,11,stock_picking_valued/models/stock.py
31069027,24,13,37,stock_picking_valued/models/stock.py
31069027,20,0,20,stock_picking_valued/models/stock.py
31069027,9,2,11,stock_transfer_only_available/wizard/stock_transfer_details.py
31069027,1,0,1,cmnt_global_discount/models/account_invoice.py
31069027,2,2,4,cmnt_global_discount/models/sale.py
31069027,1,1,2,nan_partner_risk/risk.py
31069027,2,1,3,customer_expense_account/models/expense_structure.py
31069027,7,1,8,customer_expense_account/models/expense_structure.py
31069027,7,9,16,customer_expense_account/wizard/customer_expense_wzd.py
31069027,6,4,10,customer_expense_account/models/expense_type.py
31069027,23,21,44,customer_expense_account/wizard/customer_expense_wzd.py
31069027,45,53,98,customer_expense_account/wizard/customer_expense_wzd.py
31069027,10,2,12,customer_expense_account/models/expense_structure.py
31069027,5,3,8,customer_expense_account/wizard/customer_expense_wzd.py
31069027,5,3,8,customer_expense_account/report/customer_expense_parser.py
31069027,115,81,196,customer_expense_account/wizard/customer_expense_wzd.py
31069027,2,3,5,account_invoice_bank_usability/models/account_invoice.py
31069027,38,18,56,purchase_landed_cost/models/purchase_cost_distribution.py
31069027,6,6,12,purchase_landed_cost/models/purchase_cost_distribution.py
31069027,4,3,7,purchase_landed_cost/__openerp__.py
31069027,63,36,99,purchase_landed_cost/models/purchase_cost_distribution.py
31069027,38,24,62,customer_expense_account/wizard/customer_expense_wzd.py
31069027,3,1,4,customer_expense_account/__openerp__.py
31069027,14,0,14,customer_expense_account/models/expense_type.py
31069027,0,1,1,customer_expense_account/models/res_company.py
31069027,0,1,1,customer_expense_account/models/res_partner.py
31069027,5,5,10,customer_expense_account/report/customer_expense_parser.py
31069027,11,2,13,customer_expense_account/tests/test_expense_structure.py
31069027,113,57,170,customer_expense_account/wizard/customer_expense_wzd.py
31069027,0,1,1,website_cmnt_custom_snippet/__openerp__.py
31069027,1,1,2,nan_partner_risk/risk.py
31069027,36,1,37,nan_partner_risk/risk.py
31069027,2,0,2,nan_partner_risk/wizard/open_risk_window.py
31069027,20,6,26,nan_partner_risk/risk.py
31069027,4,0,4,hubspot_tracking/__init__.py
31069027,21,0,21,hubspot_tracking/__openerp__.py
31069027,4,0,4,hubspot_tracking/models/__init__.py
31069027,21,0,21,hubspot_tracking/models/website.py
31069027,1,1,2,custom_partner_sequence/models/res_partner.py
31069027,1,3,4,customer_expense_account/__openerp__.py
31069027,97,9,106,customer_expense_account/tests/test_expense_structure.py
31069027,24,0,24,customer_expense_account/wizard/customer_expense_wzd.py
31069027,7,0,7,website_sale_filter_countries/controllers/main.py
31069027,7,0,7,website_sale_filter_countries/models/res_country.py
31069027,2,2,4,cmnt_global_discount/models/account_invoice.py
31069027,2,1,3,cmnt_global_discount/models/account_invoice.py
31069027,0,1,1,cmnt_global_discount/models/sale.py
31069027,0,1,1,cmnt_global_discount/models/sale.py
31069027,69,66,135,cmnt_global_discount/models/account_invoice.py
31069027,0,5,5,cmnt_global_discount/models/global_discount.py
31069027,1,8,9,cmnt_global_discount/models/res_partner.py
31069027,5,18,23,cmnt_global_discount/models/sale.py
31069027,5,0,5,website_sale_filter_countries/__init__.py
31069027,22,0,22,website_sale_filter_countries/__openerp__.py
31069027,4,0,4,website_sale_filter_countries/controllers/__init__.py
31069027,21,0,21,website_sale_filter_countries/controllers/main.py
31069027,4,0,4,website_sale_filter_countries/models/__init__.py
31069027,12,0,12,website_sale_filter_countries/models/res_country.py
31069027,9,3,12,custom_partner_sequence/models/res_partner.py
31069027,1,0,1,custom_partner_sequence/__openerp__.py
31069027,3,0,3,customer_expense_account/__openerp__.py
31069027,54,28,82,customer_expense_account/tests/test_expense_structure.py
31069027,13,1,14,customer_expense_account/tests/test_expense_structure.py
31069027,3,3,6,customer_expense_account/wizard/customer_expense_wzd.py
31069027,3,0,3,cmnt_global_discount/__openerp__.py
31069027,2,1,3,cmnt_global_discount/models/__init__.py
31069027,17,7,24,cmnt_global_discount/models/account_invoice.py
31069027,17,0,17,cmnt_global_discount/models/global_discount.py
31069027,7,2,9,cmnt_global_discount/models/res_partner.py
31069027,25,13,38,cmnt_global_discount/models/sale.py
31069027,5,6,11,cmnt_global_discount/models/stock.py
31069027,2,2,4,cmnt_global_discount/models/sale.py
31069027,3,3,6,cmnt_global_discount/models/res_partner.py
31069027,1,0,1,cmnt_global_discount/__openerp__.py
31069027,2,1,3,cmnt_global_discount/models/__init__.py
31069027,16,0,16,cmnt_global_discount/models/res_partner.py
31069027,10,0,10,cmnt_global_discount/models/sale.py
31069027,1,1,2,customer_expense_account/__init__.py
31069027,4,1,5,customer_expense_account/models/expense_structure.py
31069027,1,1,2,customer_expense_account/report/__init__.py
31069027,4,0,4,customer_expense_account/tests/__init__.py
31069027,48,0,48,customer_expense_account/tests/test_expense_structure.py
31069027,11,2,13,customer_expense_account/report/purchase_order_parser.py
31069027,12,0,12,customer_expense_account/models/res_company.py
31069027,21,0,21,customer_expense_account/report/__init__.py
31069027,36,0,36,customer_expense_account/report/purchase_order_parser.py
31069027,12,11,23,customer_expense_account/wizard/customer_expense_wzd.py
31069027,4,0,4,custom_partner_sequence/__init__.py
31069027,26,0,26,custom_partner_sequence/__openerp__.py
31069027,4,0,4,custom_partner_sequence/models/__init__.py
31069027,43,0,43,custom_partner_sequence/models/res_partner.py
31069027,1,1,2,stock_picking_review/stock.py
31069027,1,0,1,customer_expense_account/__openerp__.py
31069027,1,0,1,customer_expense_account/models/__init__.py
31069027,5,2,7,customer_expense_account/wizard/customer_expense_wzd.py
31069027,2,1,3,customer_expense_account/__init__.py
31069027,2,0,2,customer_expense_account/__openerp__.py
31069027,38,24,62,customer_expense_account/wizard/customer_expense_wzd.py
31069027,1,0,1,customer_expense_account/models/expense_type.py
31069027,33,45,78,customer_expense_account/wizard/customer_expense_wzd.py
31069027,0,2,2,customer_expense_account/models/expense_structure.py
31069027,2,4,6,customer_expense_account/models/expense_type.py
31069027,104,12,116,customer_expense_account/wizard/customer_expense_wzd.py
31069027,2,0,2,customer_expense_account/models/expense_type.py
31069027,62,23,85,customer_expense_account/wizard/customer_expense_wzd.py
31069027,2,0,2,rappel/__init__.py
31069027,4,2,6,rappel/__openerp__.py
31069027,29,0,29,rappel/invoice.py
31069027,5,2,7,rappel/rappel_customer_rel.py
31069027,50,0,50,rappel/sale.py
31069027,1,1,2,customer_expense_account/models/expense_structure.py
31069027,3,4,7,customer_expense_account/wizard/customer_expense_wzd.py
31069027,1,0,1,customer_expense_account/__openerp__.py
31069027,1,0,1,customer_expense_account/models/expense_structure.py
31069027,4,0,4,customer_expense_account/models/expense_type.py
31069027,20,14,34,customer_expense_account/wizard/customer_expense_wzd.py
31069027,2,2,4,customer_expense_account/wizard/customer_expense_wzd.py
31069027,2,2,4,customer_expense_account/models/expense_structure.py
31069027,12,7,19,customer_expense_account/models/expense_type.py
31069027,1,1,2,customer_expense_account/models/res_partner.py
31069027,0,1,1,customer_expense_account/wizard/customer_expense_wzd.py
31069027,11,1,12,customer_expense_account/models/expense_structure.py
31069027,13,4,17,customer_expense_account/models/expense_type.py
31069027,32,32,64,customer_expense_account/wizard/customer_expense_wzd.py
31069027,13,4,17,customer_expense_account/models/expense_structure.py
31069027,4,2,6,customer_expense_account/models/expense_type.py
31069027,105,40,145,customer_expense_account/wizard/customer_expense_wzd.py
31069027,9,9,18,customer_expense_account/wizard/customer_expense_wzd.py
31069027,0,37,37,customer_expense_account/models/expense_structure.py
31069027,1,1,2,customer_expense_account/models/expense_type.py
31069027,96,6,102,customer_expense_account/wizard/customer_expense_wzd.py
31069027,6,0,6,customer_expense_account/__init__.py
31069027,31,0,31,customer_expense_account/__openerp__.py
31069027,6,0,6,customer_expense_account/models/__init__.py
31069027,63,0,63,customer_expense_account/models/expense_structure.py
31069027,21,0,21,customer_expense_account/models/expense_type.py
31069027,13,0,13,customer_expense_account/models/res_partner.py
31069027,6,0,6,customer_expense_account/wizard/__init__.py
31069027,31,0,31,customer_expense_account/wizard/customer_expense_wzd.py
31069027,11,12,23,purchase_landed_cost/models/purchase_cost_distribution.py
31069027,4,0,4,cmnt_global_discount/__init__.py
31069027,33,0,33,cmnt_global_discount/__openerp__.py
31069027,6,0,6,cmnt_global_discount/models/__init__.py
31069027,84,0,84,cmnt_global_discount/models/account_invoice.py
31069027,82,0,82,cmnt_global_discount/models/sale.py
31069027,20,0,20,cmnt_global_discount/models/stock.py
31069027,8,2,10,nan_partner_risk/risk.py
31069027,8,23,31,purchase_landed_cost/__openerp__.py
31069027,14,0,14,purchase_landed_cost/migrations/8.0.2.0.0/post-migration.py
31069027,2,16,18,purchase_landed_cost/models/__init__.py
31069027,21,0,21,purchase_landed_cost/models/account_invoice.py
31069027,14,0,14,purchase_landed_cost/models/format_lang_wrapper.py
31069027,140,98,238,purchase_landed_cost/models/purchase_cost_distribution.py
31069027,1,2,3,purchase_landed_cost/models/stock_picking.py
31069027,2,16,18,purchase_landed_cost/wizard/__init__.py
31069027,1,0,1,purchase_landed_cost/wizard/import_invoice_line.py
31069027,35,0,35,purchase_landed_cost/wizard/import_landed_cost_pickings_wizard.py
31069027,13,4,17,purchase_landed_cost/wizard/picking_import_wizard.py
31069027,2,0,2,cmnt_custom_reports/__openerp__.py
31069027,3,0,3,cmnt_custom_reports/__init__.py
31069027,29,0,29,cmnt_custom_reports/__openerp__.py
31069027,3,0,3,cmnt_custom_reports/models/__init__.py
31069027,3,0,3,website_cmnt_custom_snippet/__init__.py
31069027,24,0,24,website_cmnt_custom_snippet/__openerp__.py
31069027,2,2,4,picking_invoice_pending/stock_picking.py
31069027,6,5,11,stock_picking_review/stock.py
31069027,1,1,2,nan_partner_risk/risk.py
31069027,1,1,2,account_invoice_bank_usability/__openerp__.py
31069027,20,0,20,account_invoice_bank_usability/migrations/8.0.1.0.0/post-migration.py
31069027,11,11,22,account_invoice_bank_usability/models/stock_picking.py
31069027,2,2,4,sale_early_payment_discount/account_invoice.py
31069027,10,1,11,sale_early_payment_discount/account_invoice.py
31069027,7,0,7,sale_early_payment_discount/product_category.py
31069027,18,4,22,sale_early_payment_discount/sale.py
31069027,7,11,18,rappel/rappel_info.py
31069027,1,0,1,hide_product_variants/__init__.py
31069027,16,0,16,hide_product_variants/product.py
31069027,2,1,3,sale_early_payment_discount/__openerp__.py
31069027,2,2,4,product_virtual_stock_conservative/models/product.py
31069027,1,0,1,odoo_signup_auth_oauth/__openerp__.py
31069027,44,0,44,odoo_signup_auth_oauth/controllers/main.py
31069027,2,1,3,odoo_signup_auth_oauth/controllers/main.py
31069027,5,0,5,odoo_signup_auth_oauth/__init__.py
31069027,26,0,26,odoo_signup_auth_oauth/__openerp__.py
31069027,5,0,5,odoo_signup_auth_oauth/controllers/__init__.py
31069027,33,0,33,odoo_signup_auth_oauth/controllers/main.py
31069027,2,2,4,picking_invoice_rel/stock.py
31069027,3,5,8,picking_invoice_rel/stock.py
31069027,1,1,2,picking_invoice_rel/__openerp__.py
31069027,1,0,1,picking_invoice_rel/stock.py
31069027,1,0,1,account_direct_debit_with_refunds/__openerp__.py
31069027,2,0,2,account_direct_debit_with_refunds/__init__.py
31069027,17,0,17,account_direct_debit_with_refunds/__openerp__.py
31069027,1,0,1,account_direct_debit_with_refunds/models/__init__.py
31069027,27,0,27,account_direct_debit_with_refunds/models/payment_line.py
31069027,1,0,1,account_direct_debit_with_refunds/wizard/__init__.py
31069027,17,0,17,account_direct_debit_with_refunds/wizard/payment_order_create.py
31069027,2,0,2,account_invoice_bank_usability/__init__.py
31069027,39,0,39,account_invoice_bank_usability/__openerp__.py
31069027,2,0,2,account_invoice_bank_usability/models/__init__.py
31069027,151,0,151,account_invoice_bank_usability/models/account_invoice.py
31069027,60,0,60,account_invoice_bank_usability/models/stock_picking.py
31069027,1,0,1,account_invoice_bank_usability/wizard/__init__.py
31069027,30,0,30,account_invoice_bank_usability/wizard/account_invoice_refund.py
31069027,24,0,24,account_move_import/__init__.py
31069027,40,0,40,account_move_import/__openerp__.py
31069027,23,0,23,account_move_import/models/__init__.py
31069027,42,0,42,account_move_import/models/account_move.py
31069027,23,0,23,account_move_import/tests/__init__.py
31069027,51,0,51,account_move_import/tests/test_import_move_line.py
31069027,23,0,23,account_move_import/wizard/__init__.py
31069027,576,0,576,account_move_import/wizard/import_move_line_wizard.py
31069027,2,1,3,account_banking_sepadd_groupby_partner/__openerp__.py
31069027,6,1,7,account_banking_sepadd_groupby_partner/payment_order.py
31069027,1,2,3,picking_invoice_rel/__openerp__.py
31069027,1,1,2,product_cost_management/__openerp__.py
31069027,2,2,4,product_cost_management/models/mrp_production.py
31069027,3,3,6,stock_transfer_uos/wizard/stock_transfer_details.py
31069027,18,8,26,stock_transfer_uos/wizard/stock_transfer_details.py
31069027,0,0,0,{strock_transfer_uos => stock_transfer_uos}/__init__.py
31069027,0,0,0,{strock_transfer_uos => stock_transfer_uos}/__openerp__.py
31069027,0,0,0,{strock_transfer_uos => stock_transfer_uos}/wizard/__init__.py
31069027,0,0,0,{strock_transfer_uos => stock_transfer_uos}/wizard/stock_transfer_details.py
31069027,17,3,20,strock_transfer_uos/wizard/stock_transfer_details.py
31069027,22,0,22,document_gdrive/__init__.py
31069027,43,0,43,document_gdrive/__openerp__.py
31069027,54,0,54,document_gdrive/res_config.py
31069027,21,0,21,document_gdrive/wizard/__init__.py
31069027,55,0,55,document_gdrive/wizard/document_gdrive.py
31069027,22,0,22,product_cost_management/__init__.py
31069027,50,0,50,product_cost_management/__openerp__.py
31069027,25,0,25,product_cost_management/models/__init__.py
31069027,123,0,123,product_cost_management/models/cost_structure_elements.py
31069027,64,0,64,product_cost_management/models/cost_type.py
31069027,24,0,24,product_cost_management/models/mrp_production.py
31069027,146,0,146,product_cost_management/models/product.py
31069027,98,0,98,product_cost_management/models/stock.py
31069027,22,0,22,product_cost_management/wizard/__init__.py
31069027,263,0,263,product_cost_management/wizard/product_costs.py
31069027,110,0,110,product_cost_management/wizard/stock_valuation_history.py
31069027,22,0,22,purchases_forecast/__init__.py
31069027,41,0,41,purchases_forecast/__openerp__.py
31069027,238,0,238,purchases_forecast/purchases_forecast.py
31069027,21,0,21,purchases_forecast/wizard/__init__.py
31069027,82,0,82,purchases_forecast/wizard/merge_purchase_forecast.py
31069027,22,0,22,sales_forecast/__init__.py
31069027,43,0,43,sales_forecast/__openerp__.py
31069027,291,0,291,sales_forecast/sales_forecast.py
31069027,23,0,23,sales_forecast/wizard/__init__.py
31069027,148,0,148,sales_forecast/wizard/get_sales_forecast.py
31069027,82,0,82,sales_forecast/wizard/merge_sales_forecast.py
31069027,101,0,101,sales_forecast/wizard/scale_sales_forecast.py
31069027,0,1,1,account_due_dates_str/models/invoice.py
31069027,1,1,2,account_due_dates_str/__openerp__.py
31069027,1,1,2,account_due_dates_str/models/invoice.py
31069027,1,1,2,sale_early_payment_discount/sale.py
31069027,7,5,12,sale_early_payment_discount/account_invoice.py
31069027,9,8,17,sale_early_payment_discount/__openerp__.py
31069027,3,0,3,sale_early_payment_discount/partner_payment_term_early_discount.py
31069027,7,5,12,sale_early_payment_discount/sale.py
31069027,1,1,2,account_due_dates_str/models/invoice.py
31069027,1,1,2,account_due_dates_str/models/invoice.py
31069027,7,10,17,account_due_dates_str/models/invoice.py
31069027,3,11,14,account_due_dates_str/models/invoice.py
31069027,22,0,22,account_due_dates_str/__init__.py
31069027,34,0,34,account_due_dates_str/__openerp__.py
31069027,22,0,22,account_due_dates_str/models/__init__.py
31069027,73,0,73,account_due_dates_str/models/invoice.py
31069027,4,6,10,sale_early_payment_discount/account_invoice.py
31069027,1,7,8,stock_picking_review/stock.py
31069027,1,3,4,stock_picking_review/wizard/fast_return.py
31069027,4,0,4,stock_fix_child_locations/__init__.py
31069027,20,0,20,stock_fix_child_locations/__openerp__.py
31069027,4,0,4,stock_fix_child_locations/models/__init__.py
31069027,24,0,24,stock_fix_child_locations/models/stock.py
31069027,10,2,12,sale_early_payment_discount/account_invoice.py
31069027,16,15,31,picking_invoice_rel/stock.py
31069027,1,1,2,product_stock_unsafety/product_stock_unsafety.py
31069027,5,0,5,stock_transfer_only_available/__init__.py
31069027,15,0,15,stock_transfer_only_available/__openerp__.py
31069027,4,0,4,stock_transfer_only_available/models/__init__.py
31069027,30,0,30,stock_transfer_only_available/models/stock.py
31069027,4,0,4,stock_transfer_only_available/wizard/__init__.py
31069027,55,0,55,stock_transfer_only_available/wizard/stock_transfer_details.py
31069027,0,1,1,picking_invoice_rel/__init__.py
31069027,0,44,44,picking_invoice_rel/sale.py
31069027,14,0,14,picking_invoice_pending/stock_picking.py
31069027,3,3,6,picking_invoice_rel/sale.py
31069027,1,1,2,sale_margin_percentage/models/sale.py
31069027,1,1,2,sale_margin_percentage/models/sale.py
31069027,1,0,1,account_bank_reconcile_filter/__init__.py
31069027,34,0,34,account_bank_reconcile_filter/__openerp__.py
31069027,1,0,1,account_bank_reconcile_filter/models/__init__.py
31069027,41,0,41,account_bank_reconcile_filter/models/account_bank_statement_line.py
31069027,10,10,20,stock_picking_review/stock.py
31069027,17,16,33,stock_picking_valued/models/stock.py
31069027,6,6,12,stock_picking_valued_early_discount/models/stock.py
31069027,4,2,6,sale_margin_percentage/models/sale.py
31069027,1,1,2,sale_margin_percentage/models/sale.py
31069027,13,3,16,sale_margin_percentage/models/sale.py
31069027,5,0,5,strock_transfer_uos/__init__.py
31069027,28,0,28,strock_transfer_uos/__openerp__.py
31069027,6,0,6,strock_transfer_uos/wizard/__init__.py
31069027,90,0,90,strock_transfer_uos/wizard/stock_transfer_details.py
31069027,2,2,4,stock_picking_review/stock.py
31069027,1,0,1,product_virtual_stock_conservative/__init__.py
31069027,32,0,32,product_virtual_stock_conservative/__openerp__.py
31069027,1,0,1,product_virtual_stock_conservative/models/__init__.py
31069027,52,0,52,product_virtual_stock_conservative/models/product.py
31069027,1,1,2,picking_invoice_pending/stock_picking.py
31069027,14,1,15,picking_invoice_pending/stock_picking.py
31069027,14,2,16,picking_invoice_pending/stock_picking.py
31069027,7,2,9,picking_invoice_pending/stock_picking.py
31069027,10,8,18,sale_margin_percentage/models/sale.py
31069027,2,2,4,sale_margin_percentage/models/sale.py
31069027,1,0,1,account_banking_mandate_active/__init__.py
31069027,33,0,33,account_banking_mandate_active/__openerp__.py
31069027,1,0,1,account_banking_mandate_active/models/__init__.py
31069027,30,0,30,account_banking_mandate_active/models/account_banking_mandate.py
31069027,1,0,1,res_partner_bank_active/__init__.py
31069027,33,0,33,res_partner_bank_active/__openerp__.py
31069027,1,0,1,res_partner_bank_active/models/__init__.py
31069027,29,0,29,res_partner_bank_active/models/res_partner_bank.py
31069027,5,0,5,sale_margin_percentage/__init__.py
31069027,22,0,22,sale_margin_percentage/__openerp__.py
31069027,23,0,23,sale_margin_percentage/models/__init__.py
31069027,72,0,72,sale_margin_percentage/models/sale.py
31069027,35,0,35,sale_margin_percentage/models/sale_report.py
31069027,0,1,1,nan_partner_risk/__openerp__.py
31069027,27,88,115,nan_partner_risk/risk.py
31069027,12,48,60,nan_partner_risk/wizard/open_risk_window.py
31069027,2,1,3,harmonized_system/__openerp__.py
31069027,2,0,2,block_invoices/__init__.py
31069027,2,0,2,block_invoices/__openerp__.py
31069027,2,0,2,block_invoices/res_company.py
31069027,2,2,4,block_invoices/res_partner.py
31069027,2,0,2,block_invoices/sale_make_invoice.py
31069027,2,0,2,block_invoices/stock_invoice_onshipping.py
31069027,0,1,1,account_banking_sepadd_groupby_partner/__init__.py
31069027,3,3,6,account_banking_sepadd_groupby_partner/__openerp__.py
31069027,0,4,4,account_banking_sepadd_groupby_partner/payment_order.py
31069027,0,2,2,account_banking_sepadd_groupby_partner/wizard/__init__.py
31069027,0,370,370,account_banking_sepadd_groupby_partner/wizard/export_sdd.py
31069027,38,12,50,stock_picking_review/stock.py
31069027,1,1,2,stock_picking_review/wizard/fast_return.py
31069027,22,7,29,stock_picking_review/stock.py
31069027,0,21,21,stock_picking_invoice_link/__init__.py
31069027,0,37,37,stock_picking_invoice_link/__openerp__.py
31069027,0,78,78,stock_picking_invoice_link/stock.py
31069027,1,1,2,stock_picking_review/__openerp__.py
31069027,1,1,2,stock_picking_review/wizard/fast_return.py
31069027,82,76,158,stock_picking_review/stock.py
31069027,1,4,5,sale_early_payment_discount/__openerp__.py
31069027,23,0,23,stock_picking_valued_early_discount/__init__.py
31069027,34,0,34,stock_picking_valued_early_discount/__openerp__.py
31069027,23,0,23,stock_picking_valued_early_discount/models/__init__.py
31069027,63,0,63,stock_picking_valued_early_discount/models/stock.py
31069027,1,1,2,stock_picking_review/__openerp__.py
31069027,1,2,3,stock_picking_valued/__init__.py
31069027,3,2,5,stock_picking_valued/__openerp__.py
31069027,25,0,25,stock_picking_valued/models/__init__.py
31069027,0,1,1,stock_picking_valued/{ => models}/partner.py
31069027,45,0,45,stock_picking_valued/models/sale_order.py
31069027,41,53,94,stock_picking_valued/{ => models}/stock.py
31069027,0,1,1,purchase_landed_cost/models/purchase_cost_distribution.py
31069027,23,0,23,stock_picking_review/__init__.py
31069027,38,0,38,stock_picking_review/__openerp__.py
31069027,358,0,358,stock_picking_review/stock.py
31069027,22,0,22,stock_picking_review/wizard/__init__.py
31069027,119,0,119,stock_picking_review/wizard/fast_return.py
31069027,2,2,4,purchase_landed_cost/models/purchase_cost_distribution.py
31069027,7,0,7,account_journal_book/__init__.py
31069027,49,0,49,account_journal_book/__openerp__.py
31069027,5,0,5,account_journal_book/models/__init__.py
31069027,29,0,29,account_journal_book/models/account.py
31069027,5,0,5,account_journal_book/report/__init__.py
31069027,45,0,45,account_journal_book/report/account_move_line_record.py
31069027,7,0,7,account_journal_book/wizard/__init__.py
31069027,135,0,135,account_journal_book/wizard/account_move_book_renumber_wizard.py
31069027,52,0,52,account_journal_book/wizard/account_period_close_wizard.py
31069027,110,0,110,account_journal_book/wizard/wizard_print_journal_entries.py
31069027,1,1,2,partner_risk_insurance/__openerp__.py
31069027,29,0,29,partner_risk_insurance/migrations/8.0.2.0.0/post-migration.py
31069027,23,0,23,partner_risk_insurance/migrations/8.0.2.0.0/pre-migration.py
31069027,14,15,29,partner_risk_insurance/models/res_partner.py
31069027,24,0,24,picking_invoice_pending/__init__.py
31069027,43,0,43,picking_invoice_pending/__openerp__.py
31069027,101,0,101,picking_invoice_pending/account_invoice.py
31069027,41,0,41,picking_invoice_pending/res_company.py
31069027,154,0,154,picking_invoice_pending/stock_picking.py
31069027,1,1,2,l10n_es_intrastat/__openerp__.py
31069027,1,1,2,l10n_es_intrastat/__openerp__.py
31069027,1,1,2,l10n_es_intrastat/intrastat.py
31069027,1,1,2,l10n_es_intrastat/intrastat.py
31069027,37,18,55,l10n_es_intrastat/intrastat.py
31069027,1,0,1,l10n_es_intrastat/__openerp__.py
31069027,22,0,22,l10n_es_intrastat/__init__.py
31069027,46,0,46,l10n_es_intrastat/__openerp__.py
31069027,760,0,760,l10n_es_intrastat/intrastat.py
31069027,1,1,2,nan_partner_risk/wizard/open_risk_window.py
31069027,1,0,1,nan_partner_risk/__openerp__.py
31069027,88,27,115,nan_partner_risk/risk.py
31069027,48,12,60,nan_partner_risk/wizard/open_risk_window.py
31069027,96,33,129,partner_risk_insurance/models/res_partner.py
31069027,25,0,25,product_stock_unsafety/__init__.py
31069027,50,0,50,product_stock_unsafety/__openerp__.py
31069027,112,0,112,product_stock_unsafety/product_stock_unsafety.py
31069027,111,0,111,product_stock_unsafety/purchase.py
31069027,98,0,98,product_stock_unsafety/schedulers.py
31069027,29,0,29,product_stock_unsafety/stock_warehouse_orderpoint.py
31069027,1,0,1,partner_paydays/partner_paydays.py
31069027,1,11,12,picking_invoice_rel/stock.py
31069027,0,0,0,acc_analytic_acc_distribution_between/__init__.py
31069027,38,0,38,acc_analytic_acc_distribution_between/__openerp__.py
31069027,23,0,23,account_bank_transfer/__init__.py
31069027,37,0,37,account_bank_transfer/__openerp__.py
31069027,23,0,23,account_bank_transfer/wizard/__init__.py
31069027,111,0,111,account_bank_transfer/wizard/bank_transfer_wizard.py
31069027,3,0,3,account_banking_sepadd_groupby_partner/__init__.py
31069027,39,0,39,account_banking_sepadd_groupby_partner/__openerp__.py
31069027,61,0,61,account_banking_sepadd_groupby_partner/payment_order.py
31069027,2,0,2,account_banking_sepadd_groupby_partner/wizard/__init__.py
31069027,370,0,370,account_banking_sepadd_groupby_partner/wizard/export_sdd.py
31069027,30,0,30,account_by_business_line/__init__.py
31069027,48,0,48,account_by_business_line/__openerp__.py
31069027,206,0,206,account_by_business_line/account.py
31069027,43,0,43,account_by_business_line/account_voucher.py
31069027,36,0,36,account_by_business_line/business_line.py
31069027,80,0,80,account_by_business_line/invoice.py
31069027,23,0,23,account_by_business_line/report/__init__.py
31069027,198,0,198,account_by_business_line/report/account_balance_parser.py
31069027,25,0,25,account_by_business_line/wizard/__init__.py
31069027,44,0,44,account_by_business_line/wizard/wizard_account_balance_report.py
31069027,27,0,27,block_invoices/__init__.py
31069027,32,0,32,block_invoices/__openerp__.py
31069027,87,0,87,block_invoices/account_invoice.py
31069027,28,0,28,block_invoices/res_company.py
31069027,104,0,104,block_invoices/res_partner.py
31069027,51,0,51,block_invoices/sale_make_invoice.py
31069027,80,0,80,block_invoices/sale_order.py
31069027,50,0,50,block_invoices/stock_invoice_onshipping.py
31069027,27,0,27,customer_product_name/__init__.py
31069027,36,0,36,customer_product_name/__openerp__.py
31069027,37,0,37,customer_product_name/customer_product_name.py
31069027,35,0,35,customer_product_name/product.py
31069027,49,0,49,customer_product_name/sale.py
31069027,22,0,22,harmonized_system/__init__.py
31069027,33,0,33,harmonized_system/__openerp__.py
31069027,34,0,34,harmonized_system/harmonized.py
31069027,24,0,24,no_pickings/__init__.py
31069027,20,0,20,no_pickings/__openerp__.py
31069027,78,0,78,no_pickings/no_pickings.py
31069027,22,0,22,no_pickings/wizard/__init__.py
31069027,61,0,61,no_pickings/wizard/moves_to_pick.py
31069027,26,0,26,partner_paydays/__init__.py
31069027,45,0,45,partner_paydays/__openerp__.py
31069027,49,0,49,partner_paydays/invoice.py
31069027,169,0,169,partner_paydays/partner_paydays.py
31069027,27,0,27,purchase_supplier_pricelist/__init__.py
31069027,35,0,35,purchase_supplier_pricelist/__openerp__.py
31069027,206,0,206,purchase_supplier_pricelist/pricelist.py
31069027,65,0,65,purchase_supplier_pricelist/product.py
31069027,51,0,51,purchase_supplier_pricelist/purchase.py
31069027,21,0,21,sale_different_warehouse/__init__.py
31069027,34,0,34,sale_different_warehouse/__openerp__.py
31069027,48,0,48,sale_different_warehouse/sale.py
31069027,24,0,24,stock_picking_valued/__init__.py
31069027,38,0,38,stock_picking_valued/__openerp__.py
31069027,30,0,30,stock_picking_valued/partner.py
31069027,151,0,151,stock_picking_valued/stock.py
31069027,4,0,4,web_decimal_numpad_dot/__init__.py
31069027,42,0,42,web_decimal_numpad_dot/__openerp__.py
31069027,0,30,30,nan/nan_account_bank_statement/__init__.py
31069027,0,55,55,nan/nan_account_bank_statement/__openerp__.py
31069027,0,695,695,nan/nan_account_bank_statement/account_statement.py
31069027,0,36,36,nan/nan_account_extension/__init__.py
31069027,0,63,63,nan/nan_account_extension/__openerp__.py
31069027,0,182,182,nan/nan_account_extension/account.py
31069027,0,44,44,nan/nan_account_extension/company.py
31069027,0,117,117,nan/nan_account_extension/invoice.py
31069027,0,137,137,nan/nan_account_extension/partner.py
31069027,0,32,32,nan/nan_account_extension/wizard/__init__.py
31069027,0,54,54,nan/nan_account_extension/wizard/wizard_invoice_draft.py
31069027,0,33,33,nan/nan_account_invoice_sequence/__init__.py
31069027,0,51,51,nan/nan_account_invoice_sequence/__openerp__.py
31069027,0,51,51,nan/nan_account_invoice_sequence/account.py
31069027,0,90,90,nan/nan_account_invoice_sequence/invoice.py
31069027,0,23,23,nan/nan_partner_risk_insurance/__init__.py
31069027,0,21,21,nan/nan_partner_risk_insurance/__openerp__.py
31069027,0,47,47,nan/nan_partner_risk_insurance/partner.py
31069027,0,30,30,nan/nan_product_pack/__init__.py
31069027,0,26,26,nan/nan_product_pack/__openerp__.py
31069027,0,248,248,nan/nan_product_pack/pack.py
31069027,0,22,22,paydays/__init__.py
31069027,0,42,42,paydays/__openerp__.py
31069027,0,85,85,paydays/paydays.py
31069027,26,0,26,rappel/__init__.py
31069027,48,0,48,rappel/__openerp__.py
31069027,123,0,123,rappel/rappel.py
31069027,166,0,166,rappel/rappel_customer_rel.py
31069027,157,0,157,rappel/rappel_info.py
31069027,33,0,33,rappel/rappel_type.py
31069027,28,0,28,rappel/res_partner.py
31069027,22,0,22,rappel/wizard/__init__.py
31069027,102,0,102,rappel/wizard/compute_rappel_invoice.py
31069027,6,6,12,sale_early_payment_discount/account_invoice.py
31069027,8,8,16,sale_early_payment_discount/sale.py
31069027,0,1,1,picking_invoice_rel/stock.py
31069027,1,1,2,sale_early_payment_discount/sale.py
31069027,1,1,2,picking_invoice_rel/stock.py
31069027,2,0,2,stock_picking_invoice_link/stock.py
31069027,5,0,5,picking_invoice_rel/invoice.py
31069027,0,1,1,picking_invoice_rel/sale.py
31069027,24,6,30,picking_invoice_rel/stock.py
31069027,9,5,14,purchase_landed_cost/models/purchase_cost_distribution.py
31069027,1,1,2,purchase_landed_cost/models/stock_picking.py
31069027,21,0,21,stock_picking_invoice_link/__init__.py
31069027,37,0,37,stock_picking_invoice_link/__openerp__.py
31069027,76,0,76,stock_picking_invoice_link/stock.py
31069027,20,0,20,hide_product_variants/__init__.py
31069027,33,0,33,hide_product_variants/__openerp__.py
31069027,0,1,1,purchase_landed_cost/models/purchase_order.py
31069027,1,0,1,purchase_landed_cost/models/stock_picking.py
31069027,7,7,14,sale_early_payment_discount/__init__.py
31069027,17,19,36,sale_early_payment_discount/__openerp__.py
31069027,89,97,186,sale_early_payment_discount/account_invoice.py
31069027,8,6,14,sale_early_payment_discount/partner.py
31069027,19,22,41,sale_early_payment_discount/partner_payment_term_early_discount.py
31069027,7,6,13,sale_early_payment_discount/payment_term.py
31069027,7,10,17,sale_early_payment_discount/product_category.py
31069027,33,69,102,sale_early_payment_discount/sale.py
31069027,14,7,21,sale_early_payment_discount/stock_picking.py
31069027,1,0,1,purchase_landed_cost/models/purchase_order.py
31069027,32,0,32,base_translate_tools/__init__.py
31069027,39,0,39,base_translate_tools/__openerp__.py
31069027,280,0,280,base_translate_tools/ir_translation.py
31069027,30,0,30,nan/nan_account_bank_statement/__init__.py
31069027,55,0,55,nan/nan_account_bank_statement/__openerp__.py
31069027,695,0,695,nan/nan_account_bank_statement/account_statement.py
31069027,36,0,36,nan/nan_account_extension/__init__.py
31069027,63,0,63,nan/nan_account_extension/__openerp__.py
31069027,182,0,182,nan/nan_account_extension/account.py
31069027,44,0,44,nan/nan_account_extension/company.py
31069027,117,0,117,nan/nan_account_extension/invoice.py
31069027,137,0,137,nan/nan_account_extension/partner.py
31069027,32,0,32,nan/nan_account_extension/wizard/__init__.py
31069027,54,0,54,nan/nan_account_extension/wizard/wizard_invoice_draft.py
31069027,33,0,33,nan/nan_account_invoice_sequence/__init__.py
31069027,51,0,51,nan/nan_account_invoice_sequence/__openerp__.py
31069027,51,0,51,nan/nan_account_invoice_sequence/account.py
31069027,90,0,90,nan/nan_account_invoice_sequence/invoice.py
31069027,23,0,23,nan/nan_partner_risk_insurance/__init__.py
31069027,21,0,21,nan/nan_partner_risk_insurance/__openerp__.py
31069027,47,0,47,nan/nan_partner_risk_insurance/partner.py
31069027,30,0,30,nan/nan_product_pack/__init__.py
31069027,26,0,26,nan/nan_product_pack/__openerp__.py
31069027,248,0,248,nan/nan_product_pack/pack.py
31069027,31,0,31,sale_early_payment_discount/__init__.py
31069027,47,0,47,sale_early_payment_discount/__openerp__.py
31069027,229,0,229,sale_early_payment_discount/account_invoice.py
31069027,32,0,32,sale_early_payment_discount/partner.py
31069027,53,0,53,sale_early_payment_discount/partner_payment_term_early_discount.py
31069027,32,0,32,sale_early_payment_discount/payment_term.py
31069027,36,0,36,sale_early_payment_discount/product_category.py
31069027,148,0,148,sale_early_payment_discount/sale.py
31069027,38,0,38,sale_early_payment_discount/stock_picking.py
31069027,34,0,34,picking_invoice_rel/__init__.py
31069027,50,0,50,picking_invoice_rel/__openerp__.py
31069027,55,0,55,picking_invoice_rel/invoice.py
31069027,43,0,43,picking_invoice_rel/purchase.py
31069027,45,0,45,picking_invoice_rel/sale.py
31069027,61,0,61,picking_invoice_rel/stock.py
31069027,22,0,22,paydays/__init__.py
31069027,42,0,42,paydays/__openerp__.py
31069027,85,0,85,paydays/paydays.py
31069027,24,0,24,purchase_landed_cost/__init__.py
31069027,55,0,55,purchase_landed_cost/__openerp__.py
31069027,22,0,22,purchase_landed_cost/models/__init__.py
31069027,493,0,493,purchase_landed_cost/models/purchase_cost_distribution.py
31069027,48,0,48,purchase_landed_cost/models/purchase_expense_type.py
31069027,31,0,31,purchase_landed_cost/models/purchase_order.py
31069027,31,0,31,purchase_landed_cost/models/stock_picking.py
31069027,20,0,20,purchase_landed_cost/wizard/__init__.py
31069027,48,0,48,purchase_landed_cost/wizard/import_invoice_line.py
31069027,61,0,61,purchase_landed_cost/wizard/picking_import_wizard.py
31069027,0,0,0,nan_partner_risk/__init__.py
31069027,18,22,40,nan_partner_risk/__openerp__.py
31069027,48,60,108,nan_partner_risk/risk.py
31069027,0,0,0,nan_partner_risk/wizard/__init__.py
31069027,2,3,5,nan_partner_risk/wizard/open_risk_window.py
31069027,26,0,26,nan_partner_risk/__init__.py
31069027,30,0,30,nan_partner_risk/__openerp__.py
31069027,252,0,252,nan_partner_risk/risk.py
31069027,22,0,22,nan_partner_risk/wizard/__init__.py
31069027,62,0,62,nan_partner_risk/wizard/open_risk_window.py
31069027,23,0,23,partner_risk_insurance/__init__.py
31069027,38,0,38,partner_risk_insurance/__openerp__.py
31069027,24,0,24,partner_risk_insurance/models/__init__.py
31069027,57,0,57,partner_risk_insurance/models/res_partner.py
28420571,1,1,2,odl/tomo/analytic/filtered_back_projection.py
28420571,1,1,2,odl/tomo/geometry/conebeam.py
28420571,1,2,3,odl/tomo/geometry/conebeam.py
28420571,6,6,12,odl/tomo/operators/ray_trafo.py
28420571,6,6,12,odl/tomo/operators/ray_trafo.py
28420571,1,1,2,odl/contrib/datasets/ct/examples/mayo_reconstruct.py
28420571,21,16,37,odl/tomo/analytic/filtered_back_projection.py
28420571,9,10,19,odl/tomo/geometry/conebeam.py
28420571,2,2,4,doc/source/conf.py
28420571,1,1,2,odl/__init__.py
28420571,1,1,2,odl/test/largescale/trafos/fourier_slow_test.py
28420571,12,10,22,odl/contrib/param_opt/param_opt.py
28420571,2,2,4,odl/contrib/param_opt/test/test_param_opt.py
28420571,4,3,7,odl/solvers/functional/default_functionals.py
28420571,21,17,38,odl/solvers/functional/default_functionals.py
28420571,7,6,13,odl/test/solvers/functional/functional_test.py
28420571,13,3,16,odl/test/solvers/functional/functional_test.py
28420571,2,1,3,odl/solvers/util/steplen.py
28420571,2,2,4,odl/test/largescale/solvers/nonsmooth/default_functionals_slow_test.py
28420571,1,1,2,doc/source/getting_started/code/getting_started_convolution.py
28420571,1,0,1,examples/operator/convolution_operator.py
28420571,1,1,2,examples/solvers/pdhg_denoising_L2_HuberTV.py
28420571,1,1,2,odl/phantom/transmission.py
28420571,2,2,4,odl/phantom/transmission.py
28420571,3,2,5,odl/diagnostics/examples.py
28420571,6,6,12,odl/diagnostics/space.py
28420571,2,2,4,odl/discr/discr_mappings.py
28420571,2,2,4,odl/discr/discr_ops.py
28420571,2,3,5,odl/discr/discretization.py
28420571,2,2,4,odl/discr/grid.py
28420571,22,15,37,odl/discr/lp_discr.py
28420571,5,5,10,odl/discr/partition.py
28420571,4,4,8,odl/operator/default_ops.py
28420571,5,6,11,odl/operator/oputils.py
28420571,2,2,4,odl/operator/tensor_ops.py
28420571,3,3,6,odl/phantom/geometric.py
28420571,2,2,4,odl/phantom/noise.py
28420571,5,5,10,odl/phantom/transmission.py
28420571,1,1,2,odl/set/space.py
28420571,24,20,44,odl/solvers/functional/default_functionals.py
28420571,38,38,76,odl/solvers/functional/functional.py
28420571,3,2,5,odl/solvers/iterative/iterative.py
28420571,2,2,4,odl/solvers/nonsmooth/douglas_rachford.py
28420571,13,13,26,odl/solvers/nonsmooth/primal_dual_hybrid_gradient.py
28420571,8,8,16,odl/solvers/nonsmooth/proximal_operators.py
28420571,13,10,23,odl/solvers/smooth/nonlinear_cg.py
28420571,6,6,12,odl/solvers/util/callback.py
28420571,2,2,4,odl/solvers/util/steplen.py
28420571,2,2,4,odl/space/base_tensors.py
28420571,7,8,15,odl/space/npy_tensors.py
28420571,8,7,15,odl/tomo/analytic/filtered_back_projection.py
28420571,6,6,12,odl/tomo/backends/astra_cuda.py
28420571,1,3,4,odl/tomo/geometry/conebeam.py
28420571,4,2,6,odl/tomo/operators/ray_trafo.py
28420571,15,13,28,odl/trafos/fourier.py
28420571,4,4,8,odl/trafos/wavelet.py
28420571,2,2,4,odl/phantom/__init__.py
28420571,2,2,4,odl/space/__init__.py
28420571,2,2,4,odl/tomo/util/__init__.py
28420571,0,1,1,doc/source/getting_started/code/getting_started_convolution.py
28420571,0,1,1,examples/operator/convolution_operator.py
28420571,1,1,2,examples/solvers/denoising_with_entropy_type_regularization.py
28420571,1,1,2,examples/solvers/pdhg_denoising_L2_HuberTV.py
28420571,1,1,2,examples/solvers/pdhg_denoising_ROF_algorithm_comparison.py
28420571,7,7,14,examples/solvers/scipy_solvers.py
28420571,1,1,2,examples/tomo/backends/astra_performance_cpu_parallel_2d_cg.py
28420571,1,1,2,examples/tomo/backends/astra_performance_cuda_parallel_2d_cg.py
28420571,1,1,2,odl/contrib/mrc/examples/raw_binary_with_header_io.py
28420571,2,2,4,odl/operator/oputils.py
28420571,1,1,2,odl/test/operator/tensor_ops_test.py
28420571,1,1,2,odl/test/solvers/functional/default_functionals_test.py
28420571,1,3,4,odl/test/test_doc.py
28420571,3,2,5,odl/test/test_doc.py
28420571,1,1,2,odl/test/largescale/trafos/fourier_slow_test.py
28420571,2,2,4,odl/test/largescale/space/tensor_space_slow_test.py
28420571,5,3,8,odl/solvers/functional/functional.py
28420571,20,12,32,odl/test/largescale/solvers/nonsmooth/default_functionals_slow_test.py
28420571,2,2,4,odl/contrib/fom/supervised.py
28420571,2,2,4,odl/contrib/fom/util.py
28420571,2,2,4,odl/contrib/fom/supervised.py
28420571,3,3,6,odl/contrib/fom/util.py
28420571,19,4,23,odl/contrib/fom/supervised.py
28420571,7,1,8,odl/contrib/fom/util.py
28420571,4,13,17,odl/contrib/fom/supervised.py
28420571,34,0,34,odl/contrib/fom/util.py
28420571,4,4,8,odl/contrib/fom/supervised.py
28420571,5,9,14,odl/contrib/param_opt/param_opt.py
28420571,5,5,10,odl/contrib/fom/supervised.py
28420571,1,1,2,odl/contrib/fom/__init__.py
28420571,1,1,2,odl/contrib/fom/supervised.py
28420571,1,1,2,odl/contrib/fom/test/test_supervised.py
28420571,1,1,2,odl/contrib/param_opt/__init__.py
28420571,1,1,2,odl/contrib/param_opt/param_opt.py
28420571,1,1,2,odl/contrib/param_opt/test/test_param_opt.py
28420571,27,11,38,odl/contrib/fom/supervised.py
28420571,2,2,4,odl/contrib/param_opt/test/test_param_opt.py
28420571,148,0,148,examples/solvers/adupdates_tomography.py
28420571,7,5,12,odl/util/numerics.py
28420571,3,3,6,odl/contrib/solvers/spdhg/misc.py
28420571,1,0,1,odl/discr/discr_mappings.py
28420571,1,1,2,odl/discr/grid.py
28420571,2,2,4,odl/phantom/geometric.py
28420571,4,4,8,odl/solvers/nonsmooth/proximal_operators.py
28420571,3,2,5,odl/space/base_tensors.py
28420571,2,3,5,odl/space/npy_tensors.py
28420571,4,2,6,odl/space/pspace.py
28420571,3,3,6,odl/test/discr/lp_discr_test.py
28420571,3,6,9,odl/test/space/space_utils_test.py
28420571,7,5,12,odl/test/space/tensors_test.py
28420571,40,31,71,odl/util/numerics.py
28420571,5,3,8,odl/contrib/datasets/ct/mayo.py
28420571,8,4,12,odl/contrib/datasets/ct/mayo.py
28420571,29,24,53,odl/contrib/datasets/ct/mayo.py
28420571,1,1,2,odl/util/testutils.py
28420571,6,5,11,odl/util/testutils.py
28420571,5,0,5,odl/util/testutils.py
28420571,1,1,2,odl/space/base_tensors.py
28420571,1,1,2,odl/space/pspace.py
28420571,13,4,17,odl/space/pspace.py
28420571,1,1,2,examples/solvers/pdhg_denoising_tgv.py
28420571,1,1,2,examples/solvers/pdhg_tomography.py
28420571,1,1,2,examples/solvers/pdhg_tomography_tgv.py
28420571,2,2,4,examples/solvers/pdhg_tomography_tgv.py
28420571,1,1,2,odl/solvers/nonsmooth/forward_backward.py
28420571,15,15,30,odl/solvers/nonsmooth/forward_backward.py
28420571,3,3,6,odl/solvers/nonsmooth/forward_backward.py
28420571,0,46,46,examples/tomo/stir_project.py
28420571,0,38,38,examples/tomo/stir_reconstruct.py
28420571,0,49,49,odl/test/largescale/tomo/stir_slow_test.py
28420571,1,1,2,odl/test/test_examples.py
28420571,0,2,2,odl/tomo/backends/__init__.py
28420571,0,307,307,odl/tomo/backends/stir_bindings.py
28420571,1,7,8,odl/util/testutils.py
28420571,3,3,6,doc/source/conf.py
28420571,3,2,5,odl/contrib/datasets/mri/tugraz.py
28420571,2,2,4,odl/contrib/torch/operator.py
28420571,2,2,4,odl/operator/tensor_ops.py
28420571,1,1,2,odl/space/entry_points.py
28420571,4,4,8,odl/test/discr/lp_discr_test.py
28420571,4,3,7,odl/test/largescale/tomo/ray_transform_slow_test.py
28420571,2,2,4,odl/test/space/tensors_test.py
28420571,2,2,4,odl/test/tomo/operators/ray_trafo_test.py
28420571,4,5,9,odl/tomo/backends/astra_cuda.py
28420571,4,6,10,odl/trafos/backends/pyfftw_bindings.py
28420571,2,2,4,odl/util/testutils.py
28420571,0,1,1,odl/contrib/param_opt/test/test_param_opt.py
28420571,14,10,24,odl/contrib/param_opt/test/test_param_opt.py
28420571,21,4,25,odl/test/tomo/backends/astra_setup_test.py
28420571,17,9,26,odl/contrib/datasets/ct/mayo.py
28420571,20,15,35,odl/tomo/analytic/filtered_back_projection.py
28420571,96,62,158,examples/solvers/bregman_tv_tomography.py
28420571,91,0,91,examples/solvers/bregman_tv_tomography.py
28420571,6,3,9,odl/contrib/datasets/ct/mayo.py
28420571,35,25,60,odl/tomo/analytic/filtered_back_projection.py
28420571,42,3,45,odl/operator/default_ops.py
28420571,1,1,2,odl/solvers/functional/default_functionals.py
28420571,14,3,17,odl/test/solvers/smooth/smooth_test.py
28420571,2,2,4,odl/contrib/torch/operator.py
28420571,2,1,3,odl/contrib/torch/operator.py
28420571,1,0,1,odl/util/utility.py
28420571,8,6,14,odl/util/utility.py
28420571,6,5,11,odl/util/utility.py
28420571,5,2,7,odl/__init__.py
28420571,609,27,636,odl/util/utility.py
28420571,1,1,2,odl/contrib/torch/operator.py
28420571,6,0,6,odl/contrib/torch/operator.py
28420571,20,4,24,odl/contrib/datasets/ct/mayo.py
28420571,2,2,4,odl/contrib/torch/operator.py
28420571,1,1,2,odl/contrib/torch/test/test_operator.py
28420571,8,17,25,odl/contrib/datasets/ct/mayo.py
28420571,29,20,49,odl/contrib/datasets/ct/mayo.py
28420571,2,2,4,odl/test/deform/linearized_deform_test.py
28420571,5,9,14,odl/test/discr/diff_ops_test.py
28420571,5,5,10,odl/test/discr/discr_mappings_test.py
28420571,3,3,6,odl/test/discr/discr_ops_test.py
28420571,15,18,33,odl/test/discr/lp_discr_test.py
28420571,1,1,2,odl/test/largescale/solvers/nonsmooth/default_functionals_slow_test.py
28420571,15,9,24,odl/test/largescale/space/tensor_space_slow_test.py
28420571,3,3,6,odl/test/largescale/trafos/fourier_slow_test.py
28420571,7,8,15,odl/test/operator/operator_test.py
28420571,6,7,13,odl/test/operator/oputils_test.py
28420571,8,8,16,odl/test/set/domain_test.py
28420571,1,2,3,odl/test/solvers/functional/default_functionals_test.py
28420571,89,70,159,odl/test/solvers/functional/functional_test.py
28420571,2,15,17,odl/test/solvers/iterative/iterative_test.py
28420571,1,1,2,odl/test/solvers/nonsmooth/admm_test.py
28420571,3,3,6,odl/test/solvers/nonsmooth/douglas_rachford_test.py
28420571,4,4,8,odl/test/solvers/nonsmooth/forward_backward_test.py
28420571,7,7,14,odl/test/solvers/nonsmooth/proximal_utils_test.py
28420571,18,18,36,odl/test/space/pspace_test.py
28420571,9,9,18,odl/test/space/tensors_test.py
28420571,3,4,7,odl/test/tomo/operators/ray_trafo_test.py
28420571,4,3,7,odl/test/util/numerics_test.py
28420571,51,50,101,odl/util/testutils.py
28420571,6,0,6,odl/contrib/datasets/ct/fips.py
28420571,6,0,6,odl/contrib/datasets/mri/tugraz.py
28420571,228,0,228,odl/solvers/functional/default_functionals.py
28420571,167,0,167,odl/solvers/nonsmooth/proximal_operators.py
28420571,1,1,2,odl/operator/default_ops.py
28420571,4,1,5,odl/trafos/backends/pyfftw_bindings.py
28420571,4,0,4,odl/discr/lp_discr.py
28420571,4,26,30,odl/contrib/shearlab/shearlab_operator.py
28420571,1,1,2,odl/contrib/param_opt/param_opt.py
28420571,3,2,5,odl/test/operator/oputils_test.py
28420571,1,1,2,odl/contrib/datasets/ct/examples/mayo_reconstruct.py
28420571,7,8,15,odl/contrib/datasets/ct/mayo.py
28420571,42,5,47,odl/contrib/tensorflow/operator.py
28420571,6,6,12,odl/contrib/fom/test/test_supervised.py
28420571,9,10,19,odl/contrib/param_opt/param_opt.py
28420571,4,1,5,odl/contrib/param_opt/test/test_param_opt.py
28420571,2,2,4,odl/contrib/fom/test/test_supervised.py
28420571,1,1,2,odl/contrib/fom/test/test_supervised.py
28420571,17,17,34,odl/contrib/fom/test/test_supervised.py
28420571,13,6,19,odl/contrib/fom/test/test_supervised.py
28420571,1,5,6,odl/contrib/fom/test/test_supervised.py
28420571,2,2,4,odl/contrib/fom/test/test_supervised.py
28420571,1,1,2,odl/contrib/fom/test/test_supervised.py
28420571,1,1,2,odl/operator/oputils.py
28420571,1,1,2,odl/operator/oputils.py
28420571,3,2,5,odl/operator/oputils.py
28420571,1,1,2,odl/contrib/shearlab/shearlab_operator.py
28420571,28,5,33,odl/contrib/shearlab/shearlab_operator.py
28420571,4,26,30,odl/contrib/shearlab/shearlab_operator.py
28420571,5,4,9,odl/contrib/shearlab/shearlab_operator.py
28420571,10,2,12,odl/contrib/shearlab/shearlab_operator.py
28420571,0,1,1,odl/contrib/shearlab/shearlab_operator.py
28420571,4,0,4,odl/contrib/shearlab/shearlab_operator.py
28420571,40,2,42,odl/contrib/shearlab/shearlab_operator.py
28420571,3,3,6,odl/test/solvers/nonsmooth/difference_convex_test.py
28420571,2,2,4,odl/test/solvers/nonsmooth/difference_convex_test.py
28420571,61,62,123,odl/solvers/nonsmooth/difference_convex.py
28420571,6,6,12,odl/test/solvers/nonsmooth/difference_convex_test.py
28420571,2,2,4,odl/solvers/nonsmooth/difference_convex.py
28420571,3,1,4,odl/test/solvers/nonsmooth/difference_convex_test.py
28420571,1,0,1,odl/test/solvers/nonsmooth/difference_convex_test.py
28420571,7,7,14,odl/solvers/nonsmooth/difference_convex.py
28420571,2,2,4,odl/test/solvers/nonsmooth/difference_convex_test.py
28420571,4,2,6,odl/solvers/nonsmooth/difference_convex.py
28420571,9,11,20,odl/solvers/nonsmooth/difference_convex.py
28420571,34,20,54,odl/solvers/nonsmooth/difference_convex.py
28420571,7,6,13,odl/solvers/nonsmooth/difference_convex.py
28420571,1,1,2,odl/solvers/nonsmooth/difference_convex.py
28420571,1,1,2,odl/solvers/nonsmooth/difference_convex.py
28420571,11,0,11,odl/solvers/nonsmooth/difference_convex.py
28420571,10,0,10,odl/test/solvers/nonsmooth/difference_convex_test.py
28420571,2,2,4,odl/solvers/nonsmooth/difference_convex.py
28420571,5,4,9,odl/solvers/nonsmooth/difference_convex.py
28420571,1,1,2,odl/solvers/nonsmooth/difference_convex.py
28420571,5,4,9,odl/solvers/nonsmooth/difference_convex.py
28420571,0,4,4,odl/solvers/nonsmooth/difference_convex.py
28420571,4,2,6,odl/solvers/nonsmooth/difference_convex.py
28420571,2,0,2,odl/test/solvers/nonsmooth/difference_convex_test.py
28420571,3,0,3,odl/solvers/nonsmooth/__init__.py
28420571,243,0,243,odl/solvers/nonsmooth/difference_convex.py
28420571,78,0,78,odl/test/solvers/nonsmooth/difference_convex_test.py
28420571,6,2,8,odl/contrib/fom/test/test_supervised.py
28420571,9,11,20,odl/contrib/fom/supervised.py
28420571,2,1,3,odl/contrib/fom/test/test_supervised.py
28420571,47,47,94,odl/contrib/fom/supervised.py
28420571,12,15,27,odl/contrib/fom/test/test_supervised.py
28420571,1,2,3,odl/contrib/param_opt/examples/find_optimal_parameters.py
28420571,1,0,1,odl/contrib/param_opt/test/test_param_opt.py
28420571,47,66,113,odl/contrib/fom/test/test_supervised.py
28420571,12,12,24,odl/contrib/fom/supervised.py
28420571,12,13,25,odl/contrib/fom/test/test_supervised.py
28420571,17,3,20,odl/contrib/fom/supervised.py
28420571,7,5,12,odl/contrib/fom/test/test_supervised.py
28420571,16,0,16,odl/contrib/fom/test/test_supervised.py
28420571,9,4,13,odl/contrib/fom/supervised.py
28420571,3,1,4,odl/contrib/fom/test/test_supervised.py
28420571,4,2,6,odl/contrib/fom/supervised.py
28420571,12,1,13,odl/contrib/fom/test/test_supervised.py
28420571,15,0,15,odl/contrib/fom/test/test_supervised.py
28420571,3,3,6,odl/contrib/fom/supervised.py
28420571,11,0,11,odl/contrib/fom/test/test_supervised.py
28420571,9,3,12,odl/contrib/fom/test/test_supervised.py
28420571,26,2,28,odl/contrib/fom/test/test_supervised.py
28420571,1,1,2,odl/contrib/fom/test/test_supervised.py
28420571,3,3,6,odl/contrib/fom/supervised.py
28420571,28,19,47,odl/contrib/fom/supervised.py
28420571,39,9,48,odl/contrib/fom/supervised.py
28420571,3,2,5,odl/contrib/fom/supervised.py
28420571,17,0,17,odl/contrib/fom/test/test_supervised.py
28420571,24,4,28,odl/contrib/fom/supervised.py
28420571,7,7,14,odl/contrib/fom/supervised.py
28420571,2,3,5,odl/contrib/param_opt/param_opt.py
28420571,6,8,14,odl/contrib/param_opt/test/test_param_opt.py
28420571,34,0,34,odl/contrib/param_opt/test/test_param_opt.py
28420571,7,3,10,odl/contrib/param_opt/test/test_param_opt.py
28420571,29,0,29,odl/contrib/param_opt/test/test_param_opt.py
28420571,14,0,14,odl/contrib/param_opt/__init__.py
28420571,1,76,77,odl/contrib/param_opt/examples/find_optimal_parameters.py
28420571,94,0,94,odl/contrib/param_opt/param_opt.py
28420571,0,0,0,{examples/solvers => odl/contrib/param_opt/examples}/find_optimal_parameters.py
28420571,35,48,83,odl/contrib/fom/supervised.py
28420571,12,2,14,odl/contrib/fom/test/test_supervised.py
28420571,19,11,30,odl/contrib/fom/supervised.py
28420571,18,2,20,odl/contrib/fom/test/test_supervised.py
28420571,33,2,35,odl/contrib/fom/test/test_supervised.py
28420571,6,3,9,odl/solvers/nonsmooth/primal_dual_hybrid_gradient.py
28420571,8,20,28,odl/solvers/nonsmooth/primal_dual_hybrid_gradient.py
28420571,5,5,10,odl/contrib/fom/test/test_unsupervised.py
28420571,1,2,3,odl/contrib/fom/unsupervised.py
28420571,12,29,41,odl/solvers/functional/functional.py
28420571,2,2,4,odl/solvers/functional/functional.py
28420571,9,2,11,odl/solvers/functional/functional.py
28420571,39,99,138,odl/solvers/functional/functional.py
28420571,8,44,52,odl/test/solvers/functional/default_functionals_test.py
28420571,7,5,12,odl/test/solvers/functional/functional_test.py
28420571,75,45,120,odl/solvers/functional/functional.py
28420571,21,3,24,odl/test/solvers/functional/default_functionals_test.py
28420571,2,2,4,examples/solvers/denoising_with_entropy_type_regularization.py
28420571,2,2,4,examples/solvers/find_optimal_parameters.py
28420571,2,2,4,examples/solvers/pdhg_deconvolve.py
28420571,2,2,4,examples/solvers/pdhg_denoising.py
28420571,6,6,12,examples/solvers/pdhg_denoising_L1_HuberTV.py
28420571,3,3,6,examples/solvers/pdhg_denoising_L2_HuberTV.py
28420571,4,4,8,examples/solvers/pdhg_denoising_ROF_algorithm_comparison.py
28420571,2,3,5,examples/solvers/pdhg_denoising_complex.py
28420571,2,2,4,examples/solvers/pdhg_denoising_tgv.py
28420571,2,2,4,examples/solvers/pdhg_tomography.py
28420571,32,26,58,odl/solvers/nonsmooth/primal_dual_hybrid_gradient.py
28420571,1,1,2,odl/solvers/nonsmooth/proximal_operators.py
28420571,4,4,8,odl/test/solvers/nonsmooth/primal_dual_hybrid_gradient_test.py
28420571,4,4,8,odl/solvers/nonsmooth/douglas_rachford.py
28420571,1,1,2,odl/phantom/transmission.py
28420571,1,1,2,odl/solvers/functional/functional.py
28420571,1,1,2,odl/solvers/nonsmooth/douglas_rachford.py
28420571,1,1,2,odl/solvers/nonsmooth/primal_dual_hybrid_gradient.py
28420571,1,1,2,odl/solvers/util/callback.py
28420571,1,1,2,odl/util/numerics.py
28420571,1,1,2,examples/solvers/pdhg_denoising_complex.py
28420571,15,12,27,odl/solvers/nonsmooth/douglas_rachford.py
28420571,14,12,26,odl/solvers/nonsmooth/primal_dual_hybrid_gradient.py
28420571,1,1,2,examples/solvers/denoising_with_entropy_type_regularization.py
28420571,2,2,4,examples/solvers/find_optimal_parameters.py
28420571,1,1,2,examples/solvers/pdhg_deconvolve.py
28420571,1,1,2,examples/solvers/pdhg_denoising.py
28420571,1,1,2,examples/solvers/pdhg_denoising_L1_HuberTV.py
28420571,2,2,4,examples/solvers/pdhg_denoising_L2_HuberTV.py
28420571,3,3,6,examples/solvers/pdhg_denoising_ROF_algorithm_comparison.py
28420571,1,1,2,examples/solvers/pdhg_denoising_complex.py
28420571,1,1,2,examples/solvers/pdhg_denoising_tgv.py
28420571,1,1,2,examples/solvers/pdhg_tomography.py
28420571,1,1,2,examples/solvers/pdhg_tomography_tgv.py
28420571,2,1,3,odl/solvers/nonsmooth/douglas_rachford.py
28420571,77,6,83,odl/solvers/nonsmooth/primal_dual_hybrid_gradient.py
28420571,9,9,18,odl/test/solvers/nonsmooth/primal_dual_hybrid_gradient_test.py
28420571,65,40,105,odl/solvers/nonsmooth/douglas_rachford.py
28420571,70,9,79,odl/solvers/nonsmooth/douglas_rachford.py
28420571,5,8,13,odl/operator/oputils.py
28420571,30,13,43,odl/solvers/nonsmooth/douglas_rachford.py
28420571,5,1,6,odl/solvers/iterative/iterative.py
28420571,7,2,9,odl/operator/operator.py
28420571,0,5,5,odl/operator/oputils.py
28420571,6,6,12,odl/contrib/datasets/ct/mayo.py
28420571,11,12,23,odl/contrib/datasets/ct/examples/mayo_reconstruct.py
28420571,12,16,28,odl/contrib/datasets/ct/mayo.py
28420571,48,0,48,odl/contrib/datasets/ct/examples/mayo_reconstruct.py
28420571,270,0,270,odl/contrib/datasets/ct/mayo.py
28420571,4045,0,4045,odl/contrib/datasets/ct/mayo_dicom_dict.py
28420571,18,0,18,odl/test/space/tensors_test.py
28420571,2,1,3,odl/discr/grid.py
28420571,1,1,2,odl/operator/pspace_ops.py
28420571,2,1,3,odl/space/base_tensors.py
28420571,2,1,3,odl/space/pspace.py
28420571,27,0,27,odl/test/operator/tensor_ops_test.py
28420571,9,0,9,odl/contrib/datasets/images/cambridge.py
28420571,8,2,10,odl/operator/tensor_ops.py
28420571,2,2,4,odl/space/pspace.py
28420571,2,0,2,odl/test/discr/lp_discr_test.py
28420571,6,0,6,odl/test/space/fspace_test.py
28420571,6,0,6,odl/test/space/pspace_test.py
28420571,11,1,12,odl/space/fspace.py
28420571,10,0,10,odl/space/pspace.py
28420571,7,1,8,odl/util/graphics.py
28420571,17,0,17,odl/contrib/shearlab/__init__.py
28420571,19,0,19,odl/contrib/shearlab/examples/basic_shearlab.py
28420571,58,0,58,odl/contrib/shearlab/examples/wave_shear_separation.py
28420571,324,0,324,odl/contrib/shearlab/shearlab_operator.py
28420571,57,0,57,odl/contrib/shearlab/test/operator_test.py
28420571,8,6,14,odl/operator/default_ops.py
28420571,4,12,16,odl/trafos/fourier.py
28420571,1,1,2,odl/operator/operator.py
28420571,1,1,2,odl/operator/pspace_ops.py
28420571,6,6,12,odl/space/npy_tensors.py
28420571,5,5,10,odl/space/space_utils.py
28420571,4,3,7,odl/test/deform/linearized_deform_test.py
28420571,3,3,6,odl/test/discr/diff_ops_test.py
28420571,2,1,3,odl/test/discr/discr_mappings_test.py
28420571,25,24,49,odl/test/discr/discr_ops_test.py
28420571,72,58,130,odl/test/discr/lp_discr_test.py
28420571,5,4,9,odl/test/largescale/space/tensor_space_slow_test.py
28420571,5,4,9,odl/test/solvers/functional/default_functionals_test.py
28420571,5,4,9,odl/test/solvers/functional/functional_test.py
28420571,6,5,11,odl/test/space/fspace_test.py
28420571,16,19,35,odl/test/space/pspace_test.py
28420571,153,122,275,odl/test/space/tensors_test.py
28420571,20,16,36,odl/test/trafos/backends/pyfftw_bindings_test.py
28420571,7,5,12,odl/test/trafos/backends/pywt_bindings_test.py
28420571,16,13,29,odl/test/trafos/fourier_test.py
28420571,7,7,14,odl/test/trafos/wavelet_test.py
28420571,16,14,30,odl/test/util/numerics_test.py
28420571,18,14,32,odl/util/pytest_plugins.py
28420571,12,4,16,odl/trafos/fourier.py
28420571,16,31,47,odl/operator/default_ops.py
28420571,18,18,36,odl/contrib/fom/supervised.py
28420571,2,2,4,odl/contrib/solvers/spdhg/misc.py
28420571,4,4,8,odl/contrib/theano/layer.py
28420571,1,1,2,odl/phantom/noise.py
28420571,1,1,2,odl/solvers/functional/default_functionals.py
28420571,1,1,2,odl/solvers/nonsmooth/proximal_operators.py
28420571,393,26,419,odl/operator/default_ops.py
28420571,1,1,2,odl/contrib/solvers/spdhg/stochastic_primal_dual_hybrid_gradient.py
28420571,11,8,19,odl/contrib/solvers/spdhg/examples/PET_1k.py
28420571,11,8,19,odl/contrib/solvers/spdhg/examples/PET_linear_rate.py
28420571,12,9,21,odl/contrib/solvers/spdhg/examples/ROF_1k2_primal.py
28420571,11,10,21,odl/contrib/solvers/spdhg/examples/deblurring_1k2_dual.py
28420571,2,1,3,odl/contrib/solvers/spdhg/examples/get_started.py
28420571,1,0,1,odl/contrib/solvers/spdhg/misc.py
28420571,108,44,152,odl/contrib/solvers/spdhg/stochastic_primal_dual_hybrid_gradient.py
28420571,7,7,14,odl/contrib/solvers/spdhg/__init__.py
28420571,6,6,12,odl/contrib/solvers/spdhg/examples/PET_1k.py
28420571,5,5,10,odl/contrib/solvers/spdhg/examples/PET_linear_rate.py
28420571,5,4,9,odl/contrib/solvers/spdhg/examples/ROF_1k2_primal.py
28420571,7,7,14,odl/contrib/solvers/spdhg/examples/deblurring_1k2_dual.py
28420571,3,0,3,odl/contrib/solvers/spdhg/examples/get_started.py
28420571,5,5,10,odl/contrib/solvers/spdhg/misc.py
28420571,1,1,2,odl/contrib/solvers/spdhg/stochastic_primal_dual_hybrid_gradient.py
28420571,3,3,6,odl/contrib/solvers/spdhg/examples/PET_1k.py
28420571,3,3,6,odl/contrib/solvers/spdhg/examples/PET_linear_rate.py
28420571,3,3,6,odl/contrib/solvers/spdhg/examples/ROF_1k2_primal.py
28420571,3,3,6,odl/contrib/solvers/spdhg/examples/deblurring_1k2_dual.py
28420571,6,8,14,odl/contrib/solvers/spdhg/misc.py
28420571,66,0,66,odl/contrib/solvers/spdhg/examples/get_started.py
28420571,7,7,14,odl/contrib/solvers/spdhg/__init__.py
28420571,4,4,8,odl/contrib/solvers/spdhg/examples/PET_1k.py
28420571,4,4,8,odl/contrib/solvers/spdhg/examples/PET_linear_rate.py
28420571,4,4,8,odl/contrib/solvers/spdhg/examples/ROF_1k2_primal.py
28420571,4,4,8,odl/contrib/solvers/spdhg/examples/deblurring_1k2_dual.py
28420571,17,21,38,odl/contrib/solvers/spdhg/stochastic_primal_dual_hybrid_gradient.py
28420571,2,3,5,odl/contrib/solvers/spdhg/examples/ROF_1k2_primal.py
28420571,8,10,18,odl/contrib/solvers/spdhg/__init__.py
28420571,15,17,32,odl/contrib/solvers/spdhg/examples/PET_1k.py
28420571,15,16,31,odl/contrib/solvers/spdhg/examples/PET_linear_rate.py
28420571,16,18,34,odl/contrib/solvers/spdhg/examples/ROF_1k2_primal.py
28420571,15,16,31,odl/contrib/solvers/spdhg/examples/deblurring_1k2_dual.py
28420571,7,14,21,odl/contrib/solvers/spdhg/examples/PET_1k.py
28420571,7,15,22,odl/contrib/solvers/spdhg/examples/PET_linear_rate.py
28420571,7,10,17,odl/contrib/solvers/spdhg/examples/ROF_1k2_primal.py
28420571,5,10,15,odl/contrib/solvers/spdhg/examples/deblurring_1k2_dual.py
28420571,14,40,54,odl/contrib/solvers/spdhg/misc.py
28420571,31,0,31,odl/contrib/solvers/spdhg/__init__.py
28420571,505,0,505,odl/contrib/solvers/spdhg/examples/PET_1k.py
28420571,493,0,493,odl/contrib/solvers/spdhg/examples/PET_linear_rate.py
28420571,443,0,443,odl/contrib/solvers/spdhg/examples/ROF_1k2_primal.py
28420571,451,0,451,odl/contrib/solvers/spdhg/examples/deblurring_1k2_dual.py
28420571,772,0,772,odl/contrib/solvers/spdhg/misc.py
28420571,604,0,604,odl/contrib/solvers/spdhg/stochastic_primal_dual_hybrid_gradient.py
28420571,10,7,17,odl/operator/tensor_ops.py
28420571,6,6,12,odl/space/fspace.py
28420571,2,2,4,odl/test/space/tensors_test.py
28420571,1,2,3,odl/tomo/analytic/filtered_back_projection.py
28420571,3,2,5,odl/tomo/backends/astra_setup.py
28420571,8,13,21,odl/tomo/geometry/detector.py
28420571,2,23,25,odl/util/normalize.py
28420571,1,22,23,odl/util/npy_compat.py
28420571,2,1,3,odl/util/testutils.py
28420571,3,2,5,odl/tomo/geometry/conebeam.py
28420571,28,8,36,odl/tomo/geometry/conebeam.py
28420571,36,0,36,odl/test/tomo/geometry/geometry_test.py
28420571,14,12,26,odl/tomo/geometry/conebeam.py
28420571,16,16,32,odl/test/solvers/functional/default_functionals_test.py
28420571,15,15,30,odl/test/tomo/geometry/geometry_test.py
28420571,9,17,26,examples/tomo/filtered_backprojection_helical_3d.py
28420571,131,1,132,odl/tomo/geometry/conebeam.py
28420571,1,1,2,odl/solvers/util/callback.py
28420571,11,10,21,odl/tomo/operators/ray_trafo.py
28420571,4,4,8,odl/operator/oputils.py
28420571,28,7,35,odl/operator/oputils.py
28420571,5,0,5,odl/util/utility.py
28420571,7,4,11,odl/operator/oputils.py
28420571,35,73,108,odl/test/operator/oputils_test.py
28420571,1,1,2,odl/discr/discretization.py
28420571,13,44,57,odl/operator/oputils.py
28420571,23,1,24,odl/util/utility.py
28420571,89,4,93,odl/discr/lp_discr.py
28420571,1,1,2,odl/solvers/functional/functional.py
28420571,40,36,76,odl/space/npy_tensors.py
28420571,0,6,6,odl/test/discr/diff_ops_test.py
28420571,2,2,4,odl/test/solvers/nonsmooth/alternating_dual_updates_test.py
28420571,5,5,10,odl/test/solvers/smooth/smooth_test.py
28420571,18,4,22,odl/tomo/operators/ray_trafo.py
28420571,2,2,4,examples/operator/convolution_operator.py
28420571,1,1,2,examples/visualization/show_callback.py
28420571,71,55,126,odl/space/pspace.py
28420571,2,2,4,odl/test/space/pspace_test.py
28420571,60,1,61,odl/space/pspace.py
28420571,35,11,46,odl/test/space/pspace_test.py
28420571,4,66,70,odl/space/pspace.py
28420571,7,16,23,odl/space/pspace.py
28420571,67,123,190,odl/test/space/pspace_test.py
28420571,4,4,8,odl/space/base_tensors.py
28420571,80,37,117,odl/space/pspace.py
28420571,65,6,71,odl/test/space/pspace_test.py
28420571,44,0,44,odl/space/pspace.py
28420571,72,0,72,odl/test/space/pspace_test.py
28420571,7,6,13,odl/test/space/pspace_test.py
28420571,110,17,127,odl/space/pspace.py
28420571,2,2,4,odl/test/space/pspace_test.py
28420571,18,18,36,odl/space/pspace.py
28420571,1,1,2,odl/test/space/pspace_test.py
28420571,26,0,26,odl/space/pspace.py
28420571,22,1,23,odl/test/space/pspace_test.py
28420571,17,0,17,odl/space/pspace.py
28420571,11,0,11,odl/test/space/pspace_test.py
28420571,1,1,2,odl/set/sets.py
28420571,2,2,4,odl/trafos/backends/pyfftw_bindings.py
28420571,6,2,8,odl/operator/pspace_ops.py
28420571,44,4,48,odl/test/operator/pspace_ops_test.py
28420571,1,1,2,odl/space/npy_tensors.py
28420571,13,13,26,odl/test/operator/pspace_ops_test.py
28420571,17,7,24,odl/operator/pspace_ops.py
28420571,1,1,2,odl/test/operator/oputils_test.py
28420571,79,13,92,odl/operator/pspace_ops.py
28420571,36,23,59,odl/test/operator/pspace_ops_test.py
28420571,59,0,59,examples/operator/convolution_operator.py
28420571,16,6,22,examples/ufunc_ops/ufunc_composition.py
28420571,1,1,2,examples/ufunc_ops/ufunc_solvers.py
28420571,19,0,19,examples/visualization/show_callback.py
28420571,4,4,8,odl/test/solvers/nonsmooth/alternating_dual_updates_test.py
28420571,2,2,4,odl/solvers/nonsmooth/__init__.py
28420571,13,4,17,odl/solvers/nonsmooth/adupdates.py
28420571,8,7,15,odl/test/solvers/nonsmooth/adupdates_test.py
28420571,6,3,9,odl/test/solvers/nonsmooth/adupdates_test.py
28420571,48,40,88,odl/solvers/nonsmooth/adupdates.py
28420571,10,9,19,odl/test/solvers/nonsmooth/adupdates_test.py
28420571,7,15,22,odl/test/solvers/nonsmooth/adupdates_test.py
28420571,2,1,3,odl/test/solvers/nonsmooth/adupdates_test.py
28420571,1,3,4,odl/test/solvers/nonsmooth/adupdates_test.py
28420571,6,6,12,odl/solvers/nonsmooth/adupdates.py
28420571,3,3,6,odl/solvers/nonsmooth/adupdates.py
28420571,25,26,51,odl/solvers/nonsmooth/adupdates.py
28420571,1,0,1,odl/solvers/nonsmooth/__init__.py
28420571,4,4,8,odl/solvers/nonsmooth/adupdates.py
28420571,4,4,8,odl/test/solvers/nonsmooth/adupdates_test.py
28420571,1,1,2,odl/solvers/nonsmooth/adupdates.py
28420571,2,1,3,odl/test/solvers/nonsmooth/adupdates_test.py
28420571,2,3,5,odl/solvers/nonsmooth/adupdates.py
28420571,9,6,15,odl/solvers/nonsmooth/adupdates.py
28420571,28,1,29,odl/solvers/nonsmooth/adupdates.py
28420571,5,2,7,odl/test/solvers/nonsmooth/adupdates_test.py
28420571,33,33,66,odl/solvers/nonsmooth/adupdates.py
28420571,1,1,2,odl/test/solvers/nonsmooth/adupdates_test.py
28420571,6,2,8,odl/solvers/nonsmooth/adupdates.py
28420571,5,4,9,odl/solvers/nonsmooth/adupdates.py
28420571,8,8,16,odl/solvers/nonsmooth/adupdates.py
28420571,3,3,6,odl/solvers/nonsmooth/adupdates.py
28420571,0,1,1,odl/solvers/nonsmooth/adupdates.py
28420571,2,0,2,odl/solvers/nonsmooth/__init__.py
28420571,177,0,177,odl/solvers/nonsmooth/adupdates.py
28420571,103,0,103,odl/test/solvers/nonsmooth/adupdates_test.py
28420571,49,57,106,odl/solvers/functional/functional.py
28420571,30,0,30,odl/test/solvers/functional/functional_test.py
28420571,2,177,179,odl/solvers/functional/default_functionals.py
28420571,223,1,224,odl/solvers/functional/functional.py
28420571,35,11,46,odl/solvers/functional/default_functionals.py
28420571,10,0,10,odl/test/solvers/functional/default_functionals_test.py
28420571,42,38,80,odl/solvers/functional/default_functionals.py
28420571,17,15,32,odl/solvers/functional/functional.py
28420571,8,6,14,odl/solvers/functional/default_functionals.py
28420571,5,3,8,odl/solvers/functional/default_functionals.py
28420571,38,17,55,odl/solvers/functional/functional.py
28420571,17,17,34,odl/solvers/functional/default_functionals.py
28420571,9,7,16,odl/test/solvers/functional/default_functionals_test.py
28420571,7,7,14,odl/solvers/functional/default_functionals.py
28420571,8,3,11,odl/test/solvers/functional/default_functionals_test.py
28420571,51,0,51,odl/test/solvers/functional/default_functionals_test.py
28420571,14,5,19,odl/solvers/functional/default_functionals.py
28420571,10,1,11,odl/test/solvers/functional/functional_test.py
28420571,135,1,136,odl/solvers/functional/default_functionals.py
28420571,3,3,6,odl/solvers/functional/default_functionals.py
28420571,2,0,2,odl/solvers/nonsmooth/proximal_operators.py
28420571,15,11,26,odl/test/solvers/functional/default_functionals_test.py
28420571,3,2,5,odl/solvers/functional/default_functionals.py
28420571,7,1,8,odl/test/solvers/functional/functional_test.py
28420571,8,5,13,odl/space/fspace.py
28420571,2,2,4,odl/test/space/fspace_test.py
28420571,17,10,27,odl/space/fspace.py
28420571,9,0,9,odl/test/discr/lp_discr_test.py
28420571,4,4,8,odl/discr/partition.py
28420571,3,2,5,odl/discr/partition.py
28420571,13,0,13,odl/test/discr/partition_test.py
28420571,25,0,25,odl/test/solvers/functional/functional_test.py
28420571,11,5,16,odl/solvers/nonsmooth/proximal_operators.py
28420571,6,0,6,odl/test/largescale/solvers/nonsmooth/default_functionals_slow_test.py
28420571,4,1,5,odl/space/npy_tensors.py
28420571,7,3,10,odl/contrib/tensorflow/layer.py
28420571,1,1,2,odl/operator/tensor_ops.py
28420571,2,2,4,odl/test/operator/tensor_ops_test.py
28420571,7,6,13,odl/solvers/functional/default_functionals.py
28420571,2,2,4,odl/solvers/nonsmooth/proximal_operators.py
28420571,10,5,15,odl/solvers/nonsmooth/proximal_operators.py
28420571,9,0,9,odl/__init__.py
28420571,4,4,8,odl/solvers/nonsmooth/proximal_operators.py
28420571,16,14,30,odl/solvers/nonsmooth/proximal_operators.py
28420571,2,2,4,odl/solvers/functional/default_functionals.py
28420571,30,2,32,odl/test/solvers/functional/default_functionals_test.py
28420571,3,0,3,odl/solvers/nonsmooth/proximal_operators.py
28420571,16,9,25,odl/solvers/nonsmooth/proximal_operators.py
28420571,4,3,7,odl/operator/tensor_ops.py
28420571,5,2,7,odl/solvers/functional/default_functionals.py
28420571,45,6,51,odl/test/operator/tensor_ops_test.py
28420571,13,13,26,odl/test/solvers/functional/default_functionals_test.py
28420571,3,3,6,odl/test/solvers/nonsmooth/proximal_operator_test.py
28420571,1,1,2,odl/solvers/nonsmooth/proximal_operators.py
28420571,3,3,6,odl/solvers/functional/functional.py
28420571,5,5,10,odl/solvers/nonsmooth/proximal_operators.py
28420571,1,1,2,odl/test/solvers/functional/default_functionals_test.py
28420571,35,1,36,odl/solvers/functional/default_functionals.py
28420571,2,0,2,odl/solvers/functional/functional.py
28420571,35,0,35,odl/solvers/functional/functional.py
28420571,5,5,10,odl/solvers/nonsmooth/proximal_operators.py
28420571,2,3,5,odl/test/solvers/functional/default_functionals_test.py
28420571,2,3,5,odl/solvers/nonsmooth/proximal_operators.py
28420571,2,1,3,odl/test/solvers/functional/default_functionals_test.py
28420571,6,6,12,odl/solvers/nonsmooth/proximal_operators.py
28420571,2,1,3,odl/phantom/noise.py
28420571,1,1,2,odl/test/solvers/functional/default_functionals_test.py
28420571,23,8,31,odl/solvers/nonsmooth/proximal_operators.py
28420571,1,1,2,odl/solvers/nonsmooth/proximal_operators.py
28420571,4,1,5,odl/solvers/nonsmooth/proximal_operators.py
28420571,17,9,26,odl/solvers/nonsmooth/proximal_operators.py
28420571,30,0,30,odl/test/solvers/nonsmooth/proximal_operator_test.py
28420571,1,3,4,odl/solvers/nonsmooth/proximal_operators.py
28420571,29,1,30,odl/test/solvers/functional/default_functionals_test.py
28420571,14,13,27,odl/solvers/nonsmooth/proximal_operators.py
28420571,7,4,11,odl/solvers/nonsmooth/proximal_operators.py
28420571,1,1,2,odl/test/solvers/functional/default_functionals_test.py
28420571,10,7,17,odl/solvers/nonsmooth/proximal_operators.py
28420571,28,1,29,odl/test/solvers/functional/default_functionals_test.py
28420571,20,7,27,odl/solvers/nonsmooth/proximal_operators.py
28420571,9,3,12,odl/test/solvers/nonsmooth/proximal_operator_test.py
28420571,4,1,5,odl/solvers/nonsmooth/proximal_operators.py
28420571,4,3,7,odl/solvers/nonsmooth/proximal_operators.py
28420571,7,9,16,odl/test/solvers/functional/default_functionals_test.py
28420571,7,3,10,odl/solvers/nonsmooth/proximal_operators.py
28420571,17,0,17,odl/test/solvers/functional/default_functionals_test.py
28420571,2,2,4,odl/solvers/functional/functional.py
28420571,0,7,7,odl/space/pspace.py
28420571,1,1,2,odl/operator/oputils.py
28420571,1,1,2,odl/operator/oputils.py
28420571,2,2,4,odl/test/space/pspace_test.py
28420571,10,10,20,odl/operator/tensor_ops.py
28420571,24,3,27,odl/operator/oputils.py
28420571,1,1,2,odl/space/pspace.py
28420571,20,22,42,odl/space/pspace.py
28420571,26,8,34,odl/test/space/pspace_test.py
28420571,12,12,24,odl/space/pspace.py
28420571,21,3,24,odl/space/pspace.py
28420571,35,6,41,odl/space/pspace.py
28420571,1,1,2,odl/contrib/pyshearlab/examples/wave_shear_separation.py
28420571,1,1,2,odl/contrib/pyshearlab/examples/basic_shearlab.py
28420571,1,1,2,odl/contrib/pyshearlab/examples/wave_shear_separation.py
28420571,2,2,4,odl/contrib/pyshearlab/test/operator_test.py
28420571,2,2,4,odl/contrib/pyshearlab/__init__.py
28420571,3,3,6,odl/contrib/pyshearlab/examples/basic_shearlab.py
28420571,20,13,33,odl/contrib/pyshearlab/examples/wave_shear_separation.py
28420571,0,97,97,odl/contrib/pyshearlab/operator.py
28420571,194,0,194,odl/contrib/pyshearlab/pyshearlab_operator.py
28420571,13,15,28,odl/contrib/pyshearlab/examples/wave_shear_separation.py
28420571,7,6,13,odl/contrib/pyshearlab/test/operator_test.py
28420571,55,21,76,odl/contrib/pyshearlab/operator.py
28420571,24,8,32,odl/contrib/pyshearlab/test/operator_test.py
28420571,21,16,37,odl/contrib/pyshearlab/operator.py
28420571,53,0,53,odl/contrib/pyshearlab/examples/wave_shear_separation.py
28420571,17,0,17,odl/contrib/pyshearlab/__init__.py
28420571,19,0,19,odl/contrib/pyshearlab/examples/basic.py
28420571,58,0,58,odl/contrib/pyshearlab/operator.py
28420571,40,0,40,odl/contrib/pyshearlab/test/operator_test.py
28420571,1,1,2,doc/source/conf.py
28420571,2,2,4,examples/tomo/checks/check_axes_cone2d_bp.py
28420571,3,18,21,examples/tomo/checks/check_axes_cone3d_fp.py
28420571,2,2,4,examples/tomo/checks/check_axes_parallel2d_bp.py
28420571,3,18,21,examples/tomo/checks/check_axes_parallel3d_fp.py
28420571,98,0,98,odl/test/tomo/operators/ray_trafo_test.py
28420571,56,34,90,odl/tomo/backends/astra_setup.py
28420571,1,1,2,odl/util/utility.py
28420571,4,4,8,odl/tomo/backends/astra_cuda.py
28420571,0,0,0,odl/contrib/{pytorch => torch}/__init__.py
28420571,10,6,16,odl/contrib/{pytorch => torch}/examples/operator_autograd.py
28420571,11,6,17,odl/contrib/{pytorch => torch}/examples/operator_module.py
28420571,5,0,5,odl/contrib/{pytorch => torch}/operator.py
28420571,23,8,31,odl/contrib/{pytorch => torch}/test/test_operator.py
28420571,2,1,3,odl/contrib/pytorch/operator.py
28420571,0,80,80,odl/contrib/pytorch/test/layer.py
28420571,191,0,191,odl/contrib/pytorch/test/test_operator.py
28420571,85,0,85,odl/contrib/pytorch/examples/operator_module.py
28420571,204,28,232,odl/contrib/pytorch/operator.py
28420571,1,1,2,odl/test/space/tensors_test.py
28420571,3,0,3,odl/space/npy_tensors.py
28420571,5,1,6,odl/space/npy_tensors.py
28420571,9,0,9,odl/space/base_tensors.py
28420571,22,1,23,odl/test/space/tensors_test.py
28420571,6,5,11,odl/operator/tensor_ops.py
28420571,2,2,4,odl/test/operator/tensor_ops_test.py
28420571,5,5,10,odl/operator/tensor_ops.py
28420571,5,4,9,odl/operator/tensor_ops.py
28420571,3,2,5,odl/operator/tensor_ops.py
28420571,59,0,59,odl/test/operator/tensor_ops_test.py
28420571,6,1,7,odl/operator/tensor_ops.py
28420571,2,16,18,odl/solvers/functional/default_functionals.py
28420571,5,1,6,odl/test/solvers/functional/functional_test.py
28420571,4,4,8,odl/contrib/tensorflow/examples/tensorflow_layer_ray_transform.py
28420571,4,4,8,odl/contrib/tensorflow/examples/tensorflow_tomography.py
28420571,22,9,31,odl/contrib/tensorflow/layer.py
28420571,1,1,2,odl/space/pspace.py
28420571,1,1,2,odl/contrib/datasets/ct/examples/fips_reconstruct.py
28420571,2,0,2,odl/contrib/mrc/test/mrc_test.py
28420571,1,1,2,odl/contrib/mrc/test/uncompr_bin_test.py
28420571,3,2,5,odl/contrib/datasets/images/cambridge.py
28420571,11,5,16,odl/contrib/datasets/mri/tugraz.py
28420571,23,2,25,odl/util/npy_compat.py
28420571,2,2,4,odl/tomo/backends/astra_setup.py
28420571,12,2,14,odl/tomo/geometry/parallel.py
28420571,1,1,2,examples/tomo/ray_trafo_parallel_2d_complex.py
28420571,5,5,10,odl/solvers/nonsmooth/proximal_operators.py
28420571,7,6,13,odl/discr/lp_discr.py
28420571,4,4,8,odl/operator/tensor_ops.py
28420571,13,3,16,odl/space/base_tensors.py
28420571,7,7,14,odl/test/discr/lp_discr_test.py
28420571,7,0,7,odl/test/space/fspace_test.py
28420571,0,9,9,odl/test/space/tensors_test.py
28420571,49,0,49,odl/test/space/tensors_test.py
28420571,10,5,15,odl/util/testutils.py
28420571,0,15,15,odl/discr/discretization.py
28420571,5,4,9,odl/space/base_tensors.py
28420571,4,0,4,odl/space/npy_tensors.py
28420571,1,1,2,examples/diagnostics/diagonstics_space.py
28420571,4,5,9,examples/solvers/deconvolution_1d.py
28420571,2,2,4,examples/solvers/scipy_solvers.py
28420571,7,7,14,examples/space/simple_rn.py
28420571,1,1,2,examples/trafos/wavelet_trafo.py
28420571,1,1,2,examples/visualization/show_ntuple.py
28420571,28,15,43,odl/__init__.py
28420571,4,5,9,odl/contrib/tensorflow/operator.py
28420571,3,2,5,odl/deform/linearized.py
28420571,7,6,13,odl/discr/diff_ops.py
28420571,185,249,434,odl/discr/discr_mappings.py
28420571,21,23,44,odl/discr/discr_ops.py
28420571,164,141,305,odl/discr/discretization.py
28420571,627,275,902,odl/discr/lp_discr.py
28420571,0,3,3,odl/operator/__init__.py
28420571,17,12,29,odl/operator/default_ops.py
28420571,0,478,478,odl/operator/fn_ops.py
28420571,24,38,62,odl/operator/oputils.py
28420571,750,112,862,odl/operator/tensor_ops.py
28420571,7,7,14,odl/phantom/noise.py
28420571,1,1,2,odl/phantom/transmission.py
28420571,31,3,34,odl/set/space.py
28420571,37,61,98,odl/solvers/functional/default_functionals.py
28420571,15,17,32,odl/solvers/functional/derivatives.py
28420571,10,6,16,odl/solvers/functional/example_funcs.py
28420571,2,2,4,odl/solvers/nonsmooth/proximal_operators.py
28420571,1,1,2,odl/solvers/util/callback.py
28420571,6,8,14,odl/space/__init__.py
28420571,0,710,710,odl/space/base_ntuples.py
28420571,989,0,989,odl/space/base_tensors.py
28420571,28,26,54,odl/space/entry_points.py
28420571,871,386,1257,odl/space/fspace.py
28420571,0,1881,1881,odl/space/npy_ntuples.py
28420571,2361,0,2361,odl/space/npy_tensors.py
28420571,4,4,8,odl/space/pspace.py
28420571,169,91,260,odl/space/space_utils.py
28420571,10,16,26,odl/space/weighting.py
28420571,5,3,8,odl/test/deform/linearized_deform_test.py
28420571,4,3,7,odl/test/discr/diff_ops_test.py
28420571,48,51,99,odl/test/discr/discr_mappings_test.py
28420571,33,26,59,odl/test/discr/discr_ops_test.py
28420571,606,375,981,odl/test/discr/lp_discr_test.py
28420571,2,1,3,odl/test/largescale/solvers/nonsmooth/default_functionals_slow_test.py
28420571,0,278,278,odl/test/largescale/space/fn_base_slow_test.py
28420571,312,0,312,odl/test/largescale/space/tensor_space_slow_test.py
28420571,3,2,5,odl/test/largescale/tomo/analytic_slow_test.py
28420571,41,42,83,odl/test/largescale/tomo/ray_transform_slow_test.py
28420571,1,1,2,odl/test/largescale/trafos/fourier_slow_test.py
28420571,5,9,14,odl/test/operator/operator_test.py
28420571,10,11,21,odl/test/operator/oputils_test.py
28420571,217,217,434,odl/test/operator/tensor_ops_test.py
28420571,31,21,52,odl/test/solvers/functional/default_functionals_test.py
28420571,3,3,6,odl/test/solvers/functional/functional_test.py
28420571,0,1,1,odl/test/solvers/nonsmooth/primal_dual_hybrid_gradient_test.py
28420571,1,1,2,odl/test/solvers/nonsmooth/proximal_operator_test.py
28420571,955,577,1532,odl/test/space/fspace_test.py
28420571,0,1507,1507,odl/test/space/ntuples_test.py
28420571,19,17,36,odl/test/space/space_utils_test.py
28420571,1606,0,1606,odl/test/space/tensors_test.py
28420571,19,7,26,odl/test/test_examples.py
28420571,2,2,4,odl/test/tomo/backends/astra_setup_test.py
28420571,0,1,1,odl/test/tomo/backends/skimage_test.py
28420571,3,4,7,odl/test/trafos/fourier_test.py
28420571,7,7,14,odl/test/util/utility_test.py
28420571,3,1,4,odl/tomo/analytic/filtered_back_projection.py
28420571,1,1,2,odl/tomo/backends/__init__.py
28420571,1,1,2,odl/tomo/backends/astra_setup.py
28420571,4,5,9,odl/tomo/operators/ray_trafo.py
28420571,2,2,4,odl/trafos/fourier.py
28420571,1,1,2,odl/trafos/util/ft_utils.py
28420571,1,1,2,odl/trafos/wavelet.py
28420571,5,3,8,odl/ufunc_ops/ufunc_ops.py
28420571,19,70,89,odl/util/pytest_plugins.py
28420571,4,4,8,odl/util/testutils.py
28420571,162,286,448,odl/util/ufuncs.py
28420571,22,12,34,odl/util/utility.py
28420571,254,19,273,odl/space/pspace.py
28420571,97,20,117,odl/test/space/pspace_test.py
28420571,5,3,8,odl/discr/discretization.py
28420571,137,297,434,odl/discr/lp_discr.py
28420571,3,4,7,odl/space/fspace.py
28420571,6,41,47,odl/space/pspace.py
28420571,33,64,97,odl/space/weighting.py
28420571,2,3,5,odl/tomo/analytic/filtered_back_projection.py
28420571,2,2,4,odl/tomo/operators/ray_trafo.py
28420571,1,1,2,examples/solvers/pdhg_deconvolve.py
28420571,1,1,2,examples/solvers/pdhg_denoising.py
28420571,2,2,4,examples/solvers/pdhg_denoising_complex.py
28420571,1,1,2,examples/solvers/pdhg_tomography.py
28420571,2,2,4,examples/solvers/scipy_solvers.py
28420571,3,3,6,examples/space/simple_r.py
28420571,2,2,4,examples/space/simple_rn.py
28420571,1,1,2,odl/deform/linearized.py
28420571,17,12,29,odl/discr/grid.py
28420571,42,26,68,odl/discr/partition.py
28420571,56,23,79,odl/operator/default_ops.py
28420571,18,24,42,odl/operator/operator.py
28420571,31,27,58,odl/operator/pspace_ops.py
28420571,18,16,34,odl/operator/tensor_ops.py
28420571,14,7,21,odl/set/domain.py
28420571,7,1,8,odl/set/sets.py
28420571,7,22,29,odl/set/space.py
28420571,1,2,3,odl/solvers/functional/default_functionals.py
28420571,14,12,26,odl/solvers/functional/example_funcs.py
28420571,3,3,6,odl/solvers/nonsmooth/douglas_rachford.py
28420571,12,8,20,odl/solvers/nonsmooth/proximal_operators.py
28420571,34,31,65,odl/space/pspace.py
28420571,10,11,21,odl/tomo/backends/astra_cpu.py
28420571,2,2,4,odl/trafos/fourier.py
28420571,78,9,87,odl/ufunc_ops/ufunc_ops.py
28420571,3,0,3,odl/util/__init__.py
28420571,78,0,78,odl/util/npy_compat.py
28420571,1,1,2,odl/util/__init__.py
28420571,2,2,4,odl/util/pytest_plugins.py
28420571,19,30,49,odl/util/testutils.py
28420571,69,34,103,odl/util/utility.py
28420571,5,1,6,odl/util/graphics.py
28420571,2,1,3,doc/source/conf.py
28420571,34,18,52,doc/source/generate_doc.py
28420571,4,2,6,odl/solvers/functional/default_functionals.py
28420571,145,66,211,odl/solvers/nonsmooth/proximal_operators.py
28420571,2,3,5,odl/test/solvers/nonsmooth/proximal_operator_test.py
28420571,15,14,29,odl/solvers/functional/default_functionals.py
28420571,131,64,195,odl/solvers/nonsmooth/proximal_operators.py
28420571,4,1,5,odl/solvers/nonsmooth/proximal_operators.py
28420571,4,14,18,odl/solvers/functional/default_functionals.py
28420571,131,68,199,odl/solvers/nonsmooth/proximal_operators.py
28420571,0,1,1,odl/test/solvers/nonsmooth/proximal_operator_test.py
28420571,10,2,12,odl/operator/tensor_ops.py
28420571,370,325,695,odl/test/operator/operator_test.py
28420571,8,4,12,odl/operator/operator.py
28420571,30,3,33,odl/phantom/emission.py
28420571,150,65,215,odl/phantom/geometric.py
28420571,15,3,18,odl/phantom/transmission.py
28420571,0,2,2,odl/contrib/datasets/images/cambridge.py
28420571,0,1,1,odl/discr/discretization.py
28420571,0,1,1,odl/discr/lp_discr.py
28420571,0,3,3,odl/operator/fn_ops.py
28420571,0,1,1,odl/operator/oputils.py
28420571,0,1,1,odl/operator/tensor_ops.py
28420571,1,1,2,odl/solvers/functional/derivatives.py
28420571,0,1,1,odl/space/base_ntuples.py
28420571,0,1,1,odl/space/npy_ntuples.py
28420571,0,1,1,odl/space/space_utils.py
28420571,0,1,1,odl/space/weighting.py
28420571,0,1,1,odl/ufunc_ops/ufunc_ops.py
28420571,0,5,5,odl/contrib/datasets/mri/tugraz.py
28420571,0,1,1,odl/contrib/fom/examples/haarpsi.py
28420571,0,1,1,examples/diagnostics/diagonstics_space.py
28420571,0,1,1,examples/operator/simple_operator.py
28420571,0,1,1,examples/solvers/douglas_rachford_pd_heron.py
28420571,0,1,1,examples/solvers/find_optimal_parameters.py
28420571,0,1,1,examples/solvers/functional_basic_example.py
28420571,0,1,1,examples/solvers/functional_basic_example_solver.py
28420571,0,1,1,examples/space/simple_r.py
28420571,0,1,1,examples/space/simple_rn.py
28420571,0,1,1,examples/space/vectorization.py
28420571,4,5,9,examples/ufunc_ops/ufunc_basics.py
28420571,0,1,1,examples/ufunc_ops/ufunc_composition.py
28420571,0,1,1,examples/ufunc_ops/ufunc_solvers.py
28420571,1,0,1,odl/deform/linearized.py
28420571,1,1,2,odl/test/deform/linearized_deform_test.py
28420571,0,1,1,odl/contrib/fom/util.py
28420571,1,1,2,odl/contrib/mrc/mrc.py
28420571,1,1,2,odl/contrib/mrc/uncompr_bin.py
28420571,0,1,1,odl/contrib/tensorflow/layer.py
28420571,0,1,1,odl/discr/diff_ops.py
28420571,1,1,2,odl/discr/discr_mappings.py
28420571,14,13,27,odl/discr/discr_ops.py
28420571,0,1,1,odl/discr/grid.py
28420571,0,1,1,odl/discr/lp_discr.py
28420571,1,1,2,odl/discr/partition.py
28420571,1,1,2,odl/operator/operator.py
28420571,0,1,1,odl/operator/oputils.py
28420571,0,1,1,odl/operator/pspace_ops.py
28420571,0,1,1,odl/operator/tensor_ops.py
28420571,0,1,1,odl/phantom/geometric.py
28420571,0,1,1,odl/phantom/misc_phantoms.py
28420571,0,1,1,odl/phantom/transmission.py
28420571,0,1,1,odl/set/domain.py
28420571,1,1,2,odl/set/sets.py
28420571,1,1,2,odl/set/space.py
28420571,0,1,1,odl/solvers/functional/default_functionals.py
28420571,0,1,1,odl/solvers/functional/derivatives.py
28420571,0,1,1,odl/solvers/functional/example_funcs.py
28420571,1,1,2,odl/solvers/iterative/iterative.py
28420571,0,1,1,odl/solvers/iterative/statistical.py
28420571,0,1,1,odl/solvers/nonsmooth/douglas_rachford.py
28420571,0,1,1,odl/solvers/nonsmooth/forward_backward.py
28420571,0,1,1,odl/solvers/nonsmooth/primal_dual_hybrid_gradient.py
28420571,0,2,2,odl/solvers/nonsmooth/proximal_gradient_solvers.py
28420571,0,1,1,odl/solvers/nonsmooth/proximal_operators.py
28420571,0,1,1,odl/solvers/smooth/gradient.py
28420571,0,1,1,odl/solvers/smooth/newton.py
28420571,0,1,1,odl/solvers/smooth/nonlinear_cg.py
28420571,1,1,2,odl/solvers/util/callback.py
28420571,1,1,2,odl/space/fspace.py
28420571,0,1,1,odl/space/pspace.py
28420571,1,1,2,odl/space/weighting.py
28420571,0,1,1,odl/tomo/backends/astra_setup.py
28420571,1,1,2,odl/tomo/geometry/detector.py
28420571,1,1,2,odl/tomo/geometry/geometry.py
28420571,0,1,1,odl/tomo/geometry/parallel.py
28420571,0,1,1,odl/tomo/operators/ray_trafo.py
28420571,0,1,1,odl/tomo/util/utility.py
28420571,0,1,1,odl/trafos/backends/pyfftw_bindings.py
28420571,0,1,1,odl/trafos/backends/pywt_bindings.py
28420571,0,1,1,odl/trafos/fourier.py
28420571,0,1,1,odl/trafos/util/ft_utils.py
28420571,0,1,1,odl/trafos/wavelet.py
28420571,0,1,1,odl/util/graphics.py
28420571,0,1,1,odl/util/normalize.py
28420571,0,1,1,odl/util/numerics.py
28420571,0,1,1,odl/util/pytest_plugins.py
28420571,1,1,2,odl/util/testutils.py
28420571,1,1,2,odl/util/ufuncs.py
28420571,1,1,2,odl/util/utility.py
28420571,9,12,21,odl/deform/linearized.py
28420571,8,3,11,odl/test/deform/linearized_deform_test.py
28420571,4,2,6,doc/source/conf.py
28420571,2,1,3,doc/source/generate_doc.py
28420571,2,1,3,doc/source/guide/code/functional_indepth_example.py
28420571,1,0,1,examples/diagnostics/diagonstics_space.py
28420571,1,0,1,examples/operator/simple_operator.py
28420571,1,0,1,examples/solvers/douglas_rachford_pd_heron.py
28420571,5,3,8,examples/solvers/find_optimal_parameters.py
28420571,1,0,1,examples/solvers/functional_basic_example.py
28420571,1,0,1,examples/solvers/functional_basic_example_solver.py
28420571,1,1,2,examples/space/simple_r.py
28420571,1,0,1,examples/space/simple_rn.py
28420571,1,0,1,examples/space/vectorization.py
28420571,1,0,1,examples/ufunc_ops/ufunc_composition.py
28420571,1,0,1,examples/ufunc_ops/ufunc_solvers.py
28420571,1,2,3,odl/contrib/datasets/ct/fips.py
28420571,2,3,5,odl/contrib/datasets/mri/examples/tugraz_reconstruct.py
28420571,0,2,2,odl/contrib/datasets/mri/tugraz.py
28420571,3,9,12,odl/contrib/datasets/util.py
28420571,1,0,1,odl/contrib/fom/examples/haarpsi.py
28420571,3,1,4,odl/contrib/fom/supervised.py
28420571,12,1,13,odl/contrib/fom/test/test_supervised.py
28420571,1,1,2,odl/contrib/fom/unsupervised.py
28420571,2,0,2,odl/contrib/fom/util.py
28420571,0,2,2,odl/contrib/mrc/examples/raw_binary_with_header_io.py
28420571,1,3,4,odl/contrib/mrc/mrc.py
28420571,1,3,4,odl/contrib/mrc/uncompr_bin.py
28420571,1,0,1,odl/contrib/pytorch/examples/operator.py
28420571,1,0,1,odl/contrib/pytorch/operator.py
28420571,0,3,3,odl/contrib/solvers/functional/nonlocalmeans_functionals.py
28420571,2,0,2,odl/contrib/tensorflow/examples/tensorflow_layer_matrix.py
28420571,1,0,1,odl/contrib/tensorflow/examples/tensorflow_layer_productspace.py
28420571,1,0,1,odl/contrib/tensorflow/examples/tensorflow_layer_ray_transform.py
28420571,1,0,1,odl/contrib/tensorflow/examples/tensorflow_operator_matrix.py
28420571,0,3,3,odl/contrib/tensorflow/layer.py
28420571,1,3,4,odl/contrib/tensorflow/operator.py
28420571,3,4,7,odl/contrib/tensorflow/space.py
28420571,1,0,1,odl/contrib/theano/examples/theano_layer_matrix.py
28420571,0,1,1,odl/contrib/theano/layer.py
28420571,0,2,2,odl/contrib/tomo/elekta.py
28420571,1,3,4,odl/deform/linearized.py
28420571,0,3,3,odl/diagnostics/examples.py
28420571,1,4,5,odl/diagnostics/operator.py
28420571,0,3,3,odl/diagnostics/space.py
28420571,3,5,8,odl/discr/diff_ops.py
28420571,7,11,18,odl/discr/discr_mappings.py
28420571,1,3,4,odl/discr/discr_ops.py
28420571,0,1,1,odl/discr/discretization.py
28420571,0,3,3,odl/discr/grid.py
28420571,2,4,6,odl/discr/lp_discr.py
28420571,0,3,3,odl/discr/partition.py
28420571,0,3,3,odl/operator/default_ops.py
28420571,2,5,7,odl/operator/operator.py
28420571,1,2,3,odl/operator/oputils.py
28420571,2,4,6,odl/operator/pspace_ops.py
28420571,1,2,3,odl/operator/tensor_ops.py
28420571,2,3,5,odl/phantom/emission.py
28420571,1,2,3,odl/phantom/geometric.py
28420571,2,4,6,odl/phantom/misc_phantoms.py
28420571,2,4,6,odl/phantom/noise.py
28420571,0,3,3,odl/phantom/phantom_utils.py
28420571,3,4,7,odl/phantom/transmission.py
28420571,0,3,3,odl/set/domain.py
28420571,2,4,6,odl/set/sets.py
28420571,1,4,5,odl/set/space.py
28420571,2,4,6,odl/solvers/functional/default_functionals.py
28420571,1,2,3,odl/solvers/functional/derivatives.py
28420571,1,3,4,odl/solvers/functional/example_funcs.py
28420571,0,3,3,odl/solvers/functional/functional.py
28420571,2,3,5,odl/solvers/iterative/iterative.py
28420571,1,2,3,odl/solvers/iterative/statistical.py
28420571,2,0,2,odl/solvers/nonsmooth/admm.py
28420571,1,1,2,odl/solvers/nonsmooth/douglas_rachford.py
28420571,1,2,3,odl/solvers/nonsmooth/forward_backward.py
28420571,1,3,4,odl/solvers/nonsmooth/primal_dual_hybrid_gradient.py
28420571,1,2,3,odl/solvers/nonsmooth/proximal_gradient_solvers.py
28420571,1,3,4,odl/solvers/nonsmooth/proximal_operators.py
28420571,1,3,4,odl/solvers/smooth/gradient.py
28420571,2,3,5,odl/solvers/smooth/newton.py
28420571,1,1,2,odl/solvers/smooth/nonlinear_cg.py
28420571,4,6,10,odl/solvers/util/callback.py
28420571,1,3,4,odl/solvers/util/steplen.py
28420571,0,2,2,odl/space/base_ntuples.py
28420571,0,1,1,odl/space/entry_points.py
28420571,1,2,3,odl/space/fspace.py
28420571,0,2,2,odl/space/npy_ntuples.py
28420571,1,4,5,odl/space/pspace.py
28420571,2,4,6,odl/space/space_utils.py
28420571,1,2,3,odl/space/weighting.py
28420571,3,3,6,odl/test/deform/linearized_deform_test.py
28420571,12,0,12,odl/test/discr/discr_mappings_test.py
28420571,2,1,3,odl/test/largescale/solvers/nonsmooth/default_functionals_slow_test.py
28420571,5,5,10,odl/test/operator/operator_test.py
28420571,0,1,1,odl/test/tomo/geometry/geometry_test.py
28420571,3,4,7,odl/tomo/analytic/filtered_back_projection.py
28420571,1,3,4,odl/tomo/backends/astra_cpu.py
28420571,1,2,3,odl/tomo/backends/astra_cuda.py
28420571,2,5,7,odl/tomo/backends/astra_setup.py
28420571,3,1,4,odl/tomo/backends/skimage_radon.py
28420571,0,1,1,odl/tomo/backends/stir_bindings.py
28420571,0,2,2,odl/tomo/geometry/conebeam.py
28420571,1,3,4,odl/tomo/geometry/detector.py
28420571,1,3,4,odl/tomo/geometry/geometry.py
28420571,1,2,3,odl/tomo/geometry/parallel.py
28420571,0,2,2,odl/tomo/geometry/spect.py
28420571,0,3,3,odl/tomo/operators/ray_trafo.py
28420571,0,1,1,odl/tomo/util/testutils.py
28420571,1,2,3,odl/tomo/util/utility.py
28420571,4,6,10,odl/trafos/backends/pyfftw_bindings.py
28420571,1,4,5,odl/trafos/backends/pywt_bindings.py
28420571,1,3,4,odl/trafos/fourier.py
28420571,1,3,4,odl/trafos/util/ft_utils.py
28420571,1,4,5,odl/trafos/wavelet.py
28420571,2,3,5,odl/ufunc_ops/ufunc_ops.py
28420571,1,2,3,odl/util/graphics.py
28420571,1,3,4,odl/util/normalize.py
28420571,2,3,5,odl/util/numerics.py
28420571,1,1,2,odl/util/pytest_plugins.py
28420571,2,3,5,odl/util/testutils.py
28420571,1,2,3,odl/util/ufuncs.py
28420571,2,4,6,odl/util/utility.py
28420571,1,3,4,odl/util/vectorization.py
28420571,1,2,3,odl/solvers/nonsmooth/proximal_operators.py
28420571,3,1,4,odl/tomo/backends/astra_setup.py
28420571,1,1,2,odl/operator/default_ops.py
28420571,16,0,16,odl/contrib/datasets/images/__init__.py
28420571,159,0,159,odl/contrib/datasets/images/cambridge.py
28420571,45,0,45,odl/contrib/datasets/images/examples/cambridge_images.py
28420571,3,3,6,odl/set/space.py
28420571,187,90,277,odl/discr/diff_ops.py
28420571,82,17,99,odl/operator/tensor_ops.py
28420571,5,0,5,odl/space/base_ntuples.py
28420571,95,14,109,odl/test/discr/diff_ops_test.py
28420571,2,2,4,odl/discr/lp_discr.py
28420571,24,123,147,odl/space/npy_ntuples.py
28420571,21,111,132,odl/space/pspace.py
28420571,54,170,224,odl/space/weighting.py
28420571,7,74,81,odl/test/space/ntuples_test.py
28420571,14,7,21,odl/trafos/fourier.py
28420571,10,5,15,odl/trafos/util/ft_utils.py
28420571,11,2,13,odl/space/base_ntuples.py
28420571,45,2,47,odl/space/base_ntuples.py
28420571,36,51,87,odl/space/fspace.py
28420571,2,2,4,odl/space/npy_ntuples.py
28420571,2,1,3,odl/space/base_ntuples.py
28420571,6,0,6,odl/space/npy_ntuples.py
28420571,1,1,2,odl/test/space/ntuples_test.py
28420571,1,1,2,odl/deform/linearized.py
28420571,48,53,101,odl/discr/discr_mappings.py
28420571,5,5,10,odl/discr/discr_ops.py
28420571,103,184,287,odl/discr/discretization.py
28420571,4,2,6,odl/discr/lp_discr.py
28420571,3,3,6,odl/operator/default_ops.py
28420571,2,2,4,odl/operator/operator.py
28420571,2,2,4,odl/phantom/noise.py
28420571,13,14,27,odl/set/space.py
28420571,1,1,2,odl/solvers/util/callback.py
28420571,215,212,427,odl/space/base_ntuples.py
28420571,7,47,54,odl/space/entry_points.py
28420571,601,752,1353,odl/space/fspace.py
28420571,756,797,1553,odl/space/npy_ntuples.py
28420571,4,4,8,odl/space/pspace.py
28420571,14,52,66,odl/space/space_utils.py
28420571,1,1,2,odl/test/deform/linearized_deform_test.py
28420571,3,4,7,odl/test/discr/discr_mappings_test.py
28420571,5,5,10,odl/test/discr/lp_discr_test.py
28420571,25,29,54,odl/test/space/fspace_test.py
28420571,11,17,28,odl/test/space/ntuples_test.py
28420571,3,3,6,odl/test/space/space_utils_test.py
28420571,1,1,2,odl/test/trafos/fourier_test.py
28420571,2,2,4,odl/tomo/operators/ray_trafo.py
28420571,0,10,10,odl/util/pytest_plugins.py
28420571,22,22,44,odl/util/ufuncs.py
28420571,1,1,2,odl/util/vectorization.py
28420571,1,1,2,odl/tomo/geometry/detector.py
28420571,1,1,2,odl/tomo/geometry/parallel.py
28420571,1,1,2,odl/tomo/util/utility.py
28420571,12,2,14,odl/tomo/backends/astra_cuda.py
28420571,1,3,4,examples/solvers/pdhg_denoising_L1_HuberTV.py
28420571,9,11,20,examples/solvers/pdhg_denoising_L2_HuberTV.py
28420571,6,6,12,odl/solvers/functional/default_functionals.py
28420571,8,14,22,examples/solvers/pdhg_denoising_L1_HuberTV.py
28420571,7,6,13,examples/solvers/pdhg_denoising_L1_HuberTV.py
28420571,9,8,17,examples/solvers/pdhg_denoising_L2_HuberTV.py
28420571,10,10,20,odl/solvers/functional/default_functionals.py
28420571,29,67,96,examples/solvers/pdhg_denoising_L1_HuberTV.py
28420571,38,77,115,examples/solvers/pdhg_denoising_L2_HuberTV.py
28420571,48,51,99,odl/solvers/functional/default_functionals.py
28420571,11,16,27,odl/solvers/nonsmooth/proximal_operators.py
28420571,49,17,66,odl/solvers/functional/default_functionals.py
28420571,1,0,1,odl/test/solvers/functional/functional_test.py
28420571,118,41,159,odl/solvers/functional/default_functionals.py
28420571,74,2,76,odl/solvers/nonsmooth/proximal_operators.py
28420571,3,1,4,odl/test/largescale/solvers/nonsmooth/default_functionals_slow_test.py
28420571,3,1,4,odl/test/solvers/functional/functional_test.py
28420571,4,4,8,examples/solvers/pdhg_denoising_L1_HuberTV.py
28420571,4,4,8,examples/solvers/pdhg_denoising_L2_HuberTV.py
28420571,16,20,36,odl/solvers/functional/default_functionals.py
28420571,2,0,2,odl/solvers/functional/default_functionals.py
28420571,22,7,29,odl/solvers/functional/default_functionals.py
28420571,30,14,44,odl/solvers/functional/default_functionals.py
28420571,31,19,50,examples/solvers/pdhg_denoising_L1_HuberTV.py
28420571,29,16,45,examples/solvers/pdhg_denoising_L2_HuberTV.py
28420571,2,2,4,odl/solvers/functional/default_functionals.py
28420571,2,2,4,odl/solvers/functional/default_functionals.py
28420571,123,0,123,examples/solvers/pdhg_denoising_L1_HuberTV.py
28420571,165,0,165,examples/solvers/pdhg_denoising_L2_HuberTV.py
28420571,79,2,81,odl/solvers/functional/default_functionals.py
28420571,1,1,2,examples/solvers/pdhg_denoising_ROF_algorithm_comparison.py
28420571,6,3,9,odl/space/pspace.py
28420571,3,3,6,odl/discr/discretization.py
28420571,3,3,6,odl/space/base_ntuples.py
28420571,1,1,2,odl/discr/discretization.py
28420571,18,15,33,odl/phantom/geometric.py
28420571,1,2,3,odl/space/npy_ntuples.py
28420571,36,1,37,odl/util/utility.py
28420571,3,1,4,odl/discr/discretization.py
28420571,2,1,3,odl/space/base_ntuples.py
28420571,1,1,2,odl/space/pspace.py
28420571,3,2,5,odl/discr/grid.py
28420571,10,5,15,odl/discr/partition.py
28420571,11,13,24,odl/space/npy_ntuples.py
28420571,4,4,8,odl/deform/linearized.py
28420571,29,20,49,odl/discr/diff_ops.py
28420571,31,39,70,odl/discr/discr_mappings.py
28420571,21,21,42,odl/discr/discr_ops.py
28420571,14,11,25,odl/discr/discretization.py
28420571,58,56,114,odl/discr/grid.py
28420571,37,32,69,odl/discr/lp_discr.py
28420571,54,40,94,odl/discr/partition.py
28420571,38,38,76,odl/operator/default_ops.py
28420571,14,8,22,odl/operator/fn_ops.py
28420571,26,26,52,odl/operator/operator.py
28420571,45,45,90,odl/operator/pspace_ops.py
28420571,11,12,23,odl/operator/tensor_ops.py
28420571,59,57,116,odl/phantom/geometric.py
28420571,22,21,43,odl/set/domain.py
28420571,2,2,4,odl/set/sets.py
28420571,5,5,10,odl/solvers/functional/derivatives.py
28420571,4,5,9,odl/solvers/functional/functional.py
28420571,1,1,2,odl/solvers/util/callback.py
28420571,9,6,15,odl/space/base_ntuples.py
28420571,59,54,113,odl/space/npy_ntuples.py
28420571,32,23,55,odl/space/pspace.py
28420571,6,7,13,odl/space/space_utils.py
28420571,6,7,13,odl/space/weighting.py
28420571,4,4,8,odl/test/discr/discr_ops_test.py
28420571,2,2,4,odl/test/system/import_test.py
28420571,3,3,6,odl/test/util/utility_test.py
28420571,13,15,28,odl/tomo/geometry/conebeam.py
28420571,7,10,17,odl/tomo/geometry/detector.py
28420571,19,22,41,odl/tomo/geometry/parallel.py
28420571,7,8,15,odl/tomo/geometry/spect.py
28420571,2,2,4,odl/trafos/util/ft_utils.py
28420571,1,1,2,odl/trafos/wavelet.py
28420571,151,136,287,odl/util/utility.py
28420571,2,3,5,odl/test/solvers/nonsmooth/admm_test.py
28420571,3,3,6,examples/solvers/admm_tomography.py
28420571,17,11,28,odl/solvers/nonsmooth/admm.py
28420571,41,43,84,examples/solvers/admm_tomography.py
28420571,77,0,77,odl/test/solvers/nonsmooth/admm_test.py
28420571,7,11,18,odl/solvers/nonsmooth/admm.py
28420571,2,2,4,examples/solvers/admm_tomography.py
28420571,2,2,4,examples/solvers/lbfgs_tomography.py
28420571,2,2,4,examples/solvers/pdhg_tomography.py
28420571,33,17,50,odl/solvers/nonsmooth/admm.py
28420571,87,0,87,examples/solvers/admm_tomography.py
28420571,3,0,3,odl/solvers/nonsmooth/__init__.py
28420571,143,0,143,odl/solvers/nonsmooth/admm.py
28420571,2,2,4,odl/operator/operator.py
28420571,8,18,26,odl/operator/operator.py
28420571,2,2,4,odl/contrib/datasets/ct/fips.py
28420571,18,4,22,odl/operator/operator.py
28420571,10,6,16,odl/operator/operator.py
28420571,4,1,5,odl/space/npy_ntuples.py
28420571,5,1,6,odl/solvers/nonsmooth/proximal_operators.py
28420571,14,5,19,odl/test/solvers/nonsmooth/proximal_operator_test.py
28420571,2,1,3,odl/solvers/util/callback.py
28420571,9,9,18,odl/solvers/util/callback.py
28420571,3,2,5,odl/solvers/util/callback.py
28420571,15,62,77,odl/solvers/util/callback.py
28420571,2,6,8,odl/solvers/util/callback.py
28420571,108,19,127,odl/solvers/util/callback.py
28420571,1,1,2,odl/tomo/analytic/filtered_back_projection.py
28420571,11,0,11,odl/contrib/fom/test/test_unsupervised.py
28420571,19,3,22,odl/contrib/fom/unsupervised.py
28420571,4,2,6,odl/tomo/geometry/conebeam.py
28420571,1,1,2,odl/contrib/fom/test/test_supervised.py
28420571,1,1,2,odl/contrib/fom/test/test_unsupervised.py
28420571,1,1,2,odl/contrib/mrc/test/mrc_test.py
28420571,1,1,2,odl/contrib/mrc/test/uncompr_bin_test.py
28420571,1,1,2,odl/contrib/pytorch/test/layer.py
28420571,1,2,3,odl/contrib/tensorflow/test/tensorflow_test.py
28420571,1,1,2,odl/contrib/theano/test/theano_test.py
28420571,1,0,1,odl/phantom/misc_phantoms.py
28420571,22,16,38,odl/tomo/geometry/detector.py
28420571,4,2,6,odl/tomo/backends/astra_setup.py
28420571,11,12,23,odl/tomo/geometry/conebeam.py
28420571,23,25,48,odl/tomo/geometry/parallel.py
28420571,21,10,31,odl/tomo/geometry/detector.py
28420571,3,3,6,odl/tomo/geometry/conebeam.py
28420571,14,26,40,odl/tomo/geometry/detector.py
28420571,2,2,4,odl/tomo/geometry/geometry.py
28420571,6,10,16,odl/tomo/geometry/parallel.py
28420571,55,1,56,odl/tomo/util/utility.py
28420571,95,63,158,odl/tomo/geometry/conebeam.py
28420571,237,137,374,odl/tomo/geometry/detector.py
28420571,175,125,300,odl/tomo/geometry/geometry.py
28420571,260,131,391,odl/tomo/geometry/parallel.py
28420571,1,3,4,odl/tomo/geometry/spect.py
28420571,75,57,132,odl/tomo/util/utility.py
28420571,3,3,6,odl/tomo/geometry/detector.py
28420571,5,5,10,odl/tomo/geometry/geometry.py
28420571,25,29,54,odl/tomo/geometry/parallel.py
28420571,6,6,12,odl/tomo/geometry/conebeam.py
28420571,105,31,136,odl/tomo/geometry/geometry.py
28420571,98,14,112,odl/tomo/geometry/parallel.py
28420571,9,11,20,odl/tomo/geometry/parallel.py
28420571,3,1,4,odl/tomo/backends/astra_setup.py
28420571,98,10,108,odl/tomo/geometry/geometry.py
28420571,8,2,10,odl/tomo/geometry/conebeam.py
28420571,16,7,23,odl/tomo/geometry/parallel.py
28420571,9,6,15,odl/tomo/geometry/conebeam.py
28420571,3,3,6,odl/tomo/geometry/geometry.py
28420571,12,5,17,odl/tomo/geometry/parallel.py
28420571,548,196,744,odl/tomo/geometry/detector.py
28420571,6,5,11,odl/tomo/backends/astra_setup.py
28420571,4,29,33,odl/tomo/geometry/detector.py
28420571,31,8,39,odl/tomo/util/utility.py
28420571,50,54,104,odl/tomo/backends/astra_setup.py
28420571,171,83,254,odl/tomo/geometry/conebeam.py
28420571,124,80,204,odl/tomo/geometry/geometry.py
28420571,202,92,294,odl/tomo/geometry/parallel.py
28420571,13,3,16,odl/tomo/geometry/spect.py
28420571,25,9,34,odl/tomo/util/utility.py
28420571,4,6,10,odl/test/operator/oputils_test.py
28420571,1,1,2,examples/solvers/pdhg_denoising_ROF_algorithm_comparison.py
28420571,2,2,4,doc/source/getting_started/code/getting_started_convolution.py
28420571,6,6,12,doc/source/guide/code/functional_indepth_example.py
28420571,1,1,2,examples/operator/simple_operator.py
28420571,2,2,4,examples/solvers/deconvolution_1d.py
28420571,2,2,4,examples/solvers/functional_basic_example.py
28420571,2,2,4,examples/space/simple_r.py
28420571,3,3,6,examples/space/simple_rn.py
28420571,6,4,10,odl/contrib/mrc/mrc.py
28420571,4,3,7,odl/contrib/solvers/functional/nonlocalmeans_functionals.py
28420571,1,1,2,odl/contrib/tensorflow/operator.py
28420571,3,3,6,odl/contrib/tensorflow/space.py
28420571,4,5,9,odl/deform/linearized.py
28420571,8,7,15,odl/discr/diff_ops.py
28420571,18,15,33,odl/discr/discr_mappings.py
28420571,4,3,7,odl/discr/discr_ops.py
28420571,2,3,5,odl/discr/discretization.py
28420571,12,10,22,odl/discr/lp_discr.py
28420571,3,2,5,odl/discr/partition.py
28420571,23,17,40,odl/operator/default_ops.py
28420571,7,5,12,odl/operator/fn_ops.py
28420571,27,23,50,odl/operator/operator.py
28420571,13,13,26,odl/operator/pspace_ops.py
28420571,21,15,36,odl/operator/tensor_ops.py
28420571,2,2,4,odl/set/domain.py
28420571,1,1,2,odl/set/space.py
28420571,57,43,100,odl/solvers/functional/default_functionals.py
28420571,4,4,8,odl/solvers/functional/derivatives.py
28420571,4,4,8,odl/solvers/functional/example_funcs.py
28420571,40,42,82,odl/solvers/functional/functional.py
28420571,13,8,21,odl/solvers/nonsmooth/proximal_operators.py
28420571,3,2,5,odl/space/fspace.py
28420571,21,19,40,odl/space/npy_ntuples.py
28420571,21,16,37,odl/space/pspace.py
28420571,29,23,52,odl/space/weighting.py
28420571,5,5,10,odl/test/operator/operator_test.py
28420571,23,22,45,odl/test/operator/oputils_test.py
28420571,4,3,7,odl/tomo/backends/stir_bindings.py
28420571,6,5,11,odl/tomo/geometry/conebeam.py
28420571,5,5,10,odl/tomo/geometry/detector.py
28420571,11,8,19,odl/tomo/geometry/parallel.py
28420571,2,2,4,odl/tomo/geometry/spect.py
28420571,11,7,18,odl/tomo/operators/ray_trafo.py
28420571,18,14,32,odl/trafos/fourier.py
28420571,13,11,24,odl/trafos/wavelet.py
28420571,2,2,4,odl/util/vectorization.py
28420571,3,2,5,odl/discr/discr_mappings.py
28420571,1,1,2,odl/test/tomo/geometry/geometry_test.py
28420571,2,2,4,odl/test/discr/discr_ops_test.py
28420571,1,9,10,odl/test/discr/lp_discr_test.py
28420571,1,1,2,odl/test/largescale/solvers/nonsmooth/default_functionals_slow_test.py
28420571,1,1,2,odl/test/largescale/tomo/analytic_slow_test.py
28420571,1,1,2,odl/test/largescale/tomo/ray_transform_slow_test.py
28420571,11,11,22,odl/test/largescale/trafos/fourier_slow_test.py
28420571,1,1,2,odl/test/solvers/functional/default_functionals_test.py
28420571,2,2,4,odl/test/solvers/functional/functional_test.py
28420571,7,36,43,odl/test/solvers/nonsmooth/proximal_utils_test.py
28420571,1,1,2,odl/test/tomo/backends/astra_cuda_test.py
28420571,11,9,20,odl/test/tomo/geometry/geometry_test.py
28420571,6,6,12,odl/test/tomo/operators/ray_trafo_test.py
28420571,2,2,4,odl/test/util/numerics_test.py
28420571,8,6,14,odl/util/pytest_plugins.py
28420571,5,4,9,odl/util/testutils.py
28420571,44,30,74,odl/discr/discr_mappings.py
28420571,8,9,17,odl/discr/lp_discr.py
28420571,3,8,11,odl/trafos/util/ft_utils.py
28420571,8,15,23,odl/util/testutils.py
28420571,30,33,63,odl/util/utility.py
28420571,61,60,121,odl/util/testutils.py
28420571,1,2,3,odl/contrib/fom/test/test_supervised.py
28420571,1,1,2,odl/test/largescale/tomo/analytic_slow_test.py
28420571,1,1,2,odl/test/largescale/tomo/ray_transform_slow_test.py
28420571,4,17,21,odl/test/largescale/trafos/fourier_slow_test.py
28420571,0,1,1,odl/test/tomo/backends/astra_cuda_test.py
28420571,2,2,4,odl/test/tomo/operators/ray_trafo_test.py
28420571,38,14,52,odl/util/testutils.py
28420571,2,2,4,odl/solvers/iterative/iterative.py
28420571,2,2,4,odl/solvers/nonsmooth/proximal_operators.py
28420571,1,1,2,odl/util/graphics.py
28420571,1,1,2,odl/test/deform/linearized_deform_test.py
28420571,1,1,2,odl/test/discr/diff_ops_test.py
28420571,1,1,2,odl/test/discr/discr_mappings_test.py
28420571,1,1,2,odl/test/discr/discr_ops_test.py
28420571,1,1,2,odl/test/discr/grid_test.py
28420571,1,1,2,odl/test/discr/lp_discr_test.py
28420571,2,1,3,odl/test/discr/partition_test.py
28420571,2,1,3,odl/test/largescale/solvers/nonsmooth/default_functionals_slow_test.py
28420571,1,1,2,odl/test/largescale/space/fn_base_slow_test.py
28420571,1,1,2,odl/test/largescale/tomo/analytic_slow_test.py
28420571,1,1,2,odl/test/largescale/tomo/ray_transform_slow_test.py
28420571,1,2,3,odl/test/largescale/tomo/stir_slow_test.py
28420571,1,1,2,odl/test/largescale/trafos/fourier_slow_test.py
28420571,2,1,3,odl/test/operator/operator_test.py
28420571,2,1,3,odl/test/operator/oputils_test.py
28420571,1,1,2,odl/test/operator/pspace_ops_test.py
28420571,1,1,2,odl/test/operator/tensor_ops_test.py
28420571,2,1,3,odl/test/set/domain_test.py
28420571,2,1,3,odl/test/set/sets_test.py
28420571,5,5,10,odl/test/set/space_test.py
28420571,2,1,3,odl/test/solvers/functional/default_functionals_test.py
28420571,1,1,2,odl/test/solvers/functional/functional_test.py
28420571,2,1,3,odl/test/solvers/iterative/iterative_test.py
28420571,1,1,2,odl/test/solvers/nonsmooth/douglas_rachford_test.py
28420571,1,1,2,odl/test/solvers/nonsmooth/forward_backward_test.py
28420571,1,1,2,odl/test/solvers/nonsmooth/primal_dual_hybrid_gradient_test.py
28420571,1,1,2,odl/test/solvers/nonsmooth/proximal_operator_test.py
28420571,1,1,2,odl/test/solvers/nonsmooth/proximal_utils_test.py
28420571,1,1,2,odl/test/solvers/smooth/smooth_test.py
28420571,1,2,3,odl/test/solvers/util/steplen_test.py
28420571,1,1,2,odl/test/space/fspace_test.py
28420571,1,1,2,odl/test/space/ntuples_test.py
28420571,1,1,2,odl/test/space/pspace_test.py
28420571,1,1,2,odl/test/space/space_utils_test.py
28420571,2,2,4,odl/test/system/import_test.py
28420571,1,1,2,odl/test/test_doc.py
28420571,2,1,3,odl/test/test_examples.py
28420571,1,1,2,odl/test/tomo/backends/astra_cpu_test.py
28420571,1,1,2,odl/test/tomo/backends/astra_cuda_test.py
28420571,1,1,2,odl/test/tomo/backends/astra_setup_test.py
28420571,1,1,2,odl/test/tomo/backends/skimage_test.py
28420571,1,1,2,odl/test/tomo/geometry/geometry_test.py
28420571,1,2,3,odl/test/tomo/geometry/spect_geometry_test.py
28420571,1,1,2,odl/test/tomo/operators/ray_trafo_test.py
28420571,2,1,3,odl/test/trafos/backends/pyfftw_bindings_test.py
28420571,1,1,2,odl/test/trafos/backends/pywt_bindings_test.py
28420571,2,1,3,odl/test/trafos/fourier_test.py
28420571,1,1,2,odl/test/trafos/util/ft_utils_test.py
28420571,1,1,2,odl/test/trafos/wavelet_test.py
28420571,3,1,4,odl/test/util/normalize_test.py
28420571,3,1,4,odl/test/util/numerics_test.py
28420571,2,2,4,odl/test/util/utility_test.py
28420571,2,1,3,odl/test/util/vectorization_test.py
28420571,18,1,19,odl/util/testutils.py
28420571,30,26,56,odl/contrib/fom/supervised.py
28420571,2,2,4,odl/contrib/fom/examples/supervised_comparison.py
28420571,264,317,581,odl/contrib/fom/supervised.py
28420571,2,4,6,odl/discr/lp_discr.py
28420571,2,4,6,odl/space/npy_ntuples.py
28420571,68,49,117,odl/test/discr/lp_discr_test.py
28420571,0,3,3,odl/tomo/__init__.py
28420571,0,14,14,odl/tomo/data/__init__.py
28420571,6,4,10,examples/solvers/kaczmarz_tomography.py
28420571,57,0,57,odl/phantom/noise.py
28420571,40,3,43,odl/contrib/fom/test/test_supervised.py
28420571,2,2,4,odl/contrib/fom/examples/noise_power_spectrum.py
28420571,10,8,18,odl/contrib/fom/supervised.py
28420571,30,0,30,odl/contrib/fom/examples/noise_power_spectrum.py
28420571,41,1,42,odl/contrib/fom/supervised.py
28420571,6,8,14,examples/solvers/kaczmarz_tomography.py
28420571,10,2,12,odl/discr/partition.py
28420571,7,7,14,odl/deform/linearized.py
28420571,8,14,22,odl/contrib/tomo/elekta.py
28420571,50,20,70,odl/contrib/tomo/elekta.py
28420571,3,2,5,odl/contrib/tomo/examples/elekta_icon_algebraic_reconstruction.py
28420571,3,3,6,odl/contrib/tomo/examples/elekta_icon_fbp.py
28420571,3,2,5,odl/contrib/tomo/examples/elekta_xvi_algebraic_reconstruction.py
28420571,4,5,9,odl/contrib/tomo/examples/elekta_xvi_fbp.py
28420571,18,10,28,examples/solvers/kaczmarz_tomography.py
28420571,0,1,1,odl/solvers/nonsmooth/primal_dual_hybrid_gradient.py
28420571,3,2,5,odl/solvers/nonsmooth/primal_dual_hybrid_gradient.py
28420571,1,1,2,examples/solvers/pdhg_denoising_tgv.py
28420571,5,5,10,examples/solvers/pdhg_denoising_ROF_algorithm_comparison.py
28420571,1,1,2,examples/solvers/pdhg_deconvolve.py
28420571,2,0,2,examples/solvers/deconvolution_1d.py
28420571,1,0,1,examples/solvers/douglas_rachford_pd_heron.py
28420571,5,4,9,examples/solvers/find_optimal_parameters.py
28420571,2,1,3,examples/solvers/pdhg_deconvolve.py
28420571,5,5,10,examples/solvers/pdhg_denoising_ROF_algorithm_comparison.py
28420571,3,3,6,examples/solvers/pdhg_denoising_tgv.py
28420571,3,3,6,examples/solvers/pdhg_tomography_tgv.py
28420571,1,0,1,examples/solvers/proximal_gradient_wavelet_tomography.py
28420571,4,2,6,odl/solvers/nonsmooth/primal_dual_hybrid_gradient.py
28420571,7,7,14,odl/util/graphics.py
28420571,4,3,7,examples/solvers/pdhg_denoising_ROF_algorithm_comparison.py
28420571,20,20,40,odl/solvers/nonsmooth/primal_dual_hybrid_gradient.py
28420571,2,7,9,examples/solvers/pdhg_denoising_ROF_algorithm_comparison.py
28420571,1,2,3,odl/test/solvers/nonsmooth/primal_dual_hybrid_gradient_test.py
28420571,1,1,2,odl/solvers/nonsmooth/primal_dual_hybrid_gradient.py
28420571,1,1,2,odl/test/solvers/nonsmooth/primal_dual_hybrid_gradient_test.py
28420571,1,2,3,examples/solvers/pdhg_deconvolve.py
28420571,17,23,40,odl/test/solvers/nonsmooth/primal_dual_hybrid_gradient_test.py
28420571,6,8,14,examples/solvers/pdhg_denoising_ROF_algorithm_comparison.py
28420571,6,2,8,examples/solvers/pdhg_denoising_ROF_algorithm_comparison.py
28420571,134,37,171,examples/solvers/pdhg_denoising_ROF_algorithm_comparison.py
28420571,0,80,80,examples/solvers/pdhg_denoising_ROF_primal_acceleration.py
28420571,2,2,4,examples/solvers/denoising_with_entropy_type_regularization.py
28420571,3,3,6,examples/solvers/denoising_with_entropy_type_regularization.py
28420571,3,4,7,examples/solvers/find_optimal_parameters.py
28420571,2,2,4,examples/solvers/pdhg_deconvolve.py
28420571,4,4,8,examples/solvers/pdhg_denoising.py
28420571,8,10,18,examples/solvers/pdhg_denoising_ROF_algorithm_comparison.py
28420571,4,5,9,examples/solvers/pdhg_denoising_ROF_primal_acceleration.py
28420571,4,5,9,examples/solvers/pdhg_denoising_tgv.py
28420571,4,4,8,examples/solvers/pdhg_tomography.py
28420571,4,4,8,examples/solvers/pdhg_tomography_tgv.py
28420571,1,1,2,odl/solvers/nonsmooth/douglas_rachford.py
28420571,1,1,2,odl/solvers/nonsmooth/forward_backward.py
28420571,8,7,15,odl/solvers/nonsmooth/primal_dual_hybrid_gradient.py
28420571,11,10,21,odl/solvers/nonsmooth/primal_dual_hybrid_gradient.py
28420571,2,1,3,examples/solvers/pdhg_deconvolve.py
28420571,124,0,124,examples/solvers/pdhg_denoising_ROF_algorithm_comparison.py
28420571,81,0,81,examples/solvers/pdhg_denoising_ROF_primal_acceleration.py
28420571,1,3,4,examples/solvers/pdhg_deconvolve.py
28420571,1,3,4,examples/solvers/pdhg_denoising.py
28420571,1,1,2,examples/solvers/pdhg_denoising_tgv.py
28420571,2,12,14,examples/solvers/pdhg_tomography.py
28420571,1,1,2,examples/solvers/pdhg_tomography_tgv.py
28420571,1,1,2,odl/solvers/nonsmooth/primal_dual_hybrid_gradient.py
28420571,35,14,49,odl/solvers/nonsmooth/primal_dual_hybrid_gradient.py
28420571,2,2,4,examples/solvers/pdgh_deconvolve.py
28420571,2,2,4,examples/solvers/pdhg_denoising.py
28420571,4,3,7,examples/solvers/pdhg_denoising_tgv.py
28420571,2,2,4,examples/solvers/pdhg_tomography.py
28420571,2,2,4,examples/solvers/pdhg_tomography_tgv.py
28420571,2,2,4,odl/solvers/nonsmooth/__init__.py
28420571,12,11,23,odl/solvers/nonsmooth/primal_dual_hybrid_gradient.py
28420571,1,1,2,odl/contrib/fom/supervised.py
28420571,3,1,4,odl/contrib/fom/__init__.py
28420571,104,0,104,odl/contrib/fom/examples/haarpsi.py
28420571,48,48,96,odl/contrib/fom/examples/supervised_comparison.py
28420571,86,6,92,odl/contrib/fom/supervised.py
28420571,36,0,36,odl/contrib/fom/test/test_supervised.py
28420571,394,0,394,odl/contrib/fom/util.py
28420571,2,2,4,odl/contrib/pytorch/__init__.py
28420571,8,1,9,odl/contrib/fom/supervised.py
28420571,8,15,23,odl/contrib/tomo/elekta.py
28420571,42,0,42,odl/contrib/tomo/examples/elekta_xvi_fbp.py
28420571,166,4,170,odl/contrib/tomo/elekta.py
28420571,36,0,36,odl/contrib/tomo/examples/elekta_xvi_algebraic_reconstruction.py
28420571,36,0,36,odl/contrib/tomo/examples/elekta_icon_algebraic_reconstruction.py
28420571,4,6,10,odl/solvers/functional/functional.py
28420571,2,2,4,examples/solvers/chambolle_pock_denoising.py
28420571,5,10,15,examples/solvers/chambolle_pock_denoising_complex.py
28420571,4,1,5,odl/solvers/nonsmooth/proximal_operators.py
28420571,1,4,5,odl/discr/diff_ops.py
28420571,83,0,83,examples/solvers/chambolle_pock_denoising_complex.py
28420571,7,1,8,odl/solvers/functional/functional.py
28420571,6,1,7,odl/discr/diff_ops.py
28420571,2,1,3,examples/tomo/anisotropic_voxels.py
28420571,1,1,2,examples/tomo/filtered_backprojection_cone_2d.py
28420571,2,1,3,examples/tomo/filtered_backprojection_cone_2d_short_scan.py
28420571,1,1,2,examples/tomo/filtered_backprojection_cone_3d.py
28420571,2,1,3,examples/tomo/filtered_backprojection_cone_3d_short_scan.py
28420571,2,1,3,examples/tomo/filtered_backprojection_helical_3d.py
28420571,1,1,2,examples/tomo/filtered_backprojection_parallel_2d.py
28420571,1,1,2,examples/tomo/filtered_backprojection_parallel_2d_complex.py
28420571,1,1,2,examples/tomo/filtered_backprojection_parallel_3d.py
28420571,1,1,2,examples/tomo/ray_trafo_cone_2d.py
28420571,2,1,3,examples/tomo/ray_trafo_cone_3d.py
28420571,2,1,3,examples/tomo/ray_trafo_helical_cone_3d.py
28420571,1,1,2,examples/tomo/ray_trafo_parallel_2d.py
28420571,1,1,2,examples/tomo/ray_trafo_parallel_2d_complex.py
28420571,2,1,3,examples/tomo/ray_trafo_parallel_3d.py
28420571,1,1,2,examples/tomo/ray_trafo_parallel_3d_euler.py
28420571,1,1,2,examples/tomo/stir_project.py
28420571,1,1,2,examples/tomo/stir_reconstruct.py
28420571,2,2,4,examples/space/vectorization.py
28420571,12,0,12,examples/solvers/rosenbrock_minimization.py
28420571,1,1,2,examples/deform/linearized_fixed_displacement.py
28420571,2,1,3,examples/deform/linearized_fixed_template.py
28420571,1,1,2,examples/solvers/chambolle_pock_denoising.py
28420571,1,1,2,examples/solvers/douglas_rachford_pd_mri.py
28420571,1,1,2,examples/solvers/douglas_rachford_pd_tomography_tv.py
28420571,3,3,6,examples/solvers/find_optimal_parameters.py
28420571,2,0,2,examples/solvers/forward_backward_pd_denoising.py
28420571,2,0,2,examples/solvers/nuclear_norm_minimization.py
28420571,2,0,2,examples/solvers/nuclear_norm_tomography.py
28420571,1,1,2,examples/solvers/proximal_gradient_wavelet_tomography.py
28420571,1,1,2,examples/solvers/proximal_lang_poisson.py
28420571,1,1,2,examples/solvers/proximal_lang_tomography.py
28420571,1,1,2,examples/solvers/scipy_solvers.py
28420571,1,1,2,examples/trafos/fourier_trafo.py
28420571,1,1,2,examples/trafos/wavelet_trafo.py
28420571,2,2,4,examples/visualization/show_2d.py
28420571,2,2,4,examples/visualization/show_productspace.py
28420571,3,0,3,examples/visualization/visualize_vector_examples.py
28420571,1,1,2,examples/diagnostics/diagonstics_space.py
28420571,4,4,8,examples/space/simple_rn.py
28420571,1,0,1,odl/contrib/fom/supervised.py
28420571,0,2,2,odl/contrib/mrc/mrc.py
28420571,0,2,2,odl/contrib/mrc/uncompr_bin.py
28420571,0,2,2,odl/contrib/solvers/functional/nonlocalmeans_functionals.py
28420571,0,2,2,odl/contrib/tensorflow/layer.py
28420571,0,2,2,odl/contrib/tensorflow/operator.py
28420571,0,2,2,odl/contrib/tensorflow/space.py
28420571,0,2,2,odl/contrib/theano/layer.py
28420571,0,2,2,odl/deform/linearized.py
28420571,0,2,2,odl/diagnostics/examples.py
28420571,0,2,2,odl/diagnostics/operator.py
28420571,0,2,2,odl/diagnostics/space.py
28420571,0,2,2,odl/discr/diff_ops.py
28420571,0,2,2,odl/discr/discr_mappings.py
28420571,1,3,4,odl/discr/discr_ops.py
28420571,0,2,2,odl/discr/discretization.py
28420571,4,4,8,odl/discr/grid.py
28420571,0,2,2,odl/discr/lp_discr.py
28420571,0,2,2,odl/discr/partition.py
28420571,0,3,3,odl/operator/default_ops.py
28420571,0,2,2,odl/operator/fn_ops.py
28420571,6,9,15,odl/operator/operator.py
28420571,7,8,15,odl/operator/oputils.py
28420571,15,7,22,odl/operator/pspace_ops.py
28420571,12,8,20,odl/operator/tensor_ops.py
28420571,0,2,2,odl/phantom/emission.py
28420571,0,2,2,odl/phantom/geometric.py
28420571,0,2,2,odl/phantom/misc_phantoms.py
28420571,0,2,2,odl/phantom/noise.py
28420571,0,2,2,odl/phantom/phantom_utils.py
28420571,0,2,2,odl/phantom/transmission.py
28420571,3,7,10,odl/set/domain.py
28420571,0,2,2,odl/set/sets.py
28420571,1,3,4,odl/set/space.py
28420571,9,5,14,odl/solvers/functional/default_functionals.py
28420571,0,2,2,odl/solvers/functional/derivatives.py
28420571,0,2,2,odl/solvers/functional/example_funcs.py
28420571,0,2,2,odl/solvers/functional/functional.py
28420571,0,2,2,odl/solvers/iterative/iterative.py
28420571,0,2,2,odl/solvers/iterative/statistical.py
28420571,0,2,2,odl/solvers/nonsmooth/chambolle_pock.py
28420571,0,2,2,odl/solvers/nonsmooth/douglas_rachford.py
28420571,0,2,2,odl/solvers/nonsmooth/forward_backward.py
28420571,0,3,3,odl/solvers/nonsmooth/proximal_gradient_solvers.py
28420571,2,3,5,odl/solvers/nonsmooth/proximal_operators.py
28420571,1,3,4,odl/solvers/smooth/gradient.py
28420571,0,2,2,odl/solvers/smooth/newton.py
28420571,0,3,3,odl/solvers/smooth/nonlinear_cg.py
28420571,1,2,3,odl/solvers/util/callback.py
28420571,0,2,2,odl/solvers/util/steplen.py
28420571,0,2,2,odl/space/base_ntuples.py
28420571,4,6,10,odl/space/entry_points.py
28420571,0,2,2,odl/space/fspace.py
28420571,0,2,2,odl/space/npy_ntuples.py
28420571,0,2,2,odl/space/pspace.py
28420571,0,2,2,odl/space/space_utils.py
28420571,11,8,19,odl/space/weighting.py
28420571,5,5,10,odl/tomo/analytic/filtered_back_projection.py
28420571,0,2,2,odl/tomo/backends/astra_cpu.py
28420571,3,3,6,odl/tomo/backends/astra_cuda.py
28420571,8,8,16,odl/tomo/backends/astra_setup.py
28420571,7,1,8,odl/tomo/backends/skimage_radon.py
28420571,0,2,2,odl/tomo/backends/stir_bindings.py
28420571,1,3,4,odl/tomo/geometry/conebeam.py
28420571,0,2,2,odl/tomo/geometry/detector.py
28420571,0,2,2,odl/tomo/geometry/geometry.py
28420571,1,3,4,odl/tomo/geometry/parallel.py
28420571,0,3,3,odl/tomo/geometry/spect.py
28420571,0,2,2,odl/tomo/operators/ray_trafo.py
28420571,0,2,2,odl/tomo/util/testutils.py
28420571,0,2,2,odl/tomo/util/utility.py
28420571,12,17,29,odl/trafos/backends/pyfftw_bindings.py
28420571,0,2,2,odl/trafos/backends/pywt_bindings.py
28420571,0,2,2,odl/trafos/fourier.py
28420571,0,2,2,odl/trafos/util/ft_utils.py
28420571,1,3,4,odl/trafos/wavelet.py
28420571,4,5,9,odl/ufunc_ops/ufunc_ops.py
28420571,0,2,2,odl/util/graphics.py
28420571,0,2,2,odl/util/normalize.py
28420571,0,2,2,odl/util/numerics.py
28420571,0,2,2,odl/util/pytest_plugins.py
28420571,2,4,6,odl/util/testutils.py
28420571,0,2,2,odl/util/ufuncs.py
28420571,2,3,5,odl/util/utility.py
28420571,0,2,2,odl/util/vectorization.py
28420571,4,3,7,examples/solvers/kaczmarz_tomography.py
28420571,1,1,2,examples/solvers/kaczmarz_tomography.py
28420571,5,5,10,odl/solvers/iterative/iterative.py
28420571,7,5,12,odl/tomo/geometry/conebeam.py
28420571,8,6,14,odl/tomo/geometry/parallel.py
28420571,14,5,19,odl/discr/grid.py
28420571,21,6,27,odl/discr/partition.py
28420571,10,2,12,odl/solvers/iterative/iterative.py
28420571,24,17,41,examples/solvers/kaczmarz_tomography.py
28420571,78,0,78,odl/tomo/geometry/conebeam.py
28420571,47,14,61,odl/tomo/geometry/parallel.py
28420571,4,4,8,odl/tomo/geometry/parallel.py
28420571,17,0,17,odl/discr/partition.py
28420571,66,0,66,examples/solvers/kaczmarz_tomography.py
28420571,1,1,2,odl/tomo/geometry/parallel.py
28420571,37,1,38,odl/tomo/geometry/parallel.py
28420571,7,2,9,odl/solvers/iterative/iterative.py
28420571,17,0,17,odl/contrib/pytorch/__init__.py
28420571,76,0,76,odl/contrib/pytorch/examples/basic.py
28420571,232,0,232,odl/contrib/pytorch/layer.py
28420571,80,0,80,odl/contrib/pytorch/test/layer.py
28420571,1,1,2,odl/contrib/theano/__init__.py
28420571,5,5,10,odl/contrib/theano/examples/theano_layer_matrix.py
28420571,5,5,10,odl/contrib/theano/layer.py
28420571,9,9,18,odl/contrib/theano/test/theano_test.py
28420571,30,30,60,odl/contrib/theano/examples/theano_layer_matrix.py
28420571,261,25,286,odl/contrib/theano/layer.py
28420571,44,6,50,odl/contrib/theano/test/theano_test.py
28420571,17,0,17,odl/contrib/theano/__init__.py
28420571,59,0,59,odl/contrib/theano/examples/theano_layer_matrix.py
28420571,97,0,97,odl/contrib/theano/layer.py
28420571,59,0,59,odl/contrib/theano/test/theano_test.py
28420571,6,16,22,odl/solvers/util/callback.py
28420571,16,8,24,odl/test/largescale/tomo/analytic_slow_test.py
28420571,11,5,16,odl/tomo/analytic/filtered_back_projection.py
28420571,20,8,28,odl/util/testutils.py
28420571,7,1,8,odl/tomo/analytic/filtered_back_projection.py
28420571,4,4,8,odl/tomo/backends/astra_cuda.py
28420571,1,1,2,odl/tomo/operators/ray_trafo.py
28420571,60,1,61,odl/solvers/util/callback.py
28420571,18,18,36,odl/solvers/util/callback.py
28420571,5,5,10,odl/test/discr/lp_discr_test.py
28420571,9,9,18,odl/discr/lp_discr.py
28420571,34,0,34,odl/test/discr/lp_discr_test.py
28420571,2,1,3,odl/discr/discretization.py
28420571,2,1,3,odl/solvers/util/callback.py
28420571,29,10,39,odl/space/entry_points.py
28420571,7,8,15,odl/discr/discretization.py
28420571,1,1,2,odl/contrib/tensorflow/space.py
28420571,56,0,56,odl/contrib/tensorflow/test/tensorflow_test.py
28420571,1,0,1,odl/contrib/tensorflow/examples/tensorflow_layer_ray_transform.py
28420571,60,51,111,odl/contrib/tensorflow/layer.py
28420571,4,13,17,odl/contrib/tensorflow/layer.py
28420571,4,13,17,odl/contrib/tensorflow/operator.py
28420571,4,13,17,odl/contrib/tensorflow/space.py
28420571,3,0,3,odl/contrib/fom/__init__.py
28420571,60,1,61,odl/contrib/fom/supervised.py
28420571,57,0,57,odl/contrib/fom/test/test_unsupervised.py
28420571,65,0,65,odl/contrib/fom/unsupervised.py
28420571,0,3,3,odl/util/__init__.py
28420571,0,147,147,odl/util/statistics.py
28420571,38,1,39,odl/util/numerics.py
28420571,10,16,26,odl/space/entry_points.py
28420571,7,7,14,odl/discr/discretization.py
28420571,2,2,4,odl/discr/lp_discr.py
28420571,79,19,98,odl/space/entry_points.py
28420571,14,16,30,odl/space/space_utils.py
28420571,1,1,2,odl/test/deform/linearized_deform_test.py
28420571,4,4,8,odl/test/discr/discr_ops_test.py
28420571,2,2,4,odl/util/pytest_plugins.py
28420571,9,4,13,odl/space/pspace.py
28420571,20,16,36,odl/solvers/smooth/gradient.py
28420571,1,1,2,odl/phantom/geometric.py
28420571,2,2,4,odl/phantom/geometric.py
28420571,0,1,1,odl/__init__.py
28420571,0,5,5,odl/{ => contrib}/datasets/__init__.py
28420571,11,0,11,odl/contrib/datasets/ct/__init__.py
28420571,24,0,24,odl/contrib/datasets/ct/examples/fips_reconstruct.py
28420571,11,0,11,odl/contrib/datasets/mri/__init__.py
28420571,29,0,29,odl/contrib/datasets/mri/examples/tugraz_reconstruct.py
28420571,214,0,214,odl/contrib/datasets/mri/tugraz.py
28420571,9,3,12,odl/{ => contrib}/datasets/util.py
28420571,76,1,77,odl/operator/default_ops.py
28420571,2,7,9,odl/phantom/geometric.py
28420571,242,0,242,examples/solvers/find_optimal_parameters.py
28420571,0,17,17,odl/contrib/solvers/examples/tomography_nonlocalmeans.py
28420571,26,21,47,odl/contrib/solvers/functional/nonlocalmeans_functionals.py
28420571,0,1,1,odl/solvers/functional/__init__.py
28420571,2,1,3,odl/contrib/solvers/functional/nonlocalmeans_functionals.py
28420571,14,0,14,odl/contrib/solvers/__init__.py
28420571,5,3,8,{examples/solvers => odl/contrib/solvers/examples}/forward_backward_pd_tomography_nlm.py
28420571,14,0,14,odl/contrib/solvers/functional/__init__.py
28420571,0,0,0,odl/{ => contrib}/solvers/functional/nonlocalmeans_functionals.py
28420571,0,2,2,odl/solvers/functional/__init__.py
28420571,4,4,8,examples/solvers/forward_backward_pd_tomography_nlm.py
28420571,29,2,31,odl/solvers/functional/nonlocalmeans_functionals.py
28420571,34,21,55,examples/solvers/forward_backward_pd_tomography_nlm.py
28420571,122,0,122,examples/solvers/forward_backward_pd_tomography_nlm.py
28420571,3,0,3,odl/solvers/functional/__init__.py
28420571,93,0,93,odl/solvers/functional/nonlocalmeans_functionals.py
28420571,3,3,6,odl/phantom/geometric.py
28420571,4,10,14,examples/solvers/chambolle_pock_denoising_tgv.py
28420571,3,8,11,examples/solvers/chambolle_pock_tomography_tgv.py
28420571,15,4,19,odl/phantom/geometric.py
28420571,19,6,25,odl/contrib/tensorflow/examples/tensorflow_layer_matrix.py
28420571,10,2,12,odl/contrib/tensorflow/examples/tensorflow_layer_productspace.py
28420571,5,1,6,odl/contrib/tensorflow/examples/tensorflow_layer_ray_transform.py
28420571,0,2,2,odl/contrib/tensorflow/examples/tensorflow_operator_matrix.py
28420571,25,11,36,odl/contrib/tensorflow/examples/tensorflow_tomography.py
28420571,4,2,6,odl/contrib/tensorflow/layer.py
28420571,3,0,3,odl/contrib/tensorflow/__init__.py
28420571,0,142,142,odl/contrib/tensorflow/examples/tensorflow_operator.py
28420571,53,0,53,odl/contrib/tensorflow/examples/tensorflow_operator_matrix.py
28420571,109,0,109,odl/contrib/tensorflow/operator.py
28420571,8,12,20,odl/test/operator/tensor_ops_test.py
28420571,1,1,2,odl/test/space/pspace_test.py
28420571,1,1,2,odl/contrib/tensorflow/__init__.py
28420571,1,1,2,odl/contrib/tensorflow/layer.py
28420571,0,166,166,odl/operator/oputils.py
28420571,20,0,20,odl/contrib/tensorflow/__init__.py
28420571,0,0,0,{examples/contrib/tensorflow => odl/contrib/tensorflow/examples}/tensorflow_layer_matrix.py
28420571,0,0,0,{examples/contrib/tensorflow => odl/contrib/tensorflow/examples}/tensorflow_layer_productspace.py
28420571,0,0,0,{examples/contrib/tensorflow => odl/contrib/tensorflow/examples}/tensorflow_layer_ray_transform.py
28420571,142,0,142,odl/contrib/tensorflow/examples/tensorflow_operator.py
28420571,0,0,0,{examples/contrib/tensorflow => odl/contrib/tensorflow/examples}/tensorflow_tomography.py
28420571,149,0,149,odl/contrib/tensorflow/space.py
28420571,72,1,73,odl/solvers/smooth/gradient.py
28420571,7,0,7,odl/test/solvers/iterative/iterative_test.py
28420571,9,0,9,odl/test/solvers/smooth/smooth_test.py
28420571,8,1,9,odl/util/statistics.py
28420571,38,1,39,odl/util/statistics.py
28420571,38,0,38,examples/contrib/tensorflow/tensorflow_layer_productspace.py
28420571,31,2,33,odl/space/pspace.py
28420571,24,18,42,examples/contrib/tensorflow/tensorflow_layer_matrix.py
28420571,30,18,48,examples/contrib/tensorflow/tensorflow_layer_ray_transform.py
28420571,30,24,54,examples/contrib/tensorflow/tensorflow_tomography.py
28420571,0,61,61,examples/contrib/tensorflow/tensorflow_tomography_cnn.py
28420571,0,130,130,examples/contrib/tensorflow/tensorflow_tomography_cnn_gradient.py
28420571,13,13,26,odl/util/statistics.py
28420571,3,0,3,odl/util/__init__.py
28420571,103,0,103,odl/util/statistics.py
28420571,24,16,40,odl/contrib/tensorflow.py
28420571,8,0,8,odl/contrib/tensorflow.py
28420571,87,15,102,odl/contrib/tensorflow.py
28420571,0,0,0,examples/{operator => contrib/tensorflow}/tensorflow_layer_matrix.py
28420571,0,0,0,examples/{operator => contrib/tensorflow}/tensorflow_layer_ray_transform.py
28420571,0,0,0,examples/{operator => contrib/tensorflow}/tensorflow_tomography.py
28420571,0,0,0,examples/{operator => contrib/tensorflow}/tensorflow_tomography_cnn.py
28420571,0,0,0,examples/{operator => contrib/tensorflow}/tensorflow_tomography_cnn_gradient.py
28420571,0,1,1,odl/util/graphics.py
28420571,6,3,9,odl/contrib/tensorflow.py
28420571,6,4,10,odl/phantom/geometric.py
28420571,6,4,10,odl/phantom/transmission.py
28420571,6,2,8,odl/contrib/tensorflow.py
28420571,3,3,6,odl/tomo/backends/astra_cuda.py
28420571,229,192,421,odl/contrib/tensorflow.py
28420571,66,55,121,odl/tomo/backends/astra_cuda.py
28420571,81,3,84,odl/contrib/tensorflow.py
28420571,5,5,10,odl/contrib/tensorflow.py
28420571,2,2,4,odl/contrib/tensorflow.py
28420571,1,8,9,odl/contrib/tensorflow.py
28420571,4,0,4,odl/solvers/functional/default_functionals.py
28420571,45,10,55,odl/contrib/tensorflow.py
28420571,1,0,1,odl/contrib/tensorflow.py
28420571,2,1,3,odl/contrib/tensorflow.py
28420571,2,2,4,odl/operator/oputils.py
28420571,10,2,12,odl/operator/oputils.py
28420571,11,4,15,odl/operator/oputils.py
28420571,6,6,12,examples/operator/tensorflow_tomography_cnn_gradient.py
28420571,10,4,14,examples/operator/tensorflow_tomography_cnn_gradient.py
28420571,36,6,42,odl/operator/oputils.py
28420571,2,6,8,examples/operator/tensorflow_tomography_cnn_gradient.py
28420571,7,1,8,odl/operator/oputils.py
28420571,6,8,14,examples/operator/tensorflow_tomography_cnn_gradient.py
28420571,75,11,86,odl/operator/oputils.py
28420571,0,30,30,examples/operator/tensorflow_cnn_tomography.py
28420571,0,32,32,examples/operator/tensorflow_layer_tomography.py
28420571,30,0,30,examples/operator/tensorflow_cnn_tomography.py
28420571,32,0,32,examples/operator/tensorflow_layer_tomography.py
28420571,52,1,53,odl/operator/oputils.py
28420571,40,7,47,odl/contrib/tensorflow.py
28420571,0,1,1,odl/solvers/nonsmooth/douglas_rachford.py
28420571,30,5,35,odl/contrib/tensorflow.py
28420571,1,1,2,odl/set/space.py
28420571,214,0,214,odl/contrib/tensorflow.py
28420571,0,1,1,odl/__init__.py
28420571,1,166,167,odl/operator/oputils.py
28420571,10,2,12,odl/operator/oputils.py
28420571,11,4,15,odl/operator/oputils.py
28420571,18,19,37,examples/operator/tensorflow_tomography_cnn_gradient.py
28420571,30,17,47,examples/operator/tensorflow_tomography_cnn_gradient.py
28420571,36,6,42,odl/operator/oputils.py
28420571,58,31,89,examples/operator/tensorflow_tomography_cnn_gradient.py
28420571,7,1,8,odl/operator/oputils.py
28420571,61,0,61,examples/operator/tensorflow_tomography_cnn.py
28420571,91,0,91,examples/operator/tensorflow_tomography_cnn_gradient.py
28420571,74,8,82,odl/operator/oputils.py
28420571,0,30,30,examples/operator/tensorflow_cnn_tomography.py
28420571,39,0,39,examples/operator/tensorflow_tomography.py
28420571,30,0,30,examples/operator/tensorflow_cnn_tomography.py
28420571,32,0,32,examples/operator/tensorflow_layer_matrix.py
28420571,32,0,32,examples/operator/tensorflow_layer_tomography.py
28420571,50,1,51,odl/operator/oputils.py
28420571,12,11,23,odl/phantom/geometric.py
28420571,90,1,91,odl/phantom/geometric.py
28420571,133,0,133,examples/solvers/chambolle_pock_denoising_tgv.py
28420571,65,46,111,examples/solvers/chambolle_pock_tomography_tgv.py
28420571,75,16,91,odl/phantom/geometric.py
28420571,83,2,85,odl/solvers/functional/functional.py
28420571,1,1,2,odl/discr/lp_discr.py
28420571,17,2,19,odl/phantom/misc_phantoms.py
28420571,23,0,23,odl/operator/default_ops.py
28420571,48,0,48,odl/operator/operator.py
28420571,28,38,66,odl/solvers/functional/functional.py
28420571,2,2,4,odl/solvers/nonsmooth/proximal_operators.py
28420571,3,3,6,odl/test/largescale/solvers/nonsmooth/default_functionals_slow_test.py
28420571,9,7,16,odl/test/solvers/functional/functional_test.py
28420571,11,7,18,odl/solvers/functional/functional.py
28420571,5,3,8,odl/solvers/nonsmooth/proximal_operators.py
28420571,1,1,2,odl/test/largescale/solvers/nonsmooth/default_functionals_slow_test.py
28420571,41,41,82,odl/test/solvers/functional/functional_test.py
28420571,47,18,65,odl/solvers/functional/functional.py
28420571,33,6,39,odl/test/largescale/solvers/nonsmooth/default_functionals_slow_test.py
28420571,5,4,9,odl/test/solvers/functional/functional_test.py
28420571,6,1,7,odl/util/graphics.py
28420571,14,0,14,odl/contrib/fom/__init__.py
28420571,88,0,88,odl/contrib/fom/examples/supervised_comparison.py
28420571,575,0,575,odl/contrib/fom/supervised.py
28420571,9,3,12,odl/test/tomo/operators/ray_trafo_test.py
28420571,8,3,11,odl/trafos/backends/pyfftw_bindings.py
28420571,1,1,2,examples/solvers/chambolle_pock_tomography.py
28420571,1,1,2,examples/solvers/chambolle_pock_tomography_tgv.py
28420571,1,1,2,examples/solvers/conjugate_gradient_tomography.py
28420571,1,1,2,examples/solvers/douglas_rachford_pd_tomography_tv.py
28420571,1,1,2,examples/solvers/lbfgs_tomography.py
28420571,1,1,2,examples/solvers/lbfgs_tomography_tv.py
28420571,1,1,2,examples/solvers/nuclear_norm_tomography.py
28420571,1,1,2,examples/solvers/proximal_gradient_wavelet_tomography.py
28420571,1,1,2,examples/solvers/proximal_lang_tomography.py
28420571,1,1,2,examples/tomo/anisotropic_voxels.py
28420571,2,2,4,examples/tomo/filtered_backprojection_cone_2d.py
28420571,3,2,5,examples/tomo/filtered_backprojection_cone_2d_short_scan.py
28420571,3,3,6,examples/tomo/filtered_backprojection_cone_3d.py
28420571,4,3,7,examples/tomo/filtered_backprojection_cone_3d_short_scan.py
28420571,2,2,4,examples/tomo/filtered_backprojection_parallel_2d.py
28420571,1,1,2,examples/tomo/filtered_backprojection_parallel_2d_complex.py
28420571,1,1,2,examples/tomo/ray_trafo_cone_2d.py
28420571,1,1,2,examples/tomo/ray_trafo_cone_3d.py
28420571,1,1,2,examples/tomo/ray_trafo_helical_cone_3d.py
28420571,1,1,2,examples/tomo/ray_trafo_parallel_2d.py
28420571,1,1,2,examples/tomo/ray_trafo_parallel_3d.py
28420571,5,5,10,odl/test/largescale/tomo/analytic_slow_test.py
28420571,5,5,10,odl/test/largescale/tomo/ray_transform_slow_test.py
28420571,1,1,2,odl/test/tomo/operators/ray_trafo_test.py
28420571,2,2,4,odl/test/tomo/geometry/geometry_test.py
28420571,18,14,32,odl/tomo/geometry/conebeam.py
28420571,6,3,9,odl/test/tomo/geometry/geometry_test.py
28420571,30,14,44,odl/tomo/geometry/conebeam.py
28420571,2,2,4,odl/test/largescale/tomo/analytic_slow_test.py
28420571,39,17,56,odl/test/tomo/geometry/geometry_test.py
28420571,1,0,1,odl/test/tomo/operators/ray_trafo_test.py
28420571,0,1,1,odl/tomo/backends/astra_cpu.py
28420571,51,54,105,odl/tomo/backends/astra_setup.py
28420571,32,22,54,odl/tomo/geometry/conebeam.py
28420571,1,0,1,odl/tomo/geometry/geometry.py
28420571,9,3,12,odl/tomo/geometry/parallel.py
28420571,69,0,69,odl/test/tomo/geometry/geometry_test.py
28420571,0,38,38,examples/tomo/skimage_ray_trafo_parallel_2d.py
28420571,2,2,4,examples/solvers/chambolle_pock_tomography.py
28420571,2,2,4,examples/solvers/proximal_lang_tomography.py
28420571,2,2,4,examples/tomo/filtered_backprojection_cone_2d.py
28420571,2,2,4,examples/tomo/filtered_backprojection_cone_2d_partial_scan.py
28420571,2,2,4,examples/tomo/filtered_backprojection_cone_3d.py
28420571,2,2,4,examples/tomo/filtered_backprojection_cone_3d_partial_scan.py
28420571,2,2,4,examples/tomo/filtered_backprojection_helical_3d.py
28420571,2,2,4,examples/tomo/filtered_backprojection_parallel_3d.py
28420571,2,2,4,examples/tomo/ray_trafo_circular_cone.py
28420571,2,2,4,examples/tomo/ray_trafo_fanflat.py
28420571,2,2,4,examples/tomo/ray_trafo_helical.py
28420571,2,2,4,examples/tomo/ray_trafo_parallel_2d.py
28420571,2,2,4,examples/tomo/ray_trafo_parallel_2d_complex.py
28420571,2,2,4,examples/tomo/ray_trafo_parallel_3d.py
28420571,2,2,4,examples/tomo/skimage_ray_trafo_parallel_2d.py
28420571,3,3,6,odl/test/tomo/geometry/geometry_test.py
28420571,4,1,5,odl/tomo/analytic/filtered_back_projection.py
28420571,0,3,3,odl/tomo/backends/astra_cuda.py
28420571,9,4,13,odl/tomo/backends/astra_cuda.py
28420571,26,8,34,odl/tomo/backends/astra_setup.py
28420571,2,2,4,examples/tomo/backends/astra_performance_cuda_cone_3d_cg.py
28420571,3,3,6,examples/tomo/checks/check_axes_cone3d_bp.py
28420571,3,3,6,examples/tomo/checks/check_axes_cone3d_fp.py
28420571,1,1,2,examples/tomo/filtered_backprojection_cone_3d.py
28420571,1,1,2,examples/tomo/filtered_backprojection_cone_3d_partial_scan.py
28420571,1,1,2,examples/tomo/filtered_backprojection_helical_3d.py
28420571,1,1,2,examples/tomo/ray_trafo_circular_cone.py
28420571,1,1,2,examples/tomo/ray_trafo_helical.py
28420571,2,2,4,odl/contrib/tomo/elekta.py
28420571,4,4,8,odl/test/largescale/tomo/analytic_slow_test.py
28420571,4,4,8,odl/test/largescale/tomo/ray_transform_slow_test.py
28420571,4,4,8,odl/test/tomo/backends/astra_cuda_test.py
28420571,6,8,14,odl/test/tomo/backends/astra_setup_test.py
28420571,12,96,108,odl/test/tomo/geometry/geometry_test.py
28420571,9,9,18,odl/test/tomo/operators/ray_trafo_test.py
28420571,11,11,22,odl/tomo/analytic/filtered_back_projection.py
28420571,3,3,6,odl/tomo/backends/astra_cuda.py
28420571,26,272,298,odl/tomo/geometry/conebeam.py
28420571,62,28,90,odl/tomo/geometry/conebeam.py
28420571,12,13,25,odl/tomo/geometry/parallel.py
28420571,175,1,176,odl/tomo/geometry/conebeam.py
28420571,32,29,61,odl/tomo/geometry/parallel.py
28420571,3,13,16,odl/tomo/backends/astra_cpu.py
28420571,4,14,18,odl/tomo/backends/astra_cuda.py
28420571,27,14,41,odl/tomo/backends/astra_setup.py
28420571,13,35,48,examples/tomo/checks/check_axes_cone2d_bp.py
28420571,25,26,51,examples/tomo/checks/check_axes_cone2d_fp.py
28420571,26,20,46,examples/tomo/checks/check_axes_cone3d_bp.py
28420571,59,29,88,examples/tomo/checks/check_axes_cone3d_fp.py
28420571,12,33,45,examples/tomo/checks/check_axes_parallel2d_bp.py
28420571,19,21,40,examples/tomo/checks/check_axes_parallel2d_fp.py
28420571,24,15,39,examples/tomo/checks/check_axes_parallel3d_bp.py
28420571,54,27,81,examples/tomo/checks/check_axes_parallel3d_fp.py
28420571,53,25,78,odl/phantom/geometric.py
28420571,3,1,4,odl/discr/lp_discr.py
28420571,3,1,4,odl/discr/partition.py
28420571,9,3,12,odl/space/weighting.py
28420571,3,1,4,odl/tomo/geometry/detector.py
28420571,74,35,109,odl/test/tomo/geometry/geometry_test.py
28420571,1,2,3,odl/test/tomo/geometry/spect_geometry_test.py
28420571,8,8,16,examples/tomo/backends/astra_performance_cpu_parallel_2d_cg.py
28420571,9,9,18,examples/tomo/backends/astra_performance_cuda_cone_3d_cg.py
28420571,8,8,16,examples/tomo/backends/astra_performance_cuda_parallel_2d_cg.py
28420571,484,247,731,odl/tomo/geometry/conebeam.py
28420571,28,11,39,odl/tomo/geometry/geometry.py
28420571,507,276,783,odl/tomo/geometry/parallel.py
28420571,114,19,133,odl/tomo/geometry/spect.py
28420571,111,10,121,odl/tomo/util/utility.py
28420571,0,3,3,odl/tomo/geometry/__init__.py
28420571,418,4,422,odl/tomo/geometry/conebeam.py
28420571,0,366,366,odl/tomo/geometry/fanbeam.py
28420571,52,0,52,examples/tomo/ray_trafo_parallel3d_euler.py
28420571,42,27,69,odl/tomo/backends/astra_cuda.py
28420571,1,1,2,odl/tomo/backends/astra_setup.py
28420571,4,1,5,odl/tomo/geometry/parallel.py
28420571,23,5,28,odl/tomo/operators/ray_trafo.py
28420571,78,32,110,odl/tomo/util/utility.py
28420571,4,2,6,odl/tomo/backends/astra_cuda.py
28420571,89,49,138,odl/test/tomo/geometry/geometry_test.py
28420571,71,32,103,odl/test/tomo/operators/ray_trafo_test.py
28420571,64,0,64,examples/tomo/checks/check_axes_cone2d_bp.py
28420571,97,0,97,examples/tomo/checks/check_axes_cone2d_fp.py
28420571,91,0,91,examples/tomo/checks/check_axes_cone3d_bp.py
28420571,187,0,187,examples/tomo/checks/check_axes_cone3d_fp.py
28420571,60,0,60,examples/tomo/checks/check_axes_parallel2d_bp.py
28420571,92,0,92,examples/tomo/checks/check_axes_parallel2d_fp.py
28420571,82,0,82,examples/tomo/checks/check_axes_parallel3d_bp.py
28420571,1,1,2,odl/tomo/backends/astra_cuda.py
28420571,3,3,6,odl/tomo/backends/astra_setup.py
28420571,180,0,180,examples/tomo/check_axes_parallel3d.py
28420571,87,87,174,odl/test/tomo/geometry/geometry_test.py
28420571,2,2,4,odl/test/tomo/operators/ray_trafo_test.py
28420571,20,8,28,odl/tomo/backends/astra_cpu.py
28420571,22,6,28,odl/tomo/backends/astra_cuda.py
28420571,104,96,200,odl/tomo/backends/astra_setup.py
28420571,8,6,14,odl/tomo/backends/skimage_radon.py
28420571,57,76,133,odl/tomo/geometry/conebeam.py
28420571,42,40,82,odl/tomo/geometry/fanbeam.py
28420571,111,109,220,odl/tomo/geometry/parallel.py
28420571,41,20,61,odl/tomo/geometry/spect.py
28420571,476,172,648,odl/test/tomo/geometry/geometry_test.py
28420571,2,4,6,odl/tomo/analytic/filtered_back_projection.py
28420571,362,83,445,odl/tomo/geometry/conebeam.py
28420571,47,48,95,odl/tomo/geometry/detector.py
28420571,179,45,224,odl/tomo/geometry/fanbeam.py
28420571,63,74,137,odl/tomo/geometry/geometry.py
28420571,569,168,737,odl/tomo/geometry/parallel.py
28420571,4,4,8,odl/tomo/geometry/spect.py
28420571,138,2,140,odl/tomo/util/utility.py
28420571,6,7,13,odl/tomo/backends/astra_setup.py
28420571,9,7,16,odl/tomo/geometry/parallel.py
28420571,9,9,18,odl/discr/lp_discr.py
28420571,4,4,8,odl/phantom/geometric.py
28420571,1,2,3,odl/tomo/geometry/detector.py
28420571,7,1,8,odl/util/pytest_plugins.py
28420571,1,2,3,odl/set/space.py
28420571,0,12,12,odl/test/space/ntuples_test.py
28420571,0,3,3,odl/discr/discretization.py
28420571,0,15,15,odl/space/npy_ntuples.py
28420571,8,3,11,odl/discr/grid.py
28420571,6,1,7,odl/discr/grid.py
28420571,3,6,9,odl/set/sets.py
28420571,2,3,5,odl/set/space.py
28420571,2,5,7,odl/solvers/util/steplen.py
28420571,10,12,22,odl/space/base_ntuples.py
28420571,2,4,6,odl/tomo/geometry/detector.py
28420571,4,6,10,odl/tomo/geometry/geometry.py
28420571,16,13,29,odl/space/npy_ntuples.py
28420571,22,15,37,odl/discr/lp_discr.py
28420571,24,22,46,odl/solvers/functional/default_functionals.py
28420571,25,18,43,odl/solvers/functional/functional.py
28420571,37,37,74,odl/solvers/nonsmooth/proximal_operators.py
28420571,9,8,17,odl/test/largescale/solvers/nonsmooth/default_functionals_slow_test.py
28420571,5,4,9,odl/test/solvers/functional/default_functionals_test.py
28420571,12,11,23,odl/test/solvers/nonsmooth/proximal_operator_test.py
28420571,17,12,29,odl/set/sets.py
28420571,5,3,8,odl/util/utility.py
28420571,82,100,182,odl/set/sets.py
28420571,41,1,42,odl/util/utility.py
28420571,119,5,124,odl/set/sets.py
28420571,133,14,147,odl/set/sets.py
28420571,115,1,116,odl/set/sets.py
28420571,4,4,8,odl/contrib/mrc/mrc.py
28420571,4,2,6,odl/operator/oputils.py
28420571,24,11,35,odl/solvers/functional/default_functionals.py
28420571,26,8,34,odl/solvers/functional/functional.py
28420571,28,16,44,odl/solvers/nonsmooth/chambolle_pock.py
28420571,6,1,7,odl/solvers/nonsmooth/douglas_rachford.py
28420571,11,7,18,odl/solvers/nonsmooth/forward_backward.py
28420571,59,7,66,odl/solvers/nonsmooth/proximal_operators.py
28420571,10,2,12,odl/solvers/smooth/gradient.py
28420571,26,4,30,odl/solvers/smooth/newton.py
28420571,10,2,12,odl/solvers/util/steplen.py
28420571,7,1,8,odl/trafos/util/ft_utils.py
28420571,18,3,21,odl/util/graphics.py
28420571,3,3,6,odl/util/graphics.py
28420571,40,10,50,odl/solvers/functional/default_functionals.py
28420571,1,1,2,odl/solvers/nonsmooth/douglas_rachford.py
28420571,78,12,90,odl/contrib/tomo/elekta.py
28420571,5,4,9,odl/contrib/tomo/examples/elekta_icon_tomography.py
28420571,4,3,7,odl/tomo/analytic/filtered_back_projection.py
28420571,3,5,8,doc/source/conf.py
28420571,20,36,56,odl/solvers/util/callback.py
28420571,17,11,28,odl/contrib/tomo/elekta.py
28420571,16,4,20,odl/contrib/tomo/examples/elekta_icon_tomography.py
28420571,17,0,17,odl/contrib/tomo/__init__.py
28420571,125,0,125,odl/contrib/tomo/elekta.py
28420571,29,0,29,odl/contrib/tomo/examples/elekta_icon_tomography.py
28420571,3,8,11,odl/test/tomo/backends/astra_cuda_test.py
28420571,0,3,3,odl/tomo/backends/astra_cuda.py
28420571,6,49,55,odl/tomo/backends/astra_cuda.py
28420571,14,6,20,odl/tomo/operators/ray_trafo.py
28420571,9,2,11,odl/tomo/analytic/filtered_back_projection.py
28420571,19,9,28,odl/tomo/analytic/filtered_back_projection.py
28420571,15,1,16,odl/util/pytest_plugins.py
28420571,20,0,20,odl/contrib/mrc/__init__.py
28420571,2,2,4,{examples/tomo/data => odl/contrib/mrc/examples}/mrc_io.py
28420571,1,1,2,examples/tomo/data/raw_binary_io_with_header.py => odl/contrib/mrc/examples/raw_binary_with_header_io.py
28420571,1,1,2,odl/{tomo/data => contrib/mrc}/mrc.py
28420571,2,1,3,odl/{test/tomo/data => contrib/mrc/test}/mrc_test.py
28420571,1,1,2,odl/{test/tomo/data => contrib/mrc/test}/uncompr_bin_test.py
28420571,0,1,1,odl/{tomo/data => contrib/mrc}/uncompr_bin.py
28420571,0,6,6,odl/tomo/data/__init__.py
28420571,2,1,3,odl/__init__.py
28420571,15,0,15,odl/contrib/__init__.py
28420571,72,12,84,odl/solvers/util/callback.py
28420571,2,3,5,examples/solvers/functional_basic_example.py
28420571,2,2,4,examples/visualization/show_productspace.py
28420571,44,21,65,odl/discr/lp_discr.py
28420571,46,27,73,odl/space/pspace.py
28420571,1,1,2,examples/operator/simple_operator.py
28420571,3,7,10,examples/solvers/functional_basic_example.py
28420571,1,1,2,examples/visualization/show_2d.py
28420571,5,7,12,examples/visualization/show_productspace.py
28420571,16,14,30,odl/discr/lp_discr.py
28420571,25,7,32,odl/space/pspace.py
28420571,25,4,29,odl/solvers/nonsmooth/chambolle_pock.py
28420571,0,0,0,examples/__init__.py
28420571,49,1,50,odl/solvers/util/callback.py
28420571,16,8,24,odl/solvers/util/callback.py
28420571,5,2,7,odl/operator/pspace_ops.py
28420571,1,1,2,odl/operator/operator.py
28420571,11,2,13,odl/operator/pspace_ops.py
28420571,8,3,11,odl/solvers/util/callback.py
28420571,19,6,25,odl/solvers/util/callback.py
28420571,57,20,77,odl/solvers/util/callback.py
28420571,2,2,4,odl/discr/grid.py
28420571,19,11,30,odl/solvers/nonsmooth/douglas_rachford.py
28420571,30,0,30,odl/test/solvers/nonsmooth/douglas_rachford_test.py
28420571,22,6,28,odl/discr/grid.py
28420571,7,2,9,odl/space/npy_ntuples.py
28420571,5,2,7,odl/trafos/util/ft_utils.py
28420571,24,18,42,odl/util/utility.py
28420571,4,5,9,odl/util/numerics.py
28420571,1,1,2,odl/trafos/util/ft_utils.py
28420571,16,9,25,odl/discr/grid.py
28420571,2,1,3,odl/operator/pspace_ops.py
28420571,2,2,4,odl/operator/operator.py
28420571,3,3,6,odl/solvers/nonsmooth/proximal_operators.py
28420571,19,1,20,odl/util/utility.py
28420571,33,11,44,odl/solvers/nonsmooth/douglas_rachford.py
28420571,0,1,1,odl/discr/discretization.py
28420571,41,38,79,odl/space/npy_ntuples.py
28420571,2,0,2,odl/operator/operator.py
28420571,3,0,3,odl/solvers/nonsmooth/proximal_operators.py
28420571,9,2,11,odl/operator/default_ops.py
28420571,31,14,45,odl/phantom/misc_phantoms.py
28420571,79,1,80,odl/phantom/misc_phantoms.py
28420571,19,7,26,odl/trafos/fourier.py
28420571,6,6,12,odl/phantom/noise.py
28420571,3,3,6,odl/util/utility.py
28420571,13,11,24,odl/operator/oputils.py
28420571,71,1,72,odl/operator/oputils.py
28420571,2,2,4,odl/operator/operator.py
28420571,10,10,20,odl/set/space.py
28420571,1,1,2,odl/solvers/util/callback.py
28420571,2,2,4,odl/util/graphics.py
28420571,12,2,14,odl/operator/operator.py
28420571,19,0,19,odl/test/operator/operator_test.py
28420571,8,8,16,examples/operator/simple_operator.py
28420571,1,1,2,odl/space/pspace.py
28420571,60,41,101,odl/phantom/noise.py
28420571,38,1,39,odl/util/utility.py
28420571,2,0,2,odl/phantom/geometric.py
28420571,1,7,8,odl/discr/discr_ops.py
28420571,5,4,9,odl/discr/grid.py
28420571,3,6,9,odl/discr/grid.py
28420571,4,0,4,odl/discr/partition.py
28420571,3,0,3,odl/set/domain.py
28420571,59,29,88,odl/discr/grid.py
28420571,26,14,40,odl/discr/partition.py
28420571,46,37,83,odl/set/domain.py
28420571,1,1,2,odl/test/discr/discr_ops_test.py
28420571,16,20,36,odl/discr/discr_ops.py
28420571,9,6,15,odl/discr/grid.py
28420571,16,0,16,odl/test/discr/discr_ops_test.py
28420571,46,20,66,odl/test/tomo/backends/astra_setup_test.py
28420571,1,1,2,odl/trafos/fourier.py
28420571,4,4,8,odl/trafos/util/ft_utils.py
28420571,68,16,84,odl/discr/discr_ops.py
28420571,3,4,7,odl/discr/grid.py
28420571,0,5,5,odl/discr/partition.py
28420571,22,7,29,odl/test/discr/discr_ops_test.py
28420571,3,1,4,odl/set/domain.py
28420571,0,1,1,odl/datasets/tomo.py
28420571,1,1,2,odl/datasets/util.py
28420571,3,3,6,odl/datasets/__init__.py
28420571,5,5,10,odl/datasets/util.py
28420571,42,42,84,odl/datasets/ray_transform.py
28420571,4,6,10,odl/datasets/util.py
28420571,4,1,5,odl/__init__.py
28420571,16,0,16,odl/datasets/__init__.py
28420571,13,4,17,odl/datasets/ray_transform.py
28420571,11,1,12,odl/datasets/util.py
28420571,13,5,18,odl/datasets/ray_transform.py
28420571,22,17,39,odl/datasets/util.py
28420571,0,0,0,odl/datasets/__init__.py
28420571,153,0,153,odl/datasets/ray_transform.py
28420571,69,0,69,odl/datasets/util.py
28420571,7,2,9,odl/space/pspace.py
28420571,5,6,11,odl/space/weighting.py
28420571,33,18,51,odl/discr/lp_discr.py
28420571,22,7,29,odl/space/pspace.py
28420571,20,0,20,odl/test/discr/lp_discr_test.py
28420571,5,5,10,odl/tomo/backends/astra_cpu.py
28420571,23,11,34,odl/discr/partition.py
28420571,32,0,32,odl/test/discr/partition_test.py
28420571,16,14,30,odl/discr/grid.py
28420571,46,3,49,odl/test/discr/grid_test.py
28420571,4,3,7,odl/util/normalize.py
28420571,0,19,19,odl/solvers/smooth/nonlinear_cg.py
28420571,10,1,11,odl/tomo/data/mrc.py
28420571,5,3,8,odl/solvers/smooth/newton.py
28420571,3,1,4,examples/solvers/rosenbrock_minimization.py
28420571,6,5,11,odl/solvers/iterative/iterative.py
28420571,13,8,21,odl/solvers/smooth/nonlinear_cg.py
28420571,1,1,2,odl/solvers/util/callback.py
28420571,0,1,1,odl/solvers/util/steplen.py
28420571,0,51,51,examples/solvers/conjugate_gradient_nonlinear_rosenbrock.py
28420571,59,0,59,examples/solvers/rosenbrock_minimization.py
28420571,38,2,40,odl/solvers/util/callback.py
28420571,5,2,7,odl/solvers/smooth/newton.py
28420571,51,0,51,examples/solvers/conjugate_gradient_nonlinear_rosenbrock.py
28420571,28,1,29,odl/solvers/util/callback.py
28420571,0,1,1,odl/solvers/iterative/iterative.py
28420571,18,1,19,odl/solvers/smooth/nonlinear_cg.py
28420571,0,10,10,odl/test/solvers/iterative/iterative_test.py
28420571,1,103,104,odl/solvers/iterative/iterative.py
28420571,1,1,2,odl/solvers/smooth/nonlinear_cg.py
28420571,18,8,26,odl/solvers/iterative/iterative.py
28420571,1,1,2,odl/test/solvers/iterative/iterative_test.py
28420571,54,77,131,odl/solvers/iterative/iterative.py
28420571,1,0,1,odl/solvers/util/steplen.py
28420571,10,0,10,odl/test/solvers/iterative/iterative_test.py
28420571,122,7,129,odl/solvers/iterative/iterative.py
28420571,3,9,12,examples/tomo/anisotropic_voxels.py
28420571,2,8,10,examples/tomo/ray_trafo_parallel_3d.py
28420571,1,1,2,odl/discr/lp_discr.py
28420571,19,1,20,odl/discr/partition.py
28420571,4,4,8,odl/test/tomo/operators/ray_trafo_test.py
28420571,44,66,110,odl/tomo/backends/astra_setup.py
28420571,26,2,28,odl/tomo/operators/ray_trafo.py
28420571,101,0,101,odl/util/utility.py
28420571,47,0,47,examples/tomo/anisotropic_voxels.py
28420571,6,5,11,examples/tomo/ray_trafo_parallel_3d.py
28420571,79,20,99,odl/test/tomo/operators/ray_trafo_test.py
28420571,81,15,96,odl/tomo/backends/astra_setup.py
28420571,16,0,16,odl/util/testutils.py
28420571,7,1,8,odl/util/utility.py
28420571,1,1,2,odl/__init__.py
28420571,2,8,10,odl/tomo/util/testutils.py
28420571,3,6,9,odl/util/pytest_plugins.py
28420571,9,5,14,odl/util/vectorization.py
28420571,25,29,54,odl/solvers/util/callback.py
28420571,20,12,32,odl/tomo/util/testutils.py
28420571,0,1,1,doc/gitwash_dumper.py
28420571,14,23,37,doc/source/conf.py
28420571,4,13,17,doc/source/generate_doc.py
28420571,5,15,20,odl/__init__.py
28420571,4,13,17,odl/deform/__init__.py
28420571,4,13,17,odl/deform/linearized.py
28420571,4,13,17,odl/diagnostics/__init__.py
28420571,4,13,17,odl/diagnostics/examples.py
28420571,4,13,17,odl/diagnostics/operator.py
28420571,4,13,17,odl/diagnostics/space.py
28420571,4,13,17,odl/discr/__init__.py
28420571,4,13,17,odl/discr/diff_ops.py
28420571,4,13,17,odl/discr/discr_mappings.py
28420571,4,13,17,odl/discr/discr_ops.py
28420571,4,13,17,odl/discr/discretization.py
28420571,4,13,17,odl/discr/grid.py
28420571,4,13,17,odl/discr/lp_discr.py
28420571,4,13,17,odl/discr/partition.py
28420571,4,13,17,odl/operator/__init__.py
28420571,4,13,17,odl/operator/default_ops.py
28420571,4,13,17,odl/operator/fn_ops.py
28420571,4,13,17,odl/operator/operator.py
28420571,4,13,17,odl/operator/oputils.py
28420571,4,13,17,odl/operator/pspace_ops.py
28420571,4,13,17,odl/operator/tensor_ops.py
28420571,4,13,17,odl/phantom/__init__.py
28420571,4,13,17,odl/phantom/emission.py
28420571,4,13,17,odl/phantom/geometric.py
28420571,4,13,17,odl/phantom/misc_phantoms.py
28420571,4,13,17,odl/phantom/noise.py
28420571,4,13,17,odl/phantom/phantom_utils.py
28420571,4,13,17,odl/phantom/transmission.py
28420571,4,13,17,odl/set/__init__.py
28420571,4,13,17,odl/set/domain.py
28420571,4,13,17,odl/set/sets.py
28420571,4,13,17,odl/set/space.py
28420571,4,13,17,odl/solvers/__init__.py
28420571,4,13,17,odl/solvers/functional/__init__.py
28420571,4,13,17,odl/solvers/functional/default_functionals.py
28420571,4,13,17,odl/solvers/functional/derivatives.py
28420571,4,13,17,odl/solvers/functional/example_funcs.py
28420571,4,13,17,odl/solvers/functional/functional.py
28420571,4,13,17,odl/solvers/iterative/__init__.py
28420571,4,13,17,odl/solvers/iterative/iterative.py
28420571,4,13,17,odl/solvers/iterative/statistical.py
28420571,4,13,17,odl/solvers/nonsmooth/__init__.py
28420571,4,13,17,odl/solvers/nonsmooth/chambolle_pock.py
28420571,4,13,17,odl/solvers/nonsmooth/douglas_rachford.py
28420571,4,13,17,odl/solvers/nonsmooth/forward_backward.py
28420571,4,13,17,odl/solvers/nonsmooth/proximal_gradient_solvers.py
28420571,4,13,17,odl/solvers/nonsmooth/proximal_operators.py
28420571,4,13,17,odl/solvers/smooth/__init__.py
28420571,4,13,17,odl/solvers/smooth/gradient.py
28420571,4,13,17,odl/solvers/smooth/newton.py
28420571,4,13,17,odl/solvers/smooth/nonlinear_cg.py
28420571,4,13,17,odl/solvers/util/__init__.py
28420571,4,13,17,odl/solvers/util/callback.py
28420571,4,13,17,odl/solvers/util/steplen.py
28420571,4,14,18,odl/space/__init__.py
28420571,4,13,17,odl/space/base_ntuples.py
28420571,4,13,17,odl/space/entry_points.py
28420571,4,13,17,odl/space/fspace.py
28420571,4,13,17,odl/space/npy_ntuples.py
28420571,4,13,17,odl/space/pspace.py
28420571,4,13,17,odl/space/space_utils.py
28420571,4,13,17,odl/space/weighting.py
28420571,9,20,29,odl/test/deform/linearized_deform_test.py
28420571,9,20,29,odl/test/discr/diff_ops_test.py
28420571,5,20,25,odl/test/discr/discr_mappings_test.py
28420571,9,19,28,odl/test/discr/discr_ops_test.py
28420571,4,14,18,odl/test/discr/grid_test.py
28420571,5,22,27,odl/test/discr/lp_discr_test.py
28420571,4,14,18,odl/test/discr/partition_test.py
28420571,12,19,31,odl/test/largescale/solvers/nonsmooth/default_functionals_slow_test.py
28420571,12,22,34,odl/test/largescale/space/fn_base_slow_test.py
28420571,12,20,32,odl/test/largescale/tomo/analytic_slow_test.py
28420571,11,20,31,odl/test/largescale/tomo/ray_transform_slow_test.py
28420571,5,18,23,odl/test/largescale/tomo/stir_slow_test.py
28420571,11,21,32,odl/test/largescale/trafos/fourier_slow_test.py
28420571,5,21,26,odl/test/operator/operator_test.py
28420571,5,21,26,odl/test/operator/oputils_test.py
28420571,5,22,27,odl/test/operator/pspace_ops_test.py
28420571,5,19,24,odl/test/operator/tensor_ops_test.py
28420571,5,21,26,odl/test/set/domain_test.py
28420571,5,21,26,odl/test/set/sets_test.py
28420571,12,20,32,odl/test/set/space_test.py
28420571,8,15,23,odl/test/solvers/functional/default_functionals_test.py
28420571,6,21,27,odl/test/solvers/functional/functional_test.py
28420571,5,18,23,odl/test/solvers/iterative/iterative_test.py
28420571,6,21,27,odl/test/solvers/nonsmooth/chambolle_pock_test.py
28420571,5,18,23,odl/test/solvers/nonsmooth/douglas_rachford_test.py
28420571,5,20,25,odl/test/solvers/nonsmooth/forward_backward_test.py
28420571,5,20,25,odl/test/solvers/nonsmooth/proximal_operator_test.py
28420571,5,21,26,odl/test/solvers/nonsmooth/proximal_utils_test.py
28420571,5,18,23,odl/test/solvers/smooth/smooth_test.py
28420571,5,18,23,odl/test/solvers/util/steplen_test.py
28420571,5,22,27,odl/test/space/fspace_test.py
28420571,12,26,38,odl/test/space/ntuples_test.py
28420571,5,19,24,odl/test/space/pspace_test.py
28420571,6,23,29,odl/test/space/space_utils_test.py
28420571,6,20,26,odl/test/system/import_test.py
28420571,5,18,23,odl/test/test_doc.py
28420571,5,18,23,odl/test/test_examples.py
28420571,6,20,26,odl/test/tomo/backends/astra_cpu_test.py
28420571,11,22,33,odl/test/tomo/backends/astra_cuda_test.py
28420571,8,22,30,odl/test/tomo/backends/astra_setup_test.py
28420571,5,20,25,odl/test/tomo/backends/skimage_test.py
28420571,5,17,22,odl/test/tomo/data/mrc_test.py
28420571,5,17,22,odl/test/tomo/data/uncompr_bin_test.py
28420571,5,21,26,odl/test/tomo/geometry/geometry_test.py
28420571,6,21,27,odl/test/tomo/geometry/spect_geometry_test.py
28420571,11,18,29,odl/test/tomo/operators/ray_trafo_test.py
28420571,7,20,27,odl/test/trafos/backends/pyfftw_bindings_test.py
28420571,7,20,27,odl/test/trafos/backends/pywt_bindings_test.py
28420571,8,20,28,odl/test/trafos/fourier_test.py
28420571,7,20,27,odl/test/trafos/util/ft_utils_test.py
28420571,7,20,27,odl/test/trafos/wavelet_test.py
28420571,8,19,27,odl/test/util/normalize_test.py
28420571,5,19,24,odl/test/util/numerics_test.py
28420571,5,22,27,odl/test/util/utility_test.py
28420571,5,21,26,odl/test/util/vectorization_test.py
28420571,4,13,17,odl/tomo/__init__.py
28420571,4,13,17,odl/tomo/analytic/__init__.py
28420571,4,13,17,odl/tomo/analytic/filtered_back_projection.py
28420571,4,13,17,odl/tomo/backends/__init__.py
28420571,4,13,17,odl/tomo/backends/astra_cpu.py
28420571,4,13,17,odl/tomo/backends/astra_cuda.py
28420571,4,13,17,odl/tomo/backends/astra_setup.py
28420571,4,13,17,odl/tomo/backends/skimage_radon.py
28420571,4,14,18,odl/tomo/backends/stir_bindings.py
28420571,4,13,17,odl/tomo/data/__init__.py
28420571,4,13,17,odl/tomo/data/mrc.py
28420571,4,13,17,odl/tomo/data/uncompr_bin.py
28420571,4,13,17,odl/tomo/geometry/__init__.py
28420571,4,13,17,odl/tomo/geometry/conebeam.py
28420571,4,13,17,odl/tomo/geometry/detector.py
28420571,4,13,17,odl/tomo/geometry/fanbeam.py
28420571,4,13,17,odl/tomo/geometry/geometry.py
28420571,4,13,17,odl/tomo/geometry/parallel.py
28420571,4,13,17,odl/tomo/geometry/spect.py
28420571,4,13,17,odl/tomo/operators/__init__.py
28420571,4,13,17,odl/tomo/operators/ray_trafo.py
28420571,13,13,26,odl/tomo/util/__init__.py
28420571,4,13,17,odl/tomo/util/testutils.py
28420571,7,13,20,odl/tomo/util/utility.py
28420571,4,14,18,odl/trafos/__init__.py
28420571,4,14,18,odl/trafos/backends/__init__.py
28420571,4,13,17,odl/trafos/backends/pyfftw_bindings.py
28420571,4,13,17,odl/trafos/backends/pywt_bindings.py
28420571,4,13,17,odl/trafos/fourier.py
28420571,4,15,19,odl/trafos/util/__init__.py
28420571,4,13,17,odl/trafos/util/ft_utils.py
28420571,4,13,17,odl/trafos/wavelet.py
28420571,6,13,19,odl/ufunc_ops/__init__.py
28420571,4,13,17,odl/ufunc_ops/ufunc_ops.py
28420571,4,13,17,odl/util/__init__.py
28420571,4,13,17,odl/util/graphics.py
28420571,4,13,17,odl/util/normalize.py
28420571,4,13,17,odl/util/numerics.py
28420571,4,13,17,odl/util/pytest_plugins.py
28420571,4,13,17,odl/util/testutils.py
28420571,4,13,17,odl/util/ufuncs.py
28420571,4,13,17,odl/util/utility.py
28420571,4,13,17,odl/util/vectorization.py
28420571,7,15,22,setup.py
28420571,8,6,14,examples/tomo/filtered_backprojection_parallel_2d.py
28420571,60,0,60,examples/tomo/filtered_backprojection_parallel_2d_complex.py
28420571,9,4,13,odl/tomo/operators/ray_trafo.py
28420571,4,5,9,examples/tomo/ray_trafo_parallel_2d_complex.py
28420571,8,5,13,examples/tomo/ray_trafo_parallel_2d_complex.py
28420571,2,4,6,odl/test/largescale/tomo/ray_transform_slow_test.py
28420571,268,266,534,odl/tomo/operators/ray_trafo.py
28420571,6,4,10,odl/discr/partition.py
28420571,25,1,26,odl/test/tomo/operators/ray_trafo_test.py
28420571,2,2,4,examples/tomo/ray_trafo_parallel_2d_complex.py
28420571,78,20,98,odl/tomo/operators/ray_trafo.py
28420571,42,0,42,examples/tomo/ray_trafo_parallel_2d_complex.py
28420571,2,2,4,odl/test/largescale/tomo/analytic_slow_test.py
28420571,2,2,4,odl/test/largescale/tomo/ray_transform_slow_test.py
28420571,3,3,6,odl/test/tomo/operators/ray_trafo_test.py
28420571,35,34,69,odl/tomo/backends/skimage_radon.py
28420571,18,18,36,odl/tomo/operators/ray_trafo.py
28420571,3,3,6,odl/tomo/util/testutils.py
28420571,1,1,2,setup.py
28420571,2,2,4,odl/tomo/backends/__init__.py
28420571,6,6,12,odl/tomo/backends/scikit_radon.py
28420571,40,45,85,odl/tomo/operators/ray_trafo.py
28420571,1,1,2,odl/tomo/util/testutils.py
28420571,3,4,7,odl/test/largescale/tomo/ray_transform_slow_test.py
28420571,2,3,5,odl/tomo/backends/astra_cuda.py
28420571,5,5,10,odl/tomo/operators/ray_trafo.py
28420571,1,1,2,doc/source/conf.py
28420571,1,1,2,setup.py
28420571,2,2,4,odl/operator/oputils.py
28420571,48,0,48,odl/test/largescale/tomo/ray_transform_slow_test.py
28420571,0,21,21,odl/test/tomo/operators/ray_trafo_test.py
28420571,3,10,13,odl/tomo/backends/astra_cpu.py
28420571,13,2,15,odl/tomo/backends/astra_cuda.py
28420571,14,2,16,odl/tomo/backends/scikit_radon.py
28420571,29,33,62,odl/tomo/operators/ray_trafo.py
28420571,21,2,23,odl/tomo/operators/ray_trafo.py
28420571,13,11,24,odl/test/largescale/tomo/ray_transform_slow_test.py
28420571,25,23,48,odl/solvers/util/callback.py
28420571,11,0,11,odl/solvers/functional/functional.py
28420571,5,1,6,odl/operator/operator.py
28420571,34,9,43,odl/solvers/util/callback.py
28420571,67,0,67,odl/solvers/util/callback.py
28420571,3,5,8,odl/operator/fn_ops.py
28420571,3,3,6,odl/operator/fn_ops.py
28420571,1,1,2,odl/operator/fn_ops.py
28420571,2,2,4,odl/operator/fn_ops.py
28420571,209,177,386,odl/operator/fn_ops.py
28420571,1,1,2,odl/tomo/backends/scikit_radon.py
28420571,46,11,57,odl/operator/fn_ops.py
28420571,1,1,2,odl/operator/__init__.py
28420571,140,127,267,odl/operator/fn_ops.py
28420571,3,0,3,odl/operator/__init__.py
28420571,406,0,406,odl/operator/fn_ops.py
28420571,2,2,4,odl/test/set/space_test.py
28420571,6,0,6,odl/set/sets.py
28420571,4,8,12,odl/set/space.py
28420571,10,1,11,odl/test/set/space_test.py
28420571,78,0,78,odl/test/set/space_test.py
28420571,13,0,13,odl/set/space.py
28420571,26,1,27,odl/util/testutils.py
28420571,1,1,2,examples/solvers/chambolle_pock_deconvolve.py
28420571,1,1,2,examples/solvers/chambolle_pock_denoising.py
28420571,1,1,2,examples/solvers/denoising_with_entropy_type_regularization.py
28420571,1,1,2,examples/solvers/douglas_rachford_pd_mri.py
28420571,1,2,3,examples/solvers/douglas_rachford_pd_tomography_tv.py
28420571,1,1,2,examples/solvers/forward_backward_pd_denoising.py
28420571,1,1,2,examples/solvers/nuclear_norm_minimization.py
28420571,1,1,2,examples/solvers/proximal_gradient_wavelet_tomography.py
28420571,23,24,47,odl/solvers/util/callback.py
28420571,1,1,2,odl/discr/discr_mappings.py
28420571,6,2,8,odl/solvers/functional/functional.py
28420571,3,3,6,odl/space/weighting.py
28420571,2,2,4,odl/tomo/geometry/detector.py
28420571,1,1,2,odl/tomo/geometry/geometry.py
28420571,1,1,2,odl/util/vectorization.py
28420571,69,34,103,odl/solvers/util/callback.py
28420571,1,2,3,odl/tomo/backends/astra_cuda.py
28420571,12,2,14,odl/solvers/util/callback.py
28420571,5,5,10,odl/util/graphics.py
28420571,15,4,19,odl/util/graphics.py
28420571,39,53,92,odl/tomo/data/mrc.py
28420571,24,4,28,odl/operator/tensor_ops.py
28420571,82,28,110,odl/operator/tensor_ops.py
28420571,108,0,108,examples/tomo/backends/astra_performance_cuda_cone_3d_cg.py
28420571,1,1,2,doc/source/getting_started/code/getting_started_convolution.py
28420571,1,3,4,doc/source/guide/code/functional_indepth_example.py
28420571,12,9,21,odl/operator/tensor_ops.py
28420571,6,1,7,odl/test/operator/tensor_ops_test.py
28420571,6,6,12,odl/operator/tensor_ops.py
28420571,2,2,4,odl/solvers/functional/example_funcs.py
28420571,12,12,24,odl/test/operator/operator_test.py
28420571,13,13,26,odl/test/operator/oputils_test.py
28420571,45,61,106,odl/test/operator/tensor_ops_test.py
28420571,1,1,2,odl/test/solvers/iterative/iterative_test.py
28420571,1,1,2,doc/source/conf.py
28420571,1,0,1,doc/source/getting_started/code/getting_started_convolution.py
28420571,4,3,7,odl/operator/tensor_ops.py
28420571,1,2,3,odl/solvers/functional/example_funcs.py
28420571,9,11,20,odl/test/operator/oputils_test.py
28420571,235,2,237,odl/test/operator/tensor_ops_test.py
28420571,14,217,231,odl/test/space/ntuples_test.py
28420571,136,1,137,odl/operator/tensor_ops.py
28420571,0,136,136,odl/space/npy_ntuples.py
28420571,1,1,2,odl/test/space/ntuples_test.py
28420571,2,2,4,odl/set/space.py
28420571,4,3,7,odl/test/space/ntuples_test.py
28420571,16,8,24,odl/operator/operator.py
28420571,9,6,15,odl/operator/pspace_ops.py
28420571,35,2,37,odl/test/space/ntuples_test.py
28420571,131,33,164,odl/set/space.py
28420571,12,11,23,odl/operator/operator.py
28420571,9,22,31,odl/trafos/backends/pywt_bindings.py
28420571,4,9,13,odl/trafos/backends/pywt_bindings.py
28420571,2,4,6,odl/test/trafos/wavelet_test.py
28420571,43,1,44,odl/trafos/backends/pywt_bindings.py
28420571,20,15,35,odl/trafos/wavelet.py
28420571,11,8,19,odl/operator/pspace_ops.py
28420571,29,0,29,odl/operator/pspace_ops.py
28420571,31,10,41,odl/operator/pspace_ops.py
28420571,82,0,82,odl/operator/pspace_ops.py
28420571,5,10,15,odl/operator/operator.py
28420571,13,1,14,odl/operator/pspace_ops.py
28420571,37,1,38,odl/solvers/functional/default_functionals.py
28420571,34,36,70,odl/solvers/util/callback.py
28420571,33,8,41,odl/solvers/util/callback.py
28420571,1,1,2,examples/tomo/backends/astra_performance_cuda_parallel_2d_cg.py
28420571,3,5,8,odl/tomo/data/mrc.py
28420571,2,6,8,odl/tomo/data/mrc.py
28420571,1,1,2,odl/discr/discr_ops.py
28420571,1,1,2,odl/set/sets.py
28420571,5,5,10,odl/solvers/functional/default_functionals.py
28420571,1,1,2,odl/solvers/nonsmooth/proximal_operators.py
28420571,1,1,2,odl/solvers/smooth/newton.py
28420571,1,1,2,odl/tomo/data/uncompr_bin.py
28420571,0,5,5,odl/deform/linearized.py
28420571,0,2,2,odl/operator/default_ops.py
28420571,0,1,1,odl/operator/oputils.py
28420571,0,1,1,odl/operator/pspace_ops.py
28420571,0,10,10,odl/solvers/functional/default_functionals.py
28420571,0,1,1,odl/solvers/functional/derivatives.py
28420571,3,6,9,odl/solvers/functional/functional.py
28420571,0,4,4,odl/solvers/iterative/statistical.py
28420571,0,3,3,odl/solvers/nonsmooth/chambolle_pock.py
28420571,0,3,3,odl/solvers/nonsmooth/forward_backward.py
28420571,0,2,2,odl/solvers/nonsmooth/proximal_gradient_solvers.py
28420571,0,36,36,odl/solvers/nonsmooth/proximal_operators.py
28420571,0,8,8,odl/space/pspace.py
28420571,4,2,6,odl/operator/operator.py
28420571,9,5,14,odl/operator/pspace_ops.py
28420571,0,6,6,odl/solvers/functional/default_functionals.py
28420571,7,5,12,odl/solvers/iterative/iterative.py
28420571,2,1,3,odl/solvers/smooth/gradient.py
28420571,16,8,24,odl/solvers/smooth/newton.py
28420571,4,2,6,odl/solvers/smooth/nonlinear_cg.py
28420571,21,19,40,odl/space/pspace.py
28420571,3,2,5,odl/discr/grid.py
28420571,3,2,5,odl/discr/partition.py
28420571,8,8,16,odl/phantom/misc_phantoms.py
28420571,16,3,19,odl/set/domain.py
28420571,1,1,2,odl/test/largescale/trafos/fourier_slow_test.py
28420571,6,6,12,odl/test/set/domain_test.py
28420571,6,6,12,odl/test/tomo/geometry/geometry_test.py
28420571,1,1,2,odl/test/tomo/operators/ray_trafo_test.py
28420571,1,1,2,odl/tomo/backends/astra_cpu.py
28420571,1,1,2,odl/tomo/backends/astra_cuda.py
28420571,1,1,2,odl/tomo/backends/scikit_radon.py
28420571,3,3,6,odl/tomo/operators/ray_trafo.py
28420571,10,10,20,odl/solvers/iterative/iterative.py
28420571,4,4,8,odl/solvers/iterative/statistical.py
28420571,2,2,4,odl/solvers/nonsmooth/chambolle_pock.py
28420571,3,3,6,odl/phantom/geometric.py
28420571,37,29,66,odl/test/operator/operator_test.py
28420571,9,0,9,odl/operator/operator.py
28420571,29,0,29,odl/test/operator/operator_test.py
28420571,33,1,34,odl/test/operator/operator_test.py
28420571,9,0,9,odl/operator/operator.py
28420571,5,4,9,odl/set/space.py
28420571,32,2,34,odl/set/space.py
28420571,28,0,28,odl/set/space.py
28420571,18,13,31,examples/solvers/chambolle_pock_tomography_tgv.py
28420571,19,3,22,odl/solvers/functional/default_functionals.py
28420571,27,1,28,odl/test/largescale/solvers/nonsmooth/default_functionals_slow_test.py
28420571,23,19,42,odl/test/solvers/functional/default_functionals_test.py
28420571,1,1,2,examples/solvers/chambolle_pock_tomography.py
28420571,111,0,111,examples/solvers/chambolle_pock_tomography_tgv.py
28420571,2,2,4,odl/operator/default_ops.py
28420571,5,0,5,odl/discr/grid.py
28420571,4,0,4,odl/set/domain.py
28420571,1,1,2,odl/test/solvers/iterative/iterative_test.py
28420571,1,1,2,odl/discr/discr_mappings.py
28420571,4,2,6,odl/discr/grid.py
28420571,11,5,16,odl/discr/lp_discr.py
28420571,18,17,35,odl/operator/operator.py
28420571,1,1,2,odl/phantom/transmission.py
28420571,2,2,4,odl/solvers/functional/default_functionals.py
28420571,1,1,2,odl/solvers/functional/functional.py
28420571,1,1,2,odl/solvers/nonsmooth/proximal_operators.py
28420571,1,1,2,odl/solvers/util/callback.py
28420571,4,6,10,odl/trafos/wavelet.py
28420571,1,1,2,odl/util/numerics.py
28420571,1,1,2,odl/discr/diff_ops.py
28420571,1,1,2,odl/discr/discr_mappings.py
28420571,5,5,10,odl/discr/grid.py
28420571,3,3,6,odl/discr/lp_discr.py
28420571,2,2,4,odl/discr/partition.py
28420571,2,2,4,odl/operator/default_ops.py
28420571,1,1,2,odl/operator/operator.py
28420571,1,1,2,odl/phantom/geometric.py
28420571,2,2,4,odl/phantom/noise.py
28420571,1,1,2,odl/solvers/functional/default_functionals.py
28420571,4,4,8,odl/solvers/functional/derivatives.py
28420571,1,1,2,odl/solvers/functional/functional.py
28420571,28,29,57,odl/solvers/nonsmooth/proximal_operators.py
28420571,2,2,4,odl/solvers/smooth/newton.py
28420571,1,1,2,odl/solvers/smooth/nonlinear_cg.py
28420571,4,4,8,odl/solvers/util/callback.py
28420571,2,2,4,odl/solvers/util/steplen.py
28420571,2,2,4,odl/space/base_ntuples.py
28420571,5,5,10,odl/space/fspace.py
28420571,6,6,12,odl/space/npy_ntuples.py
28420571,3,3,6,odl/space/pspace.py
28420571,8,8,16,odl/space/space_utils.py
28420571,4,4,8,odl/space/weighting.py
28420571,2,2,4,odl/tomo/analytic/filtered_back_projection.py
28420571,2,2,4,odl/tomo/data/mrc.py
28420571,6,6,12,odl/tomo/operators/ray_trafo.py
28420571,3,2,5,odl/trafos/backends/pyfftw_bindings.py
28420571,16,14,30,odl/trafos/fourier.py
28420571,1,1,2,odl/trafos/util/ft_utils.py
28420571,1,1,2,odl/util/graphics.py
28420571,1,1,2,odl/util/testutils.py
28420571,4,4,8,odl/util/utility.py
28420571,27,26,53,odl/solvers/smooth/nonlinear_cg.py
28420571,6,8,14,odl/solvers/smooth/nonlinear_cg.py
28420571,1,1,2,odl/solvers/iterative/iterative.py
28420571,1,2,3,odl/solvers/smooth/newton.py
28420571,24,10,34,odl/solvers/smooth/nonlinear_cg.py
28420571,0,10,10,odl/test/solvers/iterative/iterative_test.py
28420571,7,2,9,odl/test/solvers/smooth/smooth_test.py
28420571,11,0,11,odl/test/solvers/smooth/smooth_test.py
28420571,7,9,16,odl/solvers/smooth/nonlinear_cg.py
28420571,2,103,105,odl/solvers/iterative/iterative.py
28420571,3,0,3,odl/solvers/smooth/__init__.py
28420571,129,0,129,odl/solvers/smooth/nonlinear_cg.py
28420571,18,8,26,odl/solvers/iterative/iterative.py
28420571,11,6,17,odl/test/solvers/iterative/iterative_test.py
28420571,5,4,9,odl/solvers/util/steplen.py
28420571,54,76,130,odl/solvers/iterative/iterative.py
28420571,1,0,1,odl/solvers/util/steplen.py
28420571,10,0,10,odl/test/solvers/iterative/iterative_test.py
28420571,116,4,120,odl/solvers/iterative/iterative.py
28420571,1,1,2,odl/solvers/util/steplen.py
28420571,7,2,9,odl/solvers/util/callback.py
28420571,7,2,9,odl/solvers/functional/default_functionals.py
28420571,4,3,7,odl/test/solvers/functional/default_functionals_test.py
28420571,17,9,26,odl/test/solvers/functional/default_functionals_test.py
28420571,1,1,2,odl/solvers/functional/default_functionals.py
28420571,21,24,45,odl/solvers/iterative/iterative.py
28420571,4,4,8,odl/test/discr/partition_test.py
28420571,2,4,6,odl/discr/grid.py
28420571,4,1,5,odl/discr/partition.py
28420571,22,8,30,odl/test/discr/grid_test.py
28420571,37,0,37,odl/test/discr/partition_test.py
28420571,28,43,71,odl/test/set/domain_test.py
28420571,22,4,26,odl/test/space/fspace_test.py
28420571,2,2,4,odl/discr/discr_mappings.py
28420571,4,3,7,odl/discr/discretization.py
28420571,1,1,2,odl/discr/partition.py
28420571,1,2,3,odl/set/domain.py
28420571,2,2,4,odl/set/sets.py
28420571,1,1,2,odl/space/base_ntuples.py
28420571,1,2,3,odl/space/fspace.py
28420571,2,2,4,odl/space/pspace.py
28420571,2,2,4,odl/space/weighting.py
28420571,32,0,32,odl/test/discr/lp_discr_test.py
28420571,28,0,28,odl/test/set/domain_test.py
28420571,32,0,32,odl/test/space/ntuples_test.py
28420571,35,0,35,odl/test/space/pspace_test.py
28420571,5,1,6,odl/discr/grid.py
28420571,2,1,3,odl/set/domain.py
28420571,4,2,6,odl/space/weighting.py
28420571,5,0,5,odl/discr/discr_mappings.py
28420571,6,0,6,odl/discr/discretization.py
28420571,4,0,4,odl/discr/grid.py
28420571,4,0,4,odl/discr/partition.py
28420571,4,0,4,odl/set/domain.py
28420571,35,7,42,odl/set/sets.py
28420571,4,0,4,odl/space/base_ntuples.py
28420571,7,17,24,odl/space/fspace.py
28420571,4,0,4,odl/space/npy_ntuples.py
28420571,4,0,4,odl/space/pspace.py
28420571,29,0,29,odl/space/weighting.py
28420571,14,5,19,odl/solvers/iterative/iterative.py
28420571,51,61,112,odl/solvers/iterative/iterative.py
28420571,115,1,116,odl/solvers/iterative/iterative.py
28420571,7,1,8,odl/test/solvers/iterative/iterative_test.py
28420571,9,8,17,odl/__init__.py
28420571,14,9,23,odl/discr/grid.py
28420571,4,9,13,odl/discr/partition.py
28420571,1,1,2,odl/set/domain.py
28420571,2,0,2,odl/test/discr/grid_test.py
28420571,2,0,2,odl/test/discr/partition_test.py
28420571,7,0,7,odl/test/tomo/backends/astra_setup_test.py
28420571,10,1,11,setup.py
28420571,1,1,2,examples/space/vectorization.py
28420571,39,115,154,odl/discr/grid.py
28420571,2,2,4,odl/discr/partition.py
28420571,1,1,2,odl/set/domain.py
28420571,2,3,5,odl/test/discr/grid_test.py
28420571,5,5,10,odl/test/trafos/util/ft_utils_test.py
28420571,4,6,10,odl/__init__.py
28420571,7,7,14,odl/discr/discr_mappings.py
28420571,344,441,785,odl/discr/grid.py
28420571,6,1,7,odl/discr/lp_discr.py
28420571,38,46,84,odl/discr/partition.py
28420571,21,22,43,odl/set/domain.py
28420571,2,2,4,odl/space/base_ntuples.py
28420571,1,1,2,odl/space/fspace.py
28420571,1,1,2,odl/test/discr/discr_ops_test.py
28420571,152,163,315,odl/test/discr/grid_test.py
28420571,1,1,2,odl/test/discr/lp_discr_test.py
28420571,17,25,42,odl/test/discr/partition_test.py
28420571,0,6,6,odl/test/tomo/backends/astra_setup_test.py
28420571,3,3,6,odl/trafos/fourier.py
28420571,14,13,27,odl/trafos/util/ft_utils.py
28420571,4,4,8,odl/util/graphics.py
28420571,0,5,5,odl/discr/grid.py
28420571,0,16,16,examples/__init__.py
28420571,0,17,17,examples/deform/linearized_fixed_displacement.py
28420571,0,17,17,examples/deform/linearized_fixed_template.py
28420571,0,17,17,examples/diagnostics/diagonstics_space.py
28420571,0,17,17,examples/operator/simple_operator.py
28420571,0,17,17,examples/solvers/chambolle_pock_deconvolve.py
28420571,0,17,17,examples/solvers/chambolle_pock_denoising.py
28420571,0,17,17,examples/solvers/chambolle_pock_tomography.py
28420571,0,17,17,examples/solvers/conjugate_gradient_tomography.py
28420571,1,18,19,examples/solvers/deconvolution_1d.py
28420571,0,17,17,examples/solvers/denoising_with_entropy_type_regularization.py
28420571,0,17,17,examples/solvers/douglas_rachford_pd_heron.py
28420571,0,17,17,examples/solvers/douglas_rachford_pd_mri.py
28420571,0,17,17,examples/solvers/douglas_rachford_pd_tomography_tv.py
28420571,0,17,17,examples/solvers/forward_backward_pd_denoising.py
28420571,0,17,17,examples/solvers/functional_basic_example.py
28420571,0,17,17,examples/solvers/functional_basic_example_solver.py
28420571,0,17,17,examples/solvers/lbfgs_tomography.py
28420571,0,17,17,examples/solvers/lbfgs_tomography_tv.py
28420571,0,17,17,examples/solvers/nuclear_norm_minimization.py
28420571,0,17,17,examples/solvers/nuclear_norm_tomography.py
28420571,0,17,17,examples/solvers/proximal_gradient_denoising.py
28420571,0,17,17,examples/solvers/proximal_gradient_wavelet_tomography.py
28420571,0,17,17,examples/solvers/proximal_lang_poisson.py
28420571,0,17,17,examples/solvers/proximal_lang_tomography.py
28420571,0,17,17,examples/solvers/scipy_solvers.py
28420571,1,18,19,examples/space/simple_r.py
28420571,0,17,17,examples/space/simple_rn.py
28420571,0,17,17,examples/space/vectorization.py
28420571,0,17,17,examples/tomo/backends/astra_performance_cpu_parallel_2d_cg.py
28420571,0,17,17,examples/tomo/backends/astra_performance_cuda_parallel_2d_cg.py
28420571,0,17,17,examples/tomo/data/mrc_io.py
28420571,0,17,17,examples/tomo/data/raw_binary_io_with_header.py
28420571,0,17,17,examples/tomo/filtered_backprojection_cone_2d.py
28420571,0,17,17,examples/tomo/filtered_backprojection_cone_2d_partial_scan.py
28420571,0,17,17,examples/tomo/filtered_backprojection_cone_3d.py
28420571,0,17,17,examples/tomo/filtered_backprojection_cone_3d_partial_scan.py
28420571,0,17,17,examples/tomo/filtered_backprojection_helical_3d.py
28420571,0,17,17,examples/tomo/filtered_backprojection_parallel_2d.py
28420571,1,18,19,examples/tomo/filtered_backprojection_parallel_3d.py
28420571,0,17,17,examples/tomo/ray_trafo_circular_cone.py
28420571,0,17,17,examples/tomo/ray_trafo_fanflat.py
28420571,0,17,17,examples/tomo/ray_trafo_helical.py
28420571,0,17,17,examples/tomo/ray_trafo_parallel_2d.py
28420571,0,17,17,examples/tomo/ray_trafo_parallel_3d.py
28420571,0,17,17,examples/tomo/scikit_ray_trafo_parallel_2d.py
28420571,0,17,17,examples/tomo/stir_project.py
28420571,0,17,17,examples/tomo/stir_reconstruct.py
28420571,0,17,17,examples/trafos/fourier_trafo.py
28420571,0,17,17,examples/trafos/wavelet_trafo.py
28420571,0,17,17,examples/ufunc_ops/ufunc_basics.py
28420571,0,17,17,examples/ufunc_ops/ufunc_composition.py
28420571,0,17,17,examples/ufunc_ops/ufunc_solvers.py
28420571,0,17,17,examples/visualization/show_1d.py
28420571,0,17,17,examples/visualization/show_2d.py
28420571,0,17,17,examples/visualization/show_2d_complex.py
28420571,0,17,17,examples/visualization/show_ntuple.py
28420571,0,17,17,examples/visualization/show_productspace.py
28420571,0,17,17,examples/visualization/show_update_1d.py
28420571,0,17,17,examples/visualization/show_update_2d.py
28420571,0,17,17,examples/visualization/show_update_in_place_2d.py
28420571,0,17,17,examples/visualization/visualize_vector_examples.py
28420571,1,1,2,odl/__init__.py
28420571,1,1,2,setup.py
28420571,1,1,2,odl/__init__.py
28420571,2,1,3,setup.py
28420571,5,13,18,examples/solvers/chambolle_pock_tomography.py
28420571,1,9,10,examples/solvers/conjugate_gradient_tomography.py
28420571,2,2,4,examples/solvers/douglas_rachford_pd_tomography_tv.py
28420571,1,9,10,examples/solvers/lbfgs_tomography.py
28420571,1,9,10,examples/solvers/lbfgs_tomography_tv.py
28420571,1,9,10,examples/solvers/nuclear_norm_tomography.py
28420571,1,9,10,examples/solvers/proximal_gradient_wavelet_tomography.py
28420571,1,9,10,examples/solvers/proximal_lang_tomography.py
28420571,2,2,4,examples/tomo/filtered_backprojection_cone_2d.py
28420571,2,2,4,examples/tomo/filtered_backprojection_cone_3d.py
28420571,2,2,4,examples/tomo/filtered_backprojection_helical_3d.py
28420571,2,2,4,examples/tomo/filtered_backprojection_parallel_2d.py
28420571,2,2,4,examples/tomo/filtered_backprojection_parallel_3d.py
28420571,2,2,4,examples/tomo/ray_trafo_circular_cone.py
28420571,2,2,4,examples/tomo/ray_trafo_fanflat.py
28420571,2,2,4,examples/tomo/ray_trafo_helical.py
28420571,2,2,4,examples/tomo/ray_trafo_parallel_2d.py
28420571,2,2,4,examples/tomo/ray_trafo_parallel_3d.py
28420571,8,8,16,odl/tomo/operators/ray_trafo.py
28420571,46,18,64,odl/tomo/operators/ray_trafo.py
28420571,86,0,86,examples/tomo/filtered_backprojection_cone_2d_partial_scan.py
28420571,89,0,89,examples/tomo/filtered_backprojection_cone_3d_partial_scan.py
28420571,110,2,112,odl/tomo/analytic/filtered_back_projection.py
28420571,5,16,21,odl/test/deform/linearized_deform_test.py
28420571,6,19,25,odl/test/discr/diff_ops_test.py
28420571,2,11,13,odl/test/discr/lp_discr_test.py
28420571,2,9,11,odl/test/operator/tensor_ops_test.py
28420571,6,28,34,odl/test/solvers/functional/default_functionals_test.py
28420571,6,32,38,odl/test/space/fspace_test.py
28420571,5,22,27,odl/test/space/ntuples_test.py
28420571,2,8,10,odl/test/space/pspace_test.py
28420571,6,16,22,odl/test/trafos/backends/pyfftw_bindings_test.py
28420571,6,37,43,odl/test/trafos/backends/pywt_bindings_test.py
28420571,5,29,34,odl/test/trafos/fourier_test.py
28420571,5,35,40,odl/test/trafos/util/ft_utils_test.py
28420571,7,45,52,odl/test/trafos/wavelet_test.py
28420571,2,10,12,odl/test/util/normalize_test.py
28420571,2,8,10,odl/test/util/numerics_test.py
28420571,7,7,14,examples/tomo/backends/astra_performance_cpu_parallel_2d_cg.py
28420571,5,5,10,examples/tomo/backends/astra_performance_cuda_parallel_2d_cg.py
28420571,3,3,6,odl/test/tomo/backends/astra_cuda_test.py
28420571,4,5,9,odl/test/tomo/backends/scikit_test.py
28420571,2,2,4,odl/tomo/backends/astra_cpu.py
28420571,67,87,154,odl/tomo/backends/astra_cuda.py
28420571,9,2,11,odl/tomo/operators/ray_trafo.py
28420571,116,0,116,examples/tomo/backends/astra_performance_cpu_parallel_2d_cg.py
28420571,116,0,116,examples/tomo/backends/astra_performance_cuda_parallel_2d_cg.py
28420571,72,142,214,odl/test/tomo/backends/astra_cuda_test.py
28420571,135,123,258,odl/tomo/backends/astra_cuda.py
28420571,8,4,12,odl/tomo/operators/ray_trafo.py
28420571,41,36,77,odl/tomo/backends/astra_cuda.py
28420571,35,28,63,odl/tomo/backends/astra_cuda.py
28420571,5,9,14,odl/tomo/backends/astra_cuda.py
28420571,134,76,210,odl/tomo/backends/astra_cuda.py
28420571,28,7,35,odl/tomo/operators/ray_trafo.py
28420571,35,110,145,odl/tomo/backends/astra_cuda.py
28420571,8,10,18,odl/tomo/operators/ray_trafo.py
28420571,10,8,18,odl/tomo/backends/astra_cuda.py
28420571,129,1,130,odl/tomo/backends/astra_cuda.py
28420571,13,3,16,odl/tomo/operators/ray_trafo.py
28420571,14,10,24,odl/operator/pspace_ops.py
28420571,39,1,40,odl/operator/pspace_ops.py
28420571,4,0,4,odl/operator/pspace_ops.py
28420571,29,5,34,odl/phantom/transmission.py
28420571,1,1,2,odl/discr/lp_discr.py
28420571,53,40,93,odl/space/npy_ntuples.py
28420571,6,2,8,odl/space/pspace.py
28420571,48,87,135,odl/space/weighting.py
28420571,14,8,22,odl/util/utility.py
28420571,5,5,10,odl/operator/tensor_ops.py
28420571,60,37,97,odl/space/npy_ntuples.py
28420571,76,49,125,odl/space/pspace.py
28420571,14,13,27,odl/space/weighting.py
28420571,3,3,6,odl/solvers/functional/default_functionals.py
28420571,11,0,11,odl/solvers/functional/default_functionals.py
28420571,3,3,6,odl/space/npy_ntuples.py
28420571,3,3,6,odl/space/pspace.py
28420571,2,2,4,odl/space/weighting.py
28420571,6,6,12,odl/test/space/ntuples_test.py
28420571,1,1,2,odl/discr/discr_mappings.py
28420571,3,2,5,odl/discr/discr_ops.py
28420571,1,1,2,odl/discr/discretization.py
28420571,1,2,3,odl/discr/grid.py
28420571,5,7,12,odl/discr/lp_discr.py
28420571,3,3,6,odl/discr/partition.py
28420571,1,1,2,odl/operator/oputils.py
28420571,1,1,2,odl/phantom/noise.py
28420571,2,3,5,odl/set/domain.py
28420571,2,2,4,odl/set/sets.py
28420571,3,2,5,odl/space/base_ntuples.py
28420571,4,4,8,odl/space/fspace.py
28420571,1,1,2,odl/space/npy_ntuples.py
28420571,1,1,2,odl/space/pspace.py
28420571,2,2,4,odl/space/space_utils.py
28420571,1,1,2,odl/space/weighting.py
28420571,1,1,2,odl/test/discr/discr_ops_test.py
28420571,0,1,1,odl/test/util/normalize_test.py
28420571,1,1,2,odl/test/util/vectorization_test.py
28420571,1,1,2,odl/tomo/backends/astra_cuda.py
28420571,1,1,2,odl/util/__init__.py
28420571,2,1,3,odl/util/normalize.py
28420571,3,4,7,odl/util/utility.py
28420571,13,5,18,odl/discr/lp_discr.py
28420571,1,1,2,odl/discr/discr_ops.py
28420571,87,83,170,odl/discr/lp_discr.py
28420571,245,104,349,odl/discr/partition.py
28420571,187,8,195,odl/util/utility.py
28420571,3,3,6,examples/solvers/nuclear_norm_tomography.py
28420571,3,3,6,odl/phantom/emission.py
28420571,26,24,50,odl/phantom/geometric.py
28420571,6,6,12,odl/phantom/phantom_utils.py
28420571,24,24,48,odl/phantom/transmission.py
28420571,6,4,10,odl/discr/diff_ops.py
28420571,28,43,71,odl/operator/tensor_ops.py
28420571,2,3,5,odl/deform/linearized.py
28420571,0,3,3,odl/discr/__init__.py
28420571,1,1,2,odl/discr/diff_ops.py
28420571,3,0,3,odl/operator/__init__.py
28420571,0,0,0,odl/{discr => operator}/tensor_ops.py
28420571,1,2,3,odl/solvers/functional/default_functionals.py
28420571,1,1,2,odl/test/{discr => operator}/tensor_ops_test.py
28420571,7,10,17,odl/discr/lp_discr.py
28420571,50,59,109,odl/discr/tensor_ops.py
28420571,1,1,2,odl/space/base_ntuples.py
28420571,89,89,178,odl/space/npy_ntuples.py
28420571,40,40,80,odl/space/pspace.py
28420571,70,70,140,odl/space/weighting.py
28420571,3,3,6,odl/test/discr/lp_discr_test.py
28420571,9,9,18,odl/test/discr/tensor_ops_test.py
28420571,1,1,2,odl/test/operator/pspace_ops_test.py
28420571,84,84,168,odl/test/space/ntuples_test.py
28420571,5,5,10,odl/test/space/pspace_test.py
28420571,4,2,6,odl/tomo/operators/ray_trafo.py
28420571,2,2,4,examples/ufunc_ops/ufunc_basics.py
28420571,1,1,2,examples/ufunc_ops/ufunc_composition.py
28420571,1,1,2,examples/ufunc_ops/ufunc_solvers.py
28420571,9,9,18,odl/discr/lp_discr.py
28420571,9,9,18,odl/discr/tensor_ops.py
28420571,2,2,4,odl/phantom/misc_phantoms.py
28420571,11,11,22,odl/solvers/functional/default_functionals.py
28420571,1,1,2,odl/solvers/iterative/statistical.py
28420571,10,10,20,odl/solvers/nonsmooth/proximal_operators.py
28420571,3,3,6,odl/space/base_ntuples.py
28420571,9,9,18,odl/space/npy_ntuples.py
28420571,11,11,22,odl/space/pspace.py
28420571,6,6,12,odl/test/discr/lp_discr_test.py
28420571,4,4,8,odl/test/solvers/functional/default_functionals_test.py
28420571,4,4,8,odl/test/solvers/functional/functional_test.py
28420571,3,3,6,odl/test/space/ntuples_test.py
28420571,8,8,16,odl/test/space/pspace_test.py
28420571,1,1,2,odl/test/tomo/operators/ray_trafo_test.py
28420571,10,10,20,odl/ufunc_ops/ufunc_ops.py
28420571,42,42,84,odl/util/ufuncs.py
28420571,27,23,50,odl/solvers/util/callback.py
28420571,34,1,35,odl/solvers/util/callback.py
28420571,91,4,95,odl/solvers/util/callback.py
28420571,4,1,5,odl/tomo/analytic/filtered_back_projection.py
28420571,8,4,12,odl/tomo/analytic/filtered_back_projection.py
28420571,14,14,28,odl/phantom/transmission.py
28420571,43,2,45,odl/phantom/transmission.py
28420571,0,6,6,odl/solvers/util/callback.py
28420571,31,30,61,odl/solvers/util/callback.py
28420571,32,4,36,odl/solvers/util/callback.py
28420571,15,45,60,odl/solvers/util/callback.py
28420571,42,0,42,odl/solvers/util/callback.py
28420571,26,10,36,odl/operator/operator.py
28420571,38,0,38,examples/visualization/show_update_in_place_2d.py
28420571,8,4,12,odl/util/graphics.py
28420571,2,0,2,odl/util/graphics.py
28420571,5,5,10,examples/solvers/proximal_gradient_wavelet_tomography.py
28420571,2,3,5,odl/util/graphics.py
28420571,5,6,11,examples/solvers/chambolle_pock_deconvolve.py
28420571,3,3,6,examples/solvers/chambolle_pock_denoising.py
28420571,5,5,10,examples/solvers/chambolle_pock_tomography.py
28420571,1,1,2,examples/solvers/denoising_with_entropy_type_regularization.py
28420571,2,2,4,examples/solvers/douglas_rachford_pd_mri.py
28420571,2,2,4,examples/solvers/douglas_rachford_pd_tomography_tv.py
28420571,1,1,2,examples/solvers/lbfgs_tomography_tv.py
28420571,1,1,2,examples/solvers/nuclear_norm_tomography.py
28420571,1,1,2,examples/solvers/proximal_gradient_denoising.py
28420571,1,1,2,examples/solvers/proximal_gradient_wavelet_tomography.py
28420571,3,3,6,odl/space/pspace.py
28420571,1,1,2,examples/solvers/lbfgs_tomography_tv.py
28420571,8,1,9,odl/solvers/util/callback.py
28420571,63,16,79,odl/util/graphics.py
28420571,8,8,16,odl/operator/pspace_ops.py
28420571,3,1,4,odl/space/pspace.py
28420571,4,7,11,examples/solvers/lbfgs_tomography_tv.py
28420571,8,8,16,odl/solvers/functional/default_functionals.py
28420571,3,3,6,odl/test/tomo/geometry/geometry_test.py
28420571,9,5,14,odl/tomo/geometry/parallel.py
28420571,2,2,4,examples/tomo/filtered_backprojection_parallel_2d.py
28420571,14,11,25,odl/tomo/geometry/parallel.py
28420571,1,1,2,examples/solvers/chambolle_pock_deconvolve.py
28420571,1,1,2,examples/solvers/chambolle_pock_denoising.py
28420571,1,1,2,examples/solvers/chambolle_pock_tomography.py
28420571,1,1,2,examples/solvers/conjugate_gradient_tomography.py
28420571,1,1,2,examples/solvers/denoising_with_entropy_type_regularization.py
28420571,1,1,2,examples/solvers/lbfgs_tomography.py
28420571,2,1,3,examples/solvers/proximal_gradient_denoising.py
28420571,1,1,2,examples/trafos/fourier_trafo.py
28420571,1,1,2,examples/visualization/show_1d.py
28420571,1,1,2,examples/visualization/show_2d.py
28420571,1,1,2,examples/visualization/show_2d_complex.py
28420571,1,1,2,examples/visualization/show_ntuple.py
28420571,3,3,6,examples/visualization/show_productspace.py
28420571,7,7,14,odl/discr/lp_discr.py
28420571,7,5,12,odl/space/base_ntuples.py
28420571,7,7,14,odl/util/graphics.py
28420571,10,4,14,examples/solvers/douglas_rachford_pd_tomography_tv.py
28420571,4,4,8,odl/solvers/functional/default_functionals.py
28420571,2,2,4,odl/test/solvers/functional/default_functionals_test.py
28420571,2,2,4,odl/solvers/functional/default_functionals.py
28420571,31,0,31,odl/test/solvers/functional/default_functionals_test.py
28420571,1,1,2,examples/solvers/lbfgs_tomography.py
28420571,117,0,117,examples/solvers/lbfgs_tomography_tv.py
28420571,50,7,57,odl/solvers/functional/default_functionals.py
28420571,1,3,4,examples/solvers/douglas_rachford_pd_mri.py
28420571,2,2,4,examples/solvers/chambolle_pock_tomography.py
28420571,2,2,4,examples/solvers/conjugate_gradient_tomography.py
28420571,2,2,4,examples/solvers/nuclear_norm_tomography.py
28420571,2,2,4,examples/solvers/proximal_gradient_wavelet_tomography.py
28420571,2,2,4,examples/solvers/proximal_lang_tomography.py
28420571,3,2,5,examples/tomo/filtered_backprojection_parallel_2d.py
28420571,2,2,4,examples/tomo/scikit_ray_trafo_parallel_2d.py
28420571,57,0,57,odl/test/tomo/geometry/geometry_test.py
28420571,70,17,87,odl/tomo/geometry/parallel.py
28420571,4,5,9,examples/tomo/ray_trafo_circular_cone.py
28420571,7,7,14,examples/tomo/ray_trafo_helical.py
28420571,4,5,9,examples/tomo/ray_trafo_parallel_3d.py
28420571,6,2,8,odl/phantom/geometric.py
28420571,2,0,2,odl/phantom/transmission.py
28420571,60,12,72,odl/tomo/analytic/filtered_back_projection.py
28420571,6,0,6,odl/phantom/geometric.py
28420571,15,19,34,odl/tomo/util/utility.py
28420571,2,2,4,odl/phantom/geometric.py
28420571,59,1,60,odl/tomo/geometry/parallel.py
28420571,2,2,4,odl/discr/lp_discr.py
28420571,4,4,8,odl/tomo/operators/ray_trafo.py
28420571,3,1,4,odl/trafos/util/ft_utils.py
28420571,13,9,22,odl/util/graphics.py
28420571,35,5,40,odl/space/pspace.py
28420571,118,67,185,odl/test/space/pspace_test.py
28420571,24,8,32,odl/discr/lp_discr.py
28420571,20,2,22,odl/tomo/operators/ray_trafo.py
28420571,7,1,8,odl/trafos/util/ft_utils.py
28420571,17,16,33,odl/phantom/noise.py
28420571,6,6,12,examples/solvers/proximal_gradient_wavelet_tomography.py
28420571,30,44,74,odl/trafos/wavelet.py
28420571,1,1,2,odl/solvers/nonsmooth/chambolle_pock.py
28420571,8,9,17,odl/solvers/nonsmooth/proximal_gradient_solvers.py
28420571,28,2,30,odl/solvers/util/steplen.py
28420571,2,2,4,odl/solvers/nonsmooth/douglas_rachford.py
28420571,21,29,50,odl/solvers/nonsmooth/proximal_gradient_solvers.py
28420571,118,0,118,examples/solvers/proximal_gradient_wavelet_tomography.py
28420571,48,2,50,odl/trafos/wavelet.py
28420571,8,7,15,examples/solvers/proximal_gradient_denoising.py
28420571,0,2,2,odl/phantom/noise.py
28420571,15,13,28,odl/solvers/nonsmooth/proximal_gradient_solvers.py
28420571,1,1,2,odl/operator/oputils.py
28420571,40,1,41,odl/solvers/functional/default_functionals.py
28420571,81,0,81,examples/solvers/proximal_gradient_denoising.py
28420571,0,119,119,examples/solvers/proximal_gradient_tomography.py
28420571,87,2,89,odl/phantom/noise.py
28420571,1,6,7,odl/operator/oputils.py
28420571,9,1,10,odl/util/utility.py
28420571,5,0,5,odl/phantom/transmission.py
28420571,1,1,2,examples/tomo/filtered_backprojection_helical_3d.py
28420571,1,1,2,examples/tomo/filtered_backprojection_parallel_3d.py
28420571,4,2,6,odl/phantom/geometric.py
28420571,6,4,10,odl/tomo/analytic/filtered_back_projection.py
28420571,3,2,5,examples/tomo/filtered_backprojection_helical_3d.py
28420571,4,4,8,odl/test/largescale/tomo/analytic_slow_test.py
28420571,97,1,98,odl/phantom/geometric.py
28420571,1,0,1,odl/phantom/transmission.py
28420571,1,1,2,examples/solvers/chambolle_pock_tomography.py
28420571,2,2,4,examples/solvers/douglas_rachford_pd_tomography_tv.py
28420571,7,5,12,examples/tomo/filtered_backprojection_cone_2d.py
28420571,9,6,15,examples/tomo/filtered_backprojection_cone_3d.py
28420571,20,17,37,examples/tomo/filtered_backprojection_helical_3d.py
28420571,9,6,15,examples/tomo/filtered_backprojection_parallel_2d.py
28420571,16,15,31,examples/tomo/filtered_backprojection_parallel_3d.py
28420571,1,1,2,odl/test/largescale/tomo/analytic_slow_test.py
28420571,93,54,147,odl/tomo/analytic/filtered_back_projection.py
28420571,119,0,119,examples/solvers/proximal_gradient_tomography.py
28420571,3,0,3,odl/solvers/nonsmooth/__init__.py
28420571,242,0,242,odl/solvers/nonsmooth/proximal_gradient_solvers.py
28420571,34,10,44,odl/solvers/util/steplen.py
28420571,4,5,9,odl/solvers/nonsmooth/chambolle_pock.py
28420571,53,20,73,odl/tomo/analytic/filtered_back_projection.py
28420571,16,20,36,odl/test/largescale/tomo/analytic_slow_test.py
28420571,14,11,25,examples/tomo/filtered_backprojection_helical_3d.py
28420571,19,5,24,odl/tomo/analytic/filtered_back_projection.py
28420571,83,0,83,examples/tomo/filtered_backprojection_helical_3d.py
28420571,1,1,2,examples/tomo/ray_trafo_helical.py
28420571,68,7,75,odl/tomo/analytic/filtered_back_projection.py
28420571,1,1,2,odl/phantom/geometric.py
28420571,0,52,52,odl/solvers/util/steplen.py
28420571,1,1,2,odl/solvers/util/steplen.py
28420571,6,0,6,odl/test/discr/tensor_ops_test.py
28420571,84,0,84,odl/test/solvers/util/steplen_test.py
28420571,9,6,15,odl/solvers/util/steplen.py
28420571,2,3,5,odl/discr/tensor_ops.py
28420571,44,11,55,odl/test/largescale/tomo/analytic_slow_test.py
28420571,11,9,20,odl/test/largescale/tomo/analytic_slow_test.py
28420571,8,8,16,odl/tomo/analytic/filtered_back_projection.py
28420571,73,0,73,examples/tomo/filtered_backprojection_parallel_3d.py
28420571,5,18,23,odl/discr/tensor_ops.py
28420571,0,12,12,odl/test/discr/tensor_ops_test.py
28420571,1,1,2,examples/tomo/filtered_backprojection_cone_2d.py
28420571,1,1,2,examples/tomo/filtered_backprojection_cone_3d.py
28420571,7,2,9,odl/tomo/analytic/filtered_back_projection.py
28420571,1,1,2,odl/tomo/data/uncompr_bin.py
28420571,64,2,66,odl/tomo/analytic/filtered_back_projection.py
28420571,3,3,6,odl/solvers/nonsmooth/forward_backward.py
28420571,17,1,18,odl/test/discr/tensor_ops_test.py
28420571,62,1,63,odl/discr/tensor_ops.py
28420571,1,1,2,odl/phantom/transmission.py
28420571,40,12,52,odl/solvers/util/steplen.py
28420571,4,4,8,odl/solvers/functional/default_functionals.py
28420571,72,27,99,odl/operator/default_ops.py
28420571,316,1,317,odl/operator/default_ops.py
28420571,2,1,3,odl/operator/oputils.py
28420571,1,0,1,odl/test/solvers/functional/functional_test.py
28420571,2,2,4,odl/ufunc_ops/ufunc_ops.py
28420571,2,2,4,examples/tomo/ray_trafo_parallel_2d.py
28420571,2,2,4,examples/tomo/ray_trafo_parallel_3d.py
28420571,2,2,4,odl/test/tomo/backends/astra_cuda_test.py
28420571,11,8,19,odl/test/tomo/operators/ray_trafo_test.py
28420571,80,35,115,odl/tomo/backends/astra_cuda.py
28420571,25,3,28,odl/tomo/backends/astra_setup.py
28420571,0,7,7,odl/solvers/functional/functional.py
28420571,8,5,13,odl/test/solvers/functional/functional_test.py
28420571,5,0,5,odl/operator/operator.py
28420571,4,5,9,odl/solvers/functional/default_functionals.py
28420571,30,6,36,odl/ufunc_ops/ufunc_ops.py
28420571,4,4,8,examples/ufunc_ops/ufunc_solvers.py
28420571,9,9,18,odl/operator/default_ops.py
28420571,5,14,19,odl/solvers/functional/default_functionals.py
28420571,6,12,18,odl/operator/operator.py
28420571,1,1,2,examples/ufunc_ops/ufunc_solvers.py
28420571,2,1,3,odl/ufunc_ops/__init__.py
28420571,74,27,101,odl/ufunc_ops/ufunc_ops.py
28420571,47,0,47,examples/ufunc_ops/ufunc_composition.py
28420571,44,0,44,examples/ufunc_ops/ufunc_solvers.py
28420571,29,0,29,examples/ufunc_ops/ufunc_trigonometric.py
28420571,144,24,168,odl/ufunc_ops/ufunc_ops.py
28420571,67,1,68,odl/solvers/functional/default_functionals.py
28420571,5,4,9,odl/space/pspace.py
28420571,1,1,2,odl/ufunc_ops/__init__.py
28420571,8,12,20,odl/ufunc_ops/ufunc_ops.py
28420571,2,1,3,odl/__init__.py
28420571,22,0,22,odl/ufunc_ops/__init__.py
28420571,25,23,48,odl/{util => ufunc_ops}/ufunc_ops.py
28420571,4,0,4,odl/space/pspace.py
28420571,3,2,5,odl/test/operator/pspace_ops_test.py
28420571,21,0,21,odl/test/space/pspace_test.py
28420571,81,11,92,odl/util/ufunc_ops.py
28420571,47,8,55,odl/util/ufunc_ops.py
28420571,4,0,4,odl/space/base_ntuples.py
28420571,85,0,85,odl/util/ufunc_ops.py
28420571,19,7,26,odl/solvers/functional/default_functionals.py
28420571,11,2,13,examples/solvers/douglas_rachford_pd_tomography_tv.py
28420571,15,4,19,examples/solvers/douglas_rachford_pd_tomography_tv.py
28420571,8,8,16,examples/solvers/denoising_with_entropy_type_regularization.py
28420571,17,7,24,odl/solvers/nonsmooth/chambolle_pock.py
28420571,13,14,27,examples/solvers/douglas_rachford_pd_tomography_tv.py
28420571,16,19,35,odl/deform/linearized.py
28420571,61,26,87,odl/deform/linearized.py
28420571,6,5,11,odl/deform/linearized.py
28420571,4,0,4,odl/discr/partition.py
28420571,2,4,6,odl/solvers/nonsmooth/proximal_operators.py
28420571,9,11,20,odl/test/largescale/solvers/nonsmooth/default_functionals_slow_test.py
28420571,2,1,3,odl/solvers/functional/default_functionals.py
28420571,13,8,21,examples/solvers/douglas_rachford_pd_tomography_tv.py
28420571,68,30,98,examples/solvers/douglas_rachford_pd_tomography_tv.py
28420571,9,3,12,odl/tomo/analytic/filtered_back_projection.py
28420571,71,0,71,examples/solvers/douglas_rachford_pd_tomography_tv.py
28420571,2,2,4,examples/tomo/ray_trafo_parallel_2d.py
28420571,35,25,60,odl/solvers/functional/default_functionals.py
28420571,7,10,17,odl/test/largescale/solvers/nonsmooth/default_functionals_slow_test.py
28420571,8,2,10,odl/solvers/functional/default_functionals.py
28420571,5,3,8,odl/solvers/nonsmooth/proximal_operators.py
28420571,37,6,43,odl/test/largescale/solvers/nonsmooth/default_functionals_slow_test.py
28420571,2,2,4,examples/solvers/nuclear_norm_tomography.py
28420571,6,1,7,odl/solvers/functional/default_functionals.py
28420571,6,4,10,odl/solvers/util/callback.py
28420571,1,1,2,odl/solvers/functional/default_functionals.py
28420571,10,6,16,odl/tomo/data/uncompr_bin.py
28420571,104,2,106,odl/solvers/functional/default_functionals.py
28420571,5,33,38,odl/test/largescale/solvers/nonsmooth/proximal_operator_slow_test.py
28420571,2,6,8,odl/solvers/functional/default_functionals.py
28420571,14,2,16,odl/test/largescale/solvers/nonsmooth/proximal_operator_slow_test.py
28420571,21,10,31,examples/solvers/nuclear_norm_minimization.py
28420571,7,5,12,examples/solvers/nuclear_norm_tomography.py
28420571,11,9,20,odl/solvers/functional/default_functionals.py
28420571,3,3,6,odl/solvers/functional/default_functionals.py
28420571,43,42,85,odl/test/tomo/data/mrc_test.py
28420571,41,41,82,odl/test/tomo/data/uncompr_bin_test.py
28420571,129,107,236,odl/solvers/functional/default_functionals.py
28420571,2,3,5,odl/test/solvers/functional/default_functionals_test.py
28420571,116,113,229,odl/solvers/functional/default_functionals.py
28420571,3,3,6,odl/phantom/noise.py
28420571,24,19,43,examples/solvers/nuclear_norm_minimization.py
28420571,32,26,58,examples/solvers/nuclear_norm_tomography.py
28420571,18,2,20,odl/solvers/functional/default_functionals.py
28420571,1,2,3,odl/solvers/nonsmooth/proximal_operators.py
28420571,32,16,48,odl/solvers/functional/default_functionals.py
28420571,2,2,4,odl/space/pspace.py
28420571,12,18,30,odl/solvers/functional/default_functionals.py
28420571,13,1,14,odl/phantom/noise.py
28420571,11,24,35,examples/solvers/nuclear_norm_minimization.py
28420571,29,19,48,examples/solvers/nuclear_norm_tomography.py
28420571,37,34,71,odl/solvers/functional/default_functionals.py
28420571,58,1,59,odl/solvers/util/callback.py
28420571,31,8,39,odl/solvers/functional/default_functionals.py
28420571,12,4,16,odl/phantom/noise.py
28420571,19,18,37,examples/solvers/nuclear_norm_minimization.py
28420571,67,31,98,examples/solvers/nuclear_norm_tomography.py
28420571,69,32,101,odl/solvers/functional/default_functionals.py
28420571,68,13,81,odl/solvers/functional/default_functionals.py
28420571,73,0,73,examples/solvers/nuclear_norm_minimization.py
28420571,70,0,70,examples/solvers/nuclear_norm_tomography.py
28420571,112,1,113,odl/solvers/functional/default_functionals.py
28420571,5,0,5,odl/space/pspace.py
28420571,18,0,18,odl/space/pspace.py
28420571,28,0,28,odl/test/space/pspace_test.py
28420571,5,3,8,odl/test/tomo/data/uncompr_bin_test.py
28420571,2,1,3,odl/tomo/data/mrc.py
28420571,2,11,13,odl/tomo/data/uncompr_bin.py
28420571,15,15,30,examples/tomo/data/mrc_io.py
28420571,9,8,17,examples/tomo/data/raw_binary_io_with_header.py
28420571,39,44,83,odl/test/tomo/data/mrc_test.py
28420571,0,4,4,odl/test/tomo/data/uncompr_bin_test.py
28420571,0,2,2,odl/tomo/data/__init__.py
28420571,0,101,101,odl/tomo/data/fei_extended_header.py
28420571,201,208,409,odl/tomo/data/mrc.py
28420571,40,44,84,odl/tomo/data/uncompr_bin.py
28420571,7,16,23,odl/test/tomo/data/mrc_test.py
28420571,9,22,31,odl/test/tomo/data/uncompr_bin_test.py
28420571,6,6,12,odl/util/pytest_plugins.py
28420571,36,0,36,odl/util/testutils.py
28420571,2,2,4,odl/tomo/data/__init__.py
28420571,2,1,3,odl/test/tomo/data/mrc2014_test.py
28420571,2,1,3,odl/test/tomo/data/uncompr_bin_test.py
28420571,1,1,2,odl/tomo/data/__init__.py
28420571,2,1,3,odl/tomo/data/uncompr_bin.py
28420571,110,0,110,odl/test/tomo/data/uncompr_bin_test.py
28420571,2,0,2,odl/tomo/data/__init__.py
28420571,101,0,101,odl/tomo/data/fei_extended_header.py
28420571,143,2,145,odl/tomo/data/mrc2014.py
28420571,6,9,15,examples/tomo/data/mrc_io.py
28420571,9,12,21,examples/tomo/data/raw_binary_io_with_header.py
28420571,242,0,242,odl/test/tomo/data/mrc2014_test.py
28420571,96,39,135,odl/tomo/data/mrc2014.py
28420571,6,8,14,odl/tomo/data/mrc2014.py
28420571,102,0,102,examples/tomo/data/mrc_io.py
28420571,167,9,176,odl/tomo/data/mrc2014.py
28420571,3,8,11,odl/tomo/data/uncompr_bin.py
28420571,15,17,32,examples/tomo/data/raw_binary_io_with_header.py
28420571,43,26,69,odl/tomo/data/uncompr_bin.py
28420571,126,1,127,odl/tomo/data/mrc2014.py
28420571,130,54,184,odl/tomo/data/mrc2014.py
28420571,94,54,148,odl/tomo/data/uncompr_bin.py
28420571,120,0,120,examples/tomo/data/raw_binary_io_with_header.py
28420571,31,10,41,odl/tomo/data/mrc2014.py
28420571,206,19,225,odl/tomo/data/uncompr_bin.py
28420571,26,5,31,odl/tomo/data/mrc2014.py
28420571,43,47,90,odl/tomo/data/uncompr_bin.py
28420571,132,80,212,odl/tomo/data/mrc2014.py
28420571,176,168,344,odl/tomo/data/uncompr_bin.py
28420571,3,0,3,odl/tomo/__init__.py
28420571,29,0,29,odl/tomo/data/__init__.py
28420571,197,0,197,odl/tomo/data/mrc2014.py
28420571,472,0,472,odl/tomo/data/uncompr_bin.py
28420571,4,5,9,odl/solvers/functional/default_functionals.py
28420571,87,55,142,odl/solvers/functional/default_functionals.py
28420571,3,1,4,odl/test/largescale/solvers/nonsmooth/proximal_operator_slow_test.py
28420571,27,23,50,odl/phantom/transmission.py
28420571,4,2,6,odl/discr/lp_discr.py
28420571,2,1,3,odl/tomo/operators/ray_trafo.py
28420571,22,1,23,odl/test/tomo/operators/ray_trafo_test.py
28420571,1,1,2,odl/tomo/operators/ray_trafo.py
28420571,75,0,75,examples/tomo/filtered_backprojection_cone_2d.py
28420571,7,5,12,examples/tomo/filtered_backprojection_cone_3d.py
28420571,5,5,10,odl/test/largescale/tomo/analytic_slow_test.py
28420571,9,1,10,odl/tomo/analytic/filtered_back_projection.py
28420571,2,2,4,odl/test/largescale/tomo/analytic_slow_test.py
28420571,19,10,29,odl/tomo/analytic/filtered_back_projection.py
28420571,3,3,6,examples/solvers/chambolle_pock_tomography.py
28420571,1,1,2,odl/util/pytest_plugins.py
28420571,1,1,2,odl/solvers/functional/default_functionals.py
28420571,0,1,1,odl/util/pytest_plugins.py
28420571,6,3,9,odl/util/pytest_plugins.py
28420571,25,24,49,odl/solvers/functional/default_functionals.py
28420571,15,10,25,odl/solvers/functional/default_functionals.py
28420571,3,2,5,odl/test/largescale/solvers/nonsmooth/proximal_operator_slow_test.py
28420571,2,2,4,odl/solvers/iterative/statistical.py
28420571,15,0,15,odl/test/solvers/functional/default_functionals_test.py
28420571,2,2,4,odl/solvers/functional/default_functionals.py
28420571,15,0,15,odl/test/solvers/functional/default_functionals_test.py
28420571,24,64,88,odl/solvers/iterative/statistical.py
28420571,5,1,6,odl/test/solvers/iterative/iterative_test.py
28420571,148,6,154,odl/solvers/iterative/statistical.py
28420571,2,2,4,examples/solvers/chambolle_pock_tomography.py
28420571,74,0,74,examples/tomo/filtered_backprojection_cone_3d.py
28420571,3,3,6,examples/tomo/filtered_backprojection_parallel_2d.py
28420571,34,11,45,odl/tomo/analytic/filtered_back_projection.py
28420571,16,21,37,odl/test/largescale/tomo/analytic_slow_test.py
28420571,44,12,56,odl/tomo/analytic/filtered_back_projection.py
28420571,2,0,2,odl/tomo/geometry/parallel.py
28420571,193,0,193,odl/test/largescale/tomo/analytic_slow_test.py
28420571,3,0,3,odl/tomo/__init__.py
28420571,26,0,26,odl/tomo/analytic/__init__.py
28420571,80,0,80,odl/tomo/analytic/filtered_back_projection.py
28420571,1,1,2,examples/trafos/wavelet_trafo.py
28420571,1,1,2,odl/discr/lp_discr.py
28420571,1,1,2,examples/deform/linearized_fixed_displacement.py
28420571,1,1,2,examples/deform/linearized_fixed_template.py
28420571,12,11,23,odl/deform/linearized.py
28420571,7,3,10,odl/discr/lp_discr.py
28420571,5,5,10,odl/test/deform/linearized_deform_test.py
28420571,167,31,198,odl/solvers/functional/default_functionals.py
28420571,13,8,21,odl/test/largescale/solvers/nonsmooth/proximal_operator_slow_test.py
28420571,2,1,3,odl/discr/tensor_ops.py
28420571,117,6,123,odl/solvers/functional/default_functionals.py
28420571,1,1,2,odl/__init__.py
28420571,1,1,2,setup.py
28420571,6,1,7,odl/util/testutils.py
28420571,1,1,2,odl/discr/lp_discr.py
28420571,33,31,64,odl/discr/partition.py
28420571,181,0,181,odl/phantom/transmission.py
28420571,17,13,30,odl/util/pytest_plugins.py
28420571,21,0,21,odl/solvers/functional/default_functionals.py
28420571,1,1,2,odl/solvers/nonsmooth/douglas_rachford.py
28420571,0,1,1,odl/solvers/nonsmooth/proximal_operators.py
28420571,2,5,7,odl/space/pspace.py
28420571,1,0,1,odl/solvers/nonsmooth/proximal_operators.py
28420571,15,24,39,odl/discr/lp_discr.py
28420571,9,0,9,odl/discr/partition.py
28420571,54,0,54,odl/discr/partition.py
28420571,12,8,20,odl/discr/partition.py
28420571,25,25,50,odl/discr/partition.py
28420571,75,0,75,odl/discr/partition.py
28420571,1,1,2,odl/__init__.py
28420571,1,1,2,setup.py
28420571,3,3,6,setup.py
28420571,10,4,14,odl/util/pytest_plugins.py
28420571,10,5,15,odl/util/testutils.py
28420571,3,3,6,odl/test/test_doc.py
28420571,1,1,2,odl/util/pytest_plugins.py
28420571,1,1,2,setup.py
28420571,3,0,3,odl/util/__init__.py
28420571,18,13,31,odl/util/pytest_plugins.py
28420571,2,1,3,odl/util/vectorization.py
28420571,7,0,7,odl/test/test_doc.py
28420571,1,1,2,odl/test/test_examples.py
28420571,0,0,0,conftest.py => odl/util/pytest_plugins.py
28420571,27,12,39,setup.py
28420571,2,2,4,doc/source/conf.py
28420571,1,1,2,odl/__init__.py
28420571,2,5,7,setup.py
28420571,2,3,5,setup.py
28420571,3,0,3,conftest.py
28420571,28,4,32,doc/doctest_doc.py => odl/test/test_doc.py
28420571,1,1,2,odl/test/test_examples.py
28420571,8,8,16,odl/discr/discr_mappings.py
28420571,2,2,4,odl/discr/discr_ops.py
28420571,7,7,14,odl/discr/grid.py
28420571,18,18,36,odl/discr/lp_discr.py
28420571,9,9,18,odl/discr/partition.py
28420571,2,2,4,odl/operator/operator.py
28420571,1,1,2,odl/operator/oputils.py
28420571,1,1,2,odl/phantom/geometric.py
28420571,1,1,2,odl/set/domain.py
28420571,4,4,8,odl/solvers/functional/functional.py
28420571,5,5,10,odl/solvers/iterative/iterative.py
28420571,1,1,2,odl/solvers/nonsmooth/chambolle_pock.py
28420571,4,4,8,odl/solvers/nonsmooth/douglas_rachford.py
28420571,5,5,10,odl/solvers/nonsmooth/forward_backward.py
28420571,6,6,12,odl/solvers/nonsmooth/proximal_operators.py
28420571,2,2,4,odl/solvers/smooth/gradient.py
28420571,7,7,14,odl/solvers/smooth/newton.py
28420571,4,4,8,odl/solvers/util/callback.py
28420571,1,1,2,odl/solvers/util/steplen.py
28420571,1,1,2,odl/space/base_ntuples.py
28420571,4,4,8,odl/space/fspace.py
28420571,9,9,18,odl/space/npy_ntuples.py
28420571,6,6,12,odl/space/pspace.py
28420571,3,3,6,odl/space/weighting.py
28420571,1,1,2,odl/trafos/backends/pyfftw_bindings.py
28420571,11,11,22,odl/trafos/fourier.py
28420571,10,10,20,odl/trafos/util/ft_utils.py
28420571,3,3,6,odl/util/normalize.py
28420571,8,8,16,odl/util/numerics.py
28420571,4,4,8,odl/util/vectorization.py
28420571,2,2,4,odl/solvers/functional/default_functionals.py
28420571,2,1,3,odl/operator/oputils.py
28420571,4,4,8,examples/solvers/chambolle_pock_deconvolve.py
28420571,2,1,3,doc/doctest_doc.py
28420571,0,0,0,doc/source/guide/{in_depth => }/code/functional_indepth_example.py
28420571,12,2,14,doc/doctest_doc.py
28420571,46,0,46,doc/doctest_doc.py
28420571,0,0,0,doc/source/{guide/introduction => getting_started}/code/getting_started_convolution.py
28420571,1,1,2,odl/solvers/functional/default_functionals.py
28420571,2,1,3,odl/solvers/nonsmooth/proximal_operators.py
28420571,3,3,6,odl/test/largescale/solvers/nonsmooth/proximal_operator_slow_test.py
28420571,0,0,0,odl/test/largescale/solvers/{advanced => nonsmooth}/proximal_operator_slow_test.py
28420571,46,125,171,odl/test/largescale/solvers/advanced/proximal_operator_slow_test.py
28420571,1,1,2,odl/solvers/functional/default_functionals.py
28420571,4,2,6,odl/solvers/nonsmooth/proximal_operators.py
28420571,3,2,5,odl/solvers/functional/default_functionals.py
28420571,57,0,57,odl/solvers/functional/default_functionals.py
28420571,38,0,38,odl/solvers/functional/functional.py
28420571,1,1,2,odl/operator/operator.py
28420571,6,7,13,doc/source/guide/introduction/code/getting_started_convolution.py
28420571,5,5,10,odl/solvers/nonsmooth/douglas_rachford.py
28420571,7,7,14,odl/test/solvers/functional/default_functionals_test.py
28420571,33,33,66,odl/solvers/functional/default_functionals.py
28420571,136,2,138,odl/solvers/functional/default_functionals.py
28420571,36,0,36,odl/test/solvers/functional/default_functionals_test.py
28420571,18,10,28,odl/solvers/functional/functional.py
28420571,8,7,15,conftest.py
28420571,1,1,2,odl/test/solvers/nonsmooth/proximal_utils_test.py
28420571,5,12,17,odl/test/space/ntuples_test.py
28420571,1,1,2,odl/test/deform/linearized_deform_test.py
28420571,1,1,2,odl/test/discr/discr_mappings_test.py
28420571,1,1,2,odl/test/discr/discr_ops_test.py
28420571,1,1,2,odl/test/discr/grid_test.py
28420571,1,1,2,odl/test/discr/lp_discr_test.py
28420571,1,1,2,odl/test/discr/partition_test.py
28420571,1,1,2,odl/test/discr/tensor_ops_test.py
28420571,1,1,2,odl/test/largescale/solvers/advanced/proximal_operator_slow_test.py
28420571,1,1,2,odl/test/largescale/space/fn_base_slow_test.py
28420571,1,1,2,odl/test/largescale/tomo/ray_transform_slow_test.py
28420571,1,1,2,odl/test/largescale/tomo/stir_slow_test.py
28420571,1,1,2,odl/test/largescale/trafos/fourier_slow_test.py
28420571,1,1,2,odl/test/operator/operator_test.py
28420571,1,1,2,odl/test/operator/oputils_test.py
28420571,1,1,2,odl/test/operator/pspace_ops_test.py
28420571,1,1,2,odl/test/set/domain_test.py
28420571,1,1,2,odl/test/set/sets_test.py
28420571,1,1,2,odl/test/solvers/functional/default_functionals_test.py
28420571,1,1,2,odl/test/solvers/functional/functional_test.py
28420571,1,1,2,odl/test/solvers/iterative/iterative_test.py
28420571,1,1,2,odl/test/solvers/nonsmooth/chambolle_pock_test.py
28420571,1,1,2,odl/test/solvers/nonsmooth/douglas_rachford_test.py
28420571,1,1,2,odl/test/solvers/nonsmooth/forward_backward_test.py
28420571,1,1,2,odl/test/solvers/nonsmooth/proximal_operator_test.py
28420571,1,1,2,odl/test/solvers/nonsmooth/proximal_utils_test.py
28420571,1,1,2,odl/test/space/fspace_test.py
28420571,1,1,2,odl/test/space/ntuples_test.py
28420571,1,1,2,odl/test/space/space_utils_test.py
28420571,1,1,2,odl/test/system/import_test.py
28420571,1,1,2,odl/test/test_examples.py
28420571,1,1,2,odl/test/tomo/backends/astra_cpu_test.py
28420571,1,1,2,odl/test/tomo/backends/astra_cuda_test.py
28420571,1,1,2,odl/test/tomo/backends/astra_setup_test.py
28420571,1,1,2,odl/test/tomo/backends/scikit_test.py
28420571,1,1,2,odl/test/tomo/geometry/geometry_test.py
28420571,1,1,2,odl/test/tomo/geometry/spect_geometry_test.py
28420571,1,1,2,odl/test/tomo/operators/ray_trafo_test.py
28420571,1,1,2,odl/test/trafos/backends/pyfftw_bindings_test.py
28420571,1,1,2,odl/test/trafos/backends/pywt_bindings_test.py
28420571,1,1,2,odl/test/trafos/fourier_test.py
28420571,1,1,2,odl/test/trafos/util/ft_utils_test.py
28420571,1,1,2,odl/test/trafos/wavelet_test.py
28420571,1,1,2,odl/test/util/normalize_test.py
28420571,1,1,2,odl/test/util/numerics_test.py
28420571,1,1,2,odl/test/util/utility_test.py
28420571,1,1,2,odl/test/util/vectorization_test.py
28420571,43,5,48,conftest.py
28420571,0,3,3,odl/deform/linearized.py
28420571,0,1,1,odl/diagnostics/examples.py
28420571,1,5,6,odl/discr/diff_ops.py
28420571,8,13,21,odl/discr/discr_mappings.py
28420571,0,3,3,odl/discr/discr_ops.py
28420571,0,5,5,odl/discr/discretization.py
28420571,3,8,11,odl/discr/grid.py
28420571,3,7,10,odl/discr/lp_discr.py
28420571,0,2,2,odl/discr/tensor_ops.py
28420571,0,18,18,odl/operator/default_ops.py
28420571,0,17,17,odl/operator/operator.py
28420571,0,2,2,odl/operator/oputils.py
28420571,0,12,12,odl/operator/pspace_ops.py
28420571,0,3,3,odl/phantom/geometric.py
28420571,0,2,2,odl/set/domain.py
28420571,0,4,4,odl/set/space.py
28420571,0,2,2,odl/solvers/functional/default_functionals.py
28420571,0,3,3,odl/solvers/functional/derivatives.py
28420571,0,2,2,odl/solvers/functional/example_funcs.py
28420571,0,3,3,odl/solvers/functional/functional.py
28420571,7,9,16,odl/space/base_ntuples.py
28420571,0,1,1,odl/space/npy_ntuples.py
28420571,0,7,7,odl/space/pspace.py
28420571,0,2,2,odl/trafos/wavelet.py
28420571,2,3,5,odl/util/normalize.py
28420571,0,1,1,odl/util/numerics.py
28420571,0,1,1,odl/util/utility.py
28420571,9,4,13,odl/util/testutils.py
28420571,2,1,3,odl/discr/lp_discr.py
28420571,4,2,6,odl/phantom/transmission.py
28420571,26,14,40,odl/solvers/functional/default_functionals.py
28420571,2,2,4,odl/solvers/util/callback.py
28420571,5,4,9,odl/util/testutils.py
28420571,38,35,73,odl/operator/operator.py
28420571,3,2,5,odl/solvers/functional/functional.py
28420571,4,3,7,odl/solvers/nonsmooth/proximal_operators.py
28420571,3,1,4,odl/test/discr/diff_ops_test.py
28420571,5,5,10,odl/test/operator/operator_test.py
28420571,136,142,278,odl/test/solvers/functional/default_functionals_test.py
28420571,191,126,317,odl/test/solvers/functional/functional_test.py
28420571,79,113,192,odl/test/solvers/nonsmooth/proximal_utils_test.py
28420571,0,0,0,{test => odl/test}/trafos/backends/pyfftw_bindings_test.py
28420571,0,0,0,{test => odl/test}/trafos/backends/pywt_bindings_test.py
28420571,0,0,0,{test => odl/test}/trafos/util/ft_utils_test.py
28420571,1,1,2,setup.py
28420571,8,4,12,conftest.py
28420571,10,10,20,odl/test/util/numerics_test.py
28420571,2,2,4,test/trafos/backends/pywt_bindings_test.py
28420571,0,2,2,odl/trafos/backends/pywt_bindings.py
28420571,16,13,29,odl/trafos/backends/pywt_bindings.py
28420571,30,26,56,test/trafos/backends/pywt_bindings_test.py
28420571,5,8,13,odl/trafos/backends/pywt_bindings.py
28420571,20,13,33,odl/trafos/backends/pywt_bindings.py
28420571,13,8,21,odl/trafos/util/ft_utils.py
28420571,47,42,89,odl/trafos/wavelet.py
28420571,17,4,21,odl/util/normalize.py
28420571,30,2,32,conftest.py
28420571,17,29,46,odl/test/trafos/fourier_test.py
28420571,21,16,37,odl/test/trafos/wavelet_test.py
28420571,119,126,245,odl/test/util/numerics_test.py
28420571,3,5,8,odl/trafos/backends/pyfftw_bindings.py
28420571,4,6,10,odl/trafos/backends/pywt_bindings.py
28420571,1,1,2,odl/trafos/wavelet.py
28420571,2,2,4,odl/util/normalize.py
28420571,10,4,14,odl/util/testutils.py
28420571,40,43,83,test/trafos/backends/pyfftw_bindings_test.py
28420571,38,33,71,test/trafos/backends/pywt_bindings_test.py
28420571,4,3,7,odl/trafos/wavelet.py
28420571,20,20,40,odl/trafos/backends/pywt_bindings.py
28420571,1,0,1,odl/util/utility.py
28420571,8,4,12,odl/space/base_ntuples.py
28420571,2,3,5,odl/space/fspace.py
28420571,13,19,32,odl/util/utility.py
28420571,1,1,2,test/trafos/backends/pyfftw_bindings_test.py
28420571,1,1,2,test/trafos/util/ft_utils_test.py
28420571,0,1,1,odl/test/trafos/fourier_test.py
28420571,5,8,13,test/trafos/backends/pyfftw_bindings_test.py
28420571,19,19,38,test/trafos/util/ft_utils_test.py
28420571,22,5,27,test/trafos/backends/pywt_bindings_test.py
28420571,40,0,40,test/trafos/backends/pywt_bindings_test.py
28420571,31,9,40,test/trafos/backends/pywt_bindings_test.py
28420571,8,12,20,odl/test/trafos/fourier_test.py
28420571,5,2,7,odl/trafos/backends/pyfftw_bindings.py
28420571,9,1,10,odl/trafos/backends/pywt_bindings.py
28420571,31,37,68,odl/trafos/wavelet.py
28420571,1,0,1,odl/util/testutils.py
28420571,4,10,14,test/trafos/backends/pyfftw_bindings_test.py
28420571,52,52,104,odl/test/trafos/fourier_test.py
28420571,31,36,67,odl/trafos/fourier.py
28420571,38,41,79,odl/trafos/util/ft_utils.py
28420571,1,1,2,odl/discr/lp_discr.py
28420571,5,3,8,odl/space/base_ntuples.py
28420571,7,6,13,odl/space/fspace.py
28420571,4,4,8,odl/trafos/backends/pyfftw_bindings.py
28420571,6,6,12,odl/trafos/fourier.py
28420571,8,11,19,odl/trafos/util/ft_utils.py
28420571,89,10,99,odl/util/utility.py
28420571,6,9,15,test/trafos/backends/pyfftw_bindings_test.py
28420571,79,16,95,odl/test/util/normalize_test.py
28420571,4,6,10,odl/trafos/backends/pyfftw_bindings.py
28420571,5,9,14,odl/trafos/fourier.py
28420571,4,7,11,odl/trafos/util/ft_utils.py
28420571,50,1,51,odl/util/normalize.py
28420571,20,34,54,odl/trafos/backends/pywt_bindings.py
28420571,380,105,485,odl/trafos/backends/pywt_bindings.py
28420571,6,6,12,odl/trafos/wavelet.py
28420571,2,2,4,test/trafos/backends/pywt_bindings_test.py
28420571,4,2,6,doc/source/conf.py
28420571,1,1,2,odl/trafos/__init__.py
28420571,11,6,17,odl/trafos/backends/pyfftw_bindings.py
28420571,1,1,2,odl/test/trafos/fourier_test.py
28420571,1,1,2,test/trafos/backends/pyfftw_bindings_test.py
28420571,1,1,2,odl/test/trafos/fourier_test.py
28420571,127,243,370,odl/test/trafos/wavelet_test.py
28420571,363,354,717,odl/trafos/backends/pywt_bindings.py
28420571,128,119,247,odl/trafos/wavelet.py
28420571,200,0,200,test/trafos/backends/pywt_bindings_test.py
28420571,2,2,4,conftest.py
28420571,2,2,4,odl/trafos/__init__.py
28420571,3,3,6,odl/trafos/backends/pywt_bindings.py
28420571,5,5,10,odl/trafos/wavelet.py
28420571,1,1,2,odl/util/testutils.py
28420571,45,0,45,examples/trafos/wavelet_trafo.py
28420571,47,756,803,odl/test/trafos/fourier_test.py
28420571,422,0,422,test/trafos/backends/pyfftw_bindings_test.py
28420571,342,0,342,test/trafos/util/ft_utils_test.py
28420571,53,52,105,odl/test/trafos/fourier_test.py
28420571,3,2,5,odl/trafos/fourier.py
28420571,16,16,32,odl/trafos/util/ft_utils.py
28420571,58,63,121,odl/test/trafos/wavelet_test.py
28420571,2,2,4,odl/trafos/__init__.py
28420571,3,0,3,odl/trafos/backends/__init__.py
28420571,523,0,523,odl/trafos/backends/pywt_bindings.py
28420571,242,668,910,odl/trafos/wavelet.py
28420571,2,2,4,odl/util/testutils.py
28420571,4,4,8,odl/test/trafos/fourier_test.py
28420571,7,1,8,odl/trafos/__init__.py
28420571,26,0,26,odl/trafos/backends/__init__.py
28420571,309,0,309,odl/trafos/backends/pyfftw_bindings.py
28420571,9,890,899,odl/trafos/fourier.py
28420571,27,0,27,odl/trafos/util/__init__.py
28420571,654,0,654,odl/trafos/util/ft_utils.py
28420571,1,1,2,odl/util/testutils.py
28420571,58,54,112,odl/solvers/functional/derivatives.py
28420571,176,9,185,odl/solvers/functional/derivatives.py
28420571,3,0,3,odl/solvers/functional/__init__.py
28420571,159,0,159,odl/solvers/functional/derivatives.py
28420571,2,0,2,examples/solvers/douglas_rachford_primal_dual_mri.py
28420571,3,1,4,odl/test/test_examples.py
28420571,0,160,160,odl/test/solvers/advanced/chambolle_pock_test.py
28420571,0,142,142,odl/test/solvers/advanced/douglas_rachford_test.py
28420571,0,212,212,odl/test/solvers/advanced/forward_backward_test.py
28420571,0,507,507,odl/test/solvers/advanced/proximal_operator_test.py
28420571,0,211,211,odl/test/solvers/advanced/proximal_utils_test.py
28420571,2,2,4,odl/test/solvers/iterative/iterative_test.py
28420571,14,19,33,odl/test/solvers/nonsmooth/chambolle_pock_test.py
28420571,3,3,6,odl/test/solvers/nonsmooth/douglas_rachford_test.py
28420571,0,86,86,odl/test/solvers/vector/newton_test.py
28420571,0,135,135,test/solvers/iterative/iterative_test.py
28420571,3,3,6,odl/solvers/functional/default_functionals.py
28420571,3,3,6,odl/solvers/functional/example_funcs.py
28420571,6,6,12,odl/solvers/functional/functional.py
28420571,11,18,29,odl/solvers/smooth/newton.py
28420571,2,4,6,odl/test/solvers/smooth/smooth_test.py
28420571,3,3,6,odl/test/solvers/advanced/douglas_rachford_test.py
28420571,6,6,12,odl/test/solvers/smooth/smooth_test.py
28420571,13,1,14,odl/solvers/functional/example_funcs.py
28420571,57,25,82,odl/solvers/smooth/newton.py
28420571,16,13,29,odl/test/solvers/smooth/smooth_test.py
28420571,1,1,2,test/solvers/iterative/iterative_test.py
28420571,3,3,6,examples/solvers/chambolle_pock_deconvolve.py
28420571,3,3,6,examples/solvers/chambolle_pock_denoising.py
28420571,3,3,6,examples/solvers/chambolle_pock_tomography.py
28420571,1,1,2,examples/solvers/conjugate_gradient_tomography.py
28420571,3,6,9,examples/solvers/denoising_with_entropy_type_regularization.py
28420571,1,1,2,examples/solvers/douglas_rachford_primal_dual_heron.py
28420571,1,1,2,examples/solvers/douglas_rachford_primal_dual_mri.py
28420571,1,2,3,examples/solvers/forward_backward_primal_dual_denoising.py
28420571,11,8,19,examples/solvers/lbfgs_tomography.py
28420571,7,6,13,odl/operator/default_ops.py
28420571,1,1,2,odl/operator/operator.py
28420571,2,2,4,odl/solvers/functional/__init__.py
28420571,37,3,40,odl/solvers/functional/default_functionals.py
28420571,51,4,55,odl/solvers/functional/functional.py
28420571,1,1,2,odl/solvers/nonsmooth/__init__.py
28420571,9,9,18,odl/solvers/nonsmooth/douglas_rachford.py
28420571,6,6,12,odl/solvers/nonsmooth/forward_backward.py
28420571,0,1,1,odl/solvers/nonsmooth/proximal_operators.py
28420571,92,27,119,odl/solvers/smooth/newton.py
28420571,7,6,13,odl/solvers/util/steplen.py
28420571,1,1,2,odl/test/solvers/advanced/chambolle_pock_test.py
28420571,21,19,40,odl/test/solvers/smooth/smooth_test.py
28420571,3,2,5,odl/solvers/functional/example_funcs.py
28420571,35,0,35,odl/solvers/functional/default_functionals.py
28420571,135,0,135,test/solvers/iterative/iterative_test.py
28420571,3,3,6,examples/solvers/lbfgs_tomography.py
28420571,1,1,2,odl/operator/default_ops.py
28420571,3,3,6,odl/operator/operator.py
28420571,12,5,17,examples/solvers/lbfgs_tomography.py
28420571,14,3,17,odl/solvers/smooth/newton.py
28420571,16,3,19,odl/operator/default_ops.py
28420571,94,0,94,examples/solvers/lbfgs_tomography.py
28420571,28,92,120,odl/operator/default_ops.py
28420571,96,10,106,odl/operator/operator.py
28420571,3,3,6,odl/operator/pspace_ops.py
28420571,2,3,5,odl/solvers/nonsmooth/proximal_operators.py
28420571,1,1,2,odl/test/solvers/functional/functional_test.py
28420571,32,27,59,odl/operator/default_ops.py
28420571,2,2,4,odl/operator/operator.py
28420571,60,8,68,odl/solvers/smooth/newton.py
28420571,12,1,13,odl/test/solvers/smooth/smooth_test.py
28420571,4,16,20,examples/solvers/denoising_with_entropy_type_regularization.py
28420571,72,1,73,odl/solvers/functional/functional.py
28420571,6,11,17,examples/solvers/chambolle_pock_deconvolve.py
28420571,8,11,19,examples/solvers/chambolle_pock_denoising.py
28420571,8,12,20,examples/solvers/chambolle_pock_tomography.py
28420571,26,9,35,examples/solvers/denoising_with_entropy_type_regularization.py
28420571,32,28,60,odl/solvers/nonsmooth/chambolle_pock.py
28420571,14,19,33,odl/test/solvers/advanced/chambolle_pock_test.py
28420571,67,41,108,odl/solvers/functional/default_functionals.py
28420571,122,0,122,odl/test/solvers/smooth/smooth_test.py
28420571,4,10,14,odl/solvers/__init__.py
28420571,0,23,23,odl/solvers/findroot/__init__.py
28420571,1,1,2,odl/solvers/functional/default_functionals.py
28420571,3,3,6,odl/solvers/functional/functional.py
28420571,2,0,2,odl/solvers/iterative/__init__.py
28420571,0,20,20,odl/solvers/linear/__init__.py
28420571,2,0,2,odl/solvers/{advanced => nonsmooth}/__init__.py
28420571,2,2,4,odl/solvers/{advanced => nonsmooth}/chambolle_pock.py
28420571,2,2,4,odl/solvers/{advanced => nonsmooth}/douglas_rachford.py
28420571,2,2,4,odl/solvers/{advanced => nonsmooth}/forward_backward.py
28420571,0,0,0,odl/solvers/{advanced => nonsmooth}/proximal_operators.py
28420571,2,2,4,odl/solvers/{scalar => smooth}/__init__.py
28420571,1,1,2,odl/solvers/{scalar => smooth}/gradient.py
28420571,1,1,2,odl/solvers/{findroot => smooth}/newton.py
28420571,3,0,3,odl/solvers/util/__init__.py
28420571,0,0,0,odl/solvers/{scalar => util}/steplen.py
28420571,1,1,2,odl/test/largescale/solvers/advanced/proximal_operator_slow_test.py
28420571,2,4,6,odl/test/solvers/iterative/iterative_test.py
28420571,165,0,165,odl/test/solvers/nonsmooth/chambolle_pock_test.py
28420571,142,0,142,odl/test/solvers/nonsmooth/douglas_rachford_test.py
28420571,212,0,212,odl/test/solvers/nonsmooth/forward_backward_test.py
28420571,507,0,507,odl/test/solvers/nonsmooth/proximal_operator_test.py
28420571,211,0,211,odl/test/solvers/nonsmooth/proximal_utils_test.py
28420571,0,111,111,test/solvers/findroot/newton_test.py
28420571,2,3,5,odl/solvers/findroot/newton.py
28420571,20,17,37,odl/solvers/scalar/gradient.py
28420571,0,3,3,odl/solvers/__init__.py
28420571,119,14,133,odl/solvers/findroot/newton.py
28420571,2,1,3,odl/solvers/scalar/steplen.py
28420571,0,23,23,odl/solvers/vector/__init__.py
28420571,0,118,118,odl/solvers/vector/newton.py
28420571,23,3,26,test/solvers/findroot/newton_test.py
28420571,87,124,211,odl/solvers/findroot/newton.py
28420571,39,43,82,odl/solvers/scalar/steplen.py
28420571,91,0,91,test/solvers/findroot/newton_test.py
28420571,2,2,4,odl/solvers/functional/functional.py
28420571,2,2,4,examples/solvers/functional_basic_example_solver.py
28420571,1,1,2,examples/solvers/forward_backward_primal_dual_denoising.py
28420571,33,44,77,odl/test/solvers/advanced/forward_backward_test.py
28420571,4,5,9,examples/solvers/forward_backward_primal_dual_denoising.py
28420571,6,14,20,examples/solvers/functional_basic_example_solver.py
28420571,21,15,36,odl/solvers/advanced/forward_backward.py
28420571,0,1,1,odl/solvers/functional/functional.py
28420571,1,0,1,odl/solvers/functional/functional.py
28420571,3,2,5,odl/solvers/advanced/douglas_rachford.py
28420571,0,1,1,odl/solvers/functional/functional.py
28420571,18,25,43,odl/test/solvers/advanced/douglas_rachford_test.py
28420571,8,9,17,examples/solvers/douglas_rachford_primal_dual_heron.py
28420571,5,4,9,examples/solvers/douglas_rachford_primal_dual_mri.py
28420571,22,19,41,odl/solvers/advanced/douglas_rachford.py
28420571,0,1,1,odl/solvers/advanced/proximal_operators.py
28420571,2,1,3,odl/solvers/functional/functional.py
28420571,0,0,0,{test => odl/test}/deform/linearized_deform_test.py
28420571,0,0,0,{test => odl/test}/discr/diff_ops_test.py
28420571,0,0,0,{test => odl/test}/discr/discr_mappings_test.py
28420571,0,0,0,{test => odl/test}/discr/discr_ops_test.py
28420571,0,0,0,{test => odl/test}/discr/grid_test.py
28420571,0,0,0,{test => odl/test}/discr/lp_discr_test.py
28420571,0,0,0,{test => odl/test}/discr/partition_test.py
28420571,0,0,0,{test => odl/test}/discr/tensor_ops_test.py
28420571,0,0,0,{test => odl/test}/largescale/solvers/advanced/proximal_operator_slow_test.py
28420571,0,0,0,{test => odl/test}/largescale/space/fn_base_slow_test.py
28420571,0,0,0,{test => odl/test}/largescale/tomo/ray_transform_slow_test.py
28420571,0,0,0,{test => odl/test}/largescale/tomo/stir_slow_test.py
28420571,0,0,0,{test => odl/test}/largescale/trafos/fourier_slow_test.py
28420571,0,0,0,{test => odl/test}/operator/operator_test.py
28420571,0,0,0,{test => odl/test}/operator/oputils_test.py
28420571,0,0,0,{test => odl/test}/operator/pspace_ops_test.py
28420571,0,0,0,{test => odl/test}/set/domain_test.py
28420571,0,0,0,{test => odl/test}/set/sets_test.py
28420571,0,0,0,{test => odl/test}/solvers/advanced/chambolle_pock_test.py
28420571,0,0,0,{test => odl/test}/solvers/advanced/douglas_rachford_test.py
28420571,0,0,0,{test => odl/test}/solvers/advanced/forward_backward_test.py
28420571,0,0,0,{test => odl/test}/solvers/advanced/proximal_operator_test.py
28420571,0,0,0,{test => odl/test}/solvers/advanced/proximal_utils_test.py
28420571,0,0,0,{test => odl/test}/solvers/functional/default_functionals_test.py
28420571,0,0,0,{test => odl/test}/solvers/functional/functional_test.py
28420571,0,0,0,{test => odl/test}/solvers/iterative/iterative_test.py
28420571,0,0,0,{test => odl/test}/solvers/vector/newton_test.py
28420571,0,0,0,{test => odl/test}/space/fspace_test.py
28420571,0,0,0,{test => odl/test}/space/ntuples_test.py
28420571,0,0,0,{test => odl/test}/space/pspace_test.py
28420571,0,0,0,{test => odl/test}/space/space_utils_test.py
28420571,0,0,0,{test => odl/test}/system/import_test.py
28420571,0,0,0,{test => odl/test}/test_examples.py
28420571,0,0,0,{test => odl/test}/tomo/backends/astra_cpu_test.py
28420571,0,0,0,{test => odl/test}/tomo/backends/astra_cuda_test.py
28420571,0,0,0,{test => odl/test}/tomo/backends/astra_setup_test.py
28420571,0,0,0,{test => odl/test}/tomo/backends/scikit_test.py
28420571,0,0,0,{test => odl/test}/tomo/geometry/geometry_test.py
28420571,0,0,0,{test => odl/test}/tomo/geometry/spect_geometry_test.py
28420571,0,0,0,{test => odl/test}/tomo/operators/ray_trafo_test.py
28420571,0,0,0,{test => odl/test}/trafos/fourier_test.py
28420571,0,0,0,{test => odl/test}/trafos/wavelet_test.py
28420571,0,0,0,{test => odl/test}/util/normalize_test.py
28420571,0,0,0,{test => odl/test}/util/numerics_test.py
28420571,0,0,0,{test => odl/test}/util/utility_test.py
28420571,0,0,0,{test => odl/test}/util/vectorization_test.py
28420571,8,3,11,odl/util/testutils.py
28420571,1,1,2,doc/source/guide/introduction/code/getting_started_convolution.py
28420571,19,8,27,odl/phantom/noise.py
28420571,46,1,47,odl/phantom/noise.py
28420571,5,8,13,odl/solvers/functional/default_functionals.py
28420571,60,62,122,odl/solvers/functional/default_functionals.py
28420571,8,8,16,test/solvers/functional/default_functionals_test.py
28420571,5,3,8,test/solvers/functional/functional_test.py
28420571,3,6,9,odl/solvers/functional/default_functionals.py
28420571,266,36,302,odl/solvers/functional/default_functionals.py
28420571,79,10,89,test/solvers/functional/default_functionals_test.py
28420571,8,2,10,test/solvers/functional/functional_test.py
28420571,48,7,55,odl/solvers/functional/default_functionals.py
28420571,67,0,67,test/solvers/functional/default_functionals_test.py
28420571,15,1,16,test/solvers/functional/functional_test.py
28420571,197,1,198,odl/solvers/functional/default_functionals.py
28420571,5,5,10,odl/set/space.py
28420571,5,5,10,odl/space/pspace.py
28420571,1,1,2,test/solvers/advanced/proximal_operator_test.py
28420571,27,34,61,test/space/ntuples_test.py
28420571,1,1,2,test/space/pspace_test.py
28420571,2,4,6,conftest.py
28420571,1,3,4,test/space/ntuples_test.py
28420571,1,4,5,test/space/pspace_test.py
28420571,12,12,24,odl/set/space.py
28420571,58,51,109,odl/space/pspace.py
28420571,0,1,1,test/space/ntuples_test.py
28420571,7,7,14,test/space/pspace_test.py
28420571,48,50,98,odl/space/pspace.py
28420571,57,86,143,test/space/ntuples_test.py
28420571,84,2,86,test/space/pspace_test.py
28420571,27,9,36,odl/set/space.py
28420571,20,0,20,conftest.py
28420571,54,1,55,odl/space/pspace.py
28420571,3,0,3,odl/solvers/functional/__init__.py
28420571,160,0,160,odl/solvers/functional/example_funcs.py
28420571,20,0,20,test/solvers/iterative/iterative_test.py
28420571,7,32,39,test/solvers/vector/newton_test.py
28420571,31,4,35,odl/space/npy_ntuples.py
28420571,33,0,33,test/space/ntuples_test.py
28420571,4,0,4,odl/util/vectorization.py
28420571,35,0,35,test/util/vectorization_test.py
28420571,116,116,232,odl/solvers/advanced/proximal_operators.py
28420571,2,2,4,test/solvers/advanced/proximal_utils_test.py
28420571,17,16,33,odl/solvers/advanced/proximal_operators.py
28420571,39,0,39,test/solvers/advanced/proximal_utils_test.py
28420571,105,92,197,odl/solvers/advanced/proximal_operators.py
28420571,0,4,4,odl/solvers/functional/functional.py
28420571,132,107,239,odl/solvers/advanced/proximal_operators.py
28420571,35,51,86,odl/solvers/advanced/proximal_operators.py
28420571,4,0,4,odl/solvers/functional/functional.py
28420571,0,1,1,odl/solvers/functional/default_functionals.py
28420571,81,34,115,odl/solvers/advanced/proximal_operators.py
28420571,67,30,97,odl/solvers/advanced/proximal_operators.py
28420571,89,50,139,odl/solvers/advanced/proximal_operators.py
28420571,4,4,8,odl/solvers/functional/functional.py
28420571,2,1,3,odl/solvers/functional/default_functionals.py
28420571,4,4,8,test/discr/diff_ops_test.py
28420571,1,0,1,odl/solvers/functional/default_functionals.py
28420571,4,3,7,odl/solvers/functional/functional.py
28420571,5,5,10,test/solvers/functional/functional_test.py
28420571,1,1,2,odl/operator/default_ops.py
28420571,24,0,24,test/solvers/functional/functional_test.py
28420571,153,41,194,odl/solvers/functional/functional.py
28420571,7,3,10,test/solvers/functional/functional_test.py
28420571,2,3,5,odl/operator/operator.py
28420571,42,4,46,odl/solvers/functional/functional.py
28420571,6,1,7,test/solvers/functional/functional_test.py
28420571,1,0,1,test/solvers/functional/functional_test.py
28420571,3,0,3,examples/visualization/show_2d.py
28420571,38,8,46,odl/discr/lp_discr.py
28420571,2,2,4,examples/solvers/functional_basic_example.py
28420571,1,1,2,odl/discr/discr_mappings.py
28420571,2,2,4,odl/discr/discr_ops.py
28420571,2,2,4,odl/operator/operator.py
28420571,2,2,4,odl/solvers/functional/functional.py
28420571,3,3,6,odl/trafos/fourier.py
28420571,3,3,6,odl/util/numerics.py
28420571,3,4,7,doc/source/conf.py
28420571,1,1,2,odl/diagnostics/examples.py
28420571,1,1,2,odl/discr/discr_ops.py
28420571,1,1,2,odl/discr/discretization.py
28420571,1,1,2,odl/operator/default_ops.py
28420571,6,6,12,odl/operator/oputils.py
28420571,6,4,10,odl/phantom/geometric.py
28420571,1,1,2,odl/phantom/transmission.py
28420571,6,6,12,odl/solvers/advanced/chambolle_pock.py
28420571,6,5,11,odl/solvers/advanced/douglas_rachford.py
28420571,8,6,14,odl/solvers/advanced/forward_backward.py
28420571,10,10,20,odl/solvers/advanced/proximal_operators.py
28420571,5,5,10,odl/solvers/functional/default_functionals.py
28420571,7,19,26,odl/solvers/functional/functional.py
28420571,4,3,7,odl/solvers/iterative/statistical.py
28420571,4,4,8,odl/space/entry_points.py
28420571,35,31,66,odl/space/npy_ntuples.py
28420571,17,14,31,odl/space/space_utils.py
28420571,3,1,4,odl/space/weighting.py
28420571,14,11,25,odl/util/testutils.py
28420571,12,55,67,doc/source/conf.py
28420571,2,2,4,doc/source/conf.py
28420571,6,6,12,doc/source/conf.py
28420571,1,1,2,odl/discr/tensor_ops.py
28420571,1,1,2,odl/phantom/__init__.py
28420571,9,9,18,odl/solvers/advanced/douglas_rachford.py
28420571,27,26,53,odl/solvers/advanced/proximal_operators.py
28420571,1,0,1,odl/tomo/geometry/spect.py
28420571,1,1,2,odl/util/normalize.py
28420571,6,4,10,test/test_examples.py
28420571,20,33,53,test/solvers/functional/default_functionals_test.py
28420571,49,84,133,test/solvers/functional/functional_test.py
28420571,111,2,113,odl/solvers/functional/default_functionals.py
28420571,56,3,59,odl/solvers/functional/functional.py
28420571,4,2,6,test/solvers/functional/functional_test.py
28420571,1,1,2,examples/solvers/chambolle_pock_deconvolve.py
28420571,1,1,2,examples/solvers/chambolle_pock_tomography.py
28420571,1,1,2,examples/solvers/douglas_rachford_primal_dual_heron.py
28420571,7,7,14,odl/solvers/advanced/proximal_operators.py
28420571,2,5,7,odl/solvers/functional/default_functionals.py
28420571,3,3,6,odl/solvers/functional/functional.py
28420571,1,1,2,test/largescale/solvers/advanced/proximal_operator_slow_test.py
28420571,4,4,8,test/solvers/advanced/chambolle_pock_test.py
28420571,7,7,14,test/solvers/advanced/douglas_rachford_test.py
28420571,12,11,23,test/solvers/advanced/forward_backward_test.py
28420571,9,8,17,test/solvers/advanced/proximal_operator_test.py
28420571,1,1,2,test/solvers/advanced/proximal_utils_test.py
28420571,1,1,2,doc/source/conf.py
28420571,3,3,6,test/largescale/solvers/advanced/proximal_operator_slow_test.py
28420571,1,1,2,test/solvers/advanced/proximal_operator_test.py
28420571,2,2,4,odl/solvers/functional/default_functionals.py
28420571,51,61,112,odl/solvers/functional/functional.py
28420571,11,7,18,test/solvers/functional/functional_test.py
28420571,3,3,6,odl/solvers/functional/default_functionals.py
28420571,21,2,23,test/solvers/functional/functional_test.py
28420571,32,20,52,odl/solvers/advanced/proximal_operators.py
28420571,9,9,18,test/largescale/solvers/advanced/proximal_operator_slow_test.py
28420571,13,13,26,test/solvers/advanced/proximal_operator_test.py
28420571,45,27,72,odl/solvers/functional/functional.py
28420571,10,15,25,test/solvers/functional/functional_test.py
28420571,1,1,2,doc/source/guide/in_depth/code/functional_indepth_example.py
28420571,5,4,9,examples/solvers/functional_basic_example_solver.py
28420571,7,3,10,odl/solvers/functional/default_functionals.py
28420571,15,24,39,odl/solvers/functional/functional.py
28420571,10,35,45,test/solvers/functional/functional_test.py
28420571,5,10,15,odl/solvers/functional/default_functionals.py
28420571,3,3,6,odl/solvers/functional/functional.py
28420571,77,31,108,test/solvers/functional/default_functionals_test.py
28420571,59,17,76,test/solvers/functional/functional_test.py
28420571,57,334,391,odl/solvers/functional/functional.py
28420571,4,5,9,test/solvers/functional/default_functionals_test.py
28420571,85,230,315,test/solvers/functional/functional_test.py
28420571,27,23,50,doc/source/guide/in_depth/code/functional_indepth_example.py
28420571,1,1,2,examples/solvers/functional_basic_example.py
28420571,17,9,26,examples/solvers/functional_basic_example_solver.py
28420571,17,18,35,odl/operator/default_ops.py
28420571,4,2,6,odl/operator/operator.py
28420571,33,15,48,odl/solvers/functional/default_functionals.py
28420571,127,123,250,odl/solvers/functional/functional.py
28420571,20,73,93,test/solvers/functional/default_functionals_test.py
28420571,51,57,108,test/solvers/functional/functional_test.py
28420571,1,1,2,odl/phantom/geometric.py
28420571,1,1,2,odl/discr/partition.py
28420571,15,15,30,odl/solvers/functional/functional.py
28420571,6,6,12,test/solvers/functional/default_functionals_test.py
28420571,26,26,52,test/solvers/functional/functional_test.py
28420571,9,9,18,doc/source/guide/in_depth/code/functional_indepth_example.py
28420571,4,4,8,examples/solvers/functional_basic_example.py
28420571,2,2,4,examples/solvers/functional_basic_example_solver.py
28420571,1,1,2,odl/operator/operator.py
28420571,34,196,230,odl/solvers/functional/default_functionals.py
28420571,178,364,542,odl/solvers/functional/functional.py
28420571,1,1,2,test/solvers/functional/default_functionals_test.py
28420571,124,0,124,doc/source/guide/in_depth/code/functional_indepth_example.py
28420571,3,4,7,examples/solvers/functional_basic_example.py
28420571,2,2,4,examples/solvers/functional_basic_example_solver.py
28420571,251,368,619,odl/solvers/functional/default_functionals.py
28420571,165,490,655,odl/solvers/functional/functional.py
28420571,17,16,33,test/solvers/functional/default_functionals_test.py
28420571,26,26,52,test/solvers/functional/functional_test.py
28420571,26,2,28,odl/operator/operator.py
28420571,4,7,11,odl/solvers/functional/functional.py
28420571,1,9,10,test/solvers/functional/functional_test.py
28420571,5,9,14,odl/solvers/functional/default_functionals.py
28420571,139,126,265,odl/solvers/functional/functional.py
28420571,3,0,3,test/solvers/functional/functional_test.py
28420571,11,22,33,odl/solvers/functional/functional.py
28420571,12,11,23,test/solvers/functional/default_functionals_test.py
28420571,20,90,110,examples/solvers/functional_basic_example.py
28420571,5,5,10,odl/solvers/functional/functional.py
28420571,42,134,176,examples/solvers/functional_basic_example.py
28420571,5,6,11,odl/operator/default_ops.py
28420571,106,4,110,odl/solvers/functional/functional.py
28420571,17,4,21,test/solvers/functional/functional_test.py
28420571,12,12,24,examples/solvers/functional_basic_example.py
28420571,8,48,56,examples/solvers/functional_basic_example_solver.py
28420571,8,8,16,odl/operator/default_ops.py
28420571,185,78,263,odl/solvers/functional/default_functionals.py
28420571,129,75,204,odl/solvers/functional/functional.py
28420571,9,13,22,examples/solvers/functional_basic_example.py
28420571,43,13,56,examples/solvers/functional_basic_example_solver.py
28420571,171,226,397,odl/solvers/functional/default_functionals.py
28420571,208,163,371,odl/solvers/functional/functional.py
28420571,11,3,14,test/solvers/functional/default_functionals_test.py
28420571,2,2,4,test/solvers/functional/functional_test.py
28420571,5,5,10,odl/solvers/functional/functional.py
28420571,41,13,54,test/solvers/functional/functional_test.py
28420571,256,0,256,examples/solvers/functional_basic_example.py
28420571,8,8,16,odl/solvers/functional/default_functionals.py
28420571,3,0,3,odl/solvers/functional/functional.py
28420571,2,2,4,test/solvers/functional/default_functionals_test.py
28420571,0,154,154,examples/functional_L1_iso.py
28420571,67,77,144,examples/solvers/functionals_basic_examples.py
28420571,10,2,12,odl/solvers/functional/default_functionals.py
28420571,309,0,309,test/solvers/functional/default_functionals_test.py
28420571,2,0,2,test/solvers/functional/functional_test.py
28420571,0,1,1,odl/solvers/advanced/proximal_operators.py
28420571,0,3,3,odl/solvers/functional/__init__.py
28420571,99,6,105,odl/solvers/functional/default_functionals.py
28420571,46,62,108,odl/solvers/functional/functional.py
28420571,87,216,303,odl/solvers/functional/default_functionals.py
28420571,27,19,46,odl/solvers/functional/functional.py
28420571,6,7,13,test/solvers/functional/functional_test.py
28420571,66,17,83,test/solvers/functional/functional_test.py
28420571,4,1,5,odl/operator/default_ops.py
28420571,73,2,75,odl/solvers/functional/default_functionals.py
28420571,46,50,96,odl/solvers/functional/functional.py
28420571,31,52,83,odl/solvers/functional/functional.py
28420571,70,23,93,test/solvers/functional/functional_test.py
28420571,27,29,56,odl/solvers/functional/functional.py
28420571,99,5,104,odl/solvers/functional/functional.py
28420571,5,0,5,odl/solvers/functional/default_functionals.py
28420571,29,19,48,odl/solvers/functional/functional.py
28420571,151,45,196,test/solvers/functional/functional_test.py
28420571,175,4,179,odl/solvers/functional/default_functionals.py
28420571,3,2,5,test/solvers/functional/functional_test.py
28420571,0,1,1,odl/operator/default_ops.py
28420571,7,7,14,odl/solvers/functional/default_functionals.py
28420571,13,12,25,odl/solvers/functional/functional.py
28420571,30,28,58,test/solvers/functional/functional_test.py
28420571,0,538,538,odl/solvers/functional/convex_conjugate_utils.py
28420571,0,297,297,test/solvers/functional/convex_conjugate_utils_test.py
28420571,101,7,108,odl/solvers/functional/default_functionals.py
28420571,1,1,2,odl/solvers/functional/functional.py
28420571,70,61,131,odl/solvers/functional/functional.py
28420571,0,6,6,odl/solvers/functional/default_functionals.py
28420571,286,56,342,odl/solvers/functional/functional.py
28420571,0,207,207,examples/functionals_basic_examples_and_test.py
28420571,96,0,96,examples/solvers/functionals_basic_examples.py
28420571,4,2,6,odl/solvers/functional/functional.py
28420571,4,19,23,test/solvers/functional/functional_test.py
28420571,32,28,60,odl/solvers/functional/default_functionals.py
28420571,179,33,212,odl/solvers/functional/functional.py
28420571,19,8,27,odl/operator/default_ops.py
28420571,107,4,111,odl/solvers/functional/default_functionals.py
28420571,92,42,134,odl/solvers/functional/functional.py
28420571,40,65,105,test/solvers/functional/functional_test.py
28420571,33,53,86,odl/solvers/functional/functional.py
28420571,260,1,261,test/solvers/functional/functional_test.py
28420571,2,2,4,odl/solvers/functional/__init__.py
28420571,554,50,604,odl/solvers/functional/functional.py
28420571,43,14,57,test/solvers/functional/functional_test.py
28420571,9,1,10,examples/functionals_basic_examples_and_test.py
28420571,7,1,8,odl/solvers/functional/default_functionals.py
28420571,12,2,14,odl/solvers/functional/functional.py
28420571,18,18,36,test/solvers/functional/functional_test.py
28420571,132,49,181,odl/solvers/functional/default_functionals.py
28420571,105,38,143,odl/solvers/functional/convex_conjugate_utils.py
28420571,199,0,199,examples/functionals_basic_examples_and_test.py
28420571,3,0,3,odl/solvers/functional/__init__.py
28420571,180,0,180,odl/solvers/functional/default_functionals.py
28420571,84,8,92,odl/solvers/functional/functional.py
28420571,112,0,112,test/solvers/functional/functional_test.py
28420571,0,308,308,examples/johan_functiona_.py
28420571,111,53,164,odl/solvers/functional/convex_conjugate_utils.py
28420571,16,28,44,odl/solvers/functional/functional.py
28420571,297,0,297,test/solvers/functional/convex_conjugate_utils_test.py
28420571,8,1,9,examples/johan_functiona_.py
28420571,73,2,75,odl/solvers/functional/functional.py
28420571,3,0,3,odl/solvers/functional/__init__.py
28420571,413,0,413,odl/solvers/functional/convex_conjugate_utils.py
28420571,82,11,93,examples/johan_functiona_.py
28420571,22,10,32,examples/johan_functiona_.py
28420571,30,12,42,odl/solvers/functional/functional.py
28420571,154,0,154,examples/functional_L1_iso.py
28420571,218,0,218,examples/johan_functiona_.py
28420571,74,3,77,odl/solvers/functional/functional.py
28420571,3,0,3,odl/solvers/__init__.py
28420571,23,0,23,odl/solvers/functional/__init__.py
28420571,243,0,243,odl/solvers/functional/functional.py
28420571,45,40,85,odl/solvers/iterative/statistical.py
28420571,2,2,4,test/solvers/iterative/iterative_test.py
28420571,0,86,86,test/solvers/iterative/mlem_test.py
28420571,13,5,18,odl/solvers/iterative/statistical.py
28420571,1,1,2,test/deform/linearized_deform_test.py
28420571,3,3,6,test/solvers/advanced/forward_backward_test.py
28420571,1,1,2,test/solvers/vector/newton_test.py
28420571,0,3,3,odl/solvers/__init__.py
28420571,3,0,3,odl/solvers/iterative/__init__.py
28420571,0,23,23,odl/solvers/mlem/__init__.py
28420571,38,9,47,test/solvers/iterative/iterative_test.py
28420571,86,0,86,test/solvers/iterative/mlem_test.py
28420571,45,57,102,odl/solvers/mlem/mlem.py
28420571,31,0,31,odl/solvers/mlem/mlem.py
28420571,31,0,31,odl/solvers/mlem/mlem.py
28420571,3,0,3,odl/solvers/__init__.py
28420571,23,0,23,odl/solvers/mlem/__init__.py
28420571,80,0,80,odl/solvers/mlem/mlem.py
28420571,116,55,171,odl/solvers/advanced/proximal_operators.py
28420571,86,5,91,test/largescale/solvers/advanced/proximal_operator_slow_test.py
28420571,9,44,53,test/solvers/advanced/proximal_operator_test.py
28420571,89,3,92,odl/solvers/advanced/proximal_operators.py
28420571,84,11,95,test/solvers/advanced/proximal_operator_test.py
28420571,45,98,143,odl/discr/diff_ops.py
28420571,29,28,57,test/discr/diff_ops_test.py
28420571,49,12,61,odl/discr/diff_ops.py
28420571,4,1,5,test/discr/diff_ops_test.py
28420571,42,60,102,test/discr/diff_ops_test.py
28420571,7,1,8,odl/operator/oputils.py
28420571,262,312,574,odl/discr/diff_ops.py
28420571,28,27,55,test/discr/diff_ops_test.py
28420571,39,26,65,odl/operator/default_ops.py
28420571,63,75,138,odl/operator/operator.py
28420571,12,13,25,odl/diagnostics/space.py
28420571,1,1,2,examples/space/vectorization.py
28420571,1,1,2,examples/visualization/show_1d.py
28420571,1,1,2,examples/visualization/show_2d.py
28420571,1,1,2,examples/visualization/show_2d_complex.py
28420571,5,1,6,examples/visualization/show_ntuple.py
28420571,1,1,2,examples/visualization/show_productspace.py
28420571,1,1,2,odl/space/npy_ntuples.py
28420571,1,1,2,odl/space/pspace.py
28420571,1,1,2,odl/space/weighting.py
28420571,1,1,2,examples/solvers/chambolle_pock_deconvolve.py
28420571,1,1,2,examples/solvers/denoising_with_entropy_type_regularization.py
28420571,2,2,4,examples/solvers/douglas_rachford_primal_dual_mri.py
28420571,2,2,4,examples/space/simple_r.py
28420571,1,1,2,examples/space/vectorization.py
28420571,9,9,18,examples/visualization/show_1d.py
28420571,9,9,18,examples/visualization/show_2d.py
28420571,6,8,14,examples/visualization/show_2d_complex.py
28420571,4,5,9,examples/visualization/show_ntuple.py
28420571,12,12,24,examples/visualization/show_productspace.py
28420571,3,3,6,examples/visualization/show_update_1d.py
28420571,3,3,6,examples/visualization/show_update_2d.py
28420571,6,6,12,examples/visualization/visualize_vector_examples.py
28420571,8,8,16,odl/deform/linearized.py
28420571,31,32,63,odl/diagnostics/space.py
28420571,39,29,68,odl/discr/diff_ops.py
28420571,10,10,20,odl/discr/discr_mappings.py
28420571,1,1,2,odl/discr/discr_ops.py
28420571,31,33,64,odl/discr/discretization.py
28420571,2,2,4,odl/discr/grid.py
28420571,13,13,26,odl/discr/lp_discr.py
28420571,64,179,243,odl/operator/default_ops.py
28420571,60,61,121,odl/operator/operator.py
28420571,0,1,1,odl/operator/oputils.py
28420571,17,91,108,odl/operator/pspace_ops.py
28420571,1,1,2,odl/phantom/geometric.py
28420571,49,51,100,odl/set/space.py
28420571,1,1,2,odl/solvers/advanced/douglas_rachford.py
28420571,1,1,2,odl/solvers/advanced/forward_backward.py
28420571,11,11,22,odl/solvers/advanced/proximal_operators.py
28420571,4,4,8,odl/solvers/iterative/iterative.py
28420571,10,10,20,odl/solvers/scalar/steplen.py
28420571,3,4,7,odl/solvers/util/callback.py
28420571,4,4,8,odl/space/base_ntuples.py
28420571,34,35,69,odl/space/fspace.py
28420571,92,95,187,odl/space/pspace.py
28420571,31,38,69,odl/space/weighting.py
28420571,11,11,22,odl/tomo/backends/astra_cpu.py
28420571,12,12,24,odl/tomo/backends/astra_cuda.py
28420571,4,4,8,odl/tomo/backends/astra_setup.py
28420571,2,2,4,odl/tomo/backends/scikit_radon.py
28420571,2,31,33,odl/tomo/operators/ray_trafo.py
28420571,1,1,2,odl/tomo/util/utility.py
28420571,8,8,16,odl/trafos/fourier.py
28420571,2,2,4,odl/trafos/wavelet.py
28420571,25,26,51,odl/util/testutils.py
28420571,7,7,14,odl/util/ufuncs.py
28420571,1,1,2,odl/util/vectorization.py
28420571,2,2,4,test/deform/linearized_deform_test.py
28420571,3,3,6,test/discr/diff_ops_test.py
28420571,108,108,216,test/discr/lp_discr_test.py
28420571,8,8,16,test/largescale/space/fn_base_slow_test.py
28420571,6,6,12,test/solvers/advanced/proximal_operator_test.py
28420571,35,35,70,test/space/ntuples_test.py
28420571,7,7,14,test/space/pspace_test.py
28420571,1,1,2,test/tomo/backends/astra_setup_test.py
28420571,118,0,118,doc/source/guide/introduction/code/getting_started_convolution.py
28420571,1,1,2,odl/solvers/iterative/iterative.py
28420571,38,46,84,odl/discr/partition.py
28420571,2,4,6,test/largescale/tomo/ray_transform_slow_test.py
28420571,2,4,6,test/tomo/operators/ray_trafo_test.py
28420571,111,16,127,odl/util/testutils.py
28420571,4,4,8,test/discr/discr_ops_test.py
28420571,6,6,12,test/discr/lp_discr_test.py
28420571,4,4,8,test/largescale/solvers/advanced/proximal_operator_slow_test.py
28420571,8,8,16,test/largescale/space/fn_base_slow_test.py
28420571,5,5,10,test/solvers/advanced/douglas_rachford_test.py
28420571,6,6,12,test/solvers/advanced/forward_backward_test.py
28420571,8,8,16,test/solvers/advanced/proximal_utils_test.py
28420571,48,48,96,test/space/ntuples_test.py
28420571,62,41,103,odl/tomo/operators/ray_trafo.py
28420571,4,1,5,odl/set/domain.py
28420571,9,6,15,odl/discr/discretization.py
28420571,1,1,2,odl/set/space.py
28420571,3,0,3,odl/space/base_ntuples.py
28420571,10,6,16,odl/discr/discr_mappings.py
28420571,4,0,4,odl/discr/partition.py
28420571,4,0,4,odl/set/domain.py
28420571,4,4,8,odl/set/space.py
28420571,6,11,17,odl/space/base_ntuples.py
28420571,3,3,6,odl/space/pspace.py
28420571,13,35,48,odl/discr/partition.py
28420571,129,1,130,odl/discr/partition.py
28420571,69,75,144,odl/discr/diff_ops.py
28420571,73,73,146,odl/discr/discr_mappings.py
28420571,13,20,33,odl/discr/discr_ops.py
28420571,112,113,225,odl/operator/default_ops.py
28420571,49,53,102,odl/operator/operator.py
28420571,41,99,140,odl/operator/pspace_ops.py
28420571,0,45,45,odl/set/domain.py
28420571,0,1,1,odl/trafos/wavelet.py
28420571,5,6,11,odl/space/npy_ntuples.py
28420571,3,4,7,odl/space/pspace.py
28420571,19,20,39,odl/tomo/util/utility.py
28420571,6,7,13,odl/trafos/fourier.py
28420571,2,2,4,odl/discr/discr_mappings.py
28420571,1,1,2,odl/discr/discretization.py
28420571,7,7,14,odl/discr/grid.py
28420571,6,6,12,odl/discr/lp_discr.py
28420571,6,6,12,odl/discr/partition.py
28420571,1,1,2,odl/discr/tensor_ops.py
28420571,2,2,4,odl/operator/operator.py
28420571,1,1,2,odl/operator/pspace_ops.py
28420571,1,1,2,odl/set/domain.py
28420571,10,10,20,odl/set/space.py
28420571,1,1,2,odl/space/fspace.py
28420571,4,4,8,odl/space/npy_ntuples.py
28420571,2,2,4,odl/space/pspace.py
28420571,4,4,8,odl/space/space_utils.py
28420571,3,3,6,odl/space/weighting.py
28420571,2,2,4,odl/tomo/geometry/conebeam.py
28420571,1,1,2,odl/tomo/geometry/fanbeam.py
28420571,10,10,20,odl/trafos/fourier.py
28420571,2,2,4,odl/util/ufuncs.py
28420571,4,4,8,odl/solvers/util/callback.py
28420571,30,6,36,odl/solvers/util/callback.py
28420571,1,1,2,odl/diagnostics/operator.py
28420571,7,11,18,examples/solvers/deconvolution_1d.py
28420571,2,2,4,examples/space/vectorization.py
28420571,5,5,10,odl/discr/discr_mappings.py
28420571,4,4,8,odl/discr/lp_discr.py
28420571,14,19,33,odl/set/domain.py
28420571,8,8,16,test/discr/discr_mappings_test.py
28420571,6,6,12,test/discr/lp_discr_test.py
28420571,3,3,6,test/discr/partition_test.py
28420571,2,2,4,test/largescale/tomo/ray_transform_slow_test.py
28420571,24,51,75,test/set/domain_test.py
28420571,18,18,36,test/space/fspace_test.py
28420571,1,1,2,test/tomo/backends/astra_setup_test.py
28420571,2,2,4,test/tomo/operators/ray_trafo_test.py
28420571,2,1,3,test/trafos/fourier_test.py
28420571,3,3,6,test/trafos/wavelet_test.py
28420571,1,77,78,odl/operator/operator.py
28420571,1,6,7,examples/diagnostics/diagonstics_space.py
28420571,1,8,9,examples/operator/simple_operator.py
28420571,0,5,5,examples/solvers/chambolle_pock_deconvolve.py
28420571,0,5,5,examples/solvers/chambolle_pock_denoising.py
28420571,7,5,12,examples/solvers/chambolle_pock_tomography.py
28420571,5,5,10,examples/solvers/conjugate_gradient_tomography.py
28420571,7,28,35,examples/solvers/deconvolution_1d.py
28420571,0,6,6,examples/solvers/denoising_with_entropy_type_regularization.py
28420571,0,5,5,examples/solvers/scipy_solvers.py
28420571,23,28,51,examples/space/simple_r.py
28420571,16,22,38,examples/space/simple_rn.py
28420571,0,4,4,examples/space/vectorization.py
28420571,0,6,6,examples/tomo/ray_trafo_circular_cone.py
28420571,0,6,6,examples/tomo/ray_trafo_fanflat.py
28420571,0,6,6,examples/tomo/ray_trafo_helical.py
28420571,0,6,6,examples/tomo/ray_trafo_parallel_2d.py
28420571,0,6,6,examples/tomo/ray_trafo_parallel_3d.py
28420571,0,5,5,examples/tomo/stir_project.py
28420571,0,5,5,examples/tomo/stir_reconstruct.py
28420571,0,4,4,examples/visualization/show_productspace.py
28420571,0,4,4,examples/visualization/show_update_1d.py
28420571,0,5,5,examples/visualization/show_update_2d.py
28420571,0,5,5,examples/visualization/visualize_vector_examples.py
28420571,12,9,21,examples/tomo/stir_project.py
28420571,16,13,29,examples/tomo/stir_reconstruct.py
28420571,23,14,37,odl/discr/grid.py
28420571,25,19,44,odl/discr/lp_discr.py
28420571,11,11,22,odl/discr/partition.py
28420571,6,13,19,odl/set/domain.py
28420571,1,2,3,examples/solvers/chambolle_pock_tomography.py
28420571,1,2,3,examples/solvers/conjugate_gradient_tomography.py
28420571,1,2,3,examples/solvers/proximal_lang_tomography.py
28420571,2,3,5,examples/tomo/filtered_backprojection_parallel_2d.py
28420571,3,3,6,examples/tomo/ray_trafo_circular_cone.py
28420571,2,3,5,examples/tomo/ray_trafo_fanflat.py
28420571,3,3,6,examples/tomo/ray_trafo_helical.py
28420571,2,3,5,examples/tomo/ray_trafo_parallel_2d.py
28420571,3,3,6,examples/tomo/ray_trafo_parallel_3d.py
28420571,7,4,11,examples/tomo/scikit_ray_trafo_parallel_2d.py
28420571,13,5,18,examples/tomo/stir_project.py
28420571,8,1,9,examples/tomo/stir_reconstruct.py
28420571,5,5,10,odl/discr/discretization.py
28420571,47,51,98,odl/discr/grid.py
28420571,97,100,197,odl/discr/lp_discr.py
28420571,131,132,263,odl/discr/partition.py
28420571,40,28,68,odl/phantom/geometric.py
28420571,150,151,301,odl/set/domain.py
28420571,9,9,18,odl/tomo/backends/astra_setup.py
28420571,5,5,10,odl/tomo/backends/stir_bindings.py
28420571,1,1,2,odl/tomo/geometry/detector.py
28420571,3,3,6,odl/tomo/operators/ray_trafo.py
28420571,2,2,4,odl/trafos/fourier.py
28420571,7,7,14,odl/util/graphics.py
28420571,2,2,4,test/discr/discr_ops_test.py
28420571,3,3,6,test/discr/grid_test.py
28420571,76,76,152,test/discr/lp_discr_test.py
28420571,131,121,252,test/discr/partition_test.py
28420571,30,29,59,test/set/domain_test.py
28420571,6,6,12,test/space/fspace_test.py
28420571,2,2,4,test/tomo/backends/astra_cpu_test.py
28420571,8,5,13,test/tomo/backends/astra_cuda_test.py
28420571,4,4,8,test/tomo/backends/astra_setup_test.py
28420571,1,1,2,test/tomo/backends/scikit_test.py
28420571,10,10,20,test/trafos/fourier_test.py
28420571,2,2,4,odl/deform/linearized.py
28420571,26,26,52,odl/discr/diff_ops.py
28420571,1,1,2,odl/discr/discretization.py
28420571,1,1,2,odl/discr/lp_discr.py
28420571,6,6,12,odl/discr/tensor_ops.py
28420571,31,30,61,odl/operator/default_ops.py
28420571,29,28,57,odl/operator/operator.py
28420571,1,1,2,odl/operator/oputils.py
28420571,17,17,34,odl/operator/pspace_ops.py
28420571,8,8,16,odl/phantom/geometric.py
28420571,2,1,3,odl/phantom/misc_phantoms.py
28420571,1,1,2,odl/solvers/advanced/chambolle_pock.py
28420571,1,1,2,odl/solvers/advanced/proximal_operators.py
28420571,3,3,6,odl/solvers/findroot/newton.py
28420571,8,8,16,odl/solvers/iterative/iterative.py
28420571,1,1,2,odl/solvers/scalar/gradient.py
28420571,10,10,20,odl/solvers/scalar/steplen.py
28420571,1,1,2,odl/solvers/vector/newton.py
28420571,1,1,2,odl/space/fspace.py
28420571,1,1,2,odl/space/npy_ntuples.py
28420571,2,2,4,odl/tomo/backends/astra_cpu.py
28420571,2,2,4,odl/tomo/backends/astra_cuda.py
28420571,11,11,22,odl/tomo/geometry/detector.py
28420571,9,9,18,odl/tomo/geometry/geometry.py
28420571,8,8,16,odl/tomo/operators/ray_trafo.py
28420571,9,9,18,odl/trafos/fourier.py
28420571,6,4,10,odl/trafos/wavelet.py
28420571,1,1,2,odl/deform/linearized.py
28420571,18,19,37,odl/discr/diff_ops.py
28420571,16,16,32,odl/discr/discr_mappings.py
28420571,3,3,6,odl/discr/discr_ops.py
28420571,13,12,25,odl/discr/discretization.py
28420571,28,28,56,odl/discr/grid.py
28420571,55,54,109,odl/discr/lp_discr.py
28420571,20,20,40,odl/discr/partition.py
28420571,11,10,21,odl/discr/tensor_ops.py
28420571,2,2,4,odl/operator/default_ops.py
28420571,7,8,15,odl/operator/operator.py
28420571,3,3,6,odl/operator/oputils.py
28420571,14,13,27,odl/operator/pspace_ops.py
28420571,4,4,8,odl/phantom/geometric.py
28420571,3,3,6,odl/phantom/misc_phantoms.py
28420571,1,1,2,odl/phantom/transmission.py
28420571,18,18,36,odl/set/domain.py
28420571,23,22,45,odl/set/sets.py
28420571,5,5,10,odl/set/space.py
28420571,4,4,8,odl/solvers/advanced/chambolle_pock.py
28420571,5,5,10,odl/solvers/advanced/douglas_rachford.py
28420571,4,4,8,odl/solvers/advanced/forward_backward.py
28420571,42,38,80,odl/solvers/advanced/proximal_operators.py
28420571,1,1,2,odl/solvers/iterative/iterative.py
28420571,1,1,2,odl/solvers/scalar/gradient.py
28420571,1,1,2,odl/solvers/scalar/steplen.py
28420571,3,3,6,odl/solvers/util/callback.py
28420571,18,18,36,odl/space/base_ntuples.py
28420571,2,2,4,odl/space/entry_points.py
28420571,29,29,58,odl/space/fspace.py
28420571,43,44,87,odl/space/npy_ntuples.py
28420571,19,17,36,odl/space/pspace.py
28420571,10,10,20,odl/space/space_utils.py
28420571,36,36,72,odl/space/weighting.py
28420571,8,6,14,odl/tomo/backends/astra_cpu.py
28420571,21,20,41,odl/tomo/backends/astra_cuda.py
28420571,13,13,26,odl/tomo/backends/astra_setup.py
28420571,6,6,12,odl/tomo/geometry/conebeam.py
28420571,6,6,12,odl/tomo/geometry/detector.py
28420571,4,4,8,odl/tomo/geometry/fanbeam.py
28420571,11,11,22,odl/tomo/geometry/geometry.py
28420571,15,15,30,odl/tomo/geometry/parallel.py
28420571,3,3,6,odl/tomo/geometry/spect.py
28420571,5,5,10,odl/tomo/operators/ray_trafo.py
28420571,8,8,16,odl/tomo/util/utility.py
28420571,81,81,162,odl/trafos/fourier.py
28420571,8,8,16,odl/trafos/wavelet.py
28420571,1,1,2,odl/util/graphics.py
28420571,4,4,8,odl/util/normalize.py
28420571,22,22,44,odl/util/numerics.py
28420571,4,4,8,odl/util/testutils.py
28420571,1,1,2,odl/util/ufuncs.py
28420571,12,12,24,odl/util/utility.py
28420571,6,6,12,odl/util/vectorization.py
28420571,3,2,5,odl/set/space.py
28420571,80,76,156,odl/space/base_ntuples.py
28420571,1,3,4,odl/set/__init__.py
28420571,159,166,325,odl/set/space.py
28420571,140,149,289,odl/set/domain.py
28420571,121,132,253,odl/set/sets.py
28420571,1,1,2,odl/diagnostics/operator.py
28420571,38,37,75,odl/discr/diff_ops.py
28420571,16,16,32,odl/discr/discr_mappings.py
28420571,14,14,28,odl/discr/discretization.py
28420571,36,36,72,odl/discr/grid.py
28420571,43,44,87,odl/discr/lp_discr.py
28420571,18,18,36,odl/discr/partition.py
28420571,8,8,16,odl/discr/tensor_ops.py
28420571,24,25,49,odl/operator/default_ops.py
28420571,39,39,78,odl/operator/operator.py
28420571,6,6,12,odl/operator/oputils.py
28420571,19,20,39,odl/operator/pspace_ops.py
28420571,38,39,77,odl/set/domain.py
28420571,35,35,70,odl/set/sets.py
28420571,8,8,16,odl/set/space.py
28420571,23,19,42,odl/solvers/advanced/chambolle_pock.py
28420571,39,39,78,odl/solvers/advanced/proximal_operators.py
28420571,8,8,16,odl/solvers/findroot/newton.py
28420571,18,18,36,odl/solvers/iterative/iterative.py
28420571,3,3,6,odl/solvers/scalar/gradient.py
28420571,31,29,60,odl/solvers/scalar/steplen.py
28420571,8,8,16,odl/solvers/util/callback.py
28420571,2,2,4,odl/solvers/vector/newton.py
28420571,31,31,62,odl/space/base_ntuples.py
28420571,31,31,62,odl/space/fspace.py
28420571,80,80,160,odl/space/npy_ntuples.py
28420571,40,40,80,odl/space/pspace.py
28420571,2,2,4,odl/space/space_utils.py
28420571,76,76,152,odl/space/weighting.py
28420571,4,4,8,odl/tomo/backends/astra_cpu.py
28420571,2,2,4,odl/tomo/backends/astra_cuda.py
28420571,11,11,22,odl/tomo/backends/astra_setup.py
28420571,2,2,4,odl/tomo/backends/stir_bindings.py
28420571,15,15,30,odl/tomo/geometry/conebeam.py
28420571,10,10,20,odl/tomo/geometry/detector.py
28420571,10,10,20,odl/tomo/geometry/fanbeam.py
28420571,16,16,32,odl/tomo/geometry/geometry.py
28420571,19,19,38,odl/tomo/geometry/parallel.py
28420571,4,4,8,odl/tomo/geometry/spect.py
28420571,2,2,4,odl/tomo/operators/ray_trafo.py
28420571,8,8,16,odl/tomo/util/utility.py
28420571,151,150,301,odl/trafos/fourier.py
28420571,21,21,42,odl/trafos/wavelet.py
28420571,5,5,10,odl/util/graphics.py
28420571,6,6,12,odl/util/normalize.py
28420571,15,15,30,odl/util/numerics.py
28420571,4,4,8,odl/util/testutils.py
28420571,1,1,2,odl/util/ufuncs.py
28420571,10,10,20,odl/util/utility.py
28420571,6,6,12,odl/util/vectorization.py
28420571,179,70,249,odl/operator/pspace_ops.py
28420571,28,21,49,odl/tomo/backends/astra_cpu.py
28420571,42,29,71,odl/tomo/backends/astra_cuda.py
28420571,17,9,26,odl/tomo/backends/astra_setup.py
28420571,5,6,11,odl/tomo/operators/ray_trafo.py
28420571,13,6,19,test/largescale/tomo/ray_transform_slow_test.py
28420571,18,16,34,test/tomo/operators/ray_trafo_test.py
28420571,84,1,85,odl/util/utility.py
28420571,2,1,3,odl/phantom/emission.py
28420571,326,4,330,odl/phantom/geometric.py
28420571,1,284,285,odl/phantom/phantom_utils.py
28420571,53,12,65,odl/phantom/transmission.py
28420571,6,1,7,odl/solvers/advanced/chambolle_pock.py
28420571,6,2,8,odl/solvers/advanced/douglas_rachford.py
28420571,14,4,18,odl/solvers/advanced/forward_backward.py
28420571,355,248,603,odl/diagnostics/space.py
28420571,22,16,38,odl/diagnostics/operator.py
28420571,1,1,2,examples/solvers/chambolle_pock_deconvolve.py
28420571,1,1,2,examples/solvers/chambolle_pock_denoising.py
28420571,1,1,2,examples/solvers/chambolle_pock_tomography.py
28420571,1,1,2,examples/solvers/denoising_with_entropy_type_regularization.py
28420571,99,40,139,odl/operator/oputils.py
28420571,10,9,19,test/operator/oputils_test.py
28420571,6,6,12,odl/diagnostics/operator.py
28420571,4,5,9,odl/util/testutils.py
28420571,20,26,46,odl/diagnostics/operator.py
28420571,17,8,25,test/discr/lp_discr_test.py
28420571,62,44,106,odl/diagnostics/operator.py
28420571,3,3,6,odl/util/testutils.py
28420571,7,0,7,odl/discr/discretization.py
28420571,7,8,15,odl/operator/default_ops.py
28420571,17,16,33,odl/set/space.py
28420571,32,0,32,test/discr/lp_discr_test.py
28420571,47,36,83,odl/diagnostics/operator.py
28420571,6,3,9,odl/util/testutils.py
28420571,14,8,22,odl/diagnostics/operator.py
28420571,15,6,21,odl/discr/discr_ops.py
28420571,16,10,26,odl/util/numerics.py
28420571,147,109,256,test/discr/discr_ops_test.py
28420571,31,35,66,test/util/numerics_test.py
28420571,26,2,28,odl/util/testutils.py
28420571,12,7,19,odl/discr/lp_discr.py
28420571,14,11,25,examples/trafos/fourier_trafo.py
28420571,98,11,109,odl/discr/discr_ops.py
28420571,14,12,26,test/discr/discr_ops_test.py
28420571,2,1,3,test/discr/discr_ops_test.py
28420571,19,13,32,odl/discr/discr_ops.py
28420571,47,86,133,odl/discr/discr_ops.py
28420571,0,8,8,test/util/numerics_test.py
28420571,1,1,2,odl/util/normalize.py
28420571,10,15,25,odl/util/numerics.py
28420571,46,12,58,test/discr/discr_ops_test.py
28420571,135,56,191,odl/discr/discr_ops.py
28420571,4,0,4,odl/util/numerics.py
28420571,2,2,4,odl/discr/discr_ops.py
28420571,10,7,17,odl/util/numerics.py
28420571,167,18,185,test/util/numerics_test.py
28420571,0,4,4,odl/__init__.py
28420571,1,1,2,odl/discr/discr_ops.py
28420571,350,257,607,odl/util/numerics.py
28420571,78,40,118,test/util/numerics_test.py
28420571,13,2,15,odl/util/numerics.py
28420571,12,5,17,odl/discr/discr_ops.py
28420571,29,1,30,test/discr/discr_ops_test.py
28420571,2,1,3,conftest.py
28420571,252,31,283,odl/discr/discr_ops.py
28420571,153,0,153,test/discr/discr_ops_test.py
28420571,7,2,9,odl/util/numerics.py
28420571,114,1,115,test/util/numerics_test.py
28420571,5,2,7,odl/util/numerics.py
28420571,107,27,134,odl/util/numerics.py
28420571,317,1,318,odl/util/numerics.py
28420571,25,13,38,odl/util/normalize.py
28420571,1,1,2,odl/operator/operator.py
28420571,31,21,52,test/operator/operator_test.py
28420571,1,1,2,odl/tomo/backends/scikit_radon.py
28420571,5,1,6,test/tomo/operators/ray_trafo_test.py
28420571,2,2,4,odl/deform/linearized.py
28420571,97,97,194,odl/discr/diff_ops.py
28420571,32,29,61,odl/trafos/wavelet.py
28420571,57,60,117,test/discr/diff_ops_test.py
28420571,9,0,9,doc/source/conf.py
28420571,2,2,4,odl/solvers/advanced/forward_backward.py
28420571,6,6,12,odl/discr/tensor_ops.py
28420571,5,1,6,odl/operator/default_ops.py
28420571,6,6,12,odl/set/space.py
28420571,3,3,6,odl/solvers/advanced/proximal_operators.py
28420571,1,1,2,test/space/ntuples_test.py
28420571,1,1,2,odl/util/testutils.py
28420571,1,1,2,odl/__init__.py
28420571,1,1,2,setup.py
28420571,3,3,6,odl/operator/oputils.py
28420571,8,12,20,examples/solvers/proximal_lang_poisson.py
28420571,9,13,22,examples/solvers/proximal_lang_tomography.py
28420571,1,1,2,odl/operator/operator.py
28420571,6,4,10,odl/operator/oputils.py
28420571,3,3,6,examples/solvers/proximal_lang_poisson.py
28420571,2,2,4,examples/solvers/proximal_lang_tomography.py
28420571,67,0,67,examples/solvers/proximal_lang_poisson.py
28420571,93,0,93,examples/solvers/proximal_lang_tomography.py
28420571,47,1,48,odl/operator/oputils.py
28420571,2,1,3,setup.py
28420571,4,4,8,examples/deform/linearized_fixed_displacement.py
28420571,6,5,11,examples/deform/linearized_fixed_template.py
28420571,37,28,65,odl/deform/linearized.py
28420571,50,30,80,test/deform/linearized_deform_test.py
28420571,28,16,44,odl/deform/linearized.py
28420571,2,3,5,odl/discr/lp_discr.py
28420571,39,29,68,examples/deform/linearized_fixed_displacement.py
28420571,45,39,84,examples/deform/linearized_fixed_template.py
28420571,139,130,269,odl/deform/linearized.py
28420571,5,5,10,odl/discr/lp_discr.py
28420571,26,31,57,test/deform/linearized_deform_test.py
28420571,0,1,1,odl/deform/__init__.py
28420571,6,6,12,examples/deform/linearized_fixed_displacement.py
28420571,4,4,8,examples/deform/linearized_fixed_template.py
28420571,76,55,131,odl/deform/linearized.py
28420571,4,4,8,odl/discr/lp_discr.py
28420571,13,8,21,test/deform/linearized_deform_test.py
28420571,87,26,113,odl/deform/linearized.py
28420571,60,6,66,test/deform/linearized_deform_test.py
28420571,38,12,50,odl/deform/linearized.py
28420571,6,3,9,odl/discr/discr_mappings.py
28420571,5,4,9,odl/discr/lp_discr.py
28420571,115,101,216,test/deform/linearized_deform_test.py
28420571,22,7,29,odl/discr/lp_discr.py
28420571,3,0,3,odl/space/fspace.py
28420571,8,5,13,odl/tomo/backends/astra_cpu.py
28420571,95,82,177,test/deform/linearized_deform_test.py
28420571,15,225,240,odl/deform/linearized.py
28420571,44,102,146,test/deform/linearized_deform_test.py
28420571,72,0,72,examples/deform/linearized_fixed_displacement.py
28420571,84,0,84,examples/deform/linearized_fixed_template.py
28420571,2,1,3,odl/__init__.py
28420571,28,0,28,odl/deform/__init__.py
28420571,448,0,448,odl/deform/linearized.py
28420571,289,0,289,test/deform/linearized_deform_test.py
28420571,3,3,6,examples/diagnostics/diagonstics_space.py
28420571,3,3,6,examples/operator/simple_operator.py
28420571,1,1,2,examples/solvers/chambolle_pock_deconvolve.py
28420571,1,1,2,examples/solvers/chambolle_pock_tomography.py
28420571,4,4,8,examples/solvers/conjugate_gradient_tomography.py
28420571,2,2,4,examples/space/simple_rn.py
28420571,1,1,2,examples/visualization/show_ntuple.py
28420571,3,3,6,test/test_examples.py
28420571,3,0,3,conftest.py
28420571,67,0,67,test/test_examples.py
28420571,2,1,3,odl/operator/oputils.py
28420571,1,1,2,odl/__init__.py
28420571,1,1,2,setup.py
28420571,4,4,8,odl/solvers/advanced/chambolle_pock.py
28420571,5,0,5,odl/solvers/findroot/newton.py
28420571,17,1,18,odl/solvers/iterative/iterative.py
28420571,4,0,4,odl/solvers/scalar/gradient.py
28420571,6,2,8,odl/solvers/vector/newton.py
28420571,1,1,2,odl/discr/discr_mappings.py
28420571,2,2,4,odl/operator/default_ops.py
28420571,5,5,10,odl/operator/operator.py
28420571,1,1,2,odl/solvers/advanced/chambolle_pock.py
28420571,1,1,2,odl/solvers/advanced/douglas_rachford.py
28420571,1,1,2,odl/solvers/advanced/forward_backward.py
28420571,1,1,2,odl/solvers/iterative/iterative.py
28420571,1,1,2,odl/solvers/scalar/gradient.py
28420571,2,2,4,odl/space/fspace.py
28420571,3,3,6,odl/trafos/fourier.py
28420571,4,4,8,test/discr/lp_discr_test.py
28420571,2,2,4,test/operator/operator_test.py
28420571,2,2,4,test/space/fspace_test.py
28420571,3,3,6,test/space/ntuples_test.py
28420571,1,1,2,test/space/pspace_test.py
28420571,4,4,8,test/tomo/operators/ray_trafo_test.py
28420571,5,5,10,test/trafos/fourier_test.py
28420571,2,2,4,test/util/vectorization_test.py
28420571,13,2,15,test/tomo/operators/ray_trafo_test.py
28420571,1,2,3,examples/solvers/forward_backward_primal_dual_denoising.py
28420571,5,5,10,odl/solvers/advanced/forward_backward.py
28420571,2,2,4,test/solvers/advanced/forward_backward_test.py
28420571,30,19,49,odl/solvers/advanced/forward_backward.py
28420571,13,18,31,test/solvers/advanced/forward_backward_test.py
28420571,21,21,42,examples/solvers/forward_backward_primal_dual_denoising.py
28420571,39,34,73,odl/solvers/advanced/forward_backward.py
28420571,75,29,104,test/solvers/advanced/forward_backward_test.py
28420571,12,5,17,examples/solvers/forward_backward_primal_dual_denoising.py
28420571,45,42,87,odl/solvers/advanced/forward_backward.py
28420571,78,22,100,test/solvers/advanced/forward_backward_test.py
28420571,125,0,125,test/solvers/advanced/forward_backward_test.py
28420571,69,0,69,examples/solvers/forward_backward_primal_dual_denoising.py
28420571,3,0,3,odl/solvers/advanced/__init__.py
28420571,165,0,165,odl/solvers/advanced/forward_backward.py
28420571,38,14,52,odl/operator/oputils.py
28420571,35,3,38,test/operator/oputils_test.py
28420571,66,0,66,odl/space/base_ntuples.py
28420571,2,2,4,test/solvers/advanced/douglas_rachford_test.py
28420571,40,1,41,test/space/ntuples_test.py
28420571,21,12,33,examples/trafos/fourier_trafo.py
28420571,0,3,3,odl/diagnostics/__init__.py
28420571,0,6,6,odl/discr/__init__.py
28420571,0,4,4,odl/operator/__init__.py
28420571,1,1,2,odl/operator/pspace_ops.py
28420571,1,1,2,odl/phantom/__init__.py
28420571,0,3,3,odl/set/__init__.py
28420571,0,7,7,odl/solvers/__init__.py
28420571,0,3,3,odl/solvers/advanced/__init__.py
28420571,0,1,1,odl/solvers/findroot/__init__.py
28420571,0,1,1,odl/solvers/iterative/__init__.py
28420571,0,3,3,odl/solvers/scalar/__init__.py
28420571,0,1,1,odl/solvers/util/__init__.py
28420571,0,1,1,odl/solvers/vector/__init__.py
28420571,1,6,7,odl/space/__init__.py
28420571,0,3,3,odl/tomo/__init__.py
28420571,1,5,6,odl/tomo/backends/__init__.py
28420571,0,5,5,odl/tomo/geometry/__init__.py
28420571,0,1,1,odl/tomo/operators/__init__.py
28420571,0,6,6,odl/trafos/__init__.py
28420571,1,1,2,odl/util/__init__.py
28420571,1,1,2,test/solvers/advanced/douglas_rachford_test.py
28420571,1,1,2,odl/diagnostics/space.py
28420571,1,1,2,odl/discr/diff_ops.py
28420571,2,2,4,odl/discr/discr_mappings.py
28420571,1,1,2,odl/discr/discr_ops.py
28420571,1,2,3,odl/discr/grid.py
28420571,1,2,3,odl/discr/lp_discr.py
28420571,1,1,2,odl/discr/partition.py
28420571,3,4,7,odl/discr/tensor_ops.py
28420571,2,3,5,odl/operator/default_ops.py
28420571,2,3,5,odl/operator/operator.py
28420571,1,1,2,odl/operator/oputils.py
28420571,2,2,4,odl/operator/pspace_ops.py
28420571,1,1,2,odl/set/domain.py
28420571,1,1,2,odl/set/space.py
28420571,1,1,2,odl/solvers/advanced/chambolle_pock.py
28420571,4,6,10,odl/solvers/advanced/proximal_operators.py
28420571,1,1,2,odl/solvers/findroot/newton.py
28420571,1,2,3,odl/solvers/iterative/iterative.py
28420571,2,2,4,odl/space/base_ntuples.py
28420571,2,2,4,odl/space/fspace.py
28420571,3,5,8,odl/space/npy_ntuples.py
28420571,1,1,2,odl/space/pspace.py
28420571,1,1,2,odl/tomo/backends/astra_cpu.py
28420571,1,1,2,odl/tomo/backends/astra_cuda.py
28420571,1,1,2,odl/tomo/backends/astra_setup.py
28420571,2,2,4,odl/tomo/backends/stir_bindings.py
28420571,1,1,2,odl/tomo/geometry/detector.py
28420571,1,1,2,odl/tomo/geometry/geometry.py
28420571,3,3,6,odl/tomo/operators/ray_trafo.py
28420571,1,1,2,odl/trafos/fourier.py
28420571,2,2,4,odl/trafos/wavelet.py
28420571,2,2,4,test/solvers/advanced/douglas_rachford_test.py
28420571,7,9,16,examples/solvers/denoising_with_entropy_type_regularization.py
28420571,16,16,32,odl/phantom/geometric.py
28420571,4,5,9,test/discr/diff_ops_test.py
28420571,5,5,10,test/solvers/advanced/chambolle_pock_test.py
28420571,2,2,4,test/solvers/advanced/douglas_rachford_test.py
28420571,67,49,116,odl/solvers/advanced/chambolle_pock.py
28420571,4,0,4,odl/solvers/advanced/douglas_rachford.py
28420571,91,39,130,odl/operator/default_ops.py
28420571,367,189,556,odl/operator/operator.py
28420571,14,14,28,odl/operator/pspace_ops.py
28420571,8,14,22,odl/operator/operator.py
28420571,1,4,5,odl/space/fspace.py
28420571,22,14,36,odl/discr/discr_mappings.py
28420571,12,12,24,odl/discr/discretization.py
28420571,24,14,38,odl/discr/grid.py
28420571,14,14,28,odl/discr/lp_discr.py
28420571,7,8,15,odl/discr/partition.py
28420571,4,4,8,odl/discr/tensor_ops.py
28420571,2,0,2,odl/operator/operator.py
28420571,23,13,36,odl/set/domain.py
28420571,4,4,8,odl/set/sets.py
28420571,2,2,4,odl/set/space.py
28420571,3,3,6,odl/space/base_ntuples.py
28420571,0,1449,1449,odl/space/cu_ntuples.py
28420571,10,10,20,odl/space/fspace.py
28420571,4,4,8,odl/space/npy_ntuples.py
28420571,1,1,2,odl/space/pspace.py
28420571,28,23,51,odl/space/weighting.py
28420571,8,8,16,odl/tomo/operators/ray_trafo.py
28420571,3,3,6,odl/trafos/fourier.py
28420571,2,15,17,odl/discr/lp_discr.py
28420571,2,2,4,odl/set/space.py
28420571,47,27,74,odl/space/base_ntuples.py
28420571,1449,0,1449,odl/space/cu_ntuples.py
28420571,41,21,62,odl/space/fspace.py
28420571,2,2,4,odl/space/npy_ntuples.py
28420571,12,12,24,odl/space/pspace.py
28420571,4,4,8,test/discr/lp_discr_test.py
28420571,4,4,8,test/space/fspace_test.py
28420571,4,4,8,test/space/ntuples_test.py
28420571,103,45,148,odl/discr/tensor_ops.py
28420571,8,8,16,odl/operator/operator.py
28420571,538,298,836,odl/trafos/fourier.py
28420571,1,1,2,odl/operator/default_ops.py
28420571,4,4,8,odl/operator/operator.py
28420571,2,2,4,odl/operator/pspace_ops.py
28420571,1,1,2,odl/diagnostics/operator.py
28420571,2,2,4,odl/discr/diff_ops.py
28420571,18,9,27,odl/discr/discretization.py
28420571,12,2,14,odl/discr/tensor_ops.py
28420571,23,13,36,odl/operator/default_ops.py
28420571,29,9,38,odl/operator/operator.py
28420571,10,13,23,odl/operator/pspace_ops.py
28420571,6,1,7,odl/space/npy_ntuples.py
28420571,12,2,14,odl/tomo/operators/ray_trafo.py
28420571,12,2,14,odl/trafos/fourier.py
28420571,48,4,52,odl/trafos/wavelet.py
28420571,4,4,8,odl/discr/diff_ops.py
28420571,1,1,2,odl/discr/discr_ops.py
28420571,1,1,2,odl/discr/grid.py
28420571,8,8,16,odl/operator/default_ops.py
28420571,2,2,4,odl/operator/pspace_ops.py
28420571,2,2,4,odl/set/space.py
28420571,5,5,10,odl/solvers/advanced/proximal_operators.py
28420571,6,6,12,odl/solvers/util/callback.py
28420571,30,28,58,odl/operator/default_ops.py
28420571,26,7,33,odl/operator/default_ops.py
28420571,102,1,103,odl/operator/default_ops.py
28420571,92,1,93,odl/operator/default_ops.py
28420571,1,1,2,odl/solvers/advanced/douglas_rachford.py
28420571,5,5,10,examples/solvers/douglas_rachford_primal_dual_heron.py
28420571,1,1,2,examples/solvers/douglas_rachford_primal_dual_mri.py
28420571,35,16,51,odl/solvers/advanced/douglas_rachford.py
28420571,90,4,94,test/solvers/advanced/douglas_rachford_test.py
28420571,1,1,2,odl/diagnostics/space.py
28420571,8,8,16,odl/discr/diff_ops.py
28420571,2,2,4,odl/discr/discr_ops.py
28420571,3,3,6,odl/discr/grid.py
28420571,1,1,2,odl/discr/lp_discr.py
28420571,1,1,2,odl/discr/partition.py
28420571,9,9,18,odl/operator/default_ops.py
28420571,2,2,4,odl/operator/operator.py
28420571,4,4,8,odl/operator/pspace_ops.py
28420571,2,2,4,odl/phantom/phantom_utils.py
28420571,1,3,4,odl/phantom/transmission.py
28420571,3,3,6,odl/set/domain.py
28420571,2,2,4,odl/set/space.py
28420571,2,2,4,odl/solvers/advanced/proximal_operators.py
28420571,1,4,5,odl/solvers/scalar/steplen.py
28420571,2,2,4,odl/space/fspace.py
28420571,6,6,12,odl/tomo/backends/scikit_radon.py
28420571,4,4,8,odl/tomo/backends/stir_bindings.py
28420571,2,2,4,odl/tomo/geometry/geometry.py
28420571,5,5,10,odl/discr/discretization.py
28420571,7,7,14,odl/discr/grid.py
28420571,3,3,6,odl/discr/lp_discr.py
28420571,3,3,6,odl/discr/partition.py
28420571,1,1,2,odl/discr/tensor_ops.py
28420571,6,6,12,odl/operator/default_ops.py
28420571,13,13,26,odl/operator/operator.py
28420571,6,6,12,odl/operator/pspace_ops.py
28420571,13,13,26,odl/set/domain.py
28420571,10,10,20,odl/set/sets.py
28420571,1,1,2,odl/set/space.py
28420571,1,1,2,odl/solvers/iterative/iterative.py
28420571,2,2,4,odl/solvers/util/callback.py
28420571,7,7,14,odl/space/base_ntuples.py
28420571,11,11,22,odl/space/fspace.py
28420571,10,10,20,odl/space/npy_ntuples.py
28420571,3,3,6,odl/space/pspace.py
28420571,1,1,2,odl/space/space_utils.py
28420571,1,1,2,odl/tomo/backends/stir_bindings.py
28420571,1,1,2,odl/tomo/geometry/conebeam.py
28420571,9,9,18,odl/tomo/geometry/detector.py
28420571,1,1,2,odl/tomo/geometry/fanbeam.py
28420571,7,7,14,odl/tomo/geometry/geometry.py
28420571,3,3,6,odl/tomo/geometry/parallel.py
28420571,2,2,4,odl/tomo/operators/ray_trafo.py
28420571,1,1,2,odl/trafos/fourier.py
28420571,4,4,8,odl/trafos/wavelet.py
28420571,1,1,2,odl/util/utility.py
28420571,1,1,2,odl/discr/diff_ops.py
28420571,2,2,4,odl/set/sets.py
28420571,1,1,2,odl/solvers/advanced/chambolle_pock.py
28420571,1,1,2,odl/solvers/advanced/proximal_operators.py
28420571,2,2,4,odl/solvers/scalar/steplen.py
28420571,2,2,4,odl/tomo/geometry/conebeam.py
28420571,1,1,2,odl/tomo/geometry/fanbeam.py
28420571,1,1,2,odl/trafos/wavelet.py
28420571,14,10,24,odl/solvers/advanced/douglas_rachford.py
28420571,9,2,11,test/solvers/advanced/douglas_rachford_test.py
28420571,4,3,7,odl/discr/partition.py
28420571,3,3,6,odl/util/graphics.py
28420571,1,1,2,odl/discr/discretization.py
28420571,2,2,4,odl/discr/lp_discr.py
28420571,1,1,2,odl/operator/operator.py
28420571,10,3,13,odl/set/domain.py
28420571,1,1,2,odl/discr/discretization.py
28420571,8,9,17,odl/discr/lp_discr.py
28420571,6,7,13,examples/solvers/douglas_rachford_primal_dual_deconvolve.py
28420571,18,3,21,examples/solvers/douglas_rachford_primal_dual_heron.py
28420571,30,14,44,odl/solvers/advanced/douglas_rachford.py
28420571,18,18,36,examples/solvers/douglas_rachford_primal_dual_deconvolve.py
28420571,21,20,41,examples/solvers/douglas_rachford_primal_dual_heron.py
28420571,3,3,6,odl/solvers/advanced/__init__.py
28420571,72,0,72,examples/solvers/douglas_rachford_primal_dual_deconvolve.py
28420571,77,0,77,examples/solvers/douglas_rachford_primal_dual_heron.py
28420571,7,3,10,odl/solvers/advanced/__init__.py
28420571,159,0,159,odl/solvers/advanced/douglas_rachford_primal_dual.py
28420571,10,2,12,odl/solvers/advanced/proximal_operators.py
28420571,57,0,57,test/solvers/advanced/douglas_rachford_primal_dual_test.py
28420571,5,0,5,odl/discr/grid.py
28420571,2,2,4,odl/discr/lp_discr.py
28420571,35,0,35,odl/discr/partition.py
28420571,8,3,11,odl/util/graphics.py
28420571,23,21,44,odl/space/fspace.py
28420571,10,0,10,test/discr/lp_discr_test.py
28420571,15,4,19,odl/discr/lp_discr.py
28420571,9,0,9,test/discr/lp_discr_test.py
28420571,2,2,4,odl/discr/diff_ops.py
28420571,2,2,4,odl/discr/discr_mappings.py
28420571,9,15,24,odl/discr/discretization.py
28420571,6,1,7,odl/discr/lp_discr.py
28420571,2,2,4,odl/set/space.py
28420571,33,7,40,odl/space/base_ntuples.py
28420571,8,2,10,odl/space/entry_points.py
28420571,20,21,41,odl/space/npy_ntuples.py
28420571,12,19,31,odl/space/space_utils.py
28420571,16,3,19,conftest.py
28420571,5,6,11,examples/diagnostics/diagonstics_space.py
28420571,0,82,82,examples/space/cudaspace_speedtest.py
28420571,13,13,26,examples/space/simple_rn.py
28420571,1,1,2,odl/__init__.py
28420571,2,2,4,odl/diagnostics/space.py
28420571,13,13,26,odl/discr/discr_mappings.py
28420571,17,28,45,odl/discr/discretization.py
28420571,23,46,69,odl/discr/lp_discr.py
28420571,45,45,90,odl/operator/default_ops.py
28420571,33,33,66,odl/operator/operator.py
28420571,5,5,10,odl/operator/oputils.py
28420571,49,49,98,odl/operator/pspace_ops.py
28420571,4,4,8,odl/set/space.py
28420571,1,1,2,odl/solvers/util/callback.py
28420571,7,7,14,odl/space/__init__.py
28420571,18,20,38,odl/space/base_ntuples.py
28420571,0,1449,1449,odl/space/cu_ntuples.py
28420571,55,0,55,odl/space/entry_points.py
28420571,7,7,14,odl/space/fspace.py
28420571,28,28,56,odl/space/pspace.py
28420571,175,39,214,odl/space/space_utils.py
28420571,14,13,27,odl/tomo/backends/astra_cpu.py
28420571,1,2,3,odl/tomo/backends/astra_setup.py
28420571,19,32,51,odl/trafos/fourier.py
28420571,0,2,2,odl/util/normalize.py
28420571,1,7,8,odl/util/testutils.py
28420571,8,55,63,odl/util/ufuncs.py
28420571,20,2,22,odl/util/utility.py
28420571,1,4,5,setup.py
28420571,14,24,38,test/discr/diff_ops_test.py
28420571,10,24,34,test/discr/discr_mappings_test.py
28420571,0,92,92,test/discr/discretization_test.py
28420571,68,112,180,test/discr/lp_discr_test.py
28420571,2,2,4,test/discr/tensor_ops_test.py
28420571,11,38,49,test/largescale/space/fn_base_slow_test.py
28420571,0,201,201,test/operator/difference_test_cuda.py
28420571,16,16,32,test/operator/operator_test.py
28420571,22,22,44,test/operator/oputils_test.py
28420571,11,11,22,test/operator/pspace_ops_test.py
28420571,2,2,4,test/solvers/vector/newton_test.py
28420571,0,1074,1074,test/space/cu_ntuples_test.py
28420571,207,205,412,test/space/ntuples_test.py
28420571,33,33,66,test/space/pspace_test.py
28420571,10,58,68,test/space/space_utils_test.py
28420571,3,3,6,test/system/import_test.py
28420571,6,7,13,test/trafos/fourier_test.py
28420571,1,1,2,examples/solvers/chambolle_pock_deconvolve.py
28420571,2,2,4,examples/solvers/chambolle_pock_tomography.py
28420571,2,2,4,examples/solvers/conjugate_gradient_tomography.py
28420571,1,1,2,examples/tomo/filtered_backprojection_parallel_2d.py
28420571,1,1,2,examples/tomo/ray_trafo_circular_cone.py
28420571,1,1,2,examples/tomo/ray_trafo_fanflat.py
28420571,1,1,2,examples/tomo/ray_trafo_helical.py
28420571,1,1,2,examples/tomo/ray_trafo_parallel_2d.py
28420571,1,1,2,examples/tomo/ray_trafo_parallel_3d.py
28420571,1,1,2,examples/tomo/scikit_ray_trafo_parallel_2d.py
28420571,1,1,2,examples/tomo/stir_project.py
28420571,1,1,2,examples/tomo/stir_reconstruct.py
28420571,2,2,4,examples/trafos/fourier_trafo.py
28420571,1,1,2,examples/visualization/show_2d.py
28420571,1,1,2,examples/visualization/show_2d_complex.py
28420571,3,3,6,examples/visualization/show_productspace.py
28420571,1,1,2,examples/visualization/show_update_2d.py
28420571,3,2,5,odl/__init__.py
28420571,39,0,39,odl/phantom/__init__.py
28420571,151,0,151,odl/phantom/emission.py
28420571,194,0,194,odl/phantom/geometric.py
28420571,169,0,169,odl/phantom/misc_phantoms.py
28420571,49,0,49,odl/phantom/noise.py
28420571,327,0,327,odl/phantom/phantom_utils.py
28420571,120,0,120,odl/phantom/transmission.py
28420571,0,3,3,odl/util/__init__.py
28420571,0,715,715,odl/util/phantom.py
28420571,1,1,2,setup.py
28420571,3,4,7,test/discr/diff_ops_test.py
28420571,2,2,4,test/largescale/tomo/ray_transform_slow_test.py
28420571,1,1,2,test/largescale/tomo/stir_slow_test.py
28420571,2,2,4,test/tomo/backends/astra_cpu_test.py
28420571,5,5,10,test/tomo/backends/astra_cuda_test.py
28420571,1,1,2,test/tomo/backends/scikit_test.py
28420571,3,3,6,test/tomo/operators/ray_trafo_test.py
28420571,13,7,20,odl/discr/lp_discr.py
28420571,3,3,6,odl/discr/partition.py
28420571,10,10,20,odl/tomo/backends/astra_setup.py
28420571,1,1,2,odl/trafos/fourier.py
28420571,2,2,4,test/discr/partition_test.py
28420571,42,53,95,odl/discr/lp_discr.py
28420571,84,45,129,odl/discr/lp_discr.py
28420571,20,14,34,odl/discr/lp_discr.py
28420571,71,1,72,odl/util/normalize.py
28420571,216,3,219,odl/discr/lp_discr.py
28420571,146,0,146,test/discr/lp_discr_test.py
28420571,3,3,6,odl/trafos/fourier.py
28420571,3,3,6,test/trafos/fourier_test.py
28420571,80,5,85,odl/util/normalize.py
28420571,60,42,102,odl/trafos/fourier.py
28420571,16,11,27,test/trafos/fourier_test.py
28420571,3,5,8,odl/util/__init__.py
28420571,16,10,26,odl/util/normalize.py
28420571,153,0,153,test/util/normalize_test.py
28420571,79,2,81,odl/util/normalize.py
28420571,2,2,4,odl/discr/grid.py
28420571,1,1,2,odl/discr/partition.py
28420571,110,0,110,odl/util/normalize.py
28420571,0,76,76,odl/util/utility.py
28420571,13,10,23,odl/util/graphics.py
28420571,1,5,6,examples/solvers/chambolle_pock_denoising.py
28420571,0,2,2,examples/solvers/denoising_with_entropy_type_regularization.py
28420571,3,3,6,odl/diagnostics/operator.py
28420571,2,2,4,odl/diagnostics/space.py
28420571,26,25,51,odl/discr/diff_ops.py
28420571,41,37,78,odl/discr/discr_mappings.py
28420571,3,2,5,odl/discr/discr_ops.py
28420571,52,45,97,odl/discr/discretization.py
28420571,20,20,40,odl/discr/grid.py
28420571,38,37,75,odl/discr/lp_discr.py
28420571,7,7,14,odl/discr/partition.py
28420571,29,29,58,odl/discr/tensor_ops.py
28420571,10,10,20,odl/operator/default_ops.py
28420571,80,68,148,odl/operator/operator.py
28420571,7,7,14,odl/operator/oputils.py
28420571,20,19,39,odl/operator/pspace_ops.py
28420571,29,29,58,odl/set/domain.py
28420571,5,4,9,odl/set/sets.py
28420571,25,27,52,odl/set/space.py
28420571,12,14,26,odl/solvers/advanced/chambolle_pock.py
28420571,4,4,8,odl/solvers/advanced/proximal_operators.py
28420571,1,1,2,odl/solvers/iterative/iterative.py
28420571,3,3,6,odl/solvers/scalar/steplen.py
28420571,6,2,8,odl/solvers/util/callback.py
28420571,6,5,11,odl/space/base_ntuples.py
28420571,25,27,52,odl/space/cu_ntuples.py
28420571,36,35,71,odl/space/fspace.py
28420571,30,30,60,odl/space/ntuples.py
28420571,16,16,32,odl/space/pspace.py
28420571,4,4,8,odl/space/space_utils.py
28420571,15,15,30,odl/space/weighting.py
28420571,14,14,28,odl/tomo/backends/astra_cpu.py
28420571,11,11,22,odl/tomo/backends/astra_cuda.py
28420571,19,19,38,odl/tomo/backends/astra_setup.py
28420571,1,1,2,odl/tomo/backends/scikit_radon.py
28420571,4,4,8,odl/tomo/backends/stir_bindings.py
28420571,8,8,16,odl/tomo/geometry/conebeam.py
28420571,29,29,58,odl/tomo/geometry/detector.py
28420571,15,15,30,odl/tomo/geometry/fanbeam.py
28420571,9,9,18,odl/tomo/geometry/geometry.py
28420571,20,20,40,odl/tomo/geometry/parallel.py
28420571,3,3,6,odl/tomo/geometry/spect.py
28420571,26,26,52,odl/tomo/operators/ray_trafo.py
28420571,5,5,10,odl/tomo/util/utility.py
28420571,51,52,103,odl/trafos/fourier.py
28420571,11,11,22,odl/trafos/wavelet.py
28420571,4,4,8,odl/util/graphics.py
28420571,7,7,14,odl/util/numerics.py
28420571,6,6,12,odl/util/phantom.py
28420571,5,5,10,odl/util/testutils.py
28420571,7,7,14,odl/util/utility.py
28420571,1,3,4,test/largescale/solvers/advanced/proximal_operator_slow_test.py
28420571,0,1,1,test/set/sets_test.py
28420571,2,2,4,test/solvers/advanced/proximal_operator_test.py
28420571,1,1,2,odl/__init__.py
28420571,1,1,2,setup.py
28420571,7,1,8,doc/source/conf.py
28420571,1,1,2,doc/source/conf.py
28420571,1,1,2,doc/source/conf.py
28420571,2,2,4,setup.py
28420571,2,1,3,odl/util/graphics.py
28420571,18,0,18,test/tomo/operators/ray_trafo_test.py
28420571,42,6,48,odl/util/graphics.py
28420571,1,2,3,odl/tomo/backends/astra_setup.py
28420571,1,1,2,odl/tomo/backends/scikit_radon.py
28420571,1,1,2,test/set/domain_test.py
28420571,4,2,6,odl/discr/grid.py
28420571,13,9,22,odl/set/domain.py
28420571,193,65,258,odl/discr/partition.py
28420571,87,2,89,test/discr/partition_test.py
28420571,37,41,78,test/discr/partition_test.py
28420571,1,1,2,odl/discr/grid.py
28420571,13,13,26,odl/set/domain.py
28420571,1,1,2,test/set/domain_test.py
28420571,15,4,19,odl/discr/lp_discr.py
28420571,9,3,12,odl/space/fspace.py
28420571,20,0,20,test/discr/lp_discr_test.py
28420571,5,6,11,test/solvers/advanced/chambolle_pock_test.py
28420571,4,3,7,odl/discr/discretization.py
28420571,3,6,9,odl/discr/lp_discr.py
28420571,3,0,3,odl/set/space.py
28420571,2,3,5,odl/space/cu_ntuples.py
28420571,8,4,12,odl/space/fspace.py
28420571,8,5,13,odl/space/ntuples.py
28420571,3,0,3,odl/space/pspace.py
28420571,26,17,43,test/largescale/space/fn_base_slow_test.py
28420571,190,11,201,odl/solvers/advanced/proximal_operators.py
28420571,3,6,9,test/solvers/advanced/proximal_operator_test.py
28420571,172,0,172,test/solvers/advanced/proximal_utils_test.py
28420571,0,10,10,odl/discr/discretization.py
28420571,17,0,17,odl/discr/grid.py
28420571,17,0,17,odl/discr/partition.py
28420571,7,7,14,odl/space/base_ntuples.py
28420571,8,8,16,odl/space/pspace.py
28420571,3,3,6,odl/discr/discr_mappings.py
28420571,5,5,10,odl/operator/default_ops.py
28420571,10,17,27,odl/operator/operator.py
28420571,31,28,59,odl/operator/pspace_ops.py
28420571,3,3,6,odl/space/fspace.py
28420571,22,22,44,odl/space/ntuples.py
28420571,20,20,40,odl/tomo/backends/stir_bindings.py
28420571,73,68,141,odl/trafos/fourier.py
28420571,30,30,60,odl/trafos/wavelet.py
28420571,1,1,2,test/operator/pspace_ops_test.py
28420571,17,17,34,test/trafos/fourier_test.py
28420571,85,0,85,examples/solvers/conjugate_gradient_tomography.py
28420571,23,0,23,odl/operator/operator.py
28420571,1,1,2,odl/solvers/advanced/chambolle_pock.py
28420571,42,26,68,odl/solvers/util/callback.py
28420571,0,96,96,examples/convolution_test_cuda.py
28420571,1,1,2,examples/{ => operator}/simple_operator.py
28420571,0,88,88,examples/operator_test.py
28420571,0,49,49,examples/solver_examples.py
28420571,0,0,0,examples/{ => space}/cudaspace_speedtest.py
28420571,0,0,0,examples/{ => space}/simple_rn.py
28420571,1,1,2,examples/{ => space}/vectorization.py
28420571,0,75,75,examples/tomography.py
28420571,0,0,0,examples/{ => trafos}/fourier_trafo.py
28420571,0,0,0,examples/{ => visualization}/visualize_vector_examples.py
28420571,4,10,14,odl/discr/lp_discr.py
28420571,17,3,20,odl/space/fspace.py
28420571,4,4,8,examples/convolution_test.py
28420571,4,4,8,examples/convolution_test_cuda.py
28420571,4,4,8,examples/solvers/chambolle_pock_deconvolve.py
28420571,4,4,8,examples/solvers/chambolle_pock_denoising.py
28420571,4,4,8,examples/solvers/chambolle_pock_tomography.py
28420571,4,4,8,examples/solvers/denoising_with_entropy_type_regularization.py
28420571,9,10,19,odl/solvers/advanced/chambolle_pock.py
28420571,14,14,28,odl/solvers/findroot/newton.py
28420571,16,16,32,odl/solvers/iterative/iterative.py
28420571,4,4,8,odl/solvers/scalar/gradient.py
28420571,3,3,6,odl/solvers/util/__init__.py
28420571,4,4,8,odl/solvers/vector/newton.py
28420571,1,1,2,odl/util/graphics.py
28420571,3,3,6,test/solvers/advanced/chambolle_pock_test.py
28420571,3,3,6,odl/operator/pspace_ops.py
28420571,1,1,2,setup.py
28420571,1,1,2,odl/discr/grid.py
28420571,4,4,8,odl/discr/lp_discr.py
28420571,0,132,132,examples/solvers/chambolle_pock_preconditioner_denoising.py
28420571,2,47,49,odl/solvers/advanced/chambolle_pock.py
28420571,2,4,6,odl/discr/discretization.py
28420571,20,2,22,test/discr/lp_discr_test.py
28420571,3,2,5,odl/discr/discretization.py
28420571,38,3,41,odl/discr/lp_discr.py
28420571,8,30,38,test/discr/diff_ops_test.py
28420571,11,11,22,odl/discr/diff_ops.py
28420571,0,1,1,odl/discr/discr_ops.py
28420571,11,35,46,examples/solvers/chambolle_pock_deconvolve.py
28420571,14,42,56,examples/solvers/chambolle_pock_denoising.py
28420571,132,0,132,examples/solvers/chambolle_pock_preconditioner_denoising.py
28420571,8,5,13,examples/solvers/chambolle_pock_tomography.py
28420571,1,1,2,examples/solvers/denoising_with_entropy_type_regularization.py
28420571,2,0,2,odl/operator/__init__.py
28420571,134,19,153,odl/operator/pspace_ops.py
28420571,50,3,53,odl/solvers/advanced/chambolle_pock.py
28420571,3,28,31,odl/solvers/advanced/proximal_operators.py
28420571,42,10,52,odl/solvers/util/partial.py
28420571,1,1,2,examples/solvers/chambolle_pock_deconvolve.py
28420571,76,73,149,odl/solvers/advanced/proximal_operators.py
28420571,58,38,96,test/largescale/solvers/advanced/proximal_operator_slow_test.py
28420571,39,39,78,test/solvers/advanced/proximal_operator_test.py
28420571,5,5,10,test/space/fspace_test.py
28420571,15,9,24,odl/discr/discretization.py
28420571,15,10,25,odl/discr/lp_discr.py
28420571,54,0,54,test/discr/lp_discr_test.py
28420571,8,7,15,odl/discr/discr_ops.py
28420571,32,32,64,odl/discr/discretization.py
28420571,7,7,14,odl/discr/lp_discr.py
28420571,2,2,4,odl/util/phantom.py
28420571,44,37,81,odl/solvers/advanced/proximal_operators.py
28420571,28,4,32,odl/discr/diff_ops.py
28420571,31,45,76,test/discr/diff_ops_test.py
28420571,50,20,70,odl/discr/diff_ops.py
28420571,83,15,98,test/discr/diff_ops_test.py
28420571,138,12,150,odl/discr/diff_ops.py
28420571,134,161,295,test/discr/diff_ops_test.py
28420571,106,39,145,odl/discr/diff_ops.py
28420571,2,2,4,examples/solvers/chambolle_pock_deconvolve.py
28420571,2,2,4,examples/solvers/chambolle_pock_denoising.py
28420571,2,2,4,examples/solvers/chambolle_pock_tomography.py
28420571,2,2,4,examples/solvers/denoising_with_entropy_type_regularization.py
28420571,8,26,34,odl/solvers/advanced/proximal_operators.py
28420571,1,1,2,test/solvers/advanced/proximal_operator_test.py
28420571,4,3,7,examples/solvers/chambolle_pock_deconvolve.py
28420571,6,6,12,examples/solvers/chambolle_pock_denoising.py
28420571,3,2,5,examples/solvers/chambolle_pock_tomography.py
28420571,3,2,5,examples/solvers/denoising_with_entropy_type_regularization.py
28420571,31,8,39,odl/solvers/advanced/proximal_operators.py
28420571,19,25,44,test/solvers/advanced/proximal_operator_test.py
28420571,2,4,6,examples/solvers/chambolle_pock_deconvolve.py
28420571,7,9,16,examples/solvers/chambolle_pock_denoising.py
28420571,3,4,7,examples/solvers/chambolle_pock_tomography.py
28420571,2,4,6,examples/solvers/denoising_with_entropy_type_regularization.py
28420571,36,37,73,odl/solvers/advanced/proximal_operators.py
28420571,7,12,19,test/largescale/solvers/advanced/proximal_operator_slow_test.py
28420571,10,10,20,test/solvers/advanced/proximal_operator_test.py
28420571,2,2,4,odl/solvers/advanced/proximal_operators.py
28420571,8,8,16,test/solvers/advanced/proximal_operator_test.py
28420571,12,7,19,odl/util/testutils.py
28420571,1,0,1,test/largescale/tomo/stir_slow_test.py
28420571,12,9,21,examples/solvers/chambolle_pock_deconvolve.py
28420571,65,66,131,odl/solvers/advanced/proximal_operators.py
28420571,113,22,135,test/solvers/advanced/proximal_operator_test.py
28420571,0,2,2,test/tomo/backends/astra_setup_test.py
28420571,2,1,3,examples/solvers/chambolle_pock_deconvolve.py
28420571,3,2,5,examples/solvers/chambolle_pock_denoising.py
28420571,2,2,4,examples/solvers/chambolle_pock_tomography.py
28420571,1,1,2,test/largescale/solvers/advanced/proximal_operator_slow_test.py
28420571,147,9,156,odl/solvers/advanced/proximal_operators.py
28420571,49,12,61,test/largescale/solvers/advanced/proximal_operator_slow_test.py
28420571,5,67,72,test/solvers/advanced/proximal_operator_test.py
28420571,16,59,75,examples/solvers/chambolle_pock_deconvolve.py
28420571,1,1,2,examples/solvers/chambolle_pock_denoising.py
28420571,5,5,10,odl/solvers/advanced/chambolle_pock.py
28420571,336,73,409,odl/solvers/advanced/proximal_operators.py
28420571,3,3,6,odl/util/testutils.py
28420571,137,0,137,test/largescale/solvers/advanced/proximal_operator_slow_test.py
28420571,65,2,67,test/solvers/advanced/proximal_operator_test.py
28420571,88,25,113,odl/trafos/fourier.py
28420571,93,107,200,test/trafos/fourier_test.py
28420571,4,3,7,setup.py
28420571,10,2,12,test/discr/grid_test.py
28420571,9,0,9,test/discr/partition_test.py
28420571,10,1,11,odl/discr/grid.py
28420571,12,0,12,odl/discr/partition.py
28420571,17,68,85,odl/discr/grid.py
28420571,47,41,88,odl/discr/partition.py
28420571,76,0,76,odl/util/utility.py
28420571,38,0,38,test/discr/partition_test.py
28420571,48,18,66,odl/util/graphics.py
28420571,8,2,10,odl/tomo/backends/stir_bindings.py
28420571,3,0,3,odl/tomo/geometry/__init__.py
28420571,1,2,3,odl/tomo/geometry/parallel.py
28420571,84,0,84,odl/tomo/geometry/spect.py
28420571,54,0,54,test/tomo/geometry/spect_geometry_test.py
28420571,35,11,46,examples/solvers/chambolle_pock_deconvolve.py
28420571,42,14,56,examples/solvers/chambolle_pock_denoising.py
28420571,0,132,132,examples/solvers/chambolle_pock_preconditioner_denoising.py
28420571,5,8,13,examples/solvers/chambolle_pock_tomography.py
28420571,1,1,2,examples/solvers/denoising_with_entropy_type_regularization.py
28420571,0,2,2,odl/operator/__init__.py
28420571,19,134,153,odl/operator/pspace_ops.py
28420571,3,50,53,odl/solvers/advanced/chambolle_pock.py
28420571,28,3,31,odl/solvers/advanced/proximal_operators.py
28420571,10,42,52,odl/solvers/util/partial.py
28420571,1,1,2,examples/solvers/chambolle_pock_preconditioner_denoising.py
28420571,5,5,10,odl/operator/pspace_ops.py
28420571,36,10,46,odl/solvers/advanced/chambolle_pock.py
28420571,7,31,38,examples/solvers/chambolle_pock_deconvolve.py
28420571,7,31,38,examples/solvers/chambolle_pock_denoising.py
28420571,11,31,42,examples/solvers/chambolle_pock_preconditioner_denoising.py
28420571,5,2,7,examples/solvers/chambolle_pock_tomography.py
28420571,24,39,63,examples/solvers/chambolle_pock_preconditioner_denoising.py
28420571,31,4,35,odl/solvers/util/partial.py
28420571,33,9,42,odl/operator/operator.py
28420571,40,30,70,odl/discr/partition.py
28420571,126,134,260,odl/discr/grid.py
28420571,18,19,37,test/discr/grid_test.py
28420571,46,2,48,odl/discr/partition.py
28420571,1,1,2,examples/solvers/chambolle_pock_denoising.py
28420571,1,1,2,odl/solvers/scalar/steplen.py
28420571,15,28,43,examples/solvers/chambolle_pock_preconditioner_denoising.py
28420571,1,1,2,odl/solvers/advanced/chambolle_pock.py
28420571,6,3,9,odl/solvers/util/partial.py
28420571,1,1,2,odl/operator/__init__.py
28420571,4,4,8,examples/solvers/chambolle_pock_deconvolve.py
28420571,1,1,2,examples/solvers/chambolle_pock_denoising.py
28420571,3,4,7,examples/solvers/chambolle_pock_preconditioner_denoising.py
28420571,3,3,6,examples/solvers/chambolle_pock_tomography.py
28420571,1,1,2,examples/solvers/denoising_with_entropy_type_regularization.py
28420571,2,0,2,odl/operator/__init__.py
28420571,8,12,20,examples/solvers/chambolle_pock_denoising.py
28420571,181,0,181,examples/solvers/chambolle_pock_preconditioner_denoising.py
28420571,24,3,27,odl/solvers/advanced/chambolle_pock.py
28420571,5,3,8,odl/solvers/util/partial.py
28420571,134,19,153,odl/operator/pspace_ops.py
28420571,3,28,31,odl/solvers/advanced/proximal_operators.py
28420571,3,0,3,odl/discr/__init__.py
28420571,859,0,859,odl/discr/diff_ops.py
28420571,1,764,765,odl/discr/discr_ops.py
28420571,5,1,6,odl/discr/tensor_ops.py
28420571,4,5,9,test/discr/tensor_ops_test.py
28420571,5,5,10,odl/solvers/advanced/proximal_operators.py
28420571,3,3,6,odl/solvers/advanced/proximal_operators.py
28420571,1,3,4,test/solvers/advanced/proximal_operator_test.py
28420571,1,1,2,test/solvers/advanced/proximal_operator_test.py
28420571,34,0,34,odl/util/testutils.py
28420571,10,39,49,test/discr/lp_discr_test.py
28420571,8,38,46,test/largescale/space/fn_base_slow_test.py
28420571,0,28,28,test/largescale/trafos/fourier_slow_test.py
28420571,4,9,13,test/solvers/advanced/proximal_operator_test.py
28420571,41,73,114,test/space/cu_ntuples_test.py
28420571,54,82,136,test/space/ntuples_test.py
28420571,12,13,25,examples/solvers/chambolle_pock_deconvolve.py
28420571,12,10,22,examples/solvers/chambolle_pock_denoising.py
28420571,3,4,7,odl/solvers/advanced/proximal_operators.py
28420571,16,20,36,odl/set/space.py
28420571,110,0,110,test/discr/lp_discr_test.py
28420571,15,0,15,test/space/ntuples_test.py
28420571,36,1,37,test/space/ntuples_test.py
28420571,12,2,14,test/trafos/fourier_test.py
28420571,1,0,1,odl/util/testutils.py
28420571,2,1,3,odl/trafos/fourier.py
28420571,1,1,2,odl/trafos/fourier.py
28420571,3,0,3,odl/__init__.py
28420571,11,1,12,odl/util/testutils.py
28420571,21,0,21,conftest.py
28420571,7,1,8,odl/util/testutils.py
28420571,43,109,152,test/discr/lp_discr_test.py
28420571,49,19,68,test/largescale/space/fn_base_slow_test.py
28420571,8,4,12,test/largescale/tomo/ray_transform_slow_test.py
28420571,16,11,27,test/largescale/trafos/fourier_slow_test.py
28420571,20,34,54,test/space/cu_ntuples_test.py
28420571,38,17,55,test/space/ntuples_test.py
28420571,3,11,14,test/tomo/backends/astra_setup_test.py
28420571,7,7,14,odl/tomo/backends/astra_setup.py
28420571,1,1,2,odl/tomo/geometry/conebeam.py
28420571,1,1,2,odl/tomo/geometry/fanbeam.py
28420571,27,11,38,odl/tomo/geometry/parallel.py
28420571,14,6,20,test/tomo/geometry/geometry_test.py
28420571,2,2,4,odl/discr/grid.py
28420571,3,3,6,odl/discr/partition.py
28420571,8,5,13,odl/operator/default_ops.py
28420571,4,30,34,examples/solvers/chambolle_pock_tomography.py
28420571,3,4,7,odl/discr/grid.py
28420571,43,2,45,odl/discr/partition.py
28420571,12,0,12,test/tomo/geometry/geometry_test.py
28420571,5,0,5,odl/tomo/geometry/conebeam.py
28420571,5,0,5,odl/tomo/geometry/fanbeam.py
28420571,5,0,5,odl/tomo/geometry/parallel.py
28420571,6,0,6,test/tomo/geometry/geometry_test.py
28420571,8,6,14,odl/util/phantom.py
28420571,3,3,6,examples/tomo/filtered_backprojection_parallel_2d.py
28420571,1,1,2,odl/tomo/operators/ray_trafo.py
28420571,1,7,8,examples/tomo/scikit_ray_trafo_parallel_2d.py
28420571,2,1,3,odl/discr/discr_mappings.py
28420571,1,1,2,odl/discr/discretization.py
28420571,3,2,5,odl/discr/lp_discr.py
28420571,29,17,46,odl/tomo/backends/scikit_radon.py
28420571,2,2,4,odl/tomo/backends/stir_bindings.py
28420571,4,4,8,odl/tomo/operators/ray_trafo.py
28420571,3,0,3,odl/tomo/util/testutils.py
28420571,1,1,2,odl/util/testutils.py
28420571,39,26,65,test/largescale/tomo/ray_transform_slow_test.py
28420571,5,3,8,test/largescale/trafos/fourier_slow_test.py
28420571,55,25,80,test/tomo/operators/ray_trafo_test.py
28420571,6,5,11,odl/space/fspace.py
28420571,2,2,4,odl/tomo/backends/scikit_radon.py
28420571,1,1,2,test/discr/lp_discr_test.py
28420571,0,2,2,odl/tomo/backends/scikit_radon.py
28420571,32,32,64,examples/solvers/chambolle_pock_tomography.py
28420571,17,3,20,odl/tomo/backends/scikit_radon.py
28420571,3,0,3,odl/tomo/util/testutils.py
28420571,65,0,65,test/tomo/backends/scikit_test.py
28420571,17,15,32,test/tomo/operators/ray_trafo_test.py
28420571,2,8,10,examples/solvers/chambolle_pock_deconvolve.py
28420571,1,5,6,examples/solvers/chambolle_pock_denoising.py
28420571,149,0,149,examples/solvers/chambolle_pock_tomography.py
28420571,2,2,4,odl/solvers/advanced/proximal_operators.py
28420571,8,1,9,odl/util/phantom.py
28420571,58,0,58,examples/tomo/scikit_ray_trafo_parallel_2d.py
28420571,4,11,15,examples/visualize_vector_examples.py
28420571,31,18,49,odl/diagnostics/operator.py
28420571,7,4,11,odl/discr/discr_mappings.py
28420571,17,2,19,odl/discr/discretization.py
28420571,3,91,94,odl/discr/lp_discr.py
28420571,18,18,36,odl/operator/default_ops.py
28420571,4,1,5,odl/set/domain.py
28420571,2,1,3,odl/set/sets.py
28420571,117,22,139,odl/space/fspace.py
28420571,4,0,4,odl/tomo/backends/__init__.py
28420571,108,17,125,odl/tomo/backends/scikit_radon.py
28420571,44,14,58,odl/tomo/operators/ray_trafo.py
28420571,1,1,2,odl/util/vectorization.py
28420571,2,2,4,test/util/vectorization_test.py
28420571,127,13,140,odl/operator/default_ops.py
28420571,13,13,26,odl/diagnostics/operator.py
28420571,121,123,244,odl/diagnostics/space.py
28420571,10,3,13,odl/util/testutils.py
28420571,0,2,2,odl/__init__.py
28420571,11,165,176,odl/diagnostics/examples.py
28420571,18,14,32,odl/diagnostics/operator.py
28420571,22,21,43,odl/diagnostics/space.py
28420571,91,0,91,odl/discr/lp_discr.py
28420571,33,0,33,odl/set/sets.py
28420571,11,0,11,odl/set/space.py
28420571,20,0,20,odl/space/base_ntuples.py
28420571,9,0,9,odl/space/pspace.py
28420571,3,3,6,odl/discr/discr_mappings.py
28420571,16,1,17,test/discr/discr_mappings_test.py
28420571,3,2,5,odl/discr/discr_mappings.py
28420571,2,3,5,odl/space/cu_ntuples.py
28420571,2,3,5,odl/space/ntuples.py
28420571,1,1,2,odl/space/fspace.py
28420571,30,27,57,examples/tomo/filtered_backprojection_parallel_2d.py
28420571,2,0,2,odl/operator/operator.py
28420571,3,0,3,odl/space/fspace.py
28420571,17,16,33,odl/discr/tensor_ops.py
28420571,13,16,29,odl/discr/tensor_ops.py
28420571,0,4,4,test/space/cu_ntuples_test.py
28420571,1,8,9,test/space/ntuples_test.py
28420571,1,1,2,odl/space/pspace.py
28420571,1,1,2,odl/discr/tensor_ops.py
28420571,34,38,72,odl/discr/tensor_ops.py
28420571,58,0,58,odl/discr/tensor_ops.py
28420571,5,9,14,odl/discr/tensor_ops.py
28420571,1,1,2,odl/discr/tensor_ops.py
28420571,15,0,15,odl/discr/tensor_ops.py
28420571,33,2,35,odl/discr/tensor_ops.py
28420571,173,72,245,odl/discr/tensor_ops.py
28420571,98,8,106,test/discr/tensor_ops_test.py
28420571,3,0,3,odl/discr/__init__.py
28420571,409,0,409,odl/discr/tensor_ops.py
28420571,6,0,6,odl/space/pspace.py
28420571,344,0,344,test/discr/tensor_ops_test.py
28420571,1,0,1,odl/space/pspace.py
28420571,0,4,4,test/space/cu_ntuples_test.py
28420571,1,8,9,test/space/ntuples_test.py
28420571,82,0,82,examples/tomo/filtered_backprojection_parallel_2d.py
28420571,35,0,35,odl/tomo/backends/scikit_radon.py
28420571,2,2,4,odl/tomo/geometry/parallel.py
28420571,5,3,8,odl/tomo/operators/ray_trafo.py
28420571,27,5,32,odl/solvers/scalar/steplen.py
28420571,4,11,15,examples/visualize_vector_examples.py
28420571,6,6,12,odl/diagnostics/operator.py
28420571,13,0,13,odl/discr/discretization.py
28420571,0,91,91,odl/discr/lp_discr.py
28420571,18,18,36,odl/operator/default_ops.py
28420571,4,1,5,odl/set/domain.py
28420571,2,1,3,odl/set/sets.py
28420571,97,0,97,odl/space/fspace.py
28420571,1,1,2,odl/util/vectorization.py
28420571,2,2,4,test/util/vectorization_test.py
28420571,28,15,43,odl/diagnostics/operator.py
28420571,1,1,2,odl/operator/default_ops.py
28420571,127,13,140,odl/operator/default_ops.py
28420571,13,13,26,odl/diagnostics/operator.py
28420571,121,123,244,odl/diagnostics/space.py
28420571,10,3,13,odl/util/testutils.py
28420571,0,2,2,odl/__init__.py
28420571,11,165,176,odl/diagnostics/examples.py
28420571,18,14,32,odl/diagnostics/operator.py
28420571,22,21,43,odl/diagnostics/space.py
28420571,91,0,91,odl/discr/lp_discr.py
28420571,33,0,33,odl/set/sets.py
28420571,11,0,11,odl/set/space.py
28420571,20,0,20,odl/space/base_ntuples.py
28420571,9,0,9,odl/space/pspace.py
28420571,9,9,18,odl/discr/discr_mappings.py
28420571,7,7,14,odl/discr/discr_ops.py
28420571,86,84,170,odl/discr/discretization.py
28420571,12,12,24,odl/discr/lp_discr.py
28420571,3,3,6,test/discr/lp_discr_test.py
28420571,30,17,47,odl/set/space.py
28420571,122,1,123,odl/discr/discr_ops.py
28420571,1,1,2,odl/space/ntuples.py
28420571,4,2,6,test/space/cu_ntuples_test.py
28420571,17,9,26,test/space/ntuples_test.py
28420571,26,1,27,odl/space/fspace.py
28420571,29,41,70,odl/space/cu_ntuples.py
28420571,24,25,49,odl/space/ntuples.py
28420571,18,18,36,odl/space/pspace.py
28420571,39,52,91,odl/space/weighting.py
28420571,3,3,6,test/space/cu_ntuples_test.py
28420571,7,7,14,test/space/ntuples_test.py
28420571,5,4,9,examples/solvers/scipy_solvers.py
28420571,1,1,2,odl/operator/oputils.py
28420571,63,0,63,examples/solvers/scipy_solvers.py
28420571,65,0,65,odl/operator/oputils.py
28420571,1,1,2,conftest.py
28420571,0,1,1,odl/set/__init__.py
28420571,3,1,4,odl/space/weighting.py
28420571,3,2,5,odl/diagnostics/examples.py
28420571,1,1,2,odl/discr/discr_ops.py
28420571,1,0,1,odl/discr/discretization.py
28420571,4,4,8,odl/discr/lp_discr.py
28420571,5,6,11,odl/operator/__init__.py
28420571,1,1,2,odl/operator/default_ops.py
28420571,1,1,2,odl/operator/oputils.py
28420571,3,3,6,odl/operator/pspace_ops.py
28420571,5,8,13,odl/set/__init__.py
28420571,0,729,729,odl/set/pspace.py
28420571,1,1,2,odl/solvers/advanced/proximal_operators.py
28420571,10,4,14,odl/space/__init__.py
28420571,1,155,156,odl/space/base_ntuples.py
28420571,131,406,537,odl/space/cu_ntuples.py
28420571,235,683,918,odl/space/ntuples.py
28420571,1228,0,1228,odl/space/pspace.py
28420571,1045,0,1045,odl/space/weighting.py
28420571,0,1,1,odl/util/utility.py
28420571,1,1,2,test/operator/oputils_test.py
28420571,1,1,2,test/operator/pspace_ops_test.py
28420571,5,5,10,test/space/cu_ntuples_test.py
28420571,2,2,4,test/space/ntuples_test.py
28420571,179,32,211,test/{set => space}/pspace_test.py
28420571,5,0,5,odl/set/pspace.py
28420571,9,0,9,test/set/pspace_test.py
28420571,8,9,17,odl/set/domain.py
28420571,44,35,79,odl/set/pspace.py
28420571,6,6,12,odl/space/cu_ntuples.py
28420571,8,8,16,test/set/pspace_test.py
28420571,8,7,15,odl/diagnostics/examples.py
28420571,3,4,7,odl/diagnostics/operator.py
28420571,1,2,3,odl/diagnostics/space.py
28420571,3,5,8,odl/discr/discr_mappings.py
28420571,4,3,7,odl/discr/discr_ops.py
28420571,5,7,12,odl/discr/discretization.py
28420571,3,5,8,odl/discr/grid.py
28420571,4,5,9,odl/discr/lp_discr.py
28420571,3,5,8,odl/discr/partition.py
28420571,3,3,6,odl/operator/default_ops.py
28420571,5,6,11,odl/operator/operator.py
28420571,6,5,11,odl/operator/oputils.py
28420571,3,3,6,odl/operator/pspace_ops.py
28420571,5,8,13,odl/set/domain.py
28420571,3,4,7,odl/set/pspace.py
28420571,5,6,11,odl/set/sets.py
28420571,4,19,23,odl/set/space.py
28420571,4,4,8,odl/solvers/advanced/chambolle_pock.py
28420571,3,2,5,odl/solvers/advanced/proximal_operators.py
28420571,4,5,9,odl/solvers/findroot/newton.py
28420571,6,4,10,odl/solvers/iterative/iterative.py
28420571,4,2,6,odl/solvers/scalar/gradient.py
28420571,7,2,9,odl/solvers/scalar/steplen.py
28420571,5,5,10,odl/solvers/util/partial.py
28420571,5,3,8,odl/solvers/vector/newton.py
28420571,5,8,13,odl/space/base_ntuples.py
28420571,5,5,10,odl/space/cu_ntuples.py
28420571,5,5,10,odl/space/fspace.py
28420571,6,13,19,odl/space/ntuples.py
28420571,6,2,8,odl/space/space_utils.py
28420571,8,4,12,odl/tomo/backends/astra_cpu.py
28420571,9,6,15,odl/tomo/backends/astra_cuda.py
28420571,13,9,22,odl/tomo/backends/astra_setup.py
28420571,11,4,15,odl/tomo/backends/stir_bindings.py
28420571,8,5,13,odl/tomo/geometry/conebeam.py
28420571,10,5,15,odl/tomo/geometry/detector.py
28420571,7,3,10,odl/tomo/geometry/fanbeam.py
28420571,10,5,15,odl/tomo/geometry/geometry.py
28420571,8,4,12,odl/tomo/geometry/parallel.py
28420571,9,5,14,odl/tomo/operators/ray_trafo.py
28420571,2,3,5,odl/tomo/util/testutils.py
28420571,8,5,13,odl/tomo/util/utility.py
28420571,4,5,9,odl/trafos/fourier.py
28420571,4,4,8,odl/trafos/wavelet.py
28420571,5,3,8,odl/util/graphics.py
28420571,4,4,8,odl/util/numerics.py
28420571,6,0,6,odl/util/phantom.py
28420571,9,3,12,odl/util/testutils.py
28420571,0,2,2,odl/util/ufuncs.py
28420571,3,4,7,odl/util/utility.py
28420571,3,4,7,odl/util/vectorization.py
28420571,16,4,20,odl/tomo/geometry/conebeam.py
28420571,6,8,14,odl/operator/operator.py
28420571,1,1,2,odl/discr/lp_discr.py
28420571,98,12,110,odl/discr/lp_discr.py
28420571,1,1,2,odl/__init__.py
28420571,6,4,10,odl/discr/lp_discr.py
28420571,7,1,8,examples/visualization/show_2d.py
28420571,31,2,33,odl/discr/lp_discr.py
28420571,16,1,17,odl/discr/grid.py
28420571,80,3,83,odl/discr/grid.py
28420571,4,63,67,odl/discr/partition.py
28420571,1,1,2,odl/tomo/operators/ray_trafo.py
28420571,12,12,24,doc/gitwash_dumper.py
28420571,235,0,235,doc/gitwash_dumper.py
28420571,1,1,2,setup.py
28420571,11,14,25,setup.py
28420571,3,3,6,setup.py
28420571,3,0,3,doc/source/conf.py
28420571,2,2,4,odl/util/phantom.py
28420571,87,20,107,setup.py
28420571,2,2,4,odl/space/fspace.py
28420571,6,6,12,odl/trafos/fourier.py
28420571,2,2,4,odl/util/phantom.py
28420571,1,1,2,setup.py
28420571,1,1,2,setup.py
28420571,17,1,18,odl/space/fspace.py
28420571,11,0,11,test/space/fspace_test.py
28420571,2,2,4,odl/solvers/iterative/iterative.py
28420571,2,2,4,odl/discr/discretization.py
28420571,0,25,25,odl/discr/lp_discr.py
28420571,2,2,4,odl/trafos/fourier.py
28420571,24,0,24,odl/util/utility.py
28420571,1,2,3,test/trafos/fourier_test.py
28420571,10,4,14,odl/trafos/fourier.py
28420571,1,0,1,odl/discr/lp_discr.py
28420571,14,89,103,odl/discr/lp_discr.py
28420571,31,61,92,odl/space/base_ntuples.py
28420571,74,61,135,odl/space/fspace.py
28420571,2,2,4,odl/space/ntuples.py
28420571,18,13,31,test/discr/lp_discr_test.py
28420571,5,7,12,test/space/cu_ntuples_test.py
28420571,38,27,65,test/space/fspace_test.py
28420571,19,23,42,test/space/ntuples_test.py
28420571,20,14,34,odl/trafos/fourier.py
28420571,1,1,2,test/discr/lp_discr_test.py
28420571,4,5,9,test/discr/lp_discr_test.py
28420571,0,1,1,test/largescale/trafos/fourier_slow_test.py
28420571,1,1,2,odl/discr/lp_discr.py
28420571,1,1,2,test/largescale/trafos/fourier_slow_test.py
28420571,18,19,37,test/discr/lp_discr_test.py
28420571,2,3,5,test/largescale/trafos/fourier_slow_test.py
28420571,12,10,22,test/trafos/fourier_test.py
28420571,3,2,5,test/trafos/wavelet_test.py
28420571,10,0,10,odl/discr/discretization.py
28420571,65,39,104,odl/discr/lp_discr.py
28420571,26,23,49,odl/space/base_ntuples.py
28420571,42,12,54,odl/space/fspace.py
28420571,1,1,2,odl/space/cu_ntuples.py
28420571,2,1,3,odl/space/ntuples.py
28420571,309,81,390,odl/trafos/fourier.py
28420571,83,9,92,test/trafos/fourier_test.py
28420571,43,21,64,odl/trafos/fourier.py
28420571,1,2,3,test/largescale/trafos/fourier_slow_test.py
28420571,2,4,6,examples/fourier_trafo.py
28420571,72,15,87,odl/trafos/fourier.py
28420571,9,6,15,odl/trafos/fourier.py
28420571,4,4,8,odl/util/testutils.py
28420571,133,0,133,test/largescale/trafos/fourier_slow_test.py
28420571,6,15,21,odl/discr/discr_mappings.py
28420571,2,2,4,odl/discr/lp_discr.py
28420571,1,1,2,odl/set/domain.py
28420571,33,12,45,odl/space/fspace.py
28420571,4,7,11,odl/util/vectorization.py
28420571,2,1,3,test/util/vectorization_test.py
28420571,28,12,40,odl/trafos/fourier.py
28420571,20,5,25,odl/space/fspace.py
28420571,4,4,8,odl/discr/lp_discr.py
28420571,10,9,19,odl/trafos/fourier.py
28420571,30,30,60,test/trafos/fourier_test.py
28420571,2,4,6,odl/space/fspace.py
28420571,3,3,6,odl/operator/operator.py
28420571,0,5,5,odl/space/base_ntuples.py
28420571,6,6,12,odl/space/cu_ntuples.py
28420571,3,3,6,odl/space/fspace.py
28420571,4,9,13,odl/space/ntuples.py
28420571,6,16,22,odl/discr/discretization.py
28420571,100,33,133,odl/discr/lp_discr.py
28420571,1,1,2,odl/trafos/fourier.py
28420571,4,122,126,odl/util/utility.py
28420571,12,16,28,test/discr/discretization_test.py
28420571,22,1,23,test/discr/lp_discr_test.py
28420571,1,89,90,test/util/utility_test.py
28420571,62,1,63,odl/space/base_ntuples.py
28420571,122,5,127,odl/space/fspace.py
28420571,59,47,106,test/space/cu_ntuples_test.py
28420571,27,0,27,test/space/fspace_test.py
28420571,27,0,27,test/space/ntuples_test.py
28420571,38,6,44,test/trafos/fourier_test.py
28420571,31,20,51,odl/trafos/fourier.py
28420571,119,12,131,test/trafos/fourier_test.py
28420571,2,2,4,odl/discr/lp_discr.py
28420571,6,6,12,odl/discr/lp_discr.py
28420571,4,1,5,odl/discr/lp_discr.py
28420571,24,18,42,odl/discr/discretization.py
28420571,7,6,13,odl/discr/lp_discr.py
28420571,24,0,24,odl/space/cu_ntuples.py
28420571,28,0,28,odl/space/ntuples.py
28420571,1,1,2,odl/trafos/fourier.py
28420571,0,21,21,odl/util/utility.py
28420571,16,12,28,test/discr/discretization_test.py
28420571,2,2,4,odl/trafos/fourier.py
28420571,33,20,53,odl/util/numerics.py
28420571,9,2,11,test/trafos/fourier_test.py
28420571,31,19,50,test/util/numerics_test.py
28420571,64,25,89,odl/space/fspace.py
28420571,0,44,44,odl/util/utility.py
28420571,19,0,19,test/space/fspace_test.py
28420571,4,13,17,odl/discr/lp_discr.py
28420571,1,4,5,odl/space/ntuples.py
28420571,0,22,22,odl/util/utility.py
28420571,13,4,17,odl/discr/lp_discr.py
28420571,4,1,5,odl/space/ntuples.py
28420571,22,0,22,odl/util/utility.py
28420571,2,9,11,odl/trafos/fourier.py
28420571,31,15,46,test/trafos/fourier_test.py
28420571,455,131,586,odl/trafos/fourier.py
28420571,133,38,171,test/trafos/fourier_test.py
28420571,25,7,32,odl/trafos/fourier.py
28420571,74,23,97,odl/trafos/fourier.py
28420571,23,0,23,test/trafos/fourier_test.py
28420571,44,15,59,odl/trafos/fourier.py
28420571,43,0,43,odl/discr/lp_discr.py
28420571,59,0,59,examples/fourier_trafo.py
28420571,4,3,7,odl/trafos/fourier.py
28420571,2,2,4,odl/trafos/fourier.py
28420571,238,159,397,odl/trafos/fourier.py
28420571,332,100,432,test/trafos/fourier_test.py
28420571,57,2,59,odl/discr/lp_discr.py
28420571,139,0,139,odl/util/utility.py
28420571,13,45,58,odl/trafos/fourier.py
28420571,10,12,22,test/trafos/fourier_test.py
28420571,66,36,102,odl/trafos/fourier.py
28420571,66,6,72,test/trafos/fourier_test.py
28420571,17,14,31,odl/space/fspace.py
28420571,23,0,23,odl/discr/lp_discr.py
28420571,5,12,17,odl/space/base_ntuples.py
28420571,16,16,32,odl/space/cu_ntuples.py
28420571,2,2,4,odl/space/ntuples.py
28420571,106,1,107,odl/util/numerics.py
28420571,0,244,244,odl/util/utility.py
28420571,52,0,52,test/discr/lp_discr_test.py
28420571,0,3,3,test/space/cu_ntuples_test.py
28420571,0,5,5,test/space/ntuples_test.py
28420571,102,1,103,test/util/numerics_test.py
28420571,72,81,153,test/util/utility_test.py
28420571,1,4,5,odl/discr/partition.py
28420571,40,37,77,odl/trafos/fourier.py
28420571,44,44,88,odl/trafos/fourier.py
28420571,32,48,80,test/trafos/fourier_test.py
28420571,33,19,52,odl/discr/lp_discr.py
28420571,10,0,10,odl/space/cu_ntuples.py
28420571,10,0,10,odl/space/ntuples.py
28420571,55,15,70,test/trafos/fourier_test.py
28420571,213,214,427,odl/trafos/fourier.py
28420571,2,2,4,odl/trafos/fourier.py
28420571,0,6,6,odl/trafos/fourier.py
28420571,75,6,81,odl/trafos/fourier.py
28420571,131,11,142,test/trafos/fourier_test.py
28420571,4,1,5,odl/trafos/fourier.py
28420571,63,30,93,test/trafos/fourier_test.py
28420571,20,31,51,odl/trafos/fourier.py
28420571,255,67,322,odl/trafos/fourier.py
28420571,149,67,216,odl/trafos/fourier.py
28420571,34,24,58,odl/trafos/fourier.py
28420571,29,10,39,odl/discr/lp_discr.py
28420571,116,18,134,test/trafos/fourier_test.py
28420571,50,20,70,odl/trafos/fourier.py
28420571,10,0,10,odl/discr/lp_discr.py
28420571,15,11,26,odl/trafos/fourier.py
28420571,86,40,126,odl/trafos/fourier.py
28420571,17,51,68,test/trafos/fourier_test.py
28420571,5,10,15,odl/util/utility.py
28420571,6,6,12,test/util/utility_test.py
28420571,30,29,59,odl/trafos/fourier.py
28420571,27,0,27,test/trafos/fourier_test.py
28420571,1,1,2,odl/trafos/fourier.py
28420571,27,0,27,test/trafos/fourier_test.py
28420571,39,26,65,odl/trafos/fourier.py
28420571,2,1,3,test/trafos/fourier_test.py
28420571,77,23,100,odl/trafos/fourier.py
28420571,1,0,1,test/trafos/fourier_test.py
28420571,110,0,110,odl/util/utility.py
28420571,102,1,103,test/util/utility_test.py
28420571,16,29,45,odl/trafos/fourier.py
28420571,0,49,49,test/trafos/fourier_test.py
28420571,90,20,110,odl/trafos/fourier.py
28420571,77,50,127,test/trafos/fourier_test.py
28420571,5,1,6,odl/trafos/fourier.py
28420571,104,3,107,test/trafos/fourier_test.py
28420571,4,4,8,odl/trafos/fourier.py
28420571,31,5,36,test/trafos/fourier_test.py
28420571,55,49,104,odl/trafos/fourier.py
28420571,98,38,136,test/trafos/fourier_test.py
28420571,284,78,362,odl/trafos/fourier.py
28420571,71,50,121,test/trafos/fourier_test.py
28420571,0,2,2,test/trafos/fourier_test.py
28420571,3,3,6,test/trafos/fourier_test.py
28420571,1,0,1,odl/trafos/fourier.py
28420571,5,3,8,odl/trafos/fourier.py
28420571,33,36,69,odl/trafos/fourier.py
28420571,3,3,6,odl/trafos/fourier.py
28420571,9,2,11,odl/trafos/fourier.py
28420571,1,3,4,odl/util/testutils.py
28420571,14,26,40,test/trafos/fourier_test.py
28420571,22,5,27,odl/trafos/fourier.py
28420571,2,2,4,odl/trafos/fourier.py
28420571,60,37,97,test/trafos/fourier_test.py
28420571,2,1,3,odl/trafos/fourier.py
28420571,7,0,7,odl/util/testutils.py
28420571,3,1,4,test/trafos/fourier_test.py
28420571,129,3,132,odl/trafos/fourier.py
28420571,50,1,51,test/trafos/fourier_test.py
28420571,55,65,120,odl/trafos/fourier.py
28420571,86,2,88,test/trafos/fourier_test.py
28420571,41,3,44,odl/trafos/fourier.py
28420571,48,4,52,test/trafos/fourier_test.py
28420571,56,33,89,odl/trafos/fourier.py
28420571,36,3,39,test/trafos/fourier_test.py
28420571,30,15,45,odl/trafos/fourier.py
28420571,140,17,157,test/trafos/fourier_test.py
28420571,88,37,125,odl/trafos/fourier.py
28420571,240,41,281,odl/trafos/fourier.py
28420571,98,4,102,test/trafos/fourier_test.py
28420571,42,0,42,test/trafos/fourier_test.py
28420571,4,1,5,odl/trafos/__init__.py
28420571,136,0,136,odl/trafos/fourier.py
28420571,10,3,13,odl/tomo/backends/astra_cpu.py
28420571,21,0,21,test/discr/lp_discr_test.py
28420571,9,0,9,test/discr/lp_discr_test.py
28420571,20,5,25,odl/set/pspace.py
28420571,15,0,15,test/set/pspace_test.py
28420571,1,1,2,doc/source/conf.py
28420571,2,2,4,odl/discr/partition.py
28420571,6,3,9,odl/set/pspace.py
28420571,0,23,23,odl/solvers/advanced/chambolle_pock.py
28420571,0,14,14,odl/solvers/findroot/newton.py
28420571,2,10,12,odl/solvers/scalar/gradient.py
28420571,0,10,10,odl/solvers/scalar/steplen.py
28420571,0,6,6,odl/util/phantom.py
28420571,1,1,2,odl/tomo/operators/ray_trafo.py
28420571,1,1,2,odl/discr/lp_discr.py
28420571,40,20,60,odl/discr/lp_discr.py
28420571,10,20,30,odl/solvers/findroot/newton.py
28420571,8,6,14,odl/solvers/scalar/gradient.py
28420571,10,17,27,odl/solvers/scalar/steplen.py
28420571,8,16,24,odl/solvers/vector/newton.py
28420571,4,2,6,odl/tomo/backends/stir_bindings.py
28420571,1,1,2,odl/tomo/operators/ray_trafo.py
28420571,5,5,10,odl/tomo/util/utility.py
28420571,6,6,12,odl/util/phantom.py
28420571,22,19,41,odl/discr/discr_ops.py
28420571,4,4,8,odl/discr/grid.py
28420571,2,1,3,odl/discr/lp_discr.py
28420571,2,4,6,odl/discr/partition.py
28420571,11,9,20,odl/solvers/advanced/chambolle_pock.py
28420571,5,5,10,odl/discr/lp_discr.py
28420571,6,2,8,odl/set/pspace.py
28420571,7,6,13,odl/space/base_ntuples.py
28420571,5,3,8,odl/util/graphics.py
28420571,2,2,4,setup.py
28420571,3,3,6,odl/tomo/operators/ray_trafo.py
28420571,6,6,12,test/largescale/tomo/astra_slow_test.py
28420571,1,1,2,test/solvers/iterative/iterative_test.py
28420571,6,6,12,test/tomo/operators/ray_trafo_test.py
28420571,14,26,40,odl/discr/discr_ops.py
28420571,4,6,10,odl/util/phantom.py
28420571,8,13,21,odl/util/utility.py
28420571,3,0,3,test/tomo/backends/astra_cpu_test.py
28420571,3,0,3,test/tomo/backends/astra_cuda_test.py
28420571,3,0,3,odl/tomo/operators/ray_trafo.py
28420571,3,3,6,odl/tomo/operators/__init__.py
28420571,10,10,20,test/largescale/tomo/astra_slow_test.py
28420571,1,1,2,examples/tomo/xray_trafo_fanflat.py
28420571,1,1,2,examples/tomo/xray_trafo_helical.py
28420571,1,1,2,examples/tomo/xray_trafo_parallel_2d.py
28420571,1,1,2,examples/tomo/xray_trafo_parallel_3d.py
28420571,4,2,6,odl/discr/grid.py
28420571,2,1,3,odl/discr/partition.py
28420571,1,1,2,odl/set/domain.py
28420571,1,1,2,odl/space/cu_ntuples.py
28420571,2,2,4,odl/space/ntuples.py
28420571,1,1,2,odl/tomo/backends/astra_setup.py
28420571,1,1,2,odl/tomo/geometry/conebeam.py
28420571,1,1,2,conftest.py
28420571,1,1,2,examples/tomo/xray_trafo_circular_cone.py
28420571,1,1,2,examples/tomo/xray_trafo_fanflat.py
28420571,1,1,2,examples/tomo/xray_trafo_helical.py
28420571,1,1,2,examples/tomo/xray_trafo_parallel_2d.py
28420571,1,1,2,examples/tomo/xray_trafo_parallel_3d.py
28420571,1,1,2,examples/vectorization.py
28420571,1,1,2,odl/tomo/backends/astra_cpu.py
28420571,1,1,2,odl/tomo/backends/astra_cuda.py
28420571,1,1,2,odl/tomo/backends/astra_setup.py
28420571,1,1,2,odl/tomo/geometry/__init__.py
28420571,1,1,2,odl/tomo/geometry/conebeam.py
28420571,1,1,2,odl/tomo/geometry/detector.py
28420571,1,1,2,odl/tomo/geometry/fanbeam.py
28420571,1,1,2,odl/tomo/geometry/geometry.py
28420571,1,1,2,odl/tomo/geometry/parallel.py
28420571,1,1,2,odl/tomo/operators/__init__.py
28420571,1,1,2,odl/tomo/operators/xray_trafo.py
28420571,1,1,2,odl/tomo/util/__init__.py
28420571,1,1,2,odl/tomo/util/testutils.py
28420571,1,1,2,odl/tomo/util/utility.py
28420571,1,1,2,setup.py
28420571,1,1,2,test/discr/discr_mappings_test.py
28420571,1,1,2,test/discr/discr_ops_test.py
28420571,1,1,2,test/discr/discretization_test.py
28420571,1,1,2,test/discr/grid_test.py
28420571,1,1,2,test/discr/lp_discr_test.py
28420571,1,1,2,test/discr/partition_test.py
28420571,1,1,2,test/largescale/space/fn_base_slow_test.py
28420571,1,1,2,test/largescale/tomo/astra_slow_test.py
28420571,1,1,2,test/largescale/tomo/stir_slow_test.py
28420571,1,1,2,test/operator/difference_test_cuda.py
28420571,1,1,2,test/operator/operator_test.py
28420571,1,1,2,test/operator/oputils_test.py
28420571,1,1,2,test/operator/pspace_ops_test.py
28420571,1,1,2,test/set/domain_test.py
28420571,1,1,2,test/set/pspace_test.py
28420571,1,1,2,test/set/sets_test.py
28420571,1,1,2,test/solvers/iterative/iterative_test.py
28420571,1,1,2,test/solvers/vector/newton_test.py
28420571,1,1,2,test/space/cu_ntuples_test.py
28420571,1,1,2,test/space/fspace_test.py
28420571,1,1,2,test/space/ntuples_test.py
28420571,1,1,2,test/space/space_utils_test.py
28420571,1,1,2,test/system/import_test.py
28420571,1,1,2,test/tomo/backends/astra_cpu_test.py
28420571,1,1,2,test/tomo/backends/astra_cuda_test.py
28420571,1,1,2,test/tomo/backends/astra_setup_test.py
28420571,1,1,2,test/tomo/geometry/geometry_test.py
28420571,1,1,2,test/tomo/operators/xray_trafo_test.py
28420571,1,1,2,test/trafos/wavelet_test.py
28420571,1,1,2,test/util/numerics_test.py
28420571,1,1,2,test/util/utility_test.py
28420571,1,1,2,test/util/vectorization_test.py
28420571,1,2,3,examples/tomo/xray_trafo_parallel_3d.py
28420571,2,2,4,odl/tomo/backends/astra_cuda.py
28420571,2,2,4,odl/tomo/geometry/parallel.py
28420571,1,1,2,test/largescale/tomo/astra_slow_test.py
28420571,1,1,2,test/tomo/backends/astra_cuda_test.py
28420571,1,1,2,test/tomo/backends/astra_setup_test.py
28420571,13,13,26,test/tomo/geometry/geometry_test.py
28420571,1,1,2,test/tomo/operators/xray_trafo_test.py
28420571,2,3,5,examples/tomo/xray_trafo_parallel_3d.py
28420571,4,14,18,odl/discr/lp_discr.py
28420571,1,4,5,odl/space/ntuples.py
28420571,0,22,22,odl/util/utility.py
28420571,1,55,56,odl/discr/lp_discr.py
28420571,12,6,18,odl/space/cu_ntuples.py
28420571,10,3,13,odl/space/ntuples.py
28420571,1,1,2,test/tomo/backends/astra_setup_test.py
28420571,0,25,25,odl/discr/lp_discr.py
28420571,12,5,17,odl/space/base_ntuples.py
28420571,6,13,19,odl/space/cu_ntuples.py
28420571,3,10,13,odl/space/ntuples.py
28420571,1,106,107,odl/util/numerics.py
28420571,0,52,52,test/discr/lp_discr_test.py
28420571,3,0,3,test/space/cu_ntuples_test.py
28420571,5,0,5,test/space/ntuples_test.py
28420571,1,102,103,test/util/numerics_test.py
28420571,6,98,104,test/util/utility_test.py
28420571,6,4,10,odl/util/testutils.py
28420571,62,0,62,examples/tomo/xray_trafo_circular_cone.py
28420571,0,61,61,examples/tomo/xray_trafo_conebeam.py
28420571,26,29,55,examples/tomo/xray_trafo_fanflat.py
28420571,29,29,58,examples/tomo/xray_trafo_helical.py
28420571,25,27,52,examples/tomo/xray_trafo_parallel_2d.py
28420571,28,29,57,examples/tomo/xray_trafo_parallel_3d.py
28420571,11,11,22,test/largescale/tomo/astra_slow_test.py
28420571,4,4,8,odl/tomo/backends/astra_cpu.py
28420571,7,7,14,odl/tomo/backends/astra_cuda.py
28420571,11,15,26,odl/tomo/backends/astra_setup.py
28420571,1,1,2,odl/tomo/geometry/fanbeam.py
28420571,19,17,36,odl/tomo/operators/xray_trafo.py
28420571,15,15,30,test/largescale/tomo/astra_slow_test.py
28420571,41,41,82,test/tomo/{operator => operators}/xray_trafo_test.py
28420571,50,51,101,test/tomo/backends/astra_setup_test.py
28420571,5,5,10,odl/tomo/backends/astra_setup.py
28420571,1,1,2,odl/tomo/geometry/geometry.py
28420571,40,40,80,test/tomo/geometry/geometry_test.py
28420571,17,9,26,odl/discr/discr_ops.py
28420571,5,5,10,odl/space/space_utils.py
28420571,3,3,6,odl/util/utility.py
28420571,25,0,25,odl/discr/lp_discr.py
28420571,5,12,17,odl/space/base_ntuples.py
28420571,13,6,19,odl/space/cu_ntuples.py
28420571,10,3,13,odl/space/ntuples.py
28420571,106,1,107,odl/util/numerics.py
28420571,52,0,52,test/discr/lp_discr_test.py
28420571,0,3,3,test/space/cu_ntuples_test.py
28420571,0,5,5,test/space/ntuples_test.py
28420571,102,1,103,test/util/numerics_test.py
28420571,98,6,104,test/util/utility_test.py
28420571,46,92,138,odl/tomo/geometry/parallel.py
28420571,8,7,15,test/tomo/backends/astra_cpu_test.py
28420571,94,151,245,test/tomo/backends/astra_cuda_test.py
28420571,31,60,91,test/tomo/backends/astra_cpu_test.py
28420571,1,1,2,odl/discr/discretization.py
28420571,190,23,213,odl/discr/lp_discr.py
28420571,139,0,139,odl/util/utility.py
28420571,0,45,45,odl/discr/grid.py
28420571,3,3,6,odl/tomo/backends/astra_cpu.py
28420571,18,21,39,odl/tomo/backends/astra_setup.py
28420571,59,55,114,odl/tomo/operators/xray_trafo.py
28420571,164,126,290,odl/tomo/geometry/conebeam.py
28420571,89,65,154,odl/tomo/geometry/detector.py
28420571,105,66,171,odl/tomo/geometry/fanbeam.py
28420571,61,36,97,odl/tomo/geometry/parallel.py
28420571,12,6,18,odl/tomo/util/utility.py
28420571,45,31,76,odl/tomo/geometry/detector.py
28420571,21,20,41,odl/tomo/geometry/geometry.py
28420571,270,109,379,odl/tomo/geometry/parallel.py
28420571,1,1,2,odl/discr/partition.py
28420571,18,16,34,odl/tomo/util/utility.py
28420571,13,4,17,odl/discr/lp_discr.py
28420571,4,1,5,odl/space/ntuples.py
28420571,22,0,22,odl/util/utility.py
28420571,0,10,10,odl/discr/grid.py
28420571,14,14,28,odl/tomo/backends/astra_cpu.py
28420571,10,10,20,odl/tomo/backends/astra_cuda.py
28420571,10,10,20,odl/tomo/backends/astra_setup.py
28420571,64,56,120,odl/tomo/geometry/detector.py
28420571,56,69,125,odl/tomo/geometry/geometry.py
28420571,0,203,203,examples/tomo/xray_trafo.py
28420571,61,0,61,examples/tomo/xray_trafo_conebeam.py
28420571,63,0,63,examples/tomo/xray_trafo_fanflat.py
28420571,63,0,63,examples/tomo/xray_trafo_helical.py
28420571,61,0,61,examples/tomo/xray_trafo_parallel_2d.py
28420571,69,0,69,examples/tomo/xray_trafo_parallel_3d.py
28420571,5,5,10,odl/tomo/__init__.py
28420571,1,1,2,odl/tomo/backends/astra_setup.py
28420571,4,1,5,odl/tomo/backends/astra_cuda.py
28420571,2,2,4,odl/tomo/geometry/detector.py
28420571,5,2,7,odl/tomo/geometry/geometry.py
28420571,10,9,19,test/largescale/tomo/astra_slow_test.py
28420571,1,1,2,odl/discr/grid.py
28420571,2,4,6,odl/tomo/backends/astra_cpu.py
28420571,4,12,16,odl/tomo/geometry/detector.py
28420571,3,7,10,odl/tomo/geometry/geometry.py
28420571,6,16,22,odl/tomo/operators/xray_trafo.py
28420571,1,1,2,test/tomo/backends/astra_setup_test.py
28420571,22,18,40,odl/tomo/geometry/conebeam.py
28420571,4,1,5,odl/tomo/backends/astra_cpu.py
28420571,8,4,12,odl/tomo/backends/astra_cuda.py
28420571,2,4,6,odl/tomo/backends/astra_setup.py
28420571,2,3,5,odl/tomo/geometry/detector.py
28420571,15,38,53,odl/tomo/operators/xray_trafo.py
28420571,1,1,2,test/tomo/operator/xray_trafo_test.py
28420571,5,1,6,odl/discr/grid.py
28420571,2,2,4,odl/tomo/geometry/conebeam.py
28420571,4,4,8,odl/tomo/geometry/detector.py
28420571,1,1,2,odl/tomo/geometry/fanbeam.py
28420571,3,3,6,odl/tomo/geometry/geometry.py
28420571,2,3,5,odl/tomo/geometry/parallel.py
28420571,31,6,37,odl/tomo/geometry/conebeam.py
28420571,8,13,21,odl/tomo/backends/astra_cpu.py
28420571,28,12,40,odl/tomo/backends/astra_cuda.py
28420571,128,52,180,odl/tomo/operators/xray_trafo.py
28420571,8,8,16,test/tomo/backends/astra_cpu_test.py
28420571,20,20,40,test/tomo/backends/astra_cuda_test.py
28420571,8,7,15,odl/tomo/backends/astra_cpu.py
28420571,18,13,31,odl/tomo/backends/astra_cuda.py
28420571,2,11,13,odl/tomo/operators/xray_trafo.py
28420571,0,1,1,test/tomo/geometry/geometry_test.py
28420571,0,4,4,odl/tomo/backends/astra_setup.py
28420571,0,1,1,odl/tomo/geometry/detector.py
28420571,65,69,134,odl/tomo/geometry/geometry.py
28420571,2,23,25,odl/tomo/geometry/parallel.py
28420571,0,8,8,odl/tomo/operators/xray_trafo.py
28420571,0,67,67,examples/tomo/astra_parallel_2d_fp.py
28420571,10,20,30,examples/tomo/xray_trafo.py
28420571,8,8,16,odl/discr/__init__.py
28420571,46,1,47,odl/discr/grid.py
28420571,24,41,65,test/largescale/tomo/astra_slow_test.py
28420571,6,12,18,test/tomo/backends/astra_cpu_test.py
28420571,29,53,82,test/tomo/backends/astra_cuda_test.py
28420571,29,62,91,test/tomo/backends/astra_setup_test.py
28420571,58,126,184,test/tomo/geometry/geometry_test.py
28420571,38,62,100,test/tomo/operator/xray_trafo_test.py
28420571,2,1,3,test/largescale/space/fn_base_slow_test.py
28420571,1,1,2,test/largescale/tomo/stir_slow_test.py
28420571,7,12,19,examples/tomo/xray_trafo.py
28420571,17,32,49,odl/tomo/geometry/conebeam.py
28420571,22,47,69,odl/tomo/geometry/detector.py
28420571,9,16,25,odl/tomo/geometry/fanbeam.py
28420571,12,18,30,odl/tomo/geometry/geometry.py
28420571,26,58,84,odl/tomo/geometry/parallel.py
28420571,20,2,22,odl/discr/grid.py
28420571,1,0,1,odl/tomo/backends/astra_setup.py
28420571,14,2,16,odl/tomo/geometry/detector.py
28420571,3,7,10,odl/tomo/geometry/geometry.py
28420571,8,8,16,test/tomo/operator/xray_trafo_test.py
28420571,5,3,8,odl/discr/discr_ops.py
28420571,1,1,2,odl/set/domain.py
28420571,5,5,10,odl/tomo/backends/astra_setup.py
28420571,5,4,9,odl/tomo/geometry/geometry.py
28420571,4,0,4,test/set/domain_test.py
28420571,9,0,9,odl/tomo/backends/astra_setup.py
28420571,13,0,13,odl/tomo/geometry/geometry.py
28420571,77,18,95,odl/set/domain.py
28420571,13,0,13,test/set/domain_test.py
28420571,5,3,8,test/tomo/operator/xray_trafo_test.py
28420571,2,2,4,odl/tomo/util/testutils.py
28420571,4,5,9,test/tomo/backends/astra_cpu_test.py
28420571,139,365,504,test/tomo/operator/xray_trafo_test.py
28420571,9,8,17,odl/tomo/operators/xray_trafo.py
28420571,9,12,21,odl/tomo/backends/astra_cpu.py
28420571,2,1,3,odl/tomo/backends/astra_setup.py
28420571,1,1,2,odl/tomo/backends/stir_bindings.py
28420571,9,6,15,odl/tomo/geometry/detector.py
28420571,1,1,2,odl/tomo/geometry/fanbeam.py
28420571,20,16,36,odl/tomo/operators/xray_trafo.py
28420571,1,1,2,test/tomo/backends/astra_cpu_test.py
28420571,17,22,39,test/tomo/backends/astra_setup_test.py
28420571,16,15,31,test/tomo/operator/xray_trafo_test.py
28420571,2,2,4,odl/tomo/geometry/geometry.py
28420571,0,2,2,test/tomo/geometry/geometry_test.py
28420571,1,1,2,odl/operator/pspace_ops.py
28420571,10,0,10,odl/operator/default_ops.py
28420571,55,20,75,odl/operator/pspace_ops.py
28420571,2,5,7,odl/tomo/backends/astra_cuda.py
28420571,0,106,106,test/tomo/backends/astra_cuda_test.py
28420571,2,2,4,examples/tomo/astra_parallel_2d_fp.py
28420571,10,10,20,examples/tomo/xray_trafo.py
28420571,2,1,3,odl/__init__.py
28420571,3,3,6,odl/tomo/backends/astra_setup.py
28420571,21,21,42,odl/tomo/operators/xray_trafo.py
28420571,1,4,5,test/tomo/backends/astra_cpu_test.py
28420571,4,48,52,test/tomo/backends/astra_cuda_test.py
28420571,23,23,46,test/tomo/backends/astra_setup_test.py
28420571,1,1,2,test/tomo/geometry/geometry_test.py
28420571,17,16,33,test/tomo/operator/xray_trafo_test.py
28420571,0,1,1,odl/tomo/backends/astra_cuda.py
28420571,13,6,19,odl/tomo/operators/xray_trafo.py
28420571,17,14,31,test/tomo/operator/xray_trafo_test.py
28420571,1,1,2,odl/tomo/backends/__init__.py
28420571,16,1,17,odl/tomo/backends/astra_cpu.py
28420571,18,3,21,odl/tomo/backends/astra_cuda.py
28420571,2,2,4,odl/tomo/backends/astra_setup.py
28420571,2,2,4,odl/tomo/backends/stir_bindings.py
28420571,2,2,4,odl/tomo/geometry/conebeam.py
28420571,4,4,8,odl/tomo/geometry/detector.py
28420571,2,2,4,odl/tomo/geometry/fanbeam.py
28420571,3,3,6,odl/tomo/geometry/geometry.py
28420571,2,2,4,odl/tomo/geometry/parallel.py
28420571,23,21,44,odl/tomo/operators/xray_trafo.py
28420571,236,113,349,test/tomo/operator/xray_trafo_test.py
28420571,27,3,30,odl/operator/pspace_ops.py
28420571,3,3,6,odl/tomo/backends/astra_setup.py
28420571,1,1,2,odl/tomo/geometry/detector.py
28420571,1,1,2,odl/tomo/operators/xray_trafo.py
28420571,3,3,6,test/tomo/backends/astra_setup_test.py
28420571,2,2,4,test/tomo/geometry/geometry_test.py
28420571,13,9,22,odl/util/utility.py
28420571,245,1,246,odl/operator/pspace_ops.py
28420571,10,7,17,odl/set/pspace.py
28420571,38,4,42,odl/operator/pspace_ops.py
28420571,11,2,13,odl/operator/pspace_ops.py
28420571,4,4,8,odl/set/space.py
28420571,4,2,6,odl/discr/discr_ops.py
28420571,6,4,10,odl/util/phantom.py
28420571,105,25,130,odl/util/utility.py
28420571,3,3,6,odl/operator/operator.py
28420571,4,1,5,odl/tomo/backends/astra_cpu.py
28420571,2,2,4,odl/tomo/backends/astra_cuda.py
28420571,12,4,16,test/tomo/operator/xray_trafo_test.py
28420571,2,0,2,odl/tomo/backends/astra_cuda.py
28420571,1,1,2,odl/tomo/backends/astra_setup.py
28420571,8,5,13,odl/tomo/operators/xray_trafo.py
28420571,83,18,101,test/tomo/operator/xray_trafo_test.py
28420571,11,9,20,odl/tomo/operators/xray_trafo.py
28420571,68,28,96,test/tomo/operator/xray_trafo_test.py
28420571,11,4,15,odl/tomo/operators/xray_trafo.py
28420571,149,0,149,test/tomo/backends/astra_cuda_test.py
28420571,114,14,128,test/tomo/operator/xray_trafo_test.py
28420571,1,1,2,odl/util/phantom.py
28420571,3,0,3,odl/util/phantom.py
28420571,32,10,42,odl/util/testutils.py
28420571,9,10,19,test/largescale/space/fn_base_slow_test.py
28420571,2,5,7,test/largescale/tomo/astra_slow_test.py
28420571,2,5,7,test/largescale/tomo/stir_slow_test.py
28420571,6,6,12,test/largescale/space/fn_base_slow_test.py
28420571,1,2,3,conftest.py
28420571,9,0,9,conftest.py
28420571,0,303,303,test/largescale/space/cu_ntuples_slow_test.py
28420571,5,2,7,test/largescale/space/fn_base_slow_test.py
28420571,0,0,0,test/largescale/space/ntuples_slow_test.py
28420571,31,5,36,test/largescale/tomo/astra_slow_test.py
28420571,10,4,14,test/largescale/tomo/stir_slow_test.py
28420571,22,22,44,test/largescale/tomo/astra_slow_test.py
28420571,3,2,5,test/largescale/tomo/stir_slow_test.py
28420571,5,2,7,test/largescale/space/fn_base_slow_test.py
28420571,1,2,3,odl/util/testutils.py
28420571,300,0,300,test/largescale/space/fn_base_slow_test.py
28420571,5,0,5,odl/discr/lp_discr.py
28420571,21,2,23,odl/util/testutils.py
28420571,7,34,41,test/largescale/space/cu_ntuples_slow_test.py
28420571,11,11,22,test/space/cu_ntuples_test.py
28420571,4,5,9,test/discr/lp_discr_test.py
28420571,330,0,330,test/largescale/space/cu_ntuples_slow_test.py
28420571,0,0,0,test/largescale/space/ntuples_slow_test.py
28420571,24,19,43,test/space/cu_ntuples_test.py
28420571,7,2,9,odl/util/ufuncs.py
28420571,0,142,142,test/largescale/tomo/astra_test.py
28420571,4,4,8,examples/tomo/xray_trafo.py
28420571,1,1,2,examples/tomo/stir_reconstruct.py
28420571,6,5,11,examples/tomo/xray_trafo.py
28420571,0,2,2,odl/tomo/backends/stir_bindings.py
28420571,4,4,8,odl/util/phantom.py
28420571,142,0,142,test/largescale/tomo/astra_reconstruct.py
28420571,142,0,142,test/largescale/tomo/astra_test.py
28420571,58,0,58,test/largescale/tomo/stir_reconstruction.py
28420571,1,0,1,odl/util/phantom.py
28420571,0,1,1,odl/tomo/backends/astra_cpu.py
28420571,3,6,9,odl/tomo/backends/astra_setup.py
28420571,1,1,2,odl/tomo/geometry/conebeam.py
28420571,4,5,9,odl/tomo/geometry/fanbeam.py
28420571,8,8,16,odl/tomo/geometry/geometry.py
28420571,2,2,4,odl/tomo/geometry/parallel.py
28420571,1,2,3,odl/tomo/operators/xray_trafo.py
28420571,1,1,2,odl/util/phantom.py
28420571,96,11,107,odl/util/phantom.py
28420571,1,5,6,odl/tomo/backends/astra_cpu.py
28420571,1,1,2,odl/tomo/backends/astra_cuda.py
28420571,8,9,17,odl/tomo/backends/astra_setup.py
28420571,2,1,3,test/tomo/backends/astra_cpu_test.py
28420571,2,1,3,test/tomo/backends/astra_cuda_test.py
28420571,10,21,31,test/tomo/backends/astra_setup_test.py
28420571,38,0,38,examples/tomo/xray_trafo.py
28420571,2,2,4,odl/tomo/util/trafos.py
28420571,10,8,18,odl/tomo/geometry/conebeam.py
28420571,1,1,2,odl/tomo/geometry/detector.py
28420571,7,4,11,odl/tomo/geometry/parallel.py
28420571,43,0,43,odl/tomo/util/trafos.py
28420571,24,43,67,test/tomo/geometry/geometry_test.py
28420571,19,25,44,odl/tomo/geometry/detector.py
28420571,3,4,7,examples/tomo/xray_trafo.py
28420571,1,18,19,odl/tomo/backends/astra_setup.py
28420571,1,2,3,odl/tomo/geometry/conebeam.py
28420571,1,1,2,odl/tomo/geometry/parallel.py
28420571,4,1,5,odl/tomo/operators/xray_trafo.py
28420571,1,1,2,test/tomo/backends/astra_setup_test.py
28420571,8,2,10,examples/tomo/xray_trafo.py
28420571,47,26,73,odl/tomo/backends/astra_setup.py
28420571,1,4,5,odl/tomo/backends/astra_cpu.py
28420571,3,3,6,examples/tomo/xray_trafo.py
28420571,1,1,2,odl/tomo/backends/astra_setup.py
28420571,6,7,13,odl/tomo/geometry/conebeam.py
28420571,2,3,5,odl/tomo/geometry/fanbeam.py
28420571,6,2,8,odl/tomo/geometry/geometry.py
28420571,101,149,250,odl/tomo/geometry/parallel.py
28420571,4,4,8,odl/tomo/geometry/detector.py
28420571,3,3,6,examples/tomo/xray_trafo.py
28420571,3,0,3,odl/tomo/backends/astra_cpu.py
28420571,12,14,26,odl/tomo/backends/astra_setup.py
28420571,7,6,13,odl/tomo/geometry/conebeam.py
28420571,17,11,28,odl/tomo/geometry/detector.py
28420571,68,172,240,odl/tomo/geometry/fanbeam.py
28420571,6,4,10,odl/tomo/geometry/geometry.py
28420571,1,18,19,odl/tomo/geometry/parallel.py
28420571,1,1,2,test/tomo/backends/astra_setup_test.py
28420571,142,34,176,examples/tomo/xray_trafo.py
28420571,0,16,16,odl/tomo/backends/astra_setup.py
28420571,1,3,4,odl/tomo/__init__.py
28420571,6,3,9,odl/tomo/backends/astra_setup.py
28420571,4,10,14,test/tomo/backends/astra_setup_test.py
28420571,2,2,4,odl/tomo/geometry/conebeam.py
28420571,1,1,2,odl/tomo/geometry/detector.py
28420571,1,1,2,odl/tomo/operators/xray_trafo.py
28420571,1,2,3,test/tomo/geometry/geometry_test.py
28420571,1,1,2,odl/tomo/backends/astra_setup.py
28420571,0,1,1,odl/tomo/geometry/detector.py
28420571,1,3,4,examples/tomo/xray_trafo.py
28420571,11,7,18,odl/tomo/geometry/detector.py
28420571,183,3,186,odl/tomo/geometry/geometry.py
28420571,22,23,45,odl/tomo/geometry/conebeam.py
28420571,85,340,425,odl/tomo/geometry/conebeam.py
28420571,131,92,223,odl/tomo/backends/astra_setup.py
28420571,10,5,15,examples/tomo/xray_trafo.py
28420571,1,1,2,odl/solvers/util/partial.py
28420571,28,20,48,odl/tomo/backends/astra_setup.py
28420571,211,243,454,odl/tomo/geometry/conebeam.py
28420571,32,20,52,odl/tomo/geometry/detector.py
28420571,1,15,16,odl/tomo/geometry/geometry.py
28420571,1,1,2,odl/tomo/geometry/parallel.py
28420571,6,2,8,odl/tomo/operators/xray_trafo.py
28420571,4,4,8,test/tomo/geometry/geometry_test.py
28420571,9,7,16,test/tomo/operator/xray_trafo_test.py
28420571,2,3,5,odl/tomo/geometry/conebeam.py
28420571,3,2,5,test/tomo/backends/astra_setup_test.py
28420571,0,1,1,odl/tomo/backends/__init__.py
28420571,2,1,3,odl/tomo/backends/astra_cuda.py
28420571,1,1,2,odl/tomo/backends/astra_setup.py
28420571,14,14,28,odl/tomo/geometry/conebeam.py
28420571,2,2,4,odl/tomo/geometry/fanbeam.py
28420571,2,1,3,test/tomo/backends/astra_setup_test.py
28420571,1,1,2,test/tomo/geometry/geometry_test.py
28420571,0,3,3,test/tomo/operator/xray_trafo_test.py
28420571,1,1,2,odl/tomo/geometry/detector.py
28420571,6,6,12,odl/tomo/geometry/parallel.py
28420571,5,5,10,test/tomo/backends/astra_setup_test.py
28420571,5,8,13,test/tomo/geometry/geometry_test.py
28420571,3,3,6,test/tomo/operator/xray_trafo_test.py
28420571,2,3,5,odl/tomo/operators/xray_trafo.py
28420571,8,6,14,odl/tomo/operators/xray_trafo.py
28420571,0,6,6,test/tomo/backends/astra_setup_test.py
28420571,1,12,13,odl/tomo/backends/astra_setup.py
28420571,4,7,11,odl/tomo/backends/astra_cuda.py
28420571,4,9,13,odl/tomo/geometry/conebeam.py
28420571,2,0,2,odl/tomo/geometry/detector.py
28420571,3,8,11,odl/tomo/geometry/fanbeam.py
28420571,15,5,20,odl/tomo/geometry/geometry.py
28420571,6,16,22,odl/tomo/geometry/parallel.py
28420571,2,2,4,odl/tomo/util/trafos.py
28420571,0,149,149,examples/tomo/astra_cpu_2d.py
28420571,0,149,149,examples/tomo/astra_cuda_2d.py
28420571,0,229,229,examples/tomo/astra_cuda_3d.py
28420571,21,56,77,odl/tomo/geometry/conebeam.py
28420571,5,12,17,odl/tomo/geometry/detector.py
28420571,5,5,10,odl/tomo/geometry/geometry.py
28420571,9,7,16,odl/tomo/geometry/parallel.py
28420571,15,24,39,test/tomo/geometry/geometry_test.py
28420571,5,1,6,odl/tomo/geometry/fanbeam.py
28420571,2,3,5,odl/tomo/geometry/geometry.py
28420571,5,1,6,odl/tomo/geometry/parallel.py
28420571,1,1,2,test/tomo/backends/astra_cuda_test.py
28420571,21,28,49,test/tomo/geometry/geometry_test.py
28420571,29,25,54,odl/tomo/geometry/conebeam.py
28420571,18,24,42,odl/tomo/backends/astra_setup.py
28420571,1,1,2,odl/tomo/backends/astra_cuda.py
28420571,0,1,1,examples/tomo/astra_cpu_2d.py
28420571,3,0,3,examples/tomo/xray_trafo.py
28420571,21,25,46,odl/tomo/geometry/detector.py
28420571,17,18,35,odl/tomo/geometry/conebeam.py
28420571,1,1,2,odl/tomo/geometry/fanbeam.py
28420571,2,3,5,odl/tomo/geometry/geometry.py
28420571,5,6,11,odl/tomo/geometry/parallel.py
28420571,1,1,2,test/tomo/backends/astra_setup_test.py
28420571,8,8,16,test/tomo/geometry/geometry_test.py
28420571,53,37,90,test/tomo/operator/xray_trafo_test.py
28420571,15,13,28,odl/tomo/geometry/conebeam.py
28420571,6,8,14,odl/tomo/geometry/detector.py
28420571,3,3,6,odl/tomo/geometry/fanbeam.py
28420571,3,3,6,odl/tomo/geometry/parallel.py
28420571,2,2,4,test/tomo/geometry/geometry_test.py
28420571,34,71,105,odl/tomo/geometry/conebeam.py
28420571,6,7,13,odl/tomo/geometry/detector.py
28420571,18,40,58,odl/tomo/geometry/fanbeam.py
28420571,1,6,7,odl/tomo/geometry/geometry.py
28420571,6,33,39,odl/tomo/geometry/parallel.py
28420571,156,85,241,odl/tomo/geometry/conebeam.py
28420571,1,1,2,odl/tomo/geometry/fanbeam.py
28420571,4,4,8,odl/tomo/geometry/parallel.py
28420571,6,10,16,odl/tomo/util/trafos.py
28420571,0,3,3,odl/tomo/__init__.py
28420571,3,12,15,odl/tomo/backends/astra_cpu.py
28420571,2,3,5,odl/tomo/backends/astra_cuda.py
28420571,30,32,62,odl/tomo/backends/astra_setup.py
28420571,2,1,3,odl/tomo/geometry/conebeam.py
28420571,1,1,2,odl/tomo/geometry/fanbeam.py
28420571,83,48,131,examples/tomo/astra_cpu_2d.py
28420571,89,57,146,examples/tomo/astra_cuda_2d.py
28420571,165,85,250,examples/tomo/astra_cuda_3d.py
28420571,17,11,28,odl/tomo/backends/astra_cpu.py
28420571,1,0,1,odl/tomo/backends/astra_cuda.py
28420571,2,2,4,examples/tomo/astra_cpu_2d.py
28420571,3,3,6,examples/tomo/astra_parallel_2d_fp.py
28420571,0,1,1,examples/tomo/xray_trafo.py
28420571,66,46,112,test/tomo/backends/astra_cpu_test.py
28420571,43,76,119,test/tomo/backends/astra_cuda_test.py
28420571,12,12,24,test/tomo/backends/astra_setup_test.py
28420571,3,6,9,examples/tomo/astra_cpu_2d.py
28420571,1,4,5,examples/tomo/astra_cuda_2d.py
28420571,2,9,11,examples/tomo/astra_cuda_3d.py
28420571,56,1,57,odl/util/phantom.py
28420571,28,31,59,test/tomo/backends/astra_cpu_test.py
28420571,85,91,176,test/tomo/backends/astra_cuda_test.py
28420571,134,124,258,test/tomo/backends/astra_setup_test.py
28420571,112,99,211,test/tomo/geometry/geometry_test.py
28420571,24,26,50,examples/tomo/astra_cpu_2d.py
28420571,29,29,58,examples/tomo/astra_cuda_2d.py
28420571,19,22,41,examples/tomo/astra_cuda_3d.py
28420571,11,12,23,examples/tomo/astra_parallel_2d_fp.py
28420571,15,32,47,examples/tomo/xray_trafo.py
28420571,3,1,4,examples/tomo/astra_cpu_2d.py
28420571,2,1,3,examples/tomo/astra_cuda_2d.py
28420571,2,1,3,examples/tomo/astra_cuda_3d.py
28420571,1,2,3,examples/tomo/astra_cpu_2d.py
28420571,3,3,6,examples/tomo/astra_cuda_2d.py
28420571,5,3,8,examples/tomo/astra_cuda_3d.py
28420571,13,13,26,examples/tomo/astra_cuda_2d.py
28420571,18,17,35,examples/tomo/astra_cuda_3d.py
28420571,2,2,4,examples/tomo/astra_parallel_2d_fp.py
28420571,2,2,4,examples/tomo/xray_trafo.py
28420571,0,2,2,odl/tomo/geometry/conebeam.py
28420571,1,1,2,examples/tomo/astra_cpu_2d.py
28420571,1,1,2,test/tomo/backends/astra_cpu_test.py
28420571,5,5,10,test/tomo/backends/astra_cuda_test.py
28420571,6,5,11,test/tomo/backends/astra_setup_test.py
28420571,1,1,2,test/tomo/operator/xray_trafo_test.py
28420571,1,2,3,odl/util/ufuncs.py
28420571,17,17,34,odl/tomo/operators/xray_trafo.py
28420571,15,30,45,odl/tomo/operators/xray_trafo.py
28420571,1,0,1,examples/tomo/astra_cuda_2d.py
28420571,11,7,18,odl/tomo/backends/astra_cpu.py
28420571,20,7,27,odl/tomo/backends/astra_cuda.py
28420571,17,9,26,odl/tomo/backends/astra_setup.py
28420571,0,3,3,odl/tomo/geometry/__init__.py
28420571,0,3,3,odl/tomo/operators/__init__.py
28420571,5,5,10,odl/tomo/backends/astra_cuda.py
28420571,3,4,7,odl/tomo/backends/astra_setup.py
28420571,6,6,12,odl/tomo/operators/xray_trafo.py
28420571,21,21,42,test/tomo/backends/astra_cuda_test.py
28420571,4,5,9,examples/tomo/astra_cpu_2d.py
28420571,64,69,133,examples/tomo/astra_cuda_2d.py
28420571,6,10,16,examples/tomo/astra_cuda_3d.py
28420571,7,3,10,examples/tomo/astra_parallel_2d_fp.py
28420571,0,3,3,odl/operator/operator.py
28420571,4,3,7,odl/tomo/backends/__init__.py
28420571,32,21,53,odl/tomo/backends/astra_cpu.py
28420571,20,9,29,odl/tomo/backends/astra_cuda.py
28420571,8,7,15,odl/tomo/backends/astra_setup.py
28420571,1,1,2,odl/tomo/operators/xray_trafo.py
28420571,1,1,2,test/tomo/backends/astra_cpu_test.py
28420571,1,1,2,test/tomo/backends/astra_setup_test.py
28420571,1,2,3,examples/tomo/astra_cpu_2d.py
28420571,1,2,3,examples/tomo/astra_cuda_2d.py
28420571,1,2,3,examples/tomo/astra_cuda_3d.py
28420571,14,3,17,examples/tomo/xray_trafo.py
28420571,1,2,3,test/tomo/backends/astra_cpu_test.py
28420571,154,39,193,test/tomo/backends/astra_cuda_test.py
28420571,41,41,82,odl/tomo/geometry/conebeam.py
28420571,29,29,58,odl/tomo/geometry/fanbeam.py
28420571,20,18,38,odl/tomo/geometry/parallel.py
28420571,1,1,2,examples/tomo/xray_trafo.py
28420571,8,4,12,odl/tomo/backends/astra_cpu.py
28420571,13,5,18,odl/tomo/backends/astra_cuda.py
28420571,28,30,58,odl/tomo/backends/astra_setup.py
28420571,38,39,77,odl/tomo/geometry/conebeam.py
28420571,16,15,31,odl/tomo/geometry/detector.py
28420571,16,16,32,odl/tomo/geometry/fanbeam.py
28420571,13,13,26,odl/tomo/geometry/geometry.py
28420571,32,32,64,odl/tomo/geometry/parallel.py
28420571,29,6,35,odl/tomo/operators/xray_trafo.py
28420571,23,23,46,test/tomo/backends/astra_setup_test.py
28420571,2,2,4,odl/tomo/backends/astra_cpu.py
28420571,2,3,5,odl/tomo/backends/astra_cuda.py
28420571,1,1,2,odl/tomo/geometry/conebeam.py
28420571,0,2,2,odl/tomo/operators/xray_trafo.py
28420571,0,1,1,test/tomo/backends/astra_cuda_test.py
28420571,2,2,4,test/tomo/operator/xray_trafo_test.py
28420571,67,0,67,examples/tomo/xray_trafo.py
28420571,20,6,26,odl/tomo/operators/xray_trafo.py
28420571,57,0,57,test/tomo/operator/xray_trafo_test.py
28420571,2,4,6,odl/tomo/backends/astra_cpu.py
28420571,13,7,20,odl/tomo/backends/astra_cuda.py
28420571,9,5,14,odl/tomo/backends/astra_setup.py
28420571,46,24,70,odl/tomo/operators/xray_trafo.py
28420571,0,1,1,test/tomo/backends/astra_cpu_test.py
28420571,1,1,2,test/tomo/backends/astra_cuda_test.py
28420571,3,5,8,test/tomo/backends/astra_setup_test.py
28420571,5,5,10,examples/tomo/astra_cuda_2d.py
28420571,160,0,160,examples/tomo/astra_cuda_3d.py
28420571,12,12,24,odl/tomo/geometry/detector.py
28420571,27,67,94,test/tomo/backends/astra_cuda_test.py
28420571,1,7,8,examples/tomo/astra_cpu.py
28420571,124,0,124,examples/tomo/astra_cuda_2d.py
28420571,0,1,1,test/tomo/backends/astra_cpu_test.py
28420571,43,50,93,test/tomo/backends/astra_cuda_test.py
28420571,0,0,0,examples/tomo/astra_cuda_2d.py
28420571,92,87,179,odl/tomo/geometry/conebeam.py
28420571,4,3,7,odl/tomo/geometry/detector.py
28420571,42,37,79,odl/tomo/geometry/fanbeam.py
28420571,8,6,14,odl/tomo/geometry/geometry.py
28420571,37,30,67,odl/tomo/geometry/parallel.py
28420571,127,0,127,examples/tomo/astra_cpu.py
28420571,47,49,96,test/tomo/backends/astra_cpu_test.py
28420571,6,5,11,examples/{ => tomo}/astra_parallel_2d_fp.py
28420571,23,37,60,odl/tomo/geometry/conebeam.py
28420571,3,5,8,odl/tomo/util/trafos.py
28420571,2,2,4,test/tomo/backends/astra_cuda_test.py
28420571,6,10,16,test/tomo/geometry/geometry_test.py
28420571,15,56,71,odl/tomo/backends/astra_cpu.py
28420571,25,49,74,odl/tomo/backends/astra_cuda.py
28420571,5,9,14,odl/tomo/backends/astra_setup.py
28420571,33,2,35,odl/tomo/operators/xray_trafo.py
28420571,9,20,29,odl/tomo/backends/__init__.py
28420571,8,2,10,odl/tomo/backends/astra_cpu.py
28420571,9,4,13,odl/tomo/backends/astra_cuda.py
28420571,5,1,6,odl/tomo/backends/astra_setup.py
28420571,5,3,8,test/tomo/backends/astra_cpu_test.py
28420571,3,4,7,test/tomo/backends/astra_cuda_test.py
28420571,10,10,20,test/tomo/backends/astra_setup_test.py
28420571,1,1,2,odl/tomo/geometry/fanbeam.py
28420571,8,7,15,odl/tomo/geometry/parallel.py
28420571,11,8,19,odl/tomo/util/trafos.py
28420571,2,1,3,test/tomo/backends/astra_cpu_test.py
28420571,4,3,7,test/tomo/backends/astra_cuda_test.py
28420571,1,1,2,test/tomo/backends/astra_setup_test.py
28420571,0,2,2,odl/tomo/backends/__init__.py
28420571,3,1,4,odl/tomo/backends/astra_cpu.py
28420571,2,3,5,odl/tomo/backends/astra_cuda.py
28420571,0,1,1,odl/tomo/backends/astra_setup.py
28420571,0,2,2,odl/tomo/geometry/conebeam.py
28420571,0,1,1,odl/tomo/geometry/detector.py
28420571,1,1,2,odl/tomo/geometry/fanbeam.py
28420571,1,2,3,odl/tomo/geometry/parallel.py
28420571,3,0,3,odl/tomo/util/testutils.py
28420571,14,15,29,odl/tomo/util/trafos.py
28420571,2,2,4,test/tomo/backends/astra_cpu_test.py
28420571,16,13,29,test/tomo/backends/astra_cuda_test.py
28420571,6,8,14,test/tomo/backends/astra_setup_test.py
28420571,3,4,7,test/tomo/geometry/geometry_test.py
28420571,2,2,4,odl/__init__.py
28420571,6,4,10,odl/tomo/backends/astra_cuda.py
28420571,63,83,146,odl/tomo/backends/astra_setup.py
28420571,2,2,4,odl/tomo/geometry/conebeam.py
28420571,16,6,22,test/tomo/backends/astra_cpu_test.py
28420571,26,13,39,test/tomo/backends/astra_cuda_test.py
28420571,14,15,29,test/tomo/backends/astra_setup_test.py
28420571,34,81,115,test/tomo/geometry/geometry_test.py
28420571,9,4,13,odl/tomo/backends/astra_cpu.py
28420571,22,22,44,odl/tomo/backends/astra_cuda.py
28420571,32,29,61,odl/tomo/backends/astra_setup.py
28420571,27,10,37,odl/tomo/geometry/conebeam.py
28420571,24,87,111,test/tomo/backends/astra_cpu_test.py
28420571,62,118,180,test/tomo/backends/astra_cuda_test.py
28420571,11,0,11,test/tomo/backends/astra_setup_test.py
28420571,3,1,4,odl/tomo/backends/__init__.py
28420571,10,16,26,odl/tomo/backends/astra_setup.py
28420571,27,14,41,test/tomo/backends/astra_setup_test.py
28420571,41,22,63,odl/tomo/backends/astra_setup.py
28420571,80,31,111,test/tomo/backends/astra_setup_test.py
28420571,9,0,9,odl/tomo/backends/astra_setup.py
28420571,25,19,44,test/tomo/backends/astra_setup_test.py
28420571,17,14,31,test/tomo/geometry/geometry_test.py
28420571,6,2,8,odl/tomo/backends/astra_cuda.py
28420571,6,4,10,odl/tomo/backends/astra_setup.py
28420571,13,7,20,test/tomo/backends/astra_cuda_test.py
28420571,2,0,2,odl/tomo/backends/astra_cpu.py
28420571,7,7,14,odl/tomo/backends/astra_cuda.py
28420571,74,36,110,odl/tomo/backends/astra_setup.py
28420571,1,1,2,odl/tomo/geometry/detector.py
28420571,69,10,79,test/tomo/backends/astra_cpu_test.py
28420571,147,42,189,test/tomo/backends/astra_cuda_test.py
28420571,1,0,1,test/tomo/backends/astra_setup_test.py
28420571,13,16,29,odl/tomo/geometry/conebeam.py
28420571,59,59,118,test/tomo/backends/astra_cuda_test.py
28420571,11,8,19,odl/tomo/backends/astra_cpu.py
28420571,2,2,4,odl/tomo/backends/astra_setup.py
28420571,10,10,20,test/tomo/backends/astra_cuda_test.py
28420571,6,6,12,test/tomo/backends/astra_cpu_test.py
28420571,83,16,99,odl/tomo/backends/astra_cuda.py
28420571,4,2,6,odl/tomo/backends/astra_setup.py
28420571,36,25,61,test/tomo/backends/astra_cuda_test.py
28420571,5,2,7,test/tomo/backends/astra_setup_test.py
28420571,21,20,41,odl/tomo/backends/astra_cpu.py
28420571,30,46,76,test/tomo/backends/astra_cpu_test.py
28420571,0,3,3,examples/astra_parallel_2d_fp.py
28420571,1,11,12,odl/tomo/backends/astra_setup.py
28420571,12,1,13,odl/tomo/backends/astra_setup.py
28420571,5,1,6,test/tomo/backends/astra_cpu_test.py
28420571,1,1,2,odl/tomo/backends/astra_cpu.py
28420571,9,14,23,odl/tomo/backends/astra_setup.py
28420571,23,11,34,test/tomo/backends/astra_cpu_test.py
28420571,12,11,23,examples/tomo/astra_example.py
28420571,2,1,3,odl/tomo/__init__.py
28420571,31,15,46,odl/tomo/backends/astra_cpu.py
28420571,4,4,8,odl/tomo/backends/astra_cuda.py
28420571,21,18,39,odl/tomo/backends/astra_setup.py
28420571,4,3,7,odl/tomo/geometry/conebeam.py
28420571,5,3,8,odl/tomo/geometry/detector.py
28420571,5,4,9,odl/tomo/geometry/fanbeam.py
28420571,3,2,5,odl/tomo/geometry/geometry.py
28420571,6,6,12,odl/tomo/geometry/parallel.py
28420571,4,4,8,odl/tomo/operators/xray_trafo.py
28420571,12,11,23,test/tomo/backends/astra_cpu_test.py
28420571,11,9,20,test/tomo/backends/astra_cuda_test.py
28420571,12,11,23,test/tomo/backends/astra_setup_test.py
28420571,14,12,26,test/tomo/geometry/geometry_test.py
28420571,65,0,65,examples/tomo/astra_example.py
28420571,15,4,19,odl/tomo/__init__.py
28420571,24,3,27,odl/tomo/backends/__init__.py
28420571,196,0,196,odl/tomo/backends/astra_cpu.py
28420571,133,0,133,odl/tomo/backends/astra_cuda.py
28420571,534,0,534,odl/tomo/backends/astra_setup.py
28420571,44,0,44,odl/tomo/geometry/__init__.py
28420571,554,0,554,odl/tomo/geometry/conebeam.py
28420571,456,0,456,odl/tomo/geometry/detector.py
28420571,321,0,321,odl/tomo/geometry/fanbeam.py
28420571,206,0,206,odl/tomo/geometry/geometry.py
28420571,405,0,405,odl/tomo/geometry/parallel.py
28420571,28,0,28,odl/tomo/operators/__init__.py
28420571,153,0,153,odl/tomo/operators/xray_trafo.py
28420571,16,0,16,odl/tomo/util/__init__.py
28420571,28,0,28,odl/tomo/util/testutils.py
28420571,248,0,248,odl/tomo/util/trafos.py
28420571,111,0,111,test/tomo/backends/astra_cpu_test.py
28420571,161,0,161,test/tomo/backends/astra_cuda_test.py
28420571,370,0,370,test/tomo/backends/astra_setup_test.py
28420571,397,0,397,test/tomo/geometry/geometry_test.py
28420571,0,0,0,test/tomo/operator/xray_trafo.py
28420571,3,0,3,odl/operator/operator.py
28420571,13,4,17,odl/set/space.py
28420571,11,0,11,odl/space/ntuples.py
28420571,26,0,26,test/space/ntuples_test.py
28420571,1,1,2,examples/tomo/stir_project.py
28420571,2,2,4,examples/tomo/stir_reconstruct.py
28420571,1,1,2,setup.py
28420571,2,1,3,odl/discr/lp_discr.py
28420571,111,2,113,odl/solvers/advanced/proximal_operators.py
28420571,195,103,298,test/solvers/advanced/proximal_operator_test.py
28420571,1,1,2,odl/discr/discr_ops.py
28420571,41,31,72,odl/discr/discr_ops.py
28420571,0,1,1,odl/solvers/advanced/proximal_operators.py
28420571,10,6,16,test/discr/discr_ops_test.py
28420571,43,42,85,examples/solvers/chambolle_pock_deconvolve.py
28420571,27,28,55,examples/solvers/chambolle_pock_denoising.py
28420571,31,88,119,odl/solvers/advanced/chambolle_pock.py
28420571,3,57,60,odl/solvers/advanced/proximal_operators.py
28420571,0,1,1,odl/solvers/util/partial.py
28420571,63,44,107,odl/solvers/advanced/chambolle_pock.py
28420571,3,3,6,odl/solvers/advanced/proximal_operators.py
28420571,114,98,212,odl/discr/discr_ops.py
28420571,49,39,88,test/discr/discr_ops_test.py
28420571,68,22,90,examples/solvers/chambolle_pock_deconvolve.py
28420571,52,12,64,examples/solvers/chambolle_pock_denoising.py
28420571,7,5,12,odl/solvers/advanced/proximal_operators.py
28420571,20,19,39,odl/discr/discr_ops.py
28420571,3,3,6,test/discr/discr_ops_test.py
28420571,286,173,459,odl/discr/discr_ops.py
28420571,20,8,28,odl/solvers/advanced/chambolle_pock.py
28420571,5,5,10,odl/solvers/advanced/proximal_operators.py
28420571,157,155,312,test/discr/discr_ops_test.py
28420571,6,5,11,test/solvers/advanced/chambolle_pock_test.py
28420571,35,33,68,examples/solvers/chambolle_pock_deconvolve.py
28420571,31,28,59,examples/solvers/chambolle_pock_denoising.py
28420571,1,1,2,odl/solvers/advanced/proximal_operators.py
28420571,2,1,3,odl/solvers/util/partial.py
28420571,18,12,30,odl/solvers/advanced/chambolle_pock.py
28420571,87,51,138,test/solvers/advanced/chambolle_pock_test.py
28420571,6,0,6,test/solvers/advanced/chambolle_pock_test.py
28420571,61,2,63,test/solvers/advanced/proximal_operator_test.py
28420571,15,17,32,odl/solvers/advanced/proximal_operators.py
28420571,22,22,44,examples/solvers/chambolle_pock_deconvolve.py
28420571,11,11,22,examples/solvers/chambolle_pock_denoising.py
28420571,3,4,7,odl/solvers/advanced/chambolle_pock.py
28420571,14,16,30,odl/solvers/advanced/proximal_operators.py
28420571,7,6,13,odl/solvers/util/partial.py
28420571,16,16,32,examples/solvers/chambolle_pock_deconvolve.py
28420571,23,13,36,examples/solvers/chambolle_pock_denoising.py
28420571,119,104,223,odl/solvers/advanced/chambolle_pock.py
28420571,228,177,405,odl/solvers/advanced/proximal_operators.py
28420571,25,17,42,test/solvers/advanced/chambolle_pock_test.py
28420571,63,48,111,test/solvers/advanced/proximal_operator_test.py
28420571,19,10,29,examples/solvers/chambolle_pock_deconvolve.py
28420571,14,11,25,examples/solvers/chambolle_pock_denoising.py
28420571,4,0,4,odl/solvers/advanced/__init__.py
28420571,8,248,256,odl/solvers/advanced/chambolle_pock.py
28420571,308,37,345,odl/solvers/advanced/proximal_operators.py
28420571,3,88,91,test/solvers/advanced/chambolle_pock_test.py
28420571,187,3,190,test/solvers/advanced/proximal_operator_test.py
28420571,1,1,2,examples/solvers/chambolle_pock_denoising.py
28420571,130,54,184,odl/solvers/advanced/chambolle_pock.py
28420571,115,0,115,odl/solvers/advanced/proximal_operators.py
28420571,26,2,28,test/solvers/advanced/chambolle_pock_test.py
28420571,42,0,42,test/solvers/advanced/proximal_operator_test.py
28420571,59,24,83,odl/solvers/advanced/chambolle_pock.py
28420571,3,3,6,odl/solvers/iterative/iterative.py
28420571,1,1,2,odl/solvers/scalar/steplen.py
28420571,3,3,6,odl/solvers/vector/newton.py
28420571,1,1,2,test/solvers/advanced/chambolle_pock_test.py
28420571,10,6,16,examples/solvers/chambolle_pock_deconvolve.py
28420571,5,3,8,examples/solvers/chambolle_pock_denoising.py
28420571,76,53,129,odl/solvers/advanced/chambolle_pock.py
28420571,9,7,16,test/solvers/advanced/chambolle_pock_test.py
28420571,44,13,57,odl/solvers/advanced/chambolle_pock.py
28420571,48,25,73,test/solvers/advanced/chambolle_pock_test.py
28420571,8,15,23,examples/solvers/chambolle_pock_deconvolve.py
28420571,13,14,27,examples/solvers/chambolle_pock_denoising.py
28420571,7,0,7,odl/set/space.py
28420571,141,115,256,odl/solvers/advanced/chambolle_pock.py
28420571,48,30,78,test/solvers/advanced/chambolle_pock_test.py
28420571,12,9,21,examples/solvers/chambolle_pock_deconvolve.py
28420571,15,9,24,examples/solvers/chambolle_pock_denoising.py
28420571,80,57,137,odl/solvers/advanced/chambolle_pock.py
28420571,16,8,24,test/solvers/advanced/chambolle_pock_test.py
28420571,4,4,8,examples/solvers/chambolle_pock_deconvolve.py
28420571,16,14,30,examples/solvers/chambolle_pock_denoising.py
28420571,4,5,9,odl/solvers/advanced/chambolle_pock.py
28420571,39,32,71,examples/solvers/chambolle_pock_deconvolve.py
28420571,21,18,39,examples/solvers/chambolle_pock_denoising.py
28420571,65,31,96,odl/solvers/advanced/chambolle_pock.py
28420571,64,26,90,test/solvers/advanced/chambolle_pock_test.py
28420571,123,0,123,examples/solvers/chambolle_pock_deconvolve.py
28420571,76,0,76,examples/solvers/chambolle_pock_denoising.py
28420571,7,5,12,odl/solvers/advanced/chambolle_pock.py
28420571,87,0,87,test/solvers/advanced/chambolle_pock_test.py
28420571,4,0,4,odl/solvers/__init__.py
28420571,3,3,6,odl/solvers/advanced/__init__.py
28420571,155,40,195,odl/solvers/advanced/chambolle_pock.py
28420571,0,0,0,test/solvers/advanced/chambolle_pock_test.py
28420571,24,0,24,odl/solvers/advanced/__init__.py
28420571,128,0,128,odl/solvers/advanced/chambolle_pock.py
28420571,10,1,11,odl/set/domain.py
28420571,69,4,73,odl/discr/grid.py
28420571,21,10,31,odl/set/domain.py
28420571,4,0,4,odl/set/domain.py
28420571,4,0,4,odl/operator/operator.py
28420571,1,1,2,odl/space/base_ntuples.py
28420571,48,4,52,odl/discr/discretization.py
28420571,1,1,2,odl/operator/operator.py
28420571,2,0,2,odl/util/graphics.py
28420571,1,1,2,examples/visualization/show_ntuple.py
28420571,1,0,1,examples/visualization/show_update_2d.py
28420571,3,0,3,odl/util/graphics.py
28420571,12,14,26,odl/solvers/util/partial.py
28420571,8,12,20,odl/util/graphics.py
28420571,20,0,20,odl/discr/discretization.py
28420571,1,1,2,odl/discr/lp_discr.py
28420571,8,2,10,odl/space/base_ntuples.py
28420571,28,25,53,odl/space/ntuples.py
28420571,0,2,2,odl/discr/__init__.py
28420571,5,5,10,odl/discr/grid.py
28420571,5,4,9,odl/discr/lp_discr.py
28420571,4,4,8,odl/discr/partition.py
28420571,2,2,4,odl/set/pspace.py
28420571,3,3,6,odl/space/base_ntuples.py
28420571,3,3,6,odl/util/graphics.py
28420571,2,2,4,odl/discr/discr_mappings.py
28420571,4,4,8,odl/discr/grid.py
28420571,5,2,7,odl/discr/partition.py
28420571,1,0,1,odl/util/utility.py
28420571,2,4,6,odl/util/vectorization.py
28420571,1,2,3,examples/convolution_test_cuda.py
28420571,2,2,4,examples/tomography.py
28420571,2,2,4,examples/vectorization.py
28420571,7,7,14,odl/discr/discr_mappings.py
28420571,1,1,2,odl/discr/discretization.py
28420571,8,7,15,odl/discr/grid.py
28420571,2,1,3,odl/discr/lp_discr.py
28420571,2,1,3,odl/discr/partition.py
28420571,1,1,2,odl/util/graphics.py
28420571,1,1,2,odl/util/phantom.py
28420571,2,2,4,test/discr/grid_test.py
28420571,2,2,4,odl/util/numerics.py
28420571,8,26,34,odl/discr/lp_discr.py
28420571,5,1,6,odl/util/numerics.py
28420571,6,3,9,odl/discr/lp_discr.py
28420571,4,0,4,odl/util/__init__.py
28420571,32,12,44,odl/util/numerics.py
28420571,29,28,57,test/util/numerics_test.py
28420571,11,11,22,odl/discr/discr_ops.py
28420571,21,21,42,odl/operator/default_ops.py
28420571,27,27,54,odl/operator/operator.py
28420571,1,1,2,odl/operator/oputils.py
28420571,9,9,18,odl/operator/pspace_ops.py
28420571,4,4,8,odl/set/pspace.py
28420571,3,3,6,odl/solvers/findroot/newton.py
28420571,8,8,16,odl/solvers/iterative/iterative.py
28420571,1,1,2,odl/solvers/scalar/gradient.py
28420571,10,10,20,odl/solvers/scalar/steplen.py
28420571,1,1,2,odl/solvers/vector/newton.py
28420571,2,2,4,odl/space/cu_ntuples.py
28420571,1,1,2,odl/space/ntuples.py
28420571,4,4,8,odl/discr/discr_mappings.py
28420571,1,1,2,odl/discr/discr_ops.py
28420571,5,6,11,odl/discr/discretization.py
28420571,145,56,201,odl/discr/grid.py
28420571,24,9,33,odl/discr/lp_discr.py
28420571,9,8,17,odl/discr/partition.py
28420571,1,1,2,odl/operator/default_ops.py
28420571,10,9,19,odl/operator/operator.py
28420571,1,1,2,odl/operator/pspace_ops.py
28420571,17,21,38,odl/set/domain.py
28420571,4,3,7,odl/set/pspace.py
28420571,5,5,10,odl/set/space.py
28420571,7,5,12,odl/solvers/util/partial.py
28420571,1,1,2,odl/space/base_ntuples.py
28420571,16,21,37,odl/space/cu_ntuples.py
28420571,13,17,30,odl/space/fspace.py
28420571,22,26,48,odl/space/ntuples.py
28420571,1,1,2,odl/space/space_utils.py
28420571,7,2,9,odl/util/numerics.py
28420571,6,6,12,odl/util/vectorization.py
28420571,40,9,49,test/discr/grid_test.py
28420571,65,0,65,test/discr/lp_discr_test.py
28420571,1,1,2,test/discr/partition_test.py
28420571,2,3,5,examples/convolution_test_cuda.py
28420571,5,6,11,examples/operator_test.py
28420571,8,8,16,examples/simple_operator.py
28420571,4,11,15,examples/tomo/stir_project.py
28420571,5,3,8,examples/visualization/show_1d.py
28420571,1,1,2,examples/visualization/show_ntuple.py
28420571,10,3,13,examples/visualization/show_productspace.py
28420571,1,1,2,examples/visualization/show_update_1d.py
28420571,53,30,83,odl/discr/discr_mappings.py
28420571,4,1,5,odl/discr/partition.py
28420571,59,44,103,odl/discr/lp_discr.py
28420571,55,29,84,odl/discr/partition.py
28420571,12,6,18,odl/util/numerics.py
28420571,66,2,68,test/discr/lp_discr_test.py
28420571,2,4,6,odl/util/numerics.py
28420571,23,29,52,odl/discr/lp_discr.py
28420571,26,9,35,odl/discr/partition.py
28420571,6,4,10,odl/discr/discr_mappings.py
28420571,3,3,6,odl/discr/discr_ops.py
28420571,33,33,66,odl/discr/lp_discr.py
28420571,4,4,8,test/discr/discr_ops_test.py
28420571,7,7,14,test/discr/lp_discr_test.py
28420571,6,6,12,test/set/domain_test.py
28420571,13,13,26,odl/discr/lp_discr.py
28420571,253,277,530,odl/discr/partition.py
28420571,4,6,10,odl/set/domain.py
28420571,8,8,16,odl/util/phantom.py
28420571,8,8,16,test/discr/discr_mappings_test.py
28420571,127,116,243,test/discr/partition_test.py
28420571,5,4,9,odl/discr/lp_discr.py
28420571,278,159,437,odl/discr/partition.py
28420571,61,31,92,odl/discr/discr_mappings.py
28420571,5,5,10,odl/discr/discr_ops.py
28420571,28,60,88,odl/discr/grid.py
28420571,111,23,134,odl/discr/lp_discr.py
28420571,35,10,45,odl/discr/partition.py
28420571,4,8,12,odl/set/domain.py
28420571,11,10,21,odl/space/fspace.py
28420571,1,56,57,odl/util/vectorization.py
28420571,12,13,25,test/discr/discr_mappings_test.py
28420571,17,19,36,test/discr/discr_ops_test.py
28420571,3,22,25,test/discr/grid_test.py
28420571,9,9,18,test/discr/lp_discr_test.py
28420571,2,119,121,test/util/vectorization_test.py
28420571,152,0,152,odl/util/numerics.py
28420571,106,0,106,test/util/numerics_test.py
28420571,3,3,6,odl/discr/discr_ops.py
28420571,0,95,95,test/discr/grid_test.py
28420571,4,4,8,odl/diagnostics/examples.py
28420571,1,1,2,odl/discr/discr_mappings.py
28420571,7,7,14,odl/discr/discr_ops.py
28420571,22,10,32,odl/discr/grid.py
28420571,5,5,10,odl/discr/lp_discr.py
28420571,2,2,4,odl/set/domain.py
28420571,7,7,14,odl/trafos/wavelet.py
28420571,4,4,8,test/discr/discr_ops_test.py
28420571,1,1,2,odl/discr/discr_mappings.py
28420571,7,4,11,odl/discr/grid.py
28420571,1,1,2,test/discr/grid_test.py
28420571,36,70,106,test/discr/discr_mappings_test.py
28420571,1,1,2,odl/discr/partition.py
28420571,4,23,27,odl/discr/grid.py
28420571,104,154,258,odl/discr/discr_mappings.py
28420571,76,54,130,odl/discr/lp_discr.py
28420571,25,15,40,odl/discr/partition.py
28420571,9,7,16,test/discr/partition_test.py
28420571,58,61,119,odl/discr/lp_discr.py
28420571,29,6,35,odl/discr/partition.py
28420571,145,40,185,odl/discr/partition.py
28420571,172,32,204,test/discr/partition_test.py
28420571,5,5,10,odl/discr/grid.py
28420571,14,26,40,odl/set/domain.py
28420571,66,0,66,test/set/domain_test.py
28420571,102,26,128,odl/discr/partition.py
28420571,5,0,5,test/discr/partition_test.py
28420571,1,104,105,odl/discr/grid.py
28420571,220,101,321,odl/discr/partition.py
28420571,33,33,66,test/discr/grid_test.py
28420571,138,0,138,test/discr/partition_test.py
28420571,4,0,4,odl/discr/__init__.py
28420571,203,0,203,odl/discr/partition.py
28420571,25,19,44,odl/discr/grid.py
28420571,77,1,78,test/discr/grid_test.py
28420571,259,294,553,odl/discr/grid.py
28420571,243,254,497,test/discr/grid_test.py
28420571,1,1,2,odl/operator/operator.py
28420571,20,6,26,odl/util/phantom.py
28420571,1,1,2,odl/operator/operator.py
28420571,19,15,34,odl/util/graphics.py
28420571,26,25,51,odl/discr/grid.py
28420571,3,3,6,odl/solvers/iterative/iterative.py
28420571,5,29,34,test/solvers/vector/newton_test.py
28420571,1,1,2,odl/solvers/scalar/gradient.py
28420571,2,76,78,odl/solvers/iterative/iterative.py
28420571,1,0,1,odl/solvers/scalar/__init__.py
28420571,31,12,43,odl/solvers/scalar/gradient.py
28420571,12,9,21,test/solvers/iterative/iterative.py
28420571,84,0,84,test/solvers/iterative/iterative.py
28420571,22,11,33,odl/solvers/iterative/iterative.py
28420571,1,1,2,odl/operator/default_ops.py
28420571,81,3,84,odl/solvers/iterative/iterative.py
28420571,15,6,21,odl/set/pspace.py
28420571,0,1,1,odl/util/graphics.py
28420571,99,3,102,odl/discr/discr_ops.py
28420571,26,4,30,odl/discr/grid.py
28420571,4,3,7,odl/operator/operator.py
28420571,37,5,42,odl/set/pspace.py
28420571,1,1,2,odl/util/graphics.py
28420571,56,15,71,odl/discr/lp_discr.py
28420571,3,6,9,odl/space/base_ntuples.py
28420571,5,76,81,odl/util/graphics.py
28420571,10,43,53,odl/util/graphics.py
28420571,25,0,25,examples/visualization/show_ntuple.py
28420571,47,0,47,odl/space/base_ntuples.py
28420571,135,63,198,odl/util/graphics.py
28420571,2,2,4,odl/discr/discretization.py
28420571,3,3,6,odl/solvers/util/partial.py
28420571,5,5,10,odl/space/fspace.py
28420571,2,2,4,odl/util/phantom.py
28420571,2,2,4,odl/util/ufuncs.py
28420571,27,27,54,odl/discr/discr_ops.py
28420571,7,7,14,odl/trafos/wavelet.py
28420571,15,15,30,test/discr/discr_ops_test.py
28420571,4,4,8,test/trafos/wavelet_test.py
28420571,1,1,2,examples/visualization/show_2d_complex.py
28420571,2,3,5,odl/discr/lp_discr.py
28420571,19,17,36,odl/discr/lp_discr.py
28420571,2,0,2,odl/util/utility.py
28420571,7,43,50,test/discr/lp_discr_test.py
28420571,2,1,3,odl/set/domain.py
28420571,38,0,38,odl/set/domain.py
28420571,28,2,30,odl/discr/grid.py
28420571,29,11,40,odl/set/domain.py
28420571,0,1,1,doc/source/conf.py
28420571,1,1,2,doc/source/conf.py
28420571,1,1,2,doc/source/conf.py
28420571,39,4,43,odl/solvers/util/partial.py
28420571,34,3,37,odl/solvers/util/partial.py
28420571,26,13,39,odl/solvers/util/partial.py
28420571,1,0,1,examples/visualization/show_update_1d.py
28420571,1,0,1,examples/visualization/show_update_2d.py
28420571,2,0,2,odl/solvers/__init__.py
28420571,3,3,6,odl/solvers/findroot/newton.py
28420571,4,4,8,odl/solvers/iterative/iterative.py
28420571,1,1,2,odl/solvers/scalar/gradient.py
28420571,76,21,97,odl/solvers/util/partial.py
28420571,1,1,2,odl/solvers/vector/newton.py
28420571,5,0,5,odl/util/graphics.py
28420571,10,2,12,odl/util/vectorization.py
28420571,7,0,7,test/util/vectorization_test.py
28420571,3,1,4,odl/discr/discr_mappings.py
28420571,17,8,25,odl/discr/lp_discr.py
28420571,1,1,2,odl/space/fspace.py
28420571,47,23,70,examples/vectorization.py
28420571,6,6,12,examples/vectorization.py
28420571,35,12,47,examples/vectorization.py
28420571,5,3,8,odl/space/fspace.py
28420571,202,154,356,odl/util/vectorization.py
28420571,5,6,11,test/util/vectorization_test.py
28420571,85,0,85,examples/vectorization.py
28420571,32,0,32,examples/visualization/show_2d_complex.py
28420571,7,3,10,odl/util/graphics.py
28420571,4,4,8,odl/discr/discr_mappings.py
28420571,10,10,20,odl/discr/grid.py
28420571,6,6,12,odl/discr/lp_discr.py
28420571,1,1,2,odl/set/domain.py
28420571,8,8,16,odl/util/phantom.py
28420571,9,9,18,test/discr/discr_mappings_test.py
28420571,10,4,14,test/discr/grid_test.py
28420571,6,6,12,test/discr/lp_discr_test.py
28420571,7,7,14,test/set/domain_test.py
28420571,2,2,4,odl/util/graphics.py
28420571,13,6,19,odl/discr/discr_mappings.py
28420571,5,4,9,odl/space/fspace.py
28420571,9,3,12,odl/util/vectorization.py
28420571,23,0,23,test/space/fspace_test.py
28420571,13,7,20,doc/source/conf.py
28420571,17,0,17,doc/source/generate_doc.py
28420571,1,1,2,examples/__init__.py
28420571,1,1,2,examples/convolution_test.py
28420571,1,1,2,examples/convolution_test_cuda.py
28420571,1,1,2,examples/cudaspace_speedtest.py
28420571,1,1,2,examples/operator_test.py
28420571,1,1,2,examples/reals.py
28420571,1,1,2,examples/simple_operator.py
28420571,1,1,2,examples/simple_rn.py
28420571,1,1,2,examples/solver_examples.py
28420571,1,1,2,examples/space_test.py
28420571,1,1,2,examples/tomo/stir_project.py
28420571,1,1,2,examples/tomo/stir_reconstruct.py
28420571,1,1,2,examples/tomography.py
28420571,1,1,2,examples/visualization/show_1d.py
28420571,1,1,2,examples/visualization/show_2d.py
28420571,1,1,2,examples/visualization/show_productspace.py
28420571,1,1,2,examples/visualization/show_update_1d.py
28420571,1,1,2,examples/visualization/show_update_2d.py
28420571,1,1,2,examples/visualize_vector_examples.py
28420571,1,1,2,odl/__init__.py
28420571,1,1,2,odl/diagnostics/__init__.py
28420571,1,1,2,odl/diagnostics/examples.py
28420571,1,1,2,odl/diagnostics/operator.py
28420571,1,1,2,odl/diagnostics/space.py
28420571,1,1,2,odl/discr/__init__.py
28420571,1,1,2,odl/discr/discr_mappings.py
28420571,1,1,2,odl/discr/discr_ops.py
28420571,1,1,2,odl/discr/discretization.py
28420571,1,1,2,odl/discr/grid.py
28420571,1,1,2,odl/discr/lp_discr.py
28420571,1,1,2,odl/operator/__init__.py
28420571,1,1,2,odl/operator/default_ops.py
28420571,1,1,2,odl/operator/operator.py
28420571,1,1,2,odl/operator/oputils.py
28420571,1,1,2,odl/operator/pspace_ops.py
28420571,1,1,2,odl/set/__init__.py
28420571,1,1,2,odl/set/domain.py
28420571,1,1,2,odl/set/pspace.py
28420571,1,1,2,odl/set/sets.py
28420571,1,1,2,odl/set/space.py
28420571,1,1,2,odl/solvers/__init__.py
28420571,1,1,2,odl/solvers/findroot/__init__.py
28420571,1,1,2,odl/solvers/findroot/newton.py
28420571,1,1,2,odl/solvers/iterative/__init__.py
28420571,1,1,2,odl/solvers/iterative/iterative.py
28420571,1,1,2,odl/solvers/linear/__init__.py
28420571,1,1,2,odl/solvers/scalar/__init__.py
28420571,1,1,2,odl/solvers/scalar/gradient.py
28420571,1,1,2,odl/solvers/scalar/steplen.py
28420571,1,1,2,odl/solvers/util/__init__.py
28420571,1,1,2,odl/solvers/util/partial.py
28420571,1,1,2,odl/solvers/vector/__init__.py
28420571,1,1,2,odl/solvers/vector/newton.py
28420571,1,1,2,odl/space/__init__.py
28420571,1,1,2,odl/space/base_ntuples.py
28420571,1,1,2,odl/space/cu_ntuples.py
28420571,1,1,2,odl/space/fspace.py
28420571,1,1,2,odl/space/ntuples.py
28420571,1,1,2,odl/space/space_utils.py
28420571,1,1,2,odl/tomo/__init__.py
28420571,1,1,2,odl/tomo/backends/__init__.py
28420571,1,1,2,odl/tomo/backends/stir_bindings.py
28420571,1,1,2,odl/trafos/__init__.py
28420571,1,1,2,odl/trafos/wavelet.py
28420571,1,1,2,odl/util/__init__.py
28420571,1,1,2,odl/util/graphics.py
28420571,1,1,2,odl/util/phantom.py
28420571,1,1,2,odl/util/testutils.py
28420571,1,1,2,odl/util/ufuncs.py
28420571,1,1,2,odl/util/utility.py
28420571,1,1,2,odl/util/vectorization.py
28420571,63,28,91,odl/util/phantom.py
28420571,10,2,12,odl/util/phantom.py
28420571,89,1,90,odl/util/phantom.py
28420571,1,1,2,odl/util/phantom.py
28420571,1,1,2,odl/space/cu_ntuples.py
28420571,11,8,19,odl/util/ufuncs.py
28420571,55,70,125,odl/util/phantom.py
28420571,54,4,58,odl/solvers/util/partial.py
28420571,1,1,2,odl/discr/discr_mappings.py
28420571,2,1,3,odl/discr/grid.py
28420571,3,3,6,odl/discr/lp_discr.py
28420571,2,2,4,odl/set/pspace.py
28420571,1,1,2,odl/space/fspace.py
28420571,26,24,50,odl/trafos/wavelet.py
28420571,5,1,6,odl/util/ufuncs.py
28420571,1,1,2,examples/tomo/stir_project.py
28420571,1,1,2,examples/tomo/stir_reconstruct.py
28420571,1,1,2,examples/tomography.py
28420571,1,1,2,examples/visualization/show_2d.py
28420571,2,1,3,examples/visualization/show_productspace.py
28420571,1,1,2,examples/visualization/show_update_2d.py
28420571,1,1,2,odl/util/phantom.py
28420571,3,3,6,examples/convolution_test.py
28420571,3,3,6,examples/convolution_test_cuda.py
28420571,1,1,2,examples/cudaspace_speedtest.py
28420571,4,3,7,examples/operator_test.py
28420571,4,4,8,examples/reals.py
28420571,5,5,10,examples/solver_examples.py
28420571,2,2,4,examples/visualization/show_productspace.py
28420571,1,1,2,examples/visualization/show_update_1d.py
28420571,1,1,2,examples/visualization/show_update_2d.py
28420571,38,37,75,odl/diagnostics/operator.py
28420571,93,59,152,odl/diagnostics/space.py
28420571,1,1,2,odl/discr/discretization.py
28420571,0,2,2,odl/discr/grid.py
28420571,21,25,46,odl/operator/default_ops.py
28420571,30,15,45,odl/operator/operator.py
28420571,2,2,4,odl/operator/pspace_ops.py
28420571,1,2,3,odl/set/domain.py
28420571,13,7,20,odl/set/pspace.py
28420571,8,9,17,odl/set/sets.py
28420571,1,1,2,odl/set/space.py
28420571,5,5,10,odl/solvers/findroot/newton.py
28420571,10,10,20,odl/solvers/iterative/iterative.py
28420571,2,2,4,odl/solvers/scalar/steplen.py
28420571,2,0,2,odl/solvers/util/partial.py
28420571,16,6,22,odl/space/cu_ntuples.py
28420571,7,8,15,odl/space/fspace.py
28420571,13,15,28,odl/space/ntuples.py
28420571,16,18,34,odl/tomo/backends/stir_bindings.py
28420571,15,17,32,odl/trafos/wavelet.py
28420571,7,8,15,odl/util/graphics.py
28420571,48,29,77,odl/util/phantom.py
28420571,22,16,38,odl/util/testutils.py
28420571,17,5,22,odl/util/ufuncs.py
28420571,32,29,61,odl/util/vectorization.py
28420571,2,2,4,test/operator/difference_test_cuda.py
28420571,3,17,20,test/space/fspace_test.py
28420571,14,14,28,test/util/vectorization_test.py
28420571,0,134,134,test/benchmark/discr/discr_mappings_test.py
28420571,2,0,2,odl/space/fspace.py
28420571,1,1,2,odl/space/fspace.py
28420571,24,1,25,test/benchmark/discr/discr_mappings_test.py
28420571,2,2,4,odl/operator/default_ops.py
28420571,28,24,52,test/benchmark/discr/discr_mappings_test.py
28420571,26,34,60,test/discr/discr_mappings_test.py
28420571,2,2,4,odl/discr/discretization.py
28420571,1,1,2,odl/discr/lp_discr.py
28420571,2,1,3,odl/discr/discretization.py
28420571,3,3,6,odl/discr/discr_mappings.py
28420571,6,8,14,odl/discr/discr_mappings.py
28420571,55,1,56,odl/discr/discr_mappings.py
28420571,47,56,103,odl/discr/discr_mappings.py
28420571,47,47,94,odl/discr/discr_mappings.py
28420571,0,2,2,examples/reals.py
28420571,0,1,1,odl/discr/discr_mappings.py
28420571,0,6,6,odl/discr/discretization.py
28420571,0,1,1,odl/discr/grid.py
28420571,0,3,3,odl/operator/default_ops.py
28420571,1,3,4,odl/operator/operator.py
28420571,0,1,1,odl/set/pspace.py
28420571,1,1,2,odl/space/base_ntuples.py
28420571,5,21,26,odl/space/fspace.py
28420571,107,0,107,test/benchmark/discr/discr_mappings_test.py
28420571,8,3,11,odl/discr/discr_mappings.py
28420571,2,1,3,odl/discr/discr_mappings.py
28420571,2,2,4,doc/source/conf.py
28420571,6,7,13,odl/space/ntuples.py
28420571,37,0,37,test/discr/discr_mappings_test.py
28420571,3,3,6,odl/discr/discr_mappings.py
28420571,59,1,60,test/discr/discr_mappings_test.py
28420571,11,22,33,odl/discr/discr_mappings.py
28420571,142,45,187,odl/discr/discr_mappings.py
28420571,267,126,393,odl/discr/discr_mappings.py
28420571,18,15,33,odl/discr/lp_discr.py
28420571,15,5,20,odl/discr/discr_mappings.py
28420571,15,19,34,odl/discr/discretization.py
28420571,12,10,22,odl/discr/grid.py
28420571,1,4,5,odl/discr/lp_discr.py
28420571,33,19,52,test/discr/discr_mappings_test.py
28420571,8,6,14,odl/discr/discr_mappings.py
28420571,186,4,190,test/discr/discr_mappings_test.py
28420571,53,13,66,odl/discr/discr_mappings.py
28420571,62,100,162,odl/discr/discr_mappings.py
28420571,20,1,21,odl/discr/grid.py
28420571,5,6,11,odl/discr/discr_mappings.py
28420571,101,0,101,test/discr/discr_mappings_test.py
28420571,1,1,2,examples/visualization/show_update_1d.py
28420571,1,1,2,examples/visualization/show_update_2d.py
28420571,1,1,2,odl/util/graphics.py
28420571,2,2,4,odl/trafos/wavelet.py
28420571,0,4,4,odl/util/graphics.py
28420571,10,4,14,odl/util/graphics.py
28420571,1,1,2,odl/set/pspace.py
28420571,3,1,4,odl/operator/operator.py
28420571,1,1,2,examples/visualization/show_1d.py
28420571,8,10,18,examples/visualization/show_productspace.py
28420571,1,2,3,odl/discr/lp_discr.py
28420571,3,2,5,odl/set/pspace.py
28420571,2,2,4,odl/util/graphics.py
28420571,6,5,11,doc/source/conf.py
28420571,55,55,110,odl/util/ufuncs.py
28420571,11,6,17,test/space/ntuples_test.py
28420571,18,12,30,odl/tomo/backends/stir_bindings.py
28420571,20,82,102,odl/util/ufuncs.py
28420571,4,5,9,odl/util/phantom.py
28420571,11,9,20,odl/util/phantom.py
28420571,58,33,91,odl/util/phantom.py
28420571,1,1,2,odl/util/phantom.py
28420571,33,14,47,odl/util/phantom.py
28420571,5,7,12,odl/discr/grid.py
28420571,32,0,32,examples/visualization/show_2d.py
28420571,11,5,16,examples/visualization/show_productspace.py
28420571,41,0,41,examples/visualization/show_update_1d.py
28420571,4,2,6,odl/discr/lp_discr.py
28420571,7,1,8,odl/set/pspace.py
28420571,7,3,10,odl/util/graphics.py
28420571,45,0,45,examples/visualization/show.py
28420571,42,0,42,examples/visualization/show_productspace.py
28420571,41,0,41,examples/visualization/show_update.py
28420571,8,2,10,odl/discr/lp_discr.py
28420571,11,6,17,odl/set/pspace.py
28420571,20,11,31,odl/util/graphics.py
28420571,1,1,2,odl/util/graphics.py
28420571,2,2,4,odl/util/phantom.py
28420571,33,23,56,odl/util/phantom.py
28420571,8,17,25,odl/diagnostics/examples.py
28420571,8,6,14,odl/diagnostics/examples.py
28420571,47,0,47,odl/set/space.py
28420571,0,36,36,odl/space/fspace.py
28420571,5,0,5,odl/util/utility.py
28420571,19,1,20,odl/set/space.py
28420571,13,61,74,odl/space/fspace.py
28420571,4,4,8,odl/trafos/wavelet.py
28420571,5,0,5,odl/set/space.py
28420571,0,5,5,odl/space/base_ntuples.py
28420571,8,3,11,odl/trafos/wavelet.py
28420571,5,0,5,odl/set/pspace.py
28420571,67,6,73,odl/operator/default_ops.py
28420571,67,97,164,odl/operator/default_ops.py
28420571,4,0,4,odl/discr/__init__.py
28420571,1,1,2,odl/set/domain.py
28420571,1,1,2,odl/set/sets.py
28420571,10,10,20,odl/space/fspace.py
28420571,1,1,2,odl/tomo/__init__.py
28420571,1,1,2,odl/tomo/backends/__init__.py
28420571,14,12,26,odl/discr/discr_mappings.py
28420571,10,9,19,odl/discr/discr_ops.py
28420571,1,1,2,odl/discr/grid.py
28420571,2,2,4,odl/discr/lp_discr.py
28420571,22,8,30,odl/operator/default_ops.py
28420571,6,8,14,odl/operator/operator.py
28420571,3,3,6,odl/operator/pspace_ops.py
28420571,4,3,7,odl/set/domain.py
28420571,10,7,17,odl/set/space.py
28420571,5,5,10,odl/space/cu_ntuples.py
28420571,5,5,10,odl/space/fspace.py
28420571,9,12,21,odl/space/ntuples.py
28420571,2,2,4,odl/util/utility.py
28420571,5,3,8,odl/util/vectorization.py
28420571,19,0,19,test/operator/operator_test.py
28420571,6,2,8,odl/util/graphics.py
28420571,54,61,115,odl/discr/discr_mappings.py
28420571,13,15,28,odl/discr/grid.py
28420571,26,36,62,odl/discr/lp_discr.py
28420571,49,25,74,odl/operator/default_ops.py
28420571,58,74,132,odl/operator/operator.py
28420571,2,2,4,odl/operator/pspace_ops.py
28420571,7,9,16,odl/set/domain.py
28420571,32,33,65,odl/set/pspace.py
28420571,0,10,10,odl/set/sets.py
28420571,90,91,181,odl/space/cu_ntuples.py
28420571,21,23,44,odl/space/fspace.py
28420571,110,114,224,odl/space/ntuples.py
28420571,2,2,4,odl/util/testutils.py
28420571,8,8,16,odl/util/utility.py
28420571,18,19,37,odl/util/vectorization.py
28420571,2,2,4,test/operator/operator_test.py
28420571,4,7,11,test/space/fspace_test.py
28420571,136,33,169,odl/trafos/wavelet.py
28420571,15,6,21,odl/discr/discr_mappings.py
28420571,1,1,2,odl/discr/discr_mappings.py
28420571,4,4,8,odl/space/fspace.py
28420571,4,4,8,odl/util/vectorization.py
28420571,4,2,6,odl/discr/lp_discr.py
28420571,3,1,4,odl/util/graphics.py
28420571,68,32,100,odl/util/graphics.py
28420571,11,9,20,odl/discr/lp_discr.py
28420571,12,2,14,odl/util/graphics.py
28420571,65,0,65,odl/operator/oputils.py
28420571,40,1,41,test/operator/oputils_test.py
28420571,72,84,156,odl/trafos/wavelet.py
28420571,1,1,2,odl/discr/discr_mappings.py
28420571,1,2,3,odl/set/domain.py
28420571,66,204,270,odl/discr/discr_mappings.py
28420571,41,7,48,odl/set/domain.py
28420571,84,30,114,odl/operator/operator.py
28420571,2,4,6,odl/operator/pspace_ops.py
28420571,1,1,2,odl/diagnostics/space.py
28420571,26,8,34,odl/set/sets.py
28420571,295,39,334,odl/discr/discr_mappings.py
28420571,13,54,67,odl/trafos/wavelet.py
28420571,2,2,4,test/trafos/wavelet_test.py
28420571,3,3,6,test/trafos/wavelet_test.py
28420571,11,25,36,test/trafos/wavelet_test.py
28420571,124,282,406,odl/trafos/wavelet.py
28420571,51,14,65,odl/discr/discr_mappings.py
28420571,28,23,51,odl/discr/discr_mappings.py
28420571,82,10,92,test/trafos/wavelet_test.py
28420571,178,57,235,odl/trafos/wavelet.py
28420571,45,42,87,test/space/fspace_test.py
28420571,0,3,3,odl/discr/discr_ops.py
28420571,9,9,18,test/space/fspace_test.py
28420571,68,2,70,test/space/fspace_test.py
28420571,4,8,12,odl/space/fspace.py
28420571,6,8,14,odl/discr/discr_ops.py
28420571,1,1,2,test/discr/discr_ops_test.py
28420571,2,2,4,odl/discr/lp_discr.py
28420571,8,12,20,odl/set/pspace.py
28420571,1,1,2,odl/space/cu_ntuples.py
28420571,2,2,4,odl/space/ntuples.py
28420571,1,1,2,odl/util/ufuncs.py
28420571,1,1,2,test/set/pspace_test.py
28420571,2,2,4,odl/discr/lp_discr.py
28420571,5,8,13,odl/space/cu_ntuples.py
28420571,5,9,14,odl/space/ntuples.py
28420571,19,11,30,odl/discr/lp_discr.py
28420571,4,3,7,odl/operator/operator.py
28420571,17,0,17,odl/space/fspace.py
28420571,34,0,34,odl/discr/lp_discr.py
28420571,8,1,9,odl/set/pspace.py
28420571,6,0,6,odl/space/cu_ntuples.py
28420571,8,1,9,odl/space/ntuples.py
28420571,16,0,16,odl/util/ufuncs.py
28420571,9,0,9,test/set/pspace_test.py
28420571,11,7,18,odl/operator/operator.py
28420571,3,3,6,odl/discr/lp_discr.py
28420571,5,5,10,odl/set/pspace.py
28420571,3,3,6,odl/space/base_ntuples.py
28420571,4,4,8,odl/space/cu_ntuples.py
28420571,3,3,6,odl/space/ntuples.py
28420571,13,13,26,odl/util/ufuncs.py
28420571,1,1,2,test/discr/lp_discr_test.py
28420571,51,2,53,odl/set/pspace.py
28420571,38,13,51,odl/space/cu_ntuples.py
28420571,31,0,31,odl/space/ntuples.py
28420571,2,2,4,test/set/pspace_test.py
28420571,2,2,4,odl/discr/discr_mappings.py
28420571,32,42,74,test/space/fspace_test.py
28420571,7,11,18,examples/operator_test.py
28420571,18,20,38,odl/diagnostics/examples.py
28420571,4,4,8,odl/operator/operator.py
28420571,1,1,2,odl/util/vectorization.py
28420571,4,4,8,odl/operator/operator.py
28420571,4,14,18,odl/discr/discr_mappings.py
28420571,8,8,16,odl/discr/grid.py
28420571,4,3,7,odl/discr/lp_discr.py
28420571,14,10,24,odl/operator/operator.py
28420571,28,28,56,odl/set/domain.py
28420571,3,2,5,odl/set/sets.py
28420571,15,5,20,odl/space/cu_ntuples.py
28420571,74,87,161,odl/space/fspace.py
28420571,17,17,34,odl/space/ntuples.py
28420571,127,0,127,odl/util/utility.py
28420571,1,1,2,odl/util/vectorization.py
28420571,4,3,7,test/discr/lp_discr_test.py
28420571,6,26,32,test/space/fspace_test.py
28420571,9,8,17,test/util/vectorization_test.py
28420571,75,62,137,odl/util/vectorization.py
28420571,171,0,171,test/util/vectorization_test.py
28420571,1,1,2,odl/util/utility.py
28420571,1,0,1,odl/discr/grid.py
28420571,7,0,7,test/discr/grid_test.py
28420571,16,5,21,odl/util/testutils.py
28420571,49,0,49,test/util/vectorization_test.py
28420571,2,1,3,odl/trafos/wavelet.py
28420571,2,2,4,conftest.py
28420571,152,124,276,odl/trafos/wavelet.py
28420571,7,6,13,odl/util/testutils.py
28420571,19,20,39,test/trafos/wavelet_test.py
28420571,0,3,3,odl/set/space.py
28420571,7,14,21,odl/space/fspace.py
28420571,16,28,44,test/space/fspace_test.py
28420571,20,24,44,odl/trafos/wavelet.py
28420571,8,4,12,odl/discr/grid.py
28420571,12,12,24,odl/util/vectorization.py
28420571,27,1,28,test/discr/grid_test.py
28420571,208,0,208,test/util/vectorization_test.py
28420571,1,2,3,odl/discr/discr_ops.py
28420571,17,0,17,test/discr/discr_ops_test.py
28420571,2,2,4,test/trafos/wavelet_test.py
28420571,100,26,126,odl/discr/discr_ops.py
28420571,10,0,10,odl/set/pspace.py
28420571,81,0,81,odl/util/ufuncs.py
28420571,36,0,36,test/set/pspace_test.py
28420571,4,0,4,odl/discr/__init__.py
28420571,11,11,22,test/trafos/wavelet_test.py
28420571,3,3,6,odl/trafos/wavelet.py
28420571,58,96,154,odl/trafos/wavelet.py
28420571,75,88,163,odl/trafos/wavelet.py
28420571,3,2,5,odl/util/testutils.py
28420571,1,1,2,odl/util/testutils.py
28420571,1,1,2,test/trafos/wavelet_test.py
28420571,6,5,11,odl/util/testutils.py
28420571,3,3,6,test/trafos/wavelet_test.py
28420571,4,1,5,odl/util/testutils.py
28420571,11,2,13,test/trafos/wavelet_test.py
28420571,213,0,213,test/trafos/wavelet_test.py
28420571,6,2,8,conftest.py
28420571,0,3,3,odl/__init__.py
28420571,6,2,8,odl/trafos/wavelet.py
28420571,524,116,640,odl/trafos/wavelet.py
28420571,416,1,417,odl/trafos/wavelet.py
28420571,142,30,172,odl/space/fspace.py
28420571,2,165,167,odl/space/fspace.py
28420571,171,1,172,odl/util/vectorization.py
28420571,9,7,16,odl/set/space.py
28420571,3,5,8,test/space/fspace_test.py
28420571,45,13,58,odl/discr/discr_ops.py
28420571,55,5,60,odl/operator/operator.py
28420571,1,1,2,odl/operator/oputils.py
28420571,2,2,4,odl/tomo/backends/stir_bindings.py
28420571,136,31,167,test/operator/operator_test.py
28420571,0,42,42,odl/space/cu_ntuples.py
28420571,41,30,71,odl/util/phantom.py
28420571,41,7,48,odl/util/phantom.py
28420571,3,3,6,odl/util/phantom.py
28420571,2,0,2,odl/util/graphics.py
28420571,8,4,12,odl/discr/grid.py
28420571,109,89,198,test/discr/grid_test.py
28420571,103,9,112,odl/util/phantom.py
28420571,0,38,38,examples/visualize_phantoms.py
28420571,53,6,59,odl/util/phantom.py
28420571,4,11,15,odl/discr/discr_mappings.py
28420571,4,3,7,odl/set/domain.py
28420571,50,185,235,odl/space/fspace.py
28420571,2,2,4,odl/util/vectorization.py
28420571,13,6,19,odl/operator/operator.py
28420571,47,0,47,test/operator/operator_test.py
28420571,97,246,343,odl/space/fspace.py
28420571,0,61,61,odl/util/utility.py
28420571,110,0,110,odl/util/vectorization.py
28420571,2,0,2,odl/diagnostics/examples.py
28420571,2,0,2,odl/diagnostics/operator.py
28420571,2,0,2,odl/diagnostics/space.py
28420571,2,1,3,odl/util/ufuncs.py
28420571,1,1,2,test/discr/lp_discr_test.py
28420571,13,0,13,odl/util/ufuncs.py
28420571,3,2,5,test/discr/lp_discr_test.py
28420571,23,15,38,test/discr/lp_discr_test.py
28420571,14,0,14,odl/util/ufuncs.py
28420571,1,1,2,test/space/cu_ntuples_test.py
28420571,41,14,55,odl/util/ufuncs.py
28420571,16,0,16,test/discr/lp_discr_test.py
28420571,15,0,15,test/space/cu_ntuples_test.py
28420571,17,1,18,test/space/ntuples_test.py
28420571,4,4,8,doc/source/generate_doc.py
28420571,1,1,2,odl/tomo/backends/__init__.py
28420571,3,4,7,doc/source/generate_doc.py
28420571,19,9,28,doc/source/generate_doc.py
28420571,2,2,4,odl/util/testutils.py
28420571,1,1,2,odl/tomo/__init__.py
28420571,4,7,11,doc/source/generate_doc.py
28420571,2,1,3,doc/source/generate_doc.py
28420571,19,4,23,doc/source/generate_doc.py
28420571,4,4,8,doc/source/generate_doc.py
28420571,0,1,1,doc/source/generate_doc.py
28420571,1,0,1,doc/source/generate_doc.py
28420571,3,0,3,doc/source/generate_doc.py
28420571,1,0,1,doc/source/conf.py
28420571,1,0,1,doc/source/generate_doc.py
28420571,12,9,21,doc/source/generate_doc.py
28420571,1,1,2,test/space/cu_ntuples_test.py
28420571,2,2,4,odl/space/cu_ntuples.py
28420571,2,2,4,odl/space/cu_ntuples.py
28420571,0,3,3,doc/source/conf.py
28420571,1,1,2,doc/{ => source}/generate_doc.py
28420571,2,2,4,doc/source/conf.py
28420571,1,0,1,doc/source/conf.py
28420571,16,11,27,doc/source/conf.py
28420571,6,2,8,doc/source/conf.py
28420571,1,0,1,doc/source/conf.py
28420571,5,0,5,doc/source/conf.py
28420571,7,7,14,odl/discr/discr_ops.py
28420571,65,61,126,test/discr/discr_ops_test.py
28420571,5,4,9,test/discr/discr_ops_test.py
28420571,18,30,48,odl/discr/discr_ops.py
28420571,79,5,84,test/discr/discr_ops_test.py
28420571,9,13,22,odl/discr/discr_ops.py
28420571,104,45,149,test/discr/discr_ops_test.py
28420571,34,38,72,odl/discr/discr_ops.py
28420571,19,18,37,test/discr/discr_ops_test.py
28420571,4,4,8,odl/discr/discr_ops.py
28420571,2,2,4,test/discr/discr_ops_test.py
28420571,0,0,0,odl/{operator => discr}/discr_ops.py
28420571,4,2,6,test/{operator => discr}/discr_ops_test.py
28420571,5,5,10,odl/operator/discr_ops.py
28420571,137,97,234,test/operator/discr_ops_test.py
28420571,93,69,162,odl/operator/discr_ops.py
28420571,21,19,40,test/operator/discr_ops_test.py
28420571,13,6,19,odl/operator/discr_ops.py
28420571,37,40,77,odl/operator/discr_ops.py
28420571,48,15,63,odl/operator/discr_ops.py
28420571,32,5,37,test/operator/discr_ops_test.py
28420571,73,103,176,odl/operator/discr_ops.py
28420571,215,0,215,test/operator/discr_ops_test.py
28420571,118,94,212,odl/operator/fspace_ops.py
28420571,17,11,28,odl/operator/fspace_ops.py
28420571,18,12,30,odl/operator/fspace_ops.py
28420571,157,131,288,odl/operator/fspace_ops.py
28420571,381,0,381,odl/operator/fspace_ops.py
28420571,17,8,25,odl/tomo/backends/stir_bindings.py
28420571,1,1,2,odl/tomo/backends/stir_bindings.py
28420571,2,3,5,doc/{source => }/generate_doc.py
28420571,0,1,1,odl/util/__init__.py
28420571,36,3,39,odl/operator/operator.py
28420571,18,3,21,odl/set/space.py
28420571,0,78,78,odl/util/exceptions.py
28420571,2,2,4,test/operator/operator_test.py
28420571,2,2,4,test/space/ntuples_test.py
28420571,0,19,19,odl/util/exceptions.py
28420571,27,34,61,odl/operator/operator.py
28420571,2,2,4,odl/util/exceptions.py
28420571,79,0,79,test/space/ntuples_test.py
28420571,13,11,24,test/operator/operator_test.py
28420571,92,24,116,odl/operator/operator.py
28420571,5,2,7,odl/set/space.py
28420571,17,6,23,odl/util/exceptions.py
28420571,59,51,110,odl/set/space.py
28420571,22,0,22,odl/util/exceptions.py
28420571,5,6,11,odl/operator/operator.py
28420571,1,0,1,odl/util/__init__.py
28420571,64,0,64,odl/util/exceptions.py
28420571,15,1,16,odl/set/space.py
28420571,3,6,9,examples/reals.py
28420571,1,7,8,odl/set/pspace.py
28420571,7,1,8,odl/set/sets.py
28420571,18,10,28,odl/set/space.py
28420571,3,7,10,odl/space/base_ntuples.py
28420571,2,7,9,odl/space/fspace.py
28420571,2,2,4,examples/convolution_test.py
28420571,2,2,4,examples/convolution_test_cuda.py
28420571,3,3,6,examples/operator_test.py
28420571,7,7,14,odl/discr/lp_discr.py
28420571,1,1,2,test/space/fspace_test.py
28420571,43,1,44,odl/space/base_ntuples.py
28420571,38,60,98,odl/space/cu_ntuples.py
28420571,60,138,198,odl/space/ntuples.py
28420571,8,1,9,odl/util/utility.py
28420571,18,11,29,test/discr/lp_discr_test.py
28420571,10,4,14,test/space/ntuples_test.py
28420571,9,9,18,test/space/space_utils_test.py
28420571,2,1,3,setup.py
28420571,10,29,39,odl/operator/default_ops.py
28420571,12,4,16,odl/operator/default_ops.py
28420571,5,6,11,odl/operator/operator.py
28420571,1,1,2,odl/util/ufuncs.py
28420571,1,7,8,odl/space/cu_ntuples.py
28420571,0,1,1,odl/util/ufuncs.py
28420571,1,0,1,test/space/cu_ntuples_test.py
28420571,2,7,9,test/space/space_utils_test.py
28420571,22,20,42,odl/space/cu_ntuples.py
28420571,10,6,16,odl/util/ufuncs.py
28420571,5,3,8,odl/util/testutils.py
28420571,4,4,8,odl/discr/discretization.py
28420571,12,10,22,odl/discr/lp_discr.py
28420571,16,30,46,odl/operator/operator.py
28420571,0,219,219,odl/operator/operator.py
28420571,4,4,8,odl/discr/discretization.py
28420571,12,10,22,odl/discr/lp_discr.py
28420571,81,53,134,odl/set/domain.py
28420571,6,3,9,odl/space/fspace.py
28420571,1,1,2,odl/util/utility.py
28420571,20,20,40,test/space/fspace_test.py
28420571,0,1,1,odl/discr/grid.py
28420571,2,2,4,odl/operator/oputils.py
28420571,1,3,4,odl/space/cu_ntuples.py
28420571,0,2,2,odl/util/phantom.py
28420571,1,6,7,test/space/space_utils_test.py
28420571,36,4,40,test/discr/lp_discr_test.py
28420571,4,13,17,examples/convolution_test.py
28420571,4,21,25,examples/convolution_test_cuda.py
28420571,3,4,7,examples/operator_test.py
28420571,1,3,4,examples/space_test.py
28420571,2,4,6,examples/tomography.py
28420571,7,5,12,examples/visualize_phantoms.py
28420571,2,4,6,examples/visualize_vector_examples.py
28420571,16,3,19,odl/discr/grid.py
28420571,2,1,3,odl/discr/lp_discr.py
28420571,658,31,689,test/space/fspace_test.py
28420571,170,55,225,odl/space/fspace.py
28420571,15,5,20,odl/discr/lp_discr.py
28420571,51,71,122,test/discr/lp_discr_test.py
28420571,11,33,44,odl/operator/default_ops.py
28420571,47,67,114,odl/operator/pspace_ops.py
28420571,90,6,96,odl/discr/lp_discr.py
28420571,0,3,3,odl/operator/operator.py
28420571,2,6,8,test/space/fspace_test.py
28420571,13,8,21,odl/space/fspace.py
28420571,1,1,2,odl/discr/lp_discr.py
28420571,6,2,8,odl/set/domain.py
28420571,28,37,65,odl/discr/discr_mappings.py
28420571,1,1,2,odl/discr/lp_discr.py
28420571,2,0,2,odl/operator/__init__.py
28420571,1,1,2,odl/space/base_ntuples.py
28420571,1,1,2,odl/space/ntuples.py
28420571,135,94,229,odl/util/ufuncs.py
28420571,1,1,2,test/discr/lp_discr_test.py
28420571,6,5,11,test/space/cu_ntuples_test.py
28420571,6,5,11,test/space/ntuples_test.py
28420571,15,13,28,odl/util/ufuncs.py
28420571,109,1,110,test/discr/lp_discr_test.py
28420571,2,1,3,test/space/ntuples_test.py
28420571,44,0,44,test/discr/lp_discr_test.py
28420571,12,12,24,test/space/cu_ntuples_test.py
28420571,11,5,16,odl/discr/lp_discr.py
28420571,76,7,83,odl/util/ufuncs.py
28420571,13,15,28,odl/util/ufuncs.py
28420571,54,4,58,test/space/cu_ntuples_test.py
28420571,48,1,49,test/space/ntuples_test.py
28420571,9,54,63,odl/space/base_ntuples.py
28420571,8,52,60,odl/space/ntuples.py
28420571,2,0,2,odl/util/__init__.py
28420571,237,0,237,odl/util/ufuncs.py
28420571,1,82,83,odl/util/utility.py
28420571,56,1,57,odl/space/base_ntuples.py
28420571,53,1,54,odl/space/ntuples.py
28420571,82,1,83,odl/util/utility.py
28420571,1,1,2,examples/visualize_phantoms.py
28420571,1,1,2,odl/util/graphics.py
28420571,36,0,36,examples/visualize_phantoms.py
28420571,7,2,9,odl/util/graphics.py
28420571,4,4,8,odl/discr/discretization.py
28420571,2,2,4,odl/discr/grid.py
28420571,2,2,4,odl/discr/lp_discr.py
28420571,14,14,28,odl/operator/default_ops.py
28420571,46,46,92,odl/operator/operator.py
28420571,12,12,24,odl/set/domain.py
28420571,11,11,22,odl/set/pspace.py
28420571,27,27,54,odl/set/sets.py
28420571,25,14,39,odl/set/space.py
28420571,10,10,20,odl/space/base_ntuples.py
28420571,18,18,36,odl/space/cu_ntuples.py
28420571,10,14,24,odl/space/fspace.py
28420571,26,26,52,odl/space/ntuples.py
28420571,23,15,38,odl/space/space_utils.py
28420571,2,1,3,setup.py
28420571,4,5,9,odl/tomo/backends/stir_bindings.py
28420571,11,4,15,examples/tomo/stir_project.py
28420571,11,21,32,examples/tomo/stir_reconstruct.py
28420571,0,2,2,odl/tomo/backends/__init__.py
28420571,78,27,105,odl/tomo/backends/stir_bindings.py
28420571,8,2,10,examples/tomo/stir_project.py
28420571,10,3,13,examples/tomo/stir_reconstruct.py
28420571,147,52,199,odl/tomo/backends/stir_bindings.py
28420571,0,22,22,odl/space/fspace.py
28420571,1,1,2,odl/space/ntuples.py
28420571,16,0,16,odl/util/phantom.py
28420571,14,0,14,odl/set/pspace.py
28420571,1,2,3,test/space/ntuples_test.py
28420571,2,2,4,odl/diagnostics/examples.py
28420571,5,5,10,odl/discr/grid.py
28420571,2,2,4,odl/set/domain.py
28420571,1,1,2,odl/space/base_ntuples.py
28420571,3,3,6,test/space/cu_ntuples_test.py
28420571,8,7,15,test/space/ntuples_test.py
28420571,1,6,7,odl/space/space_utils.py
28420571,4,12,16,odl/space/ntuples.py
28420571,1,1,2,test/solvers/vector/newton_test.py
28420571,1,1,2,odl/util/testutils.py
28420571,6,63,69,test/space/cu_ntuples_test.py
28420571,2,1,3,odl/discr/discr_mappings.py
28420571,109,31,140,odl/operator/operator.py
28420571,23,14,37,odl/space/fspace.py
28420571,9,8,17,odl/util/phantom.py
28420571,7,8,15,examples/tomo/stir_project.py
28420571,53,0,53,examples/tomo/stir_reconstruct.py
28420571,50,13,63,odl/tomo/backends/stir_bindings.py
28420571,1,1,2,odl/discr/lp_discr.py
28420571,81,4,85,odl/util/phantom.py
28420571,1,6,7,odl/discr/grid.py
28420571,33,2,35,odl/discr/lp_discr.py
28420571,2,11,13,test/discr/grid_test.py
28420571,31,2,33,test/discr/lp_discr_test.py
28420571,1,1,2,odl/tomo/__init__.py
28420571,0,1,1,odl/tomo/backends/stir_bindings.py
28420571,14,10,24,examples/tomo/stir_project.py
28420571,51,17,68,odl/tomo/backends/stir_bindings.py
28420571,16,6,22,odl/discr/lp_discr.py
28420571,48,0,48,examples/tomo/stir_project.py
28420571,1,0,1,odl/__init__.py
28420571,28,0,28,odl/tomo/__init__.py
28420571,28,0,28,odl/tomo/backends/__init__.py
28420571,78,0,78,odl/tomo/backends/stir_bindings.py
28420571,16,0,16,odl/space/ntuples.py
28420571,2,2,4,test/space/ntuples_test.py
28420571,6,2,8,odl/util/testutils.py
28420571,60,60,120,odl/space/base_ntuples.py
28420571,0,15,15,odl/space/ntuples.py
28420571,1,3,4,odl/discr/discr_mappings.py
28420571,2,7,9,odl/discr/discretization.py
28420571,2,3,5,odl/operator/operator.py
28420571,1,1,2,odl/set/sets.py
28420571,2,3,5,odl/set/space.py
28420571,2,2,4,odl/space/base_ntuples.py
28420571,1,1,2,odl/set/space.py
28420571,1,1,2,odl/discr/lp_discr.py
28420571,12,13,25,odl/discr/discr_mappings.py
28420571,2,2,4,odl/util/testutils.py
28420571,0,6,6,odl/operator/operator.py
28420571,1,1,2,odl/discr/discr_mappings.py
28420571,1,1,2,odl/discr/grid.py
28420571,0,35,35,test/space/ntuples_test.py
28420571,11,5,16,odl/space/ntuples.py
28420571,10,21,31,test/space/ntuples_test.py
28420571,4,5,9,odl/discr/discr_mappings.py
28420571,81,41,122,odl/operator/operator.py
28420571,2,0,2,odl/space/cu_ntuples.py
28420571,23,27,50,odl/space/fspace.py
28420571,3,1,4,odl/space/ntuples.py
28420571,6,5,11,odl/operator/operator.py
28420571,3,5,8,odl/set/sets.py
28420571,22,2,24,odl/space/fspace.py
28420571,5,0,5,odl/util/utility.py
28420571,3,6,9,test/operator/operator_test.py
28420571,3,3,6,test/operator/oputils_test.py
28420571,1,1,2,examples/convolution_test.py
28420571,1,1,2,examples/convolution_test_cuda.py
28420571,1,1,2,examples/operator_test.py
28420571,1,1,2,examples/simple_operator.py
28420571,3,6,9,odl/discr/discr_mappings.py
28420571,10,49,59,odl/operator/default_ops.py
28420571,38,95,133,odl/operator/operator.py
28420571,14,82,96,odl/space/fspace.py
28420571,9,10,19,odl/space/ntuples.py
28420571,8,7,15,odl/trafos/wavelet/wavelet.py
28420571,4,4,8,test/operator/difference_test_cuda.py
28420571,3,4,7,test/operator/operator_test.py
28420571,2,2,4,test/solvers/vector/newton_test.py
28420571,5,3,8,odl/operator/operator.py
28420571,2,2,4,test/space/ntuples_test.py
28420571,3,2,5,test/space/space_utils_test.py
28420571,2,2,4,odl/space/base_ntuples.py
28420571,9,9,18,odl/space/ntuples.py
28420571,9,6,15,odl/util/testutils.py
28420571,1,1,2,test/discr/grid_test.py
28420571,1,1,2,test/space/cu_ntuples_test.py
28420571,4,2,6,test/space/ntuples_test.py
28420571,1,1,2,test/util/utility_test.py
28420571,5,5,10,odl/space/ntuples.py
28420571,3,3,6,odl/space/cu_ntuples.py
28420571,22,3,25,test/space/space_utils_test.py
28420571,1,0,1,odl/util/testutils.py
28420571,9,9,18,odl/space/space_utils.py
28420571,14,0,14,test/space/space_utils_test.py
28420571,7,7,14,odl/discr/discr_mappings.py
28420571,16,16,32,odl/discr/discretization.py
28420571,9,10,19,odl/discr/grid.py
28420571,4,4,8,odl/discr/lp_discr.py
28420571,2,2,4,odl/operator/oputils.py
28420571,4,5,9,odl/set/sets.py
28420571,1,1,2,odl/solvers/iterative/iterative.py
28420571,1,1,2,odl/space/base_ntuples.py
28420571,4,3,7,odl/space/cu_ntuples.py
28420571,5,5,10,odl/space/fspace.py
28420571,6,6,12,odl/space/ntuples.py
28420571,1,1,2,test/set/sets_test.py
28420571,5,6,11,odl/space/space_utils.py
28420571,2,4,6,odl/util/testutils.py
28420571,0,1,1,odl/space/__init__.py
28420571,1,0,1,doc/source/conf.py
28420571,11,8,19,odl/space/__init__.py
28420571,125,0,125,odl/space/space_utils.py
28420571,117,0,117,test/space/space_utils_test.py
28420571,4,0,4,odl/util/testutils.py
28420571,9,7,16,odl/operator/oputils.py
28420571,1,1,2,test/operator/oputils_test.py
28420571,2,2,4,odl/operator/operator_utilities.py
28420571,1,1,2,odl/discr/lp_discr.py
28420571,2,2,4,odl/operator/operator.py
28420571,2,2,4,odl/operator/pspace_ops.py
28420571,1,1,2,odl/set/domain.py
28420571,2,2,4,odl/set/sets.py
28420571,3,1,4,odl/set/space.py
28420571,6,2,8,odl/space/base_ntuples.py
28420571,8,11,19,odl/space/cu_ntuples.py
28420571,4,2,6,odl/operator/pspace_ops.py
28420571,10,25,35,test/operator/operator_test.py
28420571,13,12,25,test/operator/operator_utilities_test.py
28420571,1,0,1,test/operator/operator_utilities_test.py
28420571,53,0,53,test/operator/operator_utilities_test.py
28420571,32,30,62,odl/operator/operator_utilities.py
28420571,2,2,4,test/operator/operator_utilities_test.py
28420571,96,0,96,test/operator/operator_utilities_test.py
28420571,47,13,60,odl/operator/operator_utilities.py
28420571,3,4,7,odl/operator/operator_utilities.py
28420571,1,1,2,test/operator/operator_utilities_test.py
28420571,0,22,22,test/operator/operator_test.py
28420571,48,32,80,test/operator/operator_test.py
28420571,6,26,32,test/operator/operator_utilities_test.py
28420571,0,0,0,odl/{discr => operator}/operator_utilities.py
28420571,0,0,0,test/{discr => operator}/operator_utilities_test.py
28420571,5,2,7,odl/discr/operator_utilities.py
28420571,1,1,2,test/discr/operator_utilities_test.py
28420571,2,1,3,odl/discr/utility.py
28420571,1,1,2,test/discr/utility_test.py
28420571,0,0,0,test/{operator => discr}/utility_test.py
28420571,0,0,0,odl/{operator => discr}/utility.py
28420571,2,2,4,odl/operator/utility.py
28420571,70,0,70,test/operator/utility_test.py
28420571,77,0,77,odl/operator/utility.py
28420571,4,2,6,odl/operator/pspace_ops.py
28420571,13,4,17,odl/util/graphics.py
28420571,43,18,61,odl/space/ntuples.py
28420571,2,2,4,test/solvers/vector/newton_test.py
28420571,41,22,63,test/space/ntuples_test.py
28420571,0,9,9,odl/space/cu_ntuples.py
28420571,12,0,12,odl/operator/pspace_ops.py
28420571,1,0,1,odl/set/sets.py
28420571,0,1,1,examples/reals.py
28420571,1,1,2,odl/space/fspace.py
28420571,0,1,1,odl/util/utility.py
28420571,0,1,1,test/discr/discretization_test.py
28420571,0,1,1,test/discr/lp_discr_test.py
28420571,1,1,2,test/operator/difference_test_cuda.py
28420571,1,1,2,test/operator/operator_test.py
28420571,0,1,1,test/set/domain_test.py
28420571,0,1,1,test/set/pspace_test.py
28420571,1,1,2,test/solvers/vector/newton_test.py
28420571,0,1,1,test/system/import_test.py
28420571,1,0,1,odl/set/sets.py
28420571,1,1,2,odl/set/sets.py
28420571,10,0,10,test/set/sets_test.py
28420571,4,2,6,odl/set/sets.py
28420571,202,0,202,test/set/sets_test.py
28420571,1,1,2,odl/discr/lp_discr.py
28420571,8,4,12,odl/space/cu_ntuples.py
28420571,1,1,2,odl/operator/pspace_ops.py
28420571,10,2,12,odl/space/fspace.py
28420571,3,1,4,odl/solvers/iterative/iterative.py
28420571,3,1,4,odl/util/graphics.py
28420571,58,75,133,odl/space/cu_ntuples.py
28420571,52,93,145,test/space/cu_ntuples_test.py
28420571,10,2,12,doc/source/conf.py
28420571,17,14,31,odl/solvers/scalar/steplen.py
28420571,1,198,199,odl/trafos/wavelet.py
28420571,0,35,35,odl/discr/lp_discr.py
28420571,1,1,2,doc/source/conf.py
28420571,1,179,180,odl/set/space.py
28420571,1,1,2,odl/set/domain.py
28420571,3,3,6,odl/diagnostics/operator.py
28420571,44,19,63,odl/diagnostics/space.py
28420571,0,86,86,odl/operator/__init__.py
28420571,4,1,5,odl/set/domain.py
28420571,1,1,2,odl/set/pspace.py
28420571,2,2,4,odl/space/base_ntuples.py
28420571,12,3,15,odl/space/cu_ntuples.py
28420571,3,3,6,odl/operator/pspace_ops.py
28420571,8,6,14,odl/discr/discretization.py
28420571,47,15,62,odl/discr/lp_discr.py
28420571,2,2,4,odl/operator/operator.py
28420571,1,1,2,odl/operator/pspace_ops.py
28420571,1,0,1,odl/set/pspace.py
28420571,14,14,28,odl/set/space.py
28420571,5,3,8,odl/space/base_ntuples.py
28420571,5,3,8,odl/space/cu_ntuples.py
28420571,6,5,11,odl/space/fspace.py
28420571,4,2,6,odl/space/ntuples.py
28420571,0,1,1,odl/util/__init__.py
28420571,10,10,20,test/discr/lp_discr_test.py
28420571,1,1,2,test/space/cu_ntuples_test.py
28420571,6,6,12,test/space/ntuples_test.py
28420571,24,24,48,odl/discr/grid.py
28420571,5,20,25,test/discr/grid_test.py
28420571,2,3,5,doc/source/generate_doc.py
28420571,2,2,4,odl/diagnostics/examples.py
28420571,5,5,10,odl/discr/discr_mappings.py
28420571,8,12,20,odl/discr/discretization.py
28420571,2,2,4,odl/discr/grid.py
28420571,1,1,2,odl/operator/operator.py
28420571,25,15,40,odl/operator/pspace_ops.py
28420571,7,1,8,odl/set/sets.py
28420571,2,2,4,odl/set/space.py
28420571,6,6,12,odl/solvers/findroot/newton.py
28420571,5,5,10,odl/solvers/iterative/iterative.py
28420571,2,2,4,odl/solvers/scalar/gradient.py
28420571,2,1,3,odl/solvers/scalar/steplen.py
28420571,2,2,4,odl/solvers/vector/newton.py
28420571,1,1,2,odl/space/cu_ntuples.py
28420571,1,1,2,doc/source/conf.py
28420571,2,2,4,odl/discr/discr_mappings.py
28420571,2,2,4,odl/discr/lp_discr.py
28420571,3,3,6,odl/operator/operator.py
28420571,9,27,36,odl/set/space.py
28420571,6,6,12,odl/solvers/iterative/iterative.py
28420571,2,2,4,odl/space/cu_ntuples.py
28420571,6,13,19,odl/space/ntuples.py
28420571,8,2,10,odl/discr/lp_discr.py
28420571,69,21,90,odl/util/graphics.py
28420571,41,48,89,odl/discr/grid.py
28420571,0,3,3,test/discr/grid_test.py
28420571,5,3,8,doc/source/generate_doc.py
28420571,109,22,131,odl/set/space.py
28420571,6,6,12,odl/space/cu_ntuples.py
28420571,40,0,40,odl/discr/grid.py
28420571,3,9,12,doc/source/conf.py
28420571,3,6,9,doc/source/generate_doc.py
28420571,4,4,8,odl/diagnostics/examples.py
28420571,2,2,4,odl/diagnostics/operator.py
28420571,2,2,4,odl/diagnostics/space.py
28420571,43,43,86,odl/discr/discr_mappings.py
28420571,36,36,72,odl/discr/discretization.py
28420571,20,20,40,odl/discr/grid.py
28420571,13,13,26,odl/discr/lp_discr.py
28420571,7,7,14,odl/operator/__init__.py
28420571,12,12,24,odl/operator/default_ops.py
28420571,97,97,194,odl/operator/operator.py
28420571,8,8,16,odl/operator/pspace_ops.py
28420571,7,7,14,odl/set/domain.py
28420571,8,6,14,odl/set/pspace.py
28420571,11,11,22,odl/set/sets.py
28420571,41,41,82,odl/set/space.py
28420571,9,9,18,odl/solvers/findroot/newton.py
28420571,12,12,24,odl/solvers/iterative/iterative.py
28420571,3,3,6,odl/solvers/scalar/gradient.py
28420571,11,11,22,odl/solvers/scalar/steplen.py
28420571,3,3,6,odl/solvers/vector/newton.py
28420571,16,16,32,odl/space/base_ntuples.py
28420571,55,54,109,odl/space/cu_ntuples.py
28420571,39,39,78,odl/space/fspace.py
28420571,74,74,148,odl/space/ntuples.py
28420571,14,6,20,doc/source/generate_doc.py
28420571,2,7,9,odl/discr/grid.py
28420571,7,2,9,odl/discr/grid.py
28420571,0,42,42,test/trafos/fourier_test.py
28420571,17,8,25,odl/operator/pspace_ops.py
28420571,11,0,11,test/operator/pspace_ops_test.py
28420571,42,0,42,test/trafos/fourier_test.py
28420571,13,5,18,odl/set/pspace.py
28420571,7,6,13,odl/trafos/wavelet.py
28420571,7,6,13,odl/trafos/wavelet.py
28420571,126,45,171,odl/operator/pspace_ops.py
28420571,2,1,3,doc/source/conf.py
28420571,9,3,12,doc/source/generate_doc.py
28420571,93,0,93,test/discr/discretization_test.py
28420571,889,0,889,test/discr/grid_test.py
28420571,464,0,464,test/discr/lp_discr_test.py
28420571,201,0,201,test/operator/difference_test_cuda.py
28420571,677,0,677,test/operator/operator_test.py
28420571,196,0,196,test/operator/pspace_ops_test.py
28420571,373,0,373,test/set/domain_test.py
28420571,400,0,400,test/set/pspace_test.py
28420571,135,0,135,test/solvers/vector/newton_test.py
28420571,1157,0,1157,test/space/cu_ntuples_test.py
28420571,96,0,96,test/space/fspace_test.py
28420571,1507,0,1507,test/space/ntuples_test.py
28420571,47,0,47,test/system/import_test.py
28420571,66,0,66,test/util/utility_test.py
28420571,5,3,8,doc/source/conf.py
28420571,91,0,91,doc/source/generate_doc.py
28420571,2,2,4,examples/reals.py
28420571,1,1,2,examples/simple_rn.py
28420571,1,6,7,odl/space/base_ntuples.py
28420571,5,0,5,odl/util/__init__.py
28420571,0,93,93,test/discr/discretization_test.py
28420571,0,889,889,test/discr/grid_test.py
28420571,0,464,464,test/discr/lp_discr_test.py
28420571,0,201,201,test/operator/difference_test_cuda.py
28420571,0,677,677,test/operator/operator_test.py
28420571,0,196,196,test/operator/pspace_ops_test.py
28420571,0,373,373,test/set/domain_test.py
28420571,0,400,400,test/set/pspace_test.py
28420571,0,135,135,test/solvers/vector/newton_test.py
28420571,0,1157,1157,test/space/cu_ntuples_test.py
28420571,0,96,96,test/space/fspace_test.py
28420571,0,1507,1507,test/space/ntuples_test.py
28420571,0,47,47,test/system/import_test.py
28420571,0,66,66,test/util/utility_test.py
28420571,268,31,299,odl/operator/operator.py
28420571,1,1,2,odl/diagnostics/examples.py
28420571,6,6,12,odl/discr/discr_mappings.py
28420571,115,102,217,odl/discr/discretization.py
28420571,121,115,236,odl/discr/lp_discr.py
28420571,11,11,22,odl/operator/default_ops.py
28420571,14,13,27,odl/operator/operator.py
28420571,118,113,231,odl/set/pspace.py
28420571,327,322,649,odl/set/space.py
28420571,201,184,385,odl/space/base_ntuples.py
28420571,315,286,601,odl/space/cu_ntuples.py
28420571,229,218,447,odl/space/fspace.py
28420571,489,466,955,odl/space/ntuples.py
28420571,44,9,53,odl/operator/pspace_ops.py
28420571,25,6,31,doc/source/conf.py
28420571,6,25,31,doc/source/conf.py
28420571,2,2,4,odl/operator/__init__.py
28420571,8,8,16,odl/solvers/findroot/newton.py
28420571,2,2,4,odl/solvers/vector/newton.py
28420571,4,4,8,odl/trafos/wavelet.py
28420571,2,2,4,odl/solvers/scalar/gradient.py
28420571,2,2,4,odl/solvers/scalar/steplen.py
28420571,6,1,7,odl/solvers/vector/newton.py
28420571,0,2,2,odl/diagnostics/operator.py
28420571,121,3,124,odl/operator/default_ops.py
28420571,76,1,77,odl/operator/default_ops.py
28420571,1,1,2,odl/operator/default_ops.py
28420571,8,7,15,odl/diagnostics/examples.py
28420571,5,2,7,odl/diagnostics/examples.py
28420571,33,0,33,odl/diagnostics/operator.py
28420571,29,0,29,odl/set/pspace.py
28420571,4,4,8,odl/operator/__init__.py
28420571,36,7,43,odl/operator/pspace_ops.py
28420571,201,11,212,odl/operator/pspace_ops.py
28420571,18,8,26,odl/operator/pspace_ops.py
28420571,17,3,20,test/operator/pspace_ops_test.py
28420571,17,0,17,test/set/pspace_test.py
28420571,1,1,2,odl/trafos/__init__.py
28420571,0,4,4,odl/trafos/__init__.py
28420571,0,20,20,odl/trafos/fourier/__init__.py
28420571,0,0,0,odl/trafos/{wavelet => }/wavelet.py
28420571,0,24,24,odl/trafos/wavelet/__init__.py
28420571,70,21,91,test/set/pspace_test.py
28420571,0,1,1,odl/operator/pspace_ops.py
28420571,2,1,3,odl/set/pspace.py
28420571,5,3,8,test/operator/pspace_ops_test.py
28420571,1,1,2,test/set/pspace_test.py
28420571,25,2,27,odl/operator/pspace_ops.py
28420571,15,6,21,odl/set/pspace.py
28420571,49,8,57,test/operator/pspace_ops_test.py
28420571,80,13,93,test/set/pspace_test.py
28420571,8,7,15,odl/space/cu_ntuples.py
28420571,19,9,28,odl/operator/operator.py
28420571,2,5,7,odl/operator/operator.py
28420571,11,35,46,odl/operator/operator.py
28420571,16,5,21,test/operator/pspace_ops_test.py
28420571,4,1,5,odl/set/pspace.py
28420571,8,1,9,test/set/pspace_test.py
28420571,239,84,323,odl/operator/operator.py
28420571,18,19,37,odl/operator/pspace_ops.py
28420571,4,4,8,odl/space/cu_ntuples.py
28420571,31,30,61,test/operator/pspace_ops_test.py
28420571,33,11,44,odl/operator/pspace_ops.py
28420571,26,0,26,test/operator/pspace_ops_test.py
28420571,4,1,5,odl/set/pspace.py
28420571,7,3,10,odl/operator/__init__.py
28420571,168,0,168,odl/operator/pspace_ops.py
28420571,101,0,101,test/operator/pspace_ops_test.py
28420571,0,1,1,odl/trafos/__init__.py
28420571,0,1,1,odl/trafos/wavelet/__init__.py
28420571,14,15,29,odl/trafos/wavelet/wavelet.py
28420571,6,1,7,odl/__init__.py
28420571,37,0,37,odl/trafos/__init__.py
28420571,20,0,20,odl/trafos/fourier/__init__.py
28420571,25,0,25,odl/trafos/wavelet/__init__.py
28420571,226,0,226,odl/trafos/wavelet/wavelet.py
28420571,64,42,106,odl/solvers/iterative/iterative.py
28420571,9,8,17,odl/solvers/scalar/gradient.py
28420571,5,5,10,odl/solvers/scalar/steplen.py
28420571,18,8,26,odl/solvers/vector/newton.py
28420571,2,2,4,test/space/cu_ntuples_test.py
28420571,3,3,6,odl/solvers/scalar/gradient.py
28420571,2,2,4,odl/solvers/vector/newton.py
28420571,13,6,19,setup.py
28420571,9,8,17,doc/source/conf.py
28420571,1,1,2,odl/operator/operator.py
28420571,1,1,2,odl/operator/__init__.py
28420571,1,1,2,doc/source/conf.py
28420571,8,8,16,doc/source/conf.py
28420571,9,1,10,doc/source/conf.py
28420571,24,0,24,odl/solvers/findroot/__init__.py
28420571,3,0,3,odl/solvers/__init__.py
28420571,1,1,2,doc/source/conf.py
28420571,4,4,8,doc/source/conf.py
28420571,122,82,204,odl/solvers/findroot/newton.py
28420571,3,3,6,odl/solvers/iterative/iterative.py
28420571,10,10,20,doc/source/conf.py
28420571,3,3,6,odl/diagnostics/examples.py
28420571,2,2,4,odl/diagnostics/operator.py
28420571,5,5,10,odl/diagnostics/space.py
28420571,3,10,13,odl/space/__init__.py
28420571,7,2,9,odl/space/cu_ntuples.py
28420571,9,4,13,odl/solvers/iterative/iterative.py
28420571,3,1,4,test/solvers/vector/newton_test.py
28420571,13,13,26,test/space/cu_ntuples_test.py
28420571,6,0,6,test/space/cu_ntuples_test.py
28420571,8,3,11,test/space/cu_ntuples_test.py
28420571,1,1,2,test/solvers/vector/newton_test.py
28420571,10,5,15,test/space/cu_ntuples_test.py
28420571,12,5,17,test/space/ntuples_test.py
28420571,9,16,25,odl/util/testutils.py
28420571,5,2,7,odl/space/ntuples.py
28420571,20,19,39,test/space/cu_ntuples_test.py
28420571,0,1,1,test/solvers/vector/newton_test.py
28420571,2,2,4,conftest.py
28420571,3,10,13,odl/space/__init__.py
28420571,9,2,11,odl/space/cu_ntuples.py
28420571,0,66,66,run_tests.py
28420571,20,8,28,test/space/cu_ntuples_test.py
28420571,53,47,100,doc/source/conf.py
28420571,3,3,6,odl/space/ntuples.py
28420571,2,2,4,odl/diagnostics/examples.py
28420571,2,1,3,odl/diagnostics/space.py
28420571,0,1,1,odl/solvers/iterative/__init__.py
28420571,5,5,10,odl/solvers/iterative/iterative.py
28420571,0,5,5,odl/solvers/linear/__init__.py
28420571,1,1,2,odl/solvers/scalar/gradient.py
28420571,3,2,5,odl/solvers/scalar/steplen.py
28420571,0,1,1,odl/solvers/util/__init__.py
28420571,0,5,5,odl/solvers/vector/__init__.py
28420571,0,2,2,odl/solvers/vector/newton.py
28420571,1,1,2,odl/space/base_ntuples.py
28420571,9,8,17,odl/space/ntuples.py
28420571,3,3,6,odl/util/phantom.py
28420571,2,1,3,odl/util/testutils.py
28420571,0,2,2,odl/util/utility.py
28420571,9,9,18,test/discr/lp_discr_test.py
28420571,7,2,9,test/operator/operator_test.py
28420571,1,1,2,test/set/domain_test.py
28420571,2,4,6,test/set/pspace_test.py
28420571,17,16,33,test/space/fspace_test.py
28420571,50,43,93,test/space/ntuples_test.py
28420571,2,1,3,odl/__init__.py
28420571,2,2,4,odl/diagnostics/examples.py
28420571,1,1,2,odl/diagnostics/space.py
28420571,16,16,32,odl/solvers/{ => findroot}/newton.py
28420571,0,1,1,odl/solvers/iterative/__init__.py
28420571,5,5,10,odl/solvers/iterative/iterative.py
28420571,0,5,5,odl/solvers/linear/__init__.py
28420571,1,1,2,odl/solvers/scalar/gradient.py
28420571,2,2,4,odl/solvers/scalar/steplen.py
28420571,0,1,1,odl/solvers/util/__init__.py
28420571,0,1,1,odl/solvers/vector/__init__.py
28420571,1,1,2,odl/solvers/vector/newton.py
28420571,1,1,2,odl/space/base_ntuples.py
28420571,5,1,6,odl/space/ntuples.py
28420571,3,3,6,odl/util/phantom.py
28420571,2,1,3,odl/util/testutils.py
28420571,5,6,11,test/operator/operator_test.py
28420571,2,2,4,test/set/domain_test.py
28420571,2,2,4,test/set/pspace_test.py
28420571,8,7,15,test/solvers/vector/newton_test.py
28420571,0,230,230,odl/solvers/newton.py
28420571,3,3,6,odl/solvers/vector/__init__.py
28420571,75,1,76,odl/solvers/vector/newton.py
28420571,4,5,9,test/{odl_solvers => solvers}/vector/newton_test.py
28420571,3,1,4,odl/__init__.py
28420571,40,0,40,odl/solvers/__init__.py
28420571,25,0,25,odl/solvers/iterative/__init__.py
28420571,349,0,349,odl/solvers/iterative/iterative.py
28420571,25,0,25,odl/solvers/linear/__init__.py
28420571,230,0,230,odl/solvers/newton.py
28420571,30,0,30,odl/solvers/scalar/__init__.py
28420571,92,0,92,odl/solvers/scalar/gradient.py
28420571,258,0,258,odl/solvers/scalar/steplen.py
28420571,25,0,25,odl/solvers/util/__init__.py
28420571,97,0,97,odl/solvers/util/partial.py
28420571,25,0,25,odl/solvers/vector/__init__.py
28420571,31,0,31,odl/solvers/vector/newton.py
28420571,58,88,146,test/odl_solvers/vector/newton_test.py
28420571,1,1,2,odl/operator/default_ops.py
28420571,0,4,4,odl/set/space.py
28420571,11,2,13,odl/space/base_ntuples.py
28420571,34,48,82,odl/space/cu_ntuples.py
28420571,34,41,75,odl/space/ntuples.py
28420571,8,10,18,test/space/cu_ntuples_test.py
28420571,164,0,164,test/odl_solvers/vector/newton_test.py
28420571,2,2,4,odl/operator/operator.py
28420571,3,0,3,doc/source/conf.py
28420571,1,0,1,doc/source/conf.py
28420571,9,9,18,odl/discr/discr_mappings.py
28420571,8,6,14,odl/discr/discretization.py
28420571,4,4,8,odl/discr/grid.py
28420571,5,4,9,odl/discr/lp_discr.py
28420571,6,6,12,odl/operator/__init__.py
28420571,8,8,16,odl/operator/default_ops.py
28420571,8,8,16,odl/operator/operator.py
28420571,1,1,2,odl/set/domain.py
28420571,1,1,2,odl/set/space.py
28420571,4,6,10,odl/space/base_ntuples.py
28420571,6,6,12,odl/space/cu_ntuples.py
28420571,5,5,10,odl/space/fspace.py
28420571,30,28,58,odl/space/ntuples.py
28420571,23,9,32,odl/space/cu_ntuples.py
28420571,42,22,64,odl/space/ntuples.py
28420571,93,0,93,test/space/cu_ntuples_test.py
28420571,13,11,24,test/space/ntuples_test.py
28420571,0,1,1,odl/__init__.py
28420571,17,14,31,odl/diagnostics/examples.py
28420571,22,15,37,odl/diagnostics/operator.py
28420571,26,18,44,odl/diagnostics/space.py
28420571,18,18,36,odl/discr/discr_mappings.py
28420571,22,19,41,odl/discr/discretization.py
28420571,13,10,23,odl/discr/grid.py
28420571,3,3,6,odl/discr/l2_discr.py
28420571,5,4,9,odl/operator/default_ops.py
28420571,46,43,89,odl/operator/operator.py
28420571,1,56,57,odl/set/__init__.py
28420571,10,9,19,odl/set/domain.py
28420571,1,1,2,odl/set/pspace.py
28420571,18,18,36,odl/set/sets.py
28420571,24,14,38,odl/set/space.py
28420571,4,4,8,odl/space/base_ntuples.py
28420571,15,14,29,odl/space/fspace.py
28420571,8,4,12,odl/space/ntuples.py
28420571,2,2,4,odl/util/__init__.py
28420571,12,12,24,odl/util/phantom.py
28420571,22,17,39,odl/util/testutils.py
28420571,8,5,13,odl/util/utility.py
28420571,26,49,75,test/discr/grid_test.py
28420571,47,30,77,test/discr/l2_discr_test.py
28420571,6,4,10,test/operator/difference_test_cuda.py
28420571,46,25,71,test/operator/operator_test.py
28420571,43,27,70,test/set/domain_test.py
28420571,17,8,25,test/set/pspace_test.py
28420571,54,10,64,test/space/cu_ntuples_test.py
28420571,7,5,12,test/space/default_test.py
28420571,20,20,40,test/space/ntuples_test.py
28420571,2,2,4,test/system/import_test.py
28420571,7,7,14,odl/discr/discr_mappings.py
28420571,1,2,3,odl/discr/discretization.py
28420571,21,20,41,odl/discr/grid.py
28420571,4,4,8,odl/discr/lp_discr.py
28420571,1,1,2,odl/operator/__init__.py
28420571,16,15,31,odl/operator/default_ops.py
28420571,9,14,23,odl/operator/operator.py
28420571,9,7,16,odl/set/domain.py
28420571,5,5,10,odl/set/sets.py
28420571,25,39,64,odl/set/space.py
28420571,6,6,12,odl/space/base_ntuples.py
28420571,58,43,101,odl/space/cu_ntuples.py
28420571,11,11,22,odl/space/fspace.py
28420571,35,18,53,odl/space/ntuples.py
28420571,2,2,4,odl/util/graphics.py
28420571,5,0,5,odl/space/cu_ntuples.py
28420571,1,1,2,odl/discr/discretization.py
28420571,2,2,4,odl/discr/lp_discr.py
28420571,17,15,32,odl/operator/__init__.py
28420571,4,3,7,odl/space/base_ntuples.py
28420571,36,35,71,odl/space/cu_ntuples.py
28420571,5,5,10,odl/space/ntuples.py
28420571,4,4,8,doc/source/conf.py
28420571,2,1,3,odl/space/base_ntuples.py
28420571,15,16,31,odl/space/cu_ntuples.py
28420571,14,6,20,odl/space/ntuples.py
28420571,7,4,11,test/space/ntuples_test.py
28420571,3,3,6,test/space/cu_ntuples_test.py
28420571,24,24,48,test/space/ntuples_test.py
28420571,0,5,5,odl/space/__init__.py
28420571,0,1,1,odl/space/__init__.py
28420571,12,1,13,doc/source/conf.py
28420571,8,9,17,odl/diagnostics/examples.py
28420571,2,2,4,odl/diagnostics/operator.py
28420571,2,2,4,odl/diagnostics/space.py
28420571,44,41,85,odl/discr/discr_mappings.py
28420571,27,26,53,odl/discr/discretization.py
28420571,7,7,14,odl/discr/grid.py
28420571,10,8,18,odl/discr/l2_discr.py
28420571,18,17,35,odl/operator/default_ops.py
28420571,77,64,141,odl/operator/operator.py
28420571,2,2,4,odl/set/__init__.py
28420571,1,1,2,odl/set/domain.py
28420571,3,3,6,odl/set/pspace.py
28420571,3,3,6,odl/set/sets.py
28420571,14,12,26,odl/set/space.py
28420571,6,52,58,odl/space/__init__.py
28420571,17,14,31,odl/space/base_ntuples.py
28420571,6,6,12,odl/space/cu_ntuples.py
28420571,21,19,40,odl/space/fspace.py
28420571,61,62,123,odl/space/ntuples.py
28420571,80,89,169,odl/operator/__init__.py
28420571,1,1,2,doc/source/conf.py
28420571,12,1,13,doc/source/conf.py
28420571,12,7,19,doc/source/conf.py
28420571,18,22,40,doc/source/conf.py
28420571,1,0,1,doc/source/conf.py
28420571,1,0,1,setup.py
28420571,1,6,7,doc/source/conf.py
28420571,2,2,4,odl/diagnostics/examples.py
28420571,14,4,18,odl/diagnostics/operator.py
28420571,4,8,12,odl/diagnostics/space.py
28420571,5,5,10,odl/discr/discretization.py
28420571,5,5,10,odl/discr/l2_discr.py
28420571,14,14,28,odl/set/space.py
28420571,6,6,12,odl/space/base_ntuples.py
28420571,7,5,12,odl/space/fspace.py
28420571,16,16,32,odl/space/ntuples.py
28420571,1,108,109,doc/source/conf.py
28420571,62,3,65,test/space/fspace_test.py
28420571,1,0,1,conftest.py
28420571,3,10,13,setup.py
28420571,48,29,77,test/discr/lp_discr_test.py
28420571,0,2,2,odl/operator/__init__.py
28420571,4,1,5,run_tests.py
28420571,1,0,1,setup.py
28420571,0,244,244,test/operator/solvers_test.py
28420571,1,1,2,test/space/ntuples_test.py
28420571,504,127,631,test/space/ntuples_test.py
28420571,22,10,32,odl/space/ntuples.py
28420571,1,1,2,odl/__init__.py
28420571,23,30,53,odl/util/testutils.py
28420571,0,14,14,odl/operator/__init__.py
28420571,18,9,27,odl/space/ntuples.py
28420571,69,13,82,test/discr/lp_discr_test.py
28420571,111,0,111,test/space/ntuples_test.py
28420571,7,1,8,test/space/ntuples_test.py
28420571,37,4,41,test/space/cu_ntuples_test.py
28420571,7,8,15,odl/space/cu_ntuples.py
28420571,2,10,12,odl/space/fspace.py
28420571,78,19,97,odl/space/cu_ntuples.py
28420571,63,39,102,test/space/cu_ntuples_test.py
28420571,25,16,41,test/space/ntuples_test.py
28420571,6,5,11,odl/space/base_ntuples.py
28420571,2,2,4,odl/space/cu_ntuples.py
28420571,2,2,4,odl/util/graphics.py
28420571,0,2,2,odl/operator/__init__.py
28420571,1,1,2,odl/operator/operator.py
28420571,5,11,16,odl/discr/lp_discr.py
28420571,63,21,84,odl/discr/discretization.py
28420571,5,4,9,odl/discr/lp_discr.py
28420571,93,0,93,test/discr/discretization_test.py
28420571,21,9,30,odl/util/utility.py
28420571,0,245,245,test/operator/solvers_test.py
28420571,66,0,66,test/util/utility_test.py
28420571,45,2,47,odl/diagnostics/examples.py
28420571,39,3,42,odl/diagnostics/operator.py
28420571,114,10,124,odl/diagnostics/space.py
28420571,0,2,2,odl/operator/__init__.py
28420571,0,244,244,test/operator/solvers_test.py
28420571,3,2,5,doc/source/conf.py
28420571,2,2,4,odl/set/__init__.py
28420571,4,4,8,doc/{ => source}/conf.py
28420571,6,9,15,odl/space/cu_ntuples.py
28420571,37,44,81,odl/set/pspace.py
28420571,1,1,2,odl/operator/__init__.py
28420571,7,12,19,odl/set/pspace.py
28420571,9,10,19,odl/set/sets.py
28420571,22,15,37,doc/conf.py
28420571,14,14,28,odl/discr/__init__.py
28420571,2,2,4,odl/discr/discr_mappings.py
28420571,1,1,2,odl/discr/discretization.py
28420571,1,1,2,odl/discr/grid.py
28420571,1,1,2,odl/discr/l2_discr.py
28420571,5,5,10,odl/operator/__init__.py
28420571,42,45,87,odl/operator/operator.py
28420571,22,24,46,odl/operator/solvers.py
28420571,35,25,60,odl/set/pspace.py
28420571,9,10,19,odl/set/space.py
28420571,2,2,4,odl/space/cu_ntuples.py
28420571,8,8,16,odl/space/fspace.py
28420571,16,17,33,odl/space/ntuples.py
28420571,46,46,92,odl/discr/__init__.py
28420571,9,9,18,odl/discr/discr_mappings.py
28420571,27,29,56,odl/discr/discretization.py
28420571,33,28,61,odl/discr/grid.py
28420571,7,7,14,odl/discr/l2_discr.py
28420571,29,29,58,odl/operator/__init__.py
28420571,30,30,60,odl/operator/operator.py
28420571,32,32,64,odl/operator/solvers.py
28420571,1,1,2,odl/set/__init__.py
28420571,9,8,17,odl/set/space.py
28420571,14,14,28,odl/space/base_ntuples.py
28420571,8,8,16,odl/space/cu_ntuples.py
28420571,7,7,14,odl/space/ntuples.py
28420571,0,800,800,odl/operator/solvers.py
28420571,4,4,8,doc/conf.py
28420571,2,2,4,odl/discr/grid.py
28420571,2,2,4,odl/discr/l2_discr.py
28420571,54,54,108,odl/operator/__init__.py
28420571,12,12,24,odl/operator/operator.py
28420571,2,2,4,odl/operator/solvers.py
28420571,37,37,74,odl/set/__init__.py
28420571,32,32,64,odl/set/domain.py
28420571,23,23,46,odl/set/pspace.py
28420571,21,21,42,odl/set/sets.py
28420571,9,9,18,odl/set/space.py
28420571,2,2,4,odl/space/__init__.py
28420571,3,3,6,odl/space/base_ntuples.py
28420571,5,5,10,odl/space/cu_ntuples.py
28420571,4,4,8,odl/space/fspace.py
28420571,3,3,6,odl/space/ntuples.py
28420571,16,15,31,doc/conf.py
28420571,36,36,72,odl/discr/discr_mappings.py
28420571,24,24,48,odl/discr/discretization.py
28420571,20,19,39,odl/discr/grid.py
28420571,19,19,38,odl/discr/l2_discr.py
28420571,12,12,24,odl/operator/__init__.py
28420571,4,4,8,odl/operator/default_ops.py
28420571,218,217,435,odl/operator/operator.py
28420571,33,33,66,odl/operator/solvers.py
28420571,8,62,70,odl/set/__init__.py
28420571,10,10,20,odl/set/domain.py
28420571,6,6,12,odl/set/pspace.py
28420571,55,53,108,odl/set/sets.py
28420571,150,105,255,odl/set/space.py
28420571,21,21,42,odl/space/__init__.py
28420571,36,36,72,odl/space/base_ntuples.py
28420571,123,123,246,odl/space/cu_ntuples.py
28420571,25,25,50,odl/space/fspace.py
28420571,125,125,250,odl/space/ntuples.py
28420571,1,13,14,setup.py
28420571,3,1,4,doc/conf.py
28420571,9,0,9,doc/conf.py
28420571,120,127,247,odl/space/ntuples.py
28420571,1,1,2,odl/space/default.py
28420571,7,0,7,doc/conf.py
28420571,46,45,91,odl/space/fspace.py
28420571,3,2,5,doc/conf.py
28420571,1,1,2,odl/discr/discr_mappings.py
28420571,9,7,16,odl/space/cu_ntuples.py
28420571,4,1,5,odl/util/testutils.py
28420571,352,45,397,test/space/cu_ntuples_test.py
28420571,16,34,50,test/space/ntuples_test.py
28420571,2,2,4,odl/space/cu_ntuples.py
28420571,24,8,32,odl/space/cu_ntuples.py
28420571,4,0,4,odl/space/cu_ntuples.py
28420571,14,8,22,odl/space/cu_ntuples.py
28420571,14,3,17,odl/space/cu_ntuples.py
28420571,118,1,119,odl/space/cu_ntuples.py
28420571,6,5,11,odl/space/ntuples.py
28420571,1,1,2,odl/space/__init__.py
28420571,1,0,1,odl/space/cu_ntuples.py
28420571,0,1,1,odl/space/ntuples.py
28420571,88,10,98,test/space/ntuples_test.py
28420571,5,5,10,odl/space/cu_ntuples.py
28420571,2,3,5,odl/space/ntuples.py
28420571,6,6,12,test/space/cu_ntuples_test.py
28420571,1,1,2,examples/space_test.py
28420571,20,9,29,odl/discr/lp_discr.py
28420571,5,4,9,odl/space/ntuples.py
28420571,324,75,399,odl/space/cu_ntuples.py
28420571,42,17,59,odl/space/ntuples.py
28420571,3,3,6,odl/discr/__init__.py
28420571,1,1,2,examples/convolution_test.py
28420571,1,1,2,examples/convolution_test_cuda.py
28420571,2,2,4,examples/operator_test.py
28420571,1,1,2,examples/space_test.py
28420571,2,2,4,examples/tomography.py
28420571,2,2,4,examples/visualize_vector_examples.py
28420571,3,3,6,odl/discr/lp_discr.py
28420571,28,29,57,test/discr/l2_discr_test.py
28420571,192,34,226,test/space/ntuples_test.py
28420571,1,1,2,examples/simple_operator.py
28420571,1,1,2,examples/tomography.py
28420571,1,1,2,examples/visualize_vector_examples.py
28420571,6,0,6,odl/diagnostics/examples.py
28420571,9,1,10,odl/diagnostics/operator.py
28420571,14,5,19,odl/diagnostics/space.py
28420571,1,1,2,odl/discr/grid.py
28420571,16,17,33,odl/operator/operator.py
28420571,1,1,2,odl/set/pspace.py
28420571,10,10,20,odl/set/sets.py
28420571,6,6,12,odl/set/space.py
28420571,3,4,7,odl/space/base_ntuples.py
28420571,2,4,6,odl/space/cu_ntuples.py
28420571,1,2,3,odl/space/fspace.py
28420571,26,24,50,odl/space/ntuples.py
28420571,23,14,37,odl/util/testutils.py
28420571,17,44,61,test/discr/grid_test.py
28420571,1,2,3,test/discr/l2_discr_test.py
28420571,2,3,5,test/operator/difference_test_cuda.py
28420571,12,13,25,test/operator/operator_test.py
28420571,3,2,5,test/operator/solvers_test.py
28420571,41,25,66,test/set/domain_test.py
28420571,18,9,27,test/set/pspace_test.py
28420571,76,53,129,test/space/cu_ntuples_test.py
28420571,1,1,2,test/space/fspace_test.py
28420571,3,3,6,test/system/import_test.py
28420571,0,3,3,examples/convolution_test.py
28420571,0,3,3,examples/convolution_test_cuda.py
28420571,165,93,258,odl/space/ntuples.py
28420571,3,2,5,odl/space/base_ntuples.py
28420571,2,2,4,odl/diagnostics/examples.py
28420571,76,1,77,odl/discr/__init__.py
28420571,0,4,4,odl/space/__init__.py
28420571,9,6,15,test/discr/l2_discr_test.py
28420571,3,3,6,examples/convolution_test.py
28420571,2,2,4,examples/convolution_test_cuda.py
28420571,4,4,8,examples/operator_test.py
28420571,4,3,7,examples/space_test.py
28420571,5,5,10,examples/tomography.py
28420571,4,4,8,examples/visualize_vector_examples.py
28420571,5,79,84,odl/discr/__init__.py
28420571,2,2,4,odl/discr/discr_mappings.py
28420571,79,58,137,odl/discr/lp_discr.py
28420571,2,112,114,odl/set/__init__.py
28420571,2,52,54,odl/space/__init__.py
28420571,18,3,21,odl/space/base_ntuples.py
28420571,0,61,61,odl/space/default.py
28420571,8,3,11,odl/space/fspace.py
28420571,217,46,263,odl/space/ntuples.py
28420571,117,114,231,test/discr/l2_discr_test.py
28420571,9,7,16,test/operator/difference_test_cuda.py
28420571,1,1,2,examples/convolution_test.py
28420571,1,1,2,examples/convolution_test_cuda.py
28420571,2,2,4,examples/operator_test.py
28420571,1,1,2,examples/space_test.py
28420571,2,2,4,examples/tomography.py
28420571,2,2,4,examples/visualize_vector_examples.py
28420571,1,1,2,odl/diagnostics/examples.py
28420571,5,5,10,odl/discr/__init__.py
28420571,28,28,56,test/discr/l2_discr_test.py
28420571,3,3,6,test/operator/difference_test_cuda.py
28420571,2,2,4,test/space/default_test.py
28420571,2,1,3,doc/conf.py
28420571,10,10,20,odl/discr/discr_mappings.py
28420571,9,9,18,odl/discr/discr_mappings.py
28420571,1,1,2,odl/discr/discr_mappings.py
28420571,1,1,2,odl/discr/discretization.py
28420571,1,1,2,odl/operator/operator.py
28420571,1,1,2,odl/operator/solvers.py
28420571,1,1,2,odl/set/sets.py
28420571,1,1,2,odl/set/space.py
28420571,1,1,2,odl/space/base_ntuples.py
28420571,1,1,2,odl/space/cu_ntuples.py
28420571,1,1,2,odl/space/ntuples.py
28420571,34,0,34,odl/util/utility.py
28420571,1,1,2,doc/conf.py
28420571,3,4,7,odl/space/ntuples.py
28420571,1,1,2,doc/conf.py
28420571,6,3,9,odl/util/testutils.py
28420571,1,1,2,doc/conf.py
28420571,1,1,2,doc/conf.py
28420571,3,2,5,doc/conf.py
28420571,2,1,3,setup.py
28420571,11,12,23,setup.py
28420571,1,1,2,setup.py
28420571,15,0,15,setup.py
28420571,15,0,15,doc/conf.py
28420571,1,1,2,doc/conf.py
28420571,2,0,2,doc/conf.py
28420571,2,2,4,doc/conf.py
28420571,29,32,61,odl/set/space.py
28420571,4,0,4,doc/conf.py
28420571,266,70,336,odl/operator/solvers.py
28420571,30,46,76,test/operator/solvers_test.py
28420571,36,28,64,odl/operator/solvers.py
28420571,3,1,4,odl/operator/solvers.py
28420571,8,12,20,test/operator/solvers_test.py
28420571,11,16,27,odl/operator/solvers.py
28420571,56,0,56,odl/operator/solvers.py
28420571,32,1,33,test/operator/solvers_test.py
28420571,4,1,5,odl/operator/solvers.py
28420571,55,17,72,test/operator/solvers_test.py
28420571,52,0,52,odl/operator/solvers.py
28420571,36,32,68,odl/util/testutils.py
28420571,3,2,5,setup.py
28420571,1,1,2,setup.py
28420571,1,1,2,odl/space/base_ntuples.py
28420571,10,7,17,odl/space/cu_ntuples.py
28420571,1,1,2,examples/convolution_test.py
28420571,7,3,10,examples/convolution_test_cuda.py
28420571,6,0,6,examples/operator_test.py
28420571,4,4,8,examples/reals.py
28420571,4,2,6,examples/simple_operator.py
28420571,21,23,44,examples/simple_rn.py
28420571,4,3,7,examples/solver_examples.py
28420571,26,2,28,examples/space_test.py
28420571,10,3,13,examples/tomography.py
28420571,33,5,38,examples/visualize_vector_examples.py
28420571,1,2,3,odl/discr/l2_discr.py
28420571,0,1,1,odl/util/phantom.py
28420571,20,21,41,odl/util/phantom.py
28420571,16,19,35,examples/tomography.py
28420571,5,1,6,odl/util/__init__.py
28420571,82,0,82,odl/util/phantom.py
28420571,6,3,9,odl/space/ntuples.py
28420571,6,0,6,examples/tomography.py
28420571,1,1,2,odl/space/base_ntuples.py
28420571,1,2,3,odl/space/ntuples.py
28420571,2,2,4,test/space/ntuples_test.py
28420571,5,3,8,test/space/ntuples_test.py
28420571,1,1,2,odl/operator/solvers.py
28420571,5,2,7,odl/set/space.py
28420571,9,10,19,odl/operator/solvers.py
28420571,2,2,4,setup.py
28420571,54,58,112,odl/set/space.py
28420571,4,4,8,odl/operator/solvers.py
28420571,179,118,297,odl/operator/solvers.py
28420571,1,1,2,odl/set/space.py
28420571,10,10,20,odl/space/ntuples.py
28420571,1,1,2,odl/operator/solvers.py
28420571,67,0,67,examples/tomography.py
28420571,1,0,1,odl/discr/discr_mappings.py
28420571,2,0,2,odl/util/utility.py
28420571,11,13,24,odl/space/fspace.py
28420571,3,1,4,odl/set/domain.py
28420571,28,2,30,odl/space/fspace.py
28420571,27,56,83,odl/discr/discr_mappings.py
28420571,128,162,290,odl/space/fspace.py
28420571,59,0,59,odl/util/utility.py
28420571,243,413,656,test/space/default_test.py
28420571,5,3,8,odl/set/sets.py
28420571,34,3,37,odl/set/domain.py
28420571,299,166,465,odl/space/fspace.py
28420571,62,50,112,odl/space/fspace.py
28420571,92,67,159,odl/space/fspace.py
28420571,88,190,278,odl/space/fspace.py
28420571,31,0,31,odl/set/sets.py
28420571,0,11,11,test/space/default_test.py
28420571,5,0,5,odl/util/utility.py
28420571,20,20,40,test/space/default_test.py
28420571,109,57,166,test/space/default_test.py
28420571,38,44,82,test/space/default_test.py
28420571,44,14,58,test/space/default_test.py
28420571,3,4,7,odl/space/fspace.py
28420571,19,14,33,odl/util/testutils.py
28420571,0,5,5,odl/set/domain.py
28420571,313,17,330,test/space/default_test.py
28420571,42,41,83,odl/space/fspace.py
28420571,4,2,6,odl/space/ntuples.py
28420571,5,4,9,odl/set/space.py
28420571,12,2,14,test/space/default_test.py
28420571,317,313,630,test/space/default_test.py
28420571,48,41,89,odl/util/testutils.py
28420571,448,25,473,test/space/default_test.py
28420571,398,113,511,odl/space/fspace.py
28420571,8,19,27,odl/set/space.py
28420571,40,24,64,test/discr/l2_discr_test.py
28420571,154,229,383,odl/discr/discr_mappings.py
28420571,3,3,6,odl/space/fspace.py
28420571,47,41,88,odl/space/fspace.py
28420571,0,3,3,odl/operator/operator.py
28420571,40,50,90,odl/space/fspace.py
28420571,67,29,96,odl/space/fspace.py
28420571,405,212,617,odl/space/fspace.py
28420571,2,2,4,odl/set/space.py
28420571,26,24,50,odl/operator/operator.py
28420571,87,33,120,odl/space/fspace.py
28420571,38,64,102,test/discr/grid_test.py
28420571,1,0,1,setup.py
28420571,8,4,12,odl/space/ntuples.py
28420571,1,23,24,odl/discr/discr_mappings.py
28420571,5,0,5,odl/discr/grid.py
28420571,41,17,58,examples/operator_test.py
28420571,4,6,10,examples/solver_examples.py
28420571,31,24,55,odl/operator/solvers.py
28420571,16,1,17,odl/operator/solvers.py
28420571,46,33,79,odl/operator/solvers.py
28420571,26,0,26,odl/operator/solvers.py
28420571,35,0,35,odl/operator/solvers.py
28420571,16,12,28,examples/convolution_test.py
28420571,9,9,18,odl/set/space.py
28420571,6,6,12,odl/space/ntuples.py
28420571,60,68,128,odl/space/ntuples.py
28420571,7,8,15,test/space/ntuples_test.py
28420571,33,9,42,odl/space/ntuples.py
28420571,3,2,5,test/space/ntuples_test.py
28420571,2,0,2,odl/operator/operator.py
28420571,2,0,2,odl/operator/operator.py
28420571,14,3,17,odl/set/domain.py
28420571,0,1,1,test/space/ntuples_test.py
28420571,1,0,1,test/space/ntuples_test.py
28420571,18,2,20,odl/operator/operator.py
28420571,49,18,67,odl/operator/solvers.py
28420571,7,3,10,odl/space/ntuples.py
28420571,3,3,6,odl/space/ntuples.py
28420571,2,2,4,odl/space/base_ntuples.py
28420571,152,23,175,odl/space/ntuples.py
28420571,1,0,1,test/space/ntuples_test.py
28420571,102,1,103,odl/space/ntuples.py
28420571,4,6,10,test/space/ntuples_test.py
28420571,15,15,30,test/space/cu_ntuples_test.py
28420571,43,97,140,test/space/ntuples_test.py
28420571,16,14,30,odl/space/ntuples.py
28420571,8,3,11,odl/space/ntuples.py
28420571,16,7,23,odl/space/ntuples.py
28420571,3,2,5,odl/space/ntuples.py
28420571,18,29,47,test/operator/solvers_test.py
28420571,1,1,2,odl/operator/solvers.py
28420571,11,8,19,test/operator/solvers_test.py
28420571,0,4,4,odl/space/base_ntuples.py
28420571,23,31,54,test/space/cu_ntuples_test.py
28420571,1,1,2,odl/space/cu_ntuples.py
28420571,4,2,6,test/space/cu_ntuples_test.py
28420571,4,2,6,test/space/ntuples_test.py
28420571,6,0,6,examples/simple_rn.py
28420571,16,0,16,odl/set/space.py
28420571,4,0,4,odl/space/base_ntuples.py
28420571,12,0,12,odl/space/ntuples.py
28420571,8,0,8,odl/discr/discretization.py
28420571,44,15,59,odl/set/space.py
28420571,6,2,8,odl/space/base_ntuples.py
28420571,49,13,62,odl/space/cu_ntuples.py
28420571,36,4,40,odl/space/ntuples.py
28420571,3,3,6,odl/util/testutils.py
28420571,143,69,212,test/space/cu_ntuples_test.py
28420571,34,2,36,test/space/ntuples_test.py
28420571,74,47,121,odl/operator/operator.py
28420571,6,2,8,odl/space/base_ntuples.py
28420571,8,7,15,odl/operator/solvers.py
28420571,5,4,9,odl/operator/solvers.py
28420571,9,2,11,odl/operator/operator.py
28420571,20,1,21,odl/set/sets.py
28420571,4,5,9,odl/set/space.py
28420571,1,1,2,odl/space/base_ntuples.py
28420571,33,24,57,odl/space/ntuples.py
28420571,3,5,8,test/operator/solvers_test.py
28420571,1,1,2,test/operator/solvers_test.py
28420571,8,15,23,test/operator/solvers_test.py
28420571,2,1,3,odl/operator/solvers.py
28420571,3,2,5,odl/operator/solvers.py
28420571,3,2,5,odl/operator/solvers.py
28420571,2,1,3,odl/operator/solvers.py
28420571,3,2,5,odl/operator/solvers.py
28420571,3,3,6,odl/operator/solvers.py
28420571,7,1,8,odl/operator/solvers.py
28420571,39,33,72,odl/operator/operator.py
28420571,111,56,167,test/space/ntuples_test.py
28420571,3,0,3,odl/space/ntuples.py
28420571,2,1,3,odl/discr/l2_discr.py
28420571,3,3,6,odl/space/ntuples.py
28420571,10,0,10,odl/space/ntuples.py
28420571,92,11,103,odl/operator/operator.py
28420571,14,13,27,test/operator/operator_test.py
28420571,1,9,10,odl/space/ntuples.py
28420571,15,15,30,test/space/cu_ntuples_test.py
28420571,1,0,1,test/space/ntuples_test.py
28420571,1,14,15,odl/operator/solvers.py
28420571,1,46,47,test/operator/solvers_test.py
28420571,14,1,15,odl/operator/solvers.py
28420571,46,1,47,test/operator/solvers_test.py
28420571,8,13,21,test/space/ntuples_test.py
28420571,22,17,39,odl/util/testutils.py
28420571,42,178,220,test/space/ntuples_test.py
28420571,23,3,26,odl/util/testutils.py
28420571,121,135,256,test/space/ntuples_test.py
28420571,0,0,0,test/system/conftest.py
28420571,6,4,10,setup.py
28420571,0,19,19,test/__init__.py
28420571,0,19,19,test/discr/__init__.py
28420571,0,19,19,test/operator/__init__.py
28420571,0,19,19,test/set/__init__.py
28420571,0,19,19,test/space/__init__.py
28420571,0,19,19,test/system/__init__.py
28420571,20,9,29,run_tests.py
28420571,27,0,27,conftest.py
28420571,45,4,49,test/set/pspace_test.py
28420571,15,0,15,test/set/domain_test.py
28420571,48,19,67,odl/set/domain.py
28420571,120,2,122,test/set/domain_test.py
28420571,0,150,150,examples/convolution_class.py
28420571,2,1,3,examples/convolution_test_cuda.py
28420571,0,144,144,examples/cudaTVDenoise.py
28420571,0,258,258,examples/cudaTVDenoiseImage.py
28420571,9,8,17,examples/reals.py
28420571,1,1,2,examples/simple_operator.py
28420571,1,1,2,examples/simple_rn.py
28420571,3,3,6,examples/solver_examples.py
28420571,0,36,36,run_doctests.py
28420571,20,0,20,test/space/ntuples_test.py
28420571,0,3,3,odl/space/cu_ntuples.py
28420571,1,1,2,test/operator/solvers_test.py
28420571,84,1,85,test/space/ntuples_test.py
28420571,1,1,2,test/set/domain_test.py
28420571,47,1,48,odl/operator/operator.py
28420571,3,3,6,test/space/ntuples_test.py
28420571,10,4,14,odl/util/testutils.py
28420571,27,186,213,test/space/cu_ntuples_test.py
28420571,31,2,33,odl/diagnostics/space.py
28420571,0,32,32,examples/pooled.py
28420571,0,142,142,examples/projection_gpumci.py
28420571,0,152,152,examples/projection_gpumci_scatter.py
28420571,0,105,105,examples/projection_simrec2d.py
28420571,0,130,130,examples/projection_simrec2dCuda.py
28420571,0,182,182,examples/projection_simrec3dCuda.py
28420571,0,187,187,examples/tomography_simrec2d.py
28420571,0,178,178,examples/tomography_simrec2dCuda.py
28420571,0,193,193,examples/tomography_simrec3dCuda.py
28420571,0,253,253,examples/tomography_simulated3dCuda.py
28420571,0,244,244,examples/tomography_simulated_optimized.py
28420571,11,18,29,odl/space/fspace.py
28420571,10,0,10,test/space/default_test.py
28420571,1,1,2,test/discr/grid_test.py
28420571,1,1,2,test/discr/l2_discr_test.py
28420571,5,5,10,test/operator/difference_test_cuda.py
28420571,1,1,2,test/operator/operator_test.py
28420571,1,1,2,test/operator/solvers_test.py
28420571,1,1,2,test/set/domain_test.py
28420571,1,1,2,test/set/pspace_test.py
28420571,1,1,2,test/space/cu_ntuples_test.py
28420571,1,1,2,test/space/default_test.py
28420571,1,1,2,test/space/ntuples_test.py
28420571,1,1,2,test/system/import_test.py
28420571,17,0,17,test/space/cu_ntuples_test.py
28420571,16,0,16,test/space/ntuples_test.py
28420571,6,0,6,odl/set/space.py
28420571,4,0,4,odl/operator/default_ops.py
28420571,0,10,10,odl/operator/operator.py
28420571,1,1,2,odl/operator/solvers.py
28420571,2,1,3,test/discr/l2_discr_test.py
28420571,40,34,74,test/operator/operator_test.py
28420571,4,1,5,test/space/cu_ntuples_test.py
28420571,4,1,5,test/space/ntuples_test.py
28420571,4,4,8,odl/operator/default_ops.py
28420571,2,2,4,odl/operator/default_ops.py
28420571,5,5,10,odl/operator/operator.py
28420571,52,0,52,odl/operator/solvers.py
28420571,0,1,1,odl/util/testutils.py
28420571,11,5,16,run_tests.py
28420571,64,28,92,test/operator/solvers_test.py
28420571,1,0,1,test/space/cu_ntuples_test.py
28420571,11,0,11,test/discr/l2_discr_test.py
28420571,13,0,13,test/space/cu_ntuples_test.py
28420571,14,0,14,test/space/ntuples_test.py
28420571,38,0,38,odl/operator/operator.py
28420571,1,2,3,test/operator/operator_test.py
28420571,24,26,50,odl/operator/operator.py
28420571,31,15,46,odl/set/space.py
28420571,18,14,32,odl/util/testutils.py
28420571,189,34,223,test/operator/operator_test.py
28420571,2,2,4,odl/set/space.py
28420571,4,3,7,odl/operator/default_ops.py
28420571,1,1,2,test/discr/grid_test.py
28420571,1,1,2,test/discr/l2_discr_test.py
28420571,1,1,2,test/operator/difference_test_cuda.py
28420571,1,1,2,test/operator/solvers_test.py
28420571,1,1,2,test/set/domain_test.py
28420571,1,1,2,test/space/cu_ntuples_test.py
28420571,1,1,2,test/space/default_test.py
28420571,1,2,3,test/set/pspace_test.py
28420571,1,1,2,test/space/ntuples_test.py
28420571,4,1,5,test/system/import_test.py
28420571,2,2,4,odl/operator/operator.py
28420571,84,2,86,test/operator/operator_test.py
28420571,24,16,40,odl/operator/operator.py
28420571,57,45,102,odl/set/sets.py
28420571,61,7,68,test/operator/operator_test.py
28420571,5,5,10,odl/space/ntuples.py
28420571,1,1,2,run_tests.py
28420571,28,4,32,setup.py
28420571,32,21,53,examples/tomography_simulated_optimized.py
28420571,8,4,12,odl/operator/operator.py
28420571,4,0,4,test/operator/operator_test.py
28420571,4,3,7,odl/set/space.py
28420571,130,0,130,odl/operator/default_ops.py
28420571,171,0,171,odl/operator/operator.py
28420571,24,0,24,odl/set/space.py
28420571,9,7,16,odl/space/cu_ntuples.py
28420571,25,2,27,test/space/cu_ntuples_test.py
28420571,11,16,27,run_tests.py
28420571,8,13,21,run_doctests.py
28420571,4,4,8,odl/discr/grid.py
28420571,3,5,8,odl/set/pspace.py
28420571,7,4,11,odl/util/testutils.py
28420571,10,3,13,run_tests.py
28420571,24,1,25,odl/util/testutils.py
28420571,826,832,1658,test/discr/grid_test.py
28420571,299,299,598,test/discr/l2_discr_test.py
28420571,115,130,245,test/operator/difference_test_cuda.py
28420571,221,231,452,test/operator/operator_test.py
28420571,52,53,105,test/operator/solvers_test.py
28420571,14,1,15,odl/util/testutils.py
28420571,135,138,273,test/set/domain_test.py
28420571,179,180,359,test/set/pspace_test.py
28420571,3,3,6,test/space/cu_ntuples_test.py
28420571,6,2,8,odl/util/testutils.py
28420571,1,3,4,test/space/cu_ntuples_test.py
28420571,4,66,70,odl/util/testutils.py
28420571,623,624,1247,test/space/cu_ntuples_test.py
28420571,16,17,33,test/space/default_test.py
28420571,1,3,4,test/space/ntuples_test.py
28420571,28,0,28,odl/util/testutils.py
28420571,657,703,1360,test/space/ntuples_test.py
28420571,0,0,0,test/system/conftest.py
28420571,15,22,37,test/system/import_test.py
28420571,0,18,18,test/test/__init__.py
28420571,0,34,34,test/test/operator.py
28420571,6,3,9,odl/diagnostics/examples.py
28420571,4,4,8,odl/diagnostics/operator.py
28420571,44,48,92,odl/diagnostics/space.py
28420571,19,1,20,examples/space_test.py
28420571,6,2,8,odl/diagnostics/examples.py
28420571,39,37,76,odl/diagnostics/space.py
28420571,64,0,64,odl/diagnostics/space.py
28420571,87,3,90,odl/diagnostics/space.py
28420571,234,17,251,odl/diagnostics/space.py
28420571,20,4,24,odl/diagnostics/space.py
28420571,1,1,2,examples/space_test.py
28420571,14,12,26,odl/diagnostics/examples.py
28420571,90,16,106,odl/diagnostics/space.py
28420571,2,1,3,odl/util/testutils.py
28420571,18,5,23,odl/diagnostics/examples.py
28420571,60,63,123,odl/diagnostics/operator.py
28420571,78,78,156,odl/diagnostics/space.py
28420571,114,114,228,odl/diagnostics/space.py
28420571,1,1,2,odl/space/base_ntuples.py
28420571,12,31,43,examples/tomography_simulated_optimized.py
28420571,0,10,10,examples/tomography_simulated3dCuda.py
28420571,1,1,2,examples/tomography_simulated3dCuda.py
28420571,252,0,252,examples/tomography_simulated_optimized.py
28420571,8,8,16,odl/discr/discretization.py
28420571,10,6,16,examples/convolution_class.py
28420571,4,4,8,examples/convolution_test.py
28420571,4,4,8,examples/convolution_test_cuda.py
28420571,11,10,21,examples/cudaTVDenoise.py
28420571,4,4,8,examples/cudaTVDenoiseImage.py
28420571,2,2,4,examples/operator_test.py
28420571,2,2,4,examples/projection_simrec2d.py
28420571,4,4,8,examples/projection_simrec2dCuda.py
28420571,4,4,8,examples/projection_simrec3dCuda.py
28420571,4,5,9,examples/tomography_simrec2d.py
28420571,6,6,12,examples/tomography_simrec2dCuda.py
28420571,7,7,14,examples/tomography_simrec3dCuda.py
28420571,6,6,12,examples/tomography_simulated3dCuda.py
28420571,0,18,18,odl/operator/__init__.py
28420571,4,4,8,odl/operator/operator.py
28420571,4,1,5,odl/space/base_ntuples.py
28420571,5,2,7,odl/util/testutils.py
28420571,8,7,15,odl/operator/operator.py
28420571,2,2,4,examples/visualize_vector_examples.py
28420571,16,16,32,examples/cudarnSpeed_test.py
28420571,10,10,20,examples/simple_rn.py
28420571,1,1,2,odl/set/space.py
28420571,9,4,13,odl/operator/operator.py
28420571,1,1,2,odl/set/space.py
28420571,1,1,2,odl/operator/default_ops.py
28420571,12,12,24,odl/set/pspace.py
28420571,78,68,146,odl/set/space.py
28420571,9,9,18,odl/space/cu_ntuples.py
28420571,55,55,110,odl/space/ntuples.py
28420571,3,3,6,test/set/pspace_test.py
28420571,8,8,16,test/space/cu_ntuples_test.py
28420571,5,5,10,test/space/ntuples_test.py
28420571,1,1,2,odl/operator/operator.py
28420571,5,8,13,odl/diagnostics/operator.py
28420571,2,2,4,odl/diagnostics/space.py
28420571,1,1,2,odl/diagnostics/__init__.py
28420571,4,2,6,odl/diagnostics/examples.py
28420571,39,33,72,odl/diagnostics/operator.py
28420571,132,109,241,odl/diagnostics/space.py
28420571,5,5,10,test/space/ntuples_test.py
28420571,25,25,50,odl/operator/default_ops.py
28420571,94,92,186,odl/operator/operator.py
28420571,8,8,16,odl/operator/solvers.py
28420571,27,27,54,odl/space/cu_ntuples.py
28420571,53,53,106,odl/space/fspace.py
28420571,5,5,10,odl/space/ntuples.py
28420571,10,9,19,odl/__init__.py
28420571,5,0,5,odl/operator/operator.py
28420571,21,20,41,odl/diagnostics/operator.py
28420571,16,19,35,odl/diagnostics/space.py
28420571,3,1,4,odl/util/testutils.py
28420571,99,114,213,odl/diagnostics/operator.py
28420571,90,96,186,odl/diagnostics/space.py
28420571,39,0,39,odl/util/testutils.py
28420571,2,4,6,odl/operator/operator.py
28420571,1,3,4,odl/space/ntuples.py
28420571,3,2,5,odl/operator/default_ops.py
28420571,9,8,17,odl/operator/operator.py
28420571,1,1,2,odl/discr/discr_mappings.py
28420571,2,2,4,odl/discr/discretization.py
28420571,21,21,42,odl/operator/operator.py
28420571,4,10,14,odl/test/operator.py
28420571,4,10,14,odl/test/space.py
28420571,16,8,24,test/operator/operator_test.py
28420571,1,2,3,examples/operator_test.py
28420571,1,2,3,examples/space_test.py
28420571,3,2,5,odl/diagnostics/operator.py
28420571,0,0,0,odl/{test => diagnostics}/examples.py
28420571,3,9,12,odl/diagnostics/operator.py
28420571,4,12,16,odl/{test => diagnostics}/space.py
28420571,1,2,3,test/space/ntuples_test.py
28420571,1,1,2,odl/__init__.py
28420571,2,3,5,odl/{test => diagnostics}/__init__.py
28420571,0,0,0,odl/{test => diagnostics}/operator.py
28420571,30,62,92,odl/discr/discr_mappings.py
28420571,15,7,22,odl/discr/discretization.py
28420571,12,6,18,odl/operator/default_ops.py
28420571,131,358,489,odl/operator/operator.py
28420571,3,3,6,odl/operator/solvers.py
28420571,3,3,6,odl/space/ntuples.py
28420571,1,1,2,odl/test/examples.py
28420571,3,3,6,odl/test/operator.py
28420571,0,1,1,odl/test/space.py
28420571,8,8,16,test/operator/difference_test_cuda.py
28420571,16,10,26,test/operator/operator_test.py
28420571,2,2,4,test/operator/solvers_test.py
28420571,15,27,42,examples/simple_rn.py
28420571,5,3,8,odl/space/base_ntuples.py
28420571,2,2,4,odl/test/space.py
28420571,0,6,6,examples/space_test.py
28420571,3,1,4,odl/test/operator.py
28420571,132,2,134,odl/test/space.py
28420571,64,0,64,examples/operator_test.py
28420571,15,0,15,examples/space_test.py
28420571,8,0,8,odl/test/__init__.py
28420571,140,0,140,odl/test/examples.py
28420571,7,116,123,odl/test/operator.py
28420571,123,0,123,odl/test/space.py
28420571,1,0,1,test/space/ntuples_test.py
28420571,24,5,29,test/space/ntuples_test.py
28420571,2,1,3,odl/discr/discretization.py
28420571,1,51,52,odl/space/ntuples.py
28420571,1,1,2,odl/discr/discr_mappings.py
28420571,1,1,2,odl/discr/discretization.py
28420571,136,125,261,odl/test/operator.py
28420571,31,0,31,odl/space/base_ntuples.py
28420571,21,0,21,test/space/ntuples_test.py
28420571,8,5,13,test/space/ntuples_test.py
28420571,7,1,8,odl/space/ntuples.py
28420571,9,133,142,odl/discr/l2_discr.py
28420571,205,0,205,odl/util/graphics.py
28420571,4,0,4,test/set/domain_test.py
28420571,0,4,4,odl/space/__init__.py
28420571,1,1,2,odl/space/base_ntuples.py
28420571,5,0,5,odl/space/base_ntuples.py
28420571,84,27,111,odl/set/domain.py
28420571,4,3,7,odl/space/__init__.py
28420571,453,0,453,odl/space/base_ntuples.py
28420571,1,1,2,odl/space/cu_ntuples.py
28420571,13,369,382,odl/space/ntuples.py
28420571,5,2,7,test/space/cu_ntuples_test.py
28420571,4,12,16,examples/tomography_simrec2d.py
28420571,5,5,10,examples/tomography_simrec3dCuda.py
28420571,63,12,75,odl/test/operator.py
28420571,1,2,3,odl/discr/l2_discr.py
28420571,31,46,77,odl/space/cu_ntuples.py
28420571,97,117,214,odl/space/ntuples.py
28420571,1,1,2,odl/util/utility.py
28420571,14,14,28,test/space/cu_ntuples_test.py
28420571,54,54,108,test/space/ntuples_test.py
28420571,1,3,4,odl/operator/operator.py
28420571,5,6,11,examples/visualize_vector_examples.py
28420571,30,14,44,odl/discr/l2_discr.py
28420571,23,0,23,odl/space/cu_ntuples.py
28420571,1,1,2,odl/space/ntuples.py
28420571,13,16,29,odl/test/operator.py
28420571,0,1,1,odl/util/testutils.py
28420571,1,1,2,odl/util/utility.py
28420571,146,0,146,examples/convolution_class.py
28420571,28,18,46,odl/operator/operator.py
28420571,34,0,34,odl/operator/solvers.py
28420571,1,1,2,odl/set/space.py
28420571,1,1,2,odl/util/testutils.py
28420571,1,0,1,odl/space/cu_ntuples.py
28420571,1,0,1,odl/space/ntuples.py
28420571,41,11,52,odl/space/ntuples.py
28420571,254,100,354,test/space/ntuples_test.py
28420571,4,0,4,odl/space/cu_ntuples.py
28420571,31,13,44,odl/test/operator.py
28420571,17,0,17,examples/visualize_vector_examples.py
28420571,3,1,4,odl/__init__.py
28420571,1,1,2,odl/sets/space.py
28420571,1,1,2,odl/space/ntuples.py
28420571,164,54,218,odl/test/operator.py
28420571,18,0,18,test/test/__init__.py
28420571,34,0,34,test/test/operator.py
28420571,30,19,49,test/space/cu_ntuples_test.py
28420571,3,3,6,odl/space/ntuples.py
28420571,19,5,24,odl/space/cu_ntuples.py
28420571,2,1,3,odl/space/cu_ntuples.py
28420571,6,3,9,odl/space/ntuples.py
28420571,4,17,21,odl/discr/l2_discr.py
28420571,15,13,28,odl/space/cu_ntuples.py
28420571,27,0,27,odl/test/__init__.py
28420571,195,0,195,odl/test/operator.py
28420571,411,112,523,odl/space/cu_ntuples.py
28420571,214,165,379,odl/space/ntuples.py
28420571,5,5,10,odl/discr/l2_discr.py
28420571,1,1,2,odl/space/ntuples.py
28420571,172,96,268,odl/space/ntuples.py
28420571,8,7,15,odl/discr/l2_discr.py
28420571,1,1,2,odl/util/utility.py
28420571,149,2,151,odl/discr/l2_discr.py
28420571,427,112,539,odl/space/ntuples.py
28420571,2,1,3,odl/space/cu_ntuples.py
28420571,5,0,5,odl/discr/grid.py
28420571,10,0,10,odl/util/utility.py
28420571,24,12,36,odl/discr/grid.py
28420571,2,1,3,odl/space/ntuples.py
28420571,2,1,3,odl/space/cu_ntuples.py
28420571,58,4,62,odl/space/cu_ntuples.py
28420571,52,8,60,odl/space/ntuples.py
28420571,55,21,76,odl/set/pspace.py
28420571,0,11,11,test/set/pspace_test.py
28420571,5,6,11,odl/discr/discretization.py
28420571,7,6,13,odl/discr/l2_discr.py
28420571,12,11,23,odl/space/ntuples.py
28420571,2,1,3,odl/util/testutils.py
28420571,1,1,2,odl/space/cu_ntuples.py
28420571,1,1,2,test/discr/l2_discr_test.py
28420571,0,7,7,test/operator/operator_test.py
28420571,1,2,3,test/space/cu_ntuples_test.py
28420571,4,2,6,odl/discr/l2_discr.py
28420571,14,7,21,odl/discr/l2_discr.py
28420571,15,16,31,setup.py
28420571,1,1,2,odl/space/ntuples.py
28420571,10,0,10,odl/discr/discretization.py
28420571,23,10,33,odl/discr/l2_discr.py
28420571,1,3,4,odl/operator/operator.py
28420571,6,1,7,odl/space/ntuples.py
28420571,1,1,2,odl/util/testutils.py
28420571,14,12,26,setup.py
28420571,10,19,29,odl/discr/l2_discr.py
28420571,50,41,91,odl/space/cu_ntuples.py
28420571,81,134,215,odl/space/ntuples.py
28420571,9,17,26,test/space/cu_ntuples_test.py
28420571,48,62,110,test/space/ntuples_test.py
28420571,2,2,4,odl/operator/default_ops.py
28420571,2,2,4,odl/operator/operator.py
28420571,0,0,0,odl/{sets => set}/__init__.py
28420571,0,0,0,odl/{sets => set}/domain.py
28420571,0,0,0,odl/{sets => set}/pspace.py
28420571,1,1,2,odl/{sets => set}/space.py
28420571,2,1,3,odl/space/__init__.py
28420571,11,7,18,odl/space/cu_ntuples.py
28420571,0,0,0,test/{sets => set}/__init__.py
28420571,0,0,0,test/{sets => set}/domain_test.py
28420571,107,25,132,test/space/cuda_test.py
28420571,17,19,36,odl/space/cu_ntuples.py
28420571,94,0,94,test/space/cuda_test.py
28420571,36,25,61,odl/space/cu_ntuples.py
28420571,1,3,4,test/discr/l2_discr_test.py
28420571,29,0,29,test/space/cuda_test.py
28420571,1,1,2,odl/space/ntuples.py
28420571,7,10,17,examples/projection_simrec2d.py
28420571,5,6,11,examples/reals.py
28420571,3,3,6,odl/__init__.py
28420571,1,1,2,odl/discr/discr_mappings.py
28420571,2,2,4,odl/discr/discretization.py
28420571,3,3,6,odl/discr/grid.py
28420571,28,2,30,odl/discr/l2_discr.py
28420571,3,3,6,odl/sets/__init__.py
28420571,1,1,2,odl/sets/domain.py
28420571,1,1,2,odl/sets/pspace.py
28420571,1,1,2,odl/sets/space.py
28420571,1,1,2,odl/space/default.py
28420571,3,3,6,odl/space/fspace.py
28420571,208,125,333,odl/space/ntuples.py
28420571,9,4,13,odl/util/testutils.py
28420571,6,6,12,test/discr/grid_test.py
28420571,1,1,2,test/sets/domain_test.py
28420571,127,65,192,test/space/cartesian_test.py
28420571,14,22,36,test/space/default_test.py
28420571,31,10,41,odl/space/ntuples.py
28420571,9,1,10,odl/space/ntuples.py
28420571,1,0,1,test/space/cartesian_test.py
28420571,1,1,2,odl/space/ntuples.py
28420571,1,1,2,odl/space/cu_ntuples.py
28420571,17,8,25,test/space/cuda_test.py
28420571,82,1,83,odl/space/cu_ntuples.py
28420571,307,1,308,odl/space/ntuples.py
28420571,268,0,268,test/space/cartesian_test.py
28420571,67,0,67,test/space/cuda_test.py
28420571,0,4,4,odl/space/__init__.py
28420571,0,160,160,odl/space/cuda_inner.py
28420571,0,260,260,odl/space/inner.py
28420571,0,103,103,test/space/cuda_inner_test.py
28420571,0,289,289,test/space/inner_test.py
28420571,1,1,2,test/space/inner_test.py
28420571,8,3,11,odl/space/inner.py
28420571,0,1,1,test/space/cuda_inner_test.py
28420571,128,7,135,test/space/inner_test.py
28420571,11,1,12,odl/space/cuda_inner.py
28420571,18,2,20,odl/space/inner.py
28420571,18,0,18,test/space/inner_test.py
28420571,104,0,104,test/space/cuda_inner_test.py
28420571,4,0,4,odl/space/__init__.py
28420571,16,42,58,odl/discr/l2_discr.py
28420571,150,0,150,odl/space/cuda_inner.py
28420571,239,0,239,odl/space/inner.py
28420571,150,0,150,test/space/inner_test.py
28420571,41,1,42,odl/discr/l2_discr.py
28420571,2,1,3,examples/projection_simrec2d.py
28420571,6,5,11,examples/tomography_simrec2d.py
28420571,4,4,8,examples/tomography_simrec2dCuda.py
28420571,7,6,13,odl/operator/operator.py
28420571,7,16,23,examples/convolution_test.py
28420571,2,8,10,examples/convolution_test_cuda.py
28420571,2,1,3,examples/cudaTVDenoise.py
28420571,3,4,7,examples/cudaTVDenoiseImage.py
28420571,2,2,4,examples/projection_gpumci.py
28420571,2,2,4,examples/projection_gpumci_scatter.py
28420571,2,2,4,examples/projection_simrec2d.py
28420571,3,4,7,examples/projection_simrec2dCuda.py
28420571,3,4,7,examples/projection_simrec3dCuda.py
28420571,2,2,4,examples/simple_operator.py
28420571,3,4,7,examples/tomography_simrec2d.py
28420571,3,4,7,examples/tomography_simrec2dCuda.py
28420571,3,4,7,examples/tomography_simrec3dCuda.py
28420571,5,7,12,examples/tomography_simulated3dCuda.py
28420571,3,12,15,odl/discr/discr_mappings.py
28420571,0,1,1,odl/operator/default_ops.py
28420571,27,16,43,odl/operator/operator.py
28420571,4,10,14,test/operator/difference_test_cuda.py
28420571,5,5,10,test/operator/operator_test.py
28420571,4,4,8,test/operator/solvers_test.py
28420571,13,39,52,odl/operator/default_ops.py
28420571,51,379,430,odl/operator/operator.py
28420571,50,1,51,odl/sets/space.py
28420571,7,4,11,test/operator/operator_test.py
28420571,202,134,336,odl/operator/operator.py
28420571,222,0,222,odl/operator/operator.py
28420571,1,1,2,examples/convolution_test_cuda.py
28420571,14,13,27,examples/cudaTVDenoiseImage.py
28420571,3,0,3,test/operator/difference_test_cuda.py
28420571,1,1,2,test/space/cuda_test.py
28420571,10,13,23,examples/convolution_test_cuda.py
28420571,16,16,32,examples/cudaTVDenoiseImage.py
28420571,3,6,9,examples/cudarnSpeed_test.py
28420571,9,14,23,examples/projection_gpumci.py
28420571,9,14,23,examples/projection_gpumci_scatter.py
28420571,8,11,19,examples/projection_simrec2dCuda.py
28420571,17,16,33,examples/projection_simrec3dCuda.py
28420571,26,11,37,examples/simple_operator.py
28420571,28,26,54,examples/simple_rn.py
28420571,10,16,26,examples/tomography_simrec2d.py
28420571,11,17,28,examples/tomography_simrec2dCuda.py
28420571,28,27,55,examples/tomography_simrec3dCuda.py
28420571,40,35,75,examples/tomography_simulated3dCuda.py
28420571,5,6,11,odl/discr/discr_mappings.py
28420571,2,2,4,odl/discr/discretization.py
28420571,7,7,14,odl/operator/default_ops.py
28420571,6,12,18,odl/operator/operator.py
28420571,6,6,12,odl/sets/__init__.py
28420571,13,16,29,odl/sets/pspace.py
28420571,1,1,2,odl/sets/space.py
28420571,13,13,26,odl/space/__init__.py
28420571,0,6,6,odl/space/default.py
28420571,4,6,10,run_doctests.py
28420571,4,6,10,run_tests.py
28420571,26,44,70,test/operator/difference_test_cuda.py
28420571,11,13,24,test/operator/operator_test.py
28420571,11,12,23,test/operator/solvers_test.py
28420571,25,26,51,test/sets/product_test.py
28420571,11,13,24,test/space/cartesian_test.py
28420571,37,38,75,test/space/cuda_test.py
28420571,5,4,9,test/system/import_test.py
28420571,4,4,8,examples/cudaTVDenoise.py
28420571,10,10,20,examples/cudaTVDenoiseImage.py
28420571,1,1,2,examples/projection_simrec2d.py
28420571,2,2,4,examples/projection_simrec2dCuda.py
28420571,26,26,52,examples/tomography_simulated3dCuda.py
28420571,6,3,9,odl/operator/default_ops.py
28420571,49,78,127,odl/operator/operator.py
28420571,7,7,14,odl/operator/solvers.py
28420571,14,14,28,test/operator/operator_test.py
28420571,2,1,3,examples/reals.py
28420571,1,1,2,examples/simple_rn.py
28420571,8,8,16,odl/discr/discretization.py
28420571,33,19,52,odl/discr/grid.py
28420571,3,2,5,odl/operator/operator.py
28420571,23,17,40,odl/sets/domain.py
28420571,9,14,23,odl/sets/pspace.py
28420571,52,87,139,odl/sets/set.py
28420571,19,79,98,odl/sets/space.py
28420571,24,44,68,odl/space/cartesian.py
28420571,5,5,10,odl/space/cuda.py
28420571,15,18,33,odl/space/fspace.py
28420571,7,19,26,test/discr/grid_test.py
28420571,9,24,33,test/sets/domain_test.py
28420571,11,3,14,examples/tomography_simrec3dCuda.py
28420571,260,0,260,examples/tomography_simulated3dCuda.py
28420571,1,1,2,odl/operator/solvers.py
28420571,5,5,10,odl/util/testutils.py
28420571,2,2,4,odl/operator/default_ops.py
28420571,3,3,6,odl/sets/domain.py
28420571,3,2,5,odl/sets/pspace.py
28420571,2,2,4,odl/sets/space.py
28420571,20,27,47,examples/tomography_simrec3dCuda.py
28420571,4,4,8,odl/operator/solvers.py
28420571,2,4,6,odl/util/testutils.py
28420571,5,6,11,examples/tomography_simrec3dCuda.py
28420571,10,0,10,odl/space/cuda.py
28420571,2,2,4,odl/discr/discr_mappings.py
28420571,3,0,3,odl/discr/discretization.py
28420571,3,0,3,odl/discr/grid.py
28420571,3,0,3,odl/sets/domain.py
28420571,6,3,9,odl/sets/pspace.py
28420571,6,0,6,odl/space/cartesian.py
28420571,9,0,9,odl/space/fspace.py
28420571,4,7,11,odl/space/cuda.py
28420571,3,4,7,odl/space/fspace.py
28420571,1,0,1,test/space/cartesian_test.py
28420571,1,1,2,odl/space/cartesian.py
28420571,0,4,4,odl/discr/__init__.py
28420571,48,31,79,examples/projection_simrec3dCuda.py
28420571,193,0,193,examples/tomography_simrec3dCuda.py
28420571,3,2,5,odl/util/testutils.py
28420571,11,3,14,odl/discr/__init__.py
28420571,0,1,1,odl/discr/discretization.py
28420571,4,4,8,odl/discr/l2_discr.py
28420571,21,16,37,examples/projection_simrec3dCuda.py
28420571,2,2,4,test/space/default_test.py
28420571,27,26,53,test/space/default_test.py
28420571,188,185,373,test/operator/difference_test_cuda.py
28420571,5,5,10,examples/cudaTVDenoiseImage.py
28420571,1,1,2,odl/operator/solvers.py
28420571,17,23,40,examples/cudaTVDenoise.py
28420571,29,37,66,examples/cudaTVDenoiseImage.py
28420571,14,0,14,odl/space/cuda.py
28420571,19,1,20,odl/util/testutils.py
28420571,15,4,19,odl/sets/space.py
28420571,4,0,4,odl/sets/pspace.py
28420571,9,0,9,odl/sets/space.py
28420571,24,16,40,odl/sets/pspace.py
28420571,9,9,18,odl/discr/discr_mappings.py
28420571,2,2,4,odl/discr/discretization.py
28420571,44,44,88,odl/space/cartesian.py
28420571,13,13,26,odl/space/cuda.py
28420571,3,3,6,test/space/cartesian_test.py
28420571,3,3,6,test/space/cuda_test.py
28420571,51,46,97,test/discr/l2_discr_test.py
28420571,13,10,23,examples/projection_simrec3dCuda.py
28420571,1,1,2,odl/discr/l2_discr.py
28420571,10,0,10,test/discr/l2_discr_test.py
28420571,2,1,3,run_doctests.py
28420571,4,3,7,run_tests.py
28420571,6,1,7,odl/space/cuda.py
28420571,1,1,2,examples/cudaTVDenoise.py
28420571,1,2,3,examples/simple_rn.py
28420571,9,9,18,odl/discr/__init__.py
28420571,16,16,32,odl/discr/discr_mappings.py
28420571,14,14,28,odl/discr/discretization.py
28420571,58,58,116,odl/discr/grid.py
28420571,8,8,16,odl/discr/l2_discr.py
28420571,19,19,38,odl/operator/__init__.py
28420571,21,21,42,odl/operator/operator.py
28420571,51,61,112,odl/sets/__init__.py
28420571,44,45,89,odl/sets/domain.py
28420571,12,12,24,odl/sets/set.py
28420571,19,19,38,odl/sets/space.py
28420571,11,11,22,odl/space/__init__.py
28420571,36,238,274,odl/space/cartesian.py
28420571,4,4,8,odl/space/cuda.py
28420571,2,2,4,odl/space/fspace.py
28420571,3,3,6,test/discr/grid_test.py
28420571,15,15,30,test/sets/domain_test.py
28420571,3,3,6,examples/convolution_test.py
28420571,7,9,16,examples/convolution_test_cuda.py
28420571,1,3,4,odl/discr/discretization.py
28420571,0,1,1,odl/sets/space.py
28420571,1,2,3,odl/space/cuda.py
28420571,3,7,10,odl/space/fspace.py
28420571,2,2,4,odl/discr/discr_mappings.py
28420571,6,5,11,odl/discr/l2_discr.py
28420571,80,4,84,test/discr/l2_discr_test.py
28420571,5,5,10,odl/discr/l2_discr.py
28420571,32,1,33,odl/discr/l2_discr.py
28420571,6,5,11,odl/space/cartesian.py
28420571,24,0,24,test/discr/l2_discr_test.py
28420571,11,37,48,odl/discr/discretization.py
28420571,48,7,55,odl/discr/l2_discr.py
28420571,2,2,4,examples/projection_gpumci.py
28420571,2,2,4,examples/projection_gpumci_scatter.py
28420571,2,2,4,examples/projection_simrec3dCuda.py
28420571,1,1,2,odl/sets/__init__.py
28420571,4,4,8,odl/sets/domain.py
28420571,1,1,2,test/discr/l2_discr_test.py
28420571,14,2,16,test/discr/grid_test.py
28420571,2,2,4,odl/util/testutils.py
28420571,31,115,146,odl/discr/grid.py
28420571,189,73,262,test/discr/grid_test.py
28420571,27,8,35,odl/discr/grid.py
28420571,6,6,12,odl/sets/domain.py
28420571,85,9,94,odl/discr/grid.py
28420571,2,2,4,odl/util/testutils.py
28420571,0,1,1,run_tests.py
28420571,90,86,176,odl/discr/grid.py
28420571,5,4,9,odl/sets/domain.py
28420571,2,7,9,odl/discr/__init__.py
28420571,9,2,11,run_tests.py
28420571,1,0,1,run_tests.py
28420571,117,23,140,odl/discr/grid.py
28420571,78,60,138,test/discr/grid_test.py
28420571,2,2,4,test/discr/l2_discr_test.py
28420571,15,0,15,odl/discr/__init__.py
28420571,11,14,25,odl/discr/discr_mappings.py
28420571,4,0,4,odl/discr/discretization.py
28420571,10,6,16,odl/discr/l2_discr.py
28420571,2,2,4,odl/operator/default_ops.py
28420571,4,0,4,odl/operator/solvers.py
28420571,4,58,62,odl/sets/domain.py
28420571,1,1,2,odl/sets/set.py
28420571,4,0,4,odl/sets/space.py
28420571,4,0,4,odl/space/default.py
28420571,2,2,4,odl/space/fspace.py
28420571,3,2,5,run_doctests.py
28420571,3,2,5,doc/conf.py
28420571,3,2,5,odl/__init__.py
28420571,36,28,64,odl/util/testutils.py
28420571,3,9,12,odl/util/utility.py
28420571,1,1,2,odl/discr/l2_discr.py
28420571,1,20,21,odl/operator/default_ops.py
28420571,10,161,171,odl/operator/operator.py
28420571,1,1,2,odl/operator/solvers.py
28420571,6,5,11,odl/sets/pspace.py
28420571,0,7,7,odl/sets/set.py
28420571,0,58,58,odl/space/default.py
28420571,1,1,2,test/operator/difference_test_cuda.py
28420571,1,1,2,test/sets/product_test.py
28420571,1,1,2,test/system/import_test.py
28420571,22,11,33,odl/discr/__init__.py
28420571,98,54,152,odl/operator/__init__.py
28420571,58,57,115,odl/sets/__init__.py
28420571,54,124,178,odl/space/__init__.py
28420571,1,1,2,odl/util/__init__.py
28420571,16,20,36,examples/__init__.py
28420571,1,1,2,examples/convolution_test.py
28420571,1,1,2,examples/convolution_test_cuda.py
28420571,1,1,2,examples/cudaTVDenoise.py
28420571,2,2,4,examples/cudaTVDenoiseImage.py
28420571,2,2,4,examples/projection_gpumci.py
28420571,2,2,4,examples/projection_gpumci_scatter.py
28420571,1,1,2,examples/projection_simrec2d.py
28420571,1,1,2,examples/projection_simrec2dCuda.py
28420571,2,2,4,examples/projection_simrec3dCuda.py
28420571,5,5,10,examples/simple_rn.py
28420571,0,1,1,examples/solver_examples.py
28420571,1,1,2,examples/tomography_simrec2d.py
28420571,1,1,2,examples/tomography_simrec2dCuda.py
28420571,1,1,2,odl/utility/testutils.py
28420571,26,35,61,odl/utility/testutils.py
28420571,2,3,5,examples/convolution_test.py
28420571,2,5,7,examples/convolution_test_cuda.py
28420571,28,31,59,examples/cudaTVDenoise.py
28420571,25,31,56,examples/cudaTVDenoiseImage.py
28420571,22,26,48,examples/cudarnSpeed_test.py
28420571,29,32,61,examples/projection_gpumci.py
28420571,62,47,109,examples/projection_gpumci_scatter.py
28420571,23,29,52,examples/projection_simrec2d.py
28420571,25,29,54,examples/projection_simrec2dCuda.py
28420571,26,30,56,examples/projection_simrec3dCuda.py
28420571,27,9,36,examples/reals.py
28420571,26,11,37,examples/simple_rn.py
28420571,26,28,54,examples/tomography_simrec2d.py
28420571,23,28,51,examples/tomography_simrec2dCuda.py
28420571,3,3,6,odl/__init__.py
28420571,2,2,4,odl/discr/default.py
28420571,3,3,6,odl/discr/discretization.py
28420571,3,3,6,odl/discr/grid.py
28420571,9,9,18,odl/discr/operators.py
28420571,38,68,106,odl/operator/default.py
28420571,125,167,292,odl/operator/operator.py
28420571,0,0,0,odl/{set => sets}/__init__.py
28420571,2,2,4,odl/{set => sets}/domain.py
28420571,26,20,46,odl/{set => sets}/product.py
28420571,0,0,0,odl/{set => sets}/set.py
28420571,2,2,4,odl/{set => sets}/space.py
28420571,3,3,6,odl/space/__init__.py
28420571,3,3,6,odl/space/cartesian.py
28420571,2,2,4,odl/space/default.py
28420571,0,0,0,odl/{utility => util}/__init__.py
28420571,0,0,0,odl/{utility => util}/testutils.py
28420571,0,0,0,odl/{utility => util}/utility.py
28420571,2,2,4,setup.py
28420571,68,57,125,test/discr/default_test.py
28420571,2,2,4,test/discr/grid_test.py
28420571,4,4,8,test/operator/difference_test_cuda.py
28420571,1,1,2,test/operator/operator_test.py
28420571,1,1,2,test/operator/solvers_test.py
28420571,0,0,0,test/{set => sets}/__init__.py
28420571,2,2,4,test/{set => sets}/domain_test.py
28420571,2,2,4,test/{set => sets}/product_test.py
28420571,2,2,4,test/space/cartesian_test.py
28420571,6,6,12,test/space/cuda_test.py
28420571,2,2,4,test/space/default_test.py
28420571,2,2,4,test/system/import_test.py
28420571,27,1,28,odl/utility/testutils.py
28420571,3,0,3,odl/discr/default.py
28420571,0,2,2,odl/space/__init__.py
28420571,1,1,2,odl/space/default.py
28420571,4,4,8,odl/space/function.py
28420571,30,3,33,odl/utility/testutils.py
28420571,9,8,17,odl/utility/testutils.py
28420571,9,7,16,odl/utility/testutils.py
28420571,9,2,11,odl/utility/testutils.py
28420571,40,1,41,odl/utility/testutils.py
28420571,26,40,66,odl/discr/grid.py
28420571,6,6,12,odl/set/domain.py
28420571,54,66,120,odl/discr/grid.py
28420571,34,13,47,odl/space/function.py
28420571,3,3,6,test/discr/default_test.py
28420571,1,1,2,odl/utility/testutils.py
28420571,72,6,78,test/discr/default_test.py
28420571,3,3,6,odl/discr/default.py
28420571,3,1,4,odl/space/__init__.py
28420571,183,0,183,test/discr/default_test.py
28420571,1,1,2,odl/space/cartesian.py
28420571,1,4,5,odl/space/cuda.py
28420571,22,0,22,odl/discr/default.py
28420571,14,10,24,run_doctests.py
28420571,6,1,7,run_tests.py
28420571,20,0,20,odl/discr/default.py
28420571,20,3,23,odl/discr/discretization.py
28420571,1,1,2,odl/space/cartesian.py
28420571,8,1,9,odl/utility/__init__.py
28420571,2,1,3,odl/utility/testutils.py
28420571,2,0,2,odl/utility/utility.py
28420571,1,1,2,odl/__init__.py
28420571,1,1,2,odl/discr/__init__.py
28420571,1,1,2,odl/utility/__init__.py
28420571,6,0,6,odl/space/function.py
28420571,28,0,28,odl/utility/utility.py
28420571,0,90,90,odl/space/sequence.py
28420571,2,2,4,odl/set/product.py
28420571,3,3,6,examples/cudaTVDenoiseImage.py
28420571,1,1,2,examples/projection_gpumci.py
28420571,1,1,2,examples/projection_gpumci_scatter.py
28420571,1,1,2,examples/projection_simrec3dCuda.py
28420571,1,1,2,examples/tomography_simrec2d.py
28420571,1,1,2,examples/tomography_simrec2dCuda.py
28420571,81,119,200,odl/set/product.py
28420571,3,3,6,test/operator/difference_test_cuda.py
28420571,4,4,8,test/set/product_test.py
28420571,9,1,10,test/system/import_test.py
28420571,19,0,19,test/set/__init__.py
28420571,0,0,0,test/{space => set}/domain_test.py
28420571,0,0,0,test/{space => set}/product_test.py
28420571,0,4,4,test/system/import_test.py
28420571,1,1,2,examples/convolution_test.py
28420571,1,1,2,examples/convolution_test_cuda.py
28420571,3,3,6,examples/cudaTVDenoise.py
28420571,3,3,6,examples/cudaTVDenoiseImage.py
28420571,1,1,2,examples/cudarnSpeed_test.py
28420571,2,2,4,examples/projection_gpumci.py
28420571,2,2,4,examples/projection_gpumci_scatter.py
28420571,1,1,2,examples/projection_simrec2d.py
28420571,1,1,2,examples/projection_simrec2dCuda.py
28420571,2,2,4,examples/projection_simrec3dCuda.py
28420571,2,2,4,examples/reals.py
28420571,2,2,4,examples/simple_rn.py
28420571,2,2,4,examples/tomography_simrec2d.py
28420571,2,2,4,examples/tomography_simrec2dCuda.py
28420571,7,3,10,odl/__init__.py
28420571,16,1,17,odl/discr/__init__.py
28420571,1,1,2,odl/discr/default.py
28420571,2,2,4,odl/discr/discretization.py
28420571,2,2,4,odl/discr/grid.py
28420571,6,6,12,odl/discr/operators.py
28420571,1,2,3,odl/operator/__init__.py
28420571,2,2,4,odl/operator/default.py
28420571,2,2,4,odl/operator/operator.py
28420571,159,0,159,odl/set/__init__.py
28420571,1,1,2,odl/{space => set}/domain.py
28420571,1,1,2,odl/{space => set}/product.py
28420571,0,0,0,odl/{space => set}/set.py
28420571,2,2,4,odl/{space => set}/space.py
28420571,0,16,16,odl/space/__init__.py
28420571,2,2,4,odl/space/cartesian.py
28420571,7,7,14,odl/space/default.py
28420571,4,6,10,odl/space/function.py
28420571,1,1,2,odl/space/sequence.py
28420571,1,1,2,test/discr/grid_test.py
28420571,2,2,4,test/operator/difference_test_cuda.py
28420571,1,1,2,test/space/cartesian_test.py
28420571,1,1,2,test/space/default_test.py
28420571,1,1,2,test/space/domain_test.py
28420571,1,1,2,test/space/product_test.py
28420571,1,1,2,test/system/import_test.py
28420571,1,1,2,examples/convolution_test.py
28420571,1,1,2,examples/convolution_test_cuda.py
28420571,1,2,3,examples/simple_operator.py
28420571,7,33,40,odl/__init__.py
28420571,1,1,2,odl/discr/__init__.py
28420571,1,1,2,odl/discr/default.py
28420571,1,1,2,odl/discr/discretization.py
28420571,1,1,2,odl/discr/grid.py
28420571,1,1,2,odl/discr/operators.py
28420571,13,3,16,odl/operator/__init__.py
28420571,0,1,1,odl/operator/default.py
28420571,0,1,1,odl/operator/operator.py
28420571,0,1,1,odl/operator/solvers.py
28420571,40,4,44,odl/space/__init__.py
28420571,1,1,2,odl/space/cartesian.py
28420571,1,1,2,odl/space/cuda.py
28420571,1,1,2,odl/space/default.py
28420571,1,1,2,odl/space/domain.py
28420571,3,1,4,odl/space/function.py
28420571,1,1,2,odl/space/product.py
28420571,1,1,2,odl/space/sequence.py
28420571,1,1,2,odl/space/set.py
28420571,1,1,2,odl/space/space.py
28420571,1,1,2,odl/utility/__init__.py
28420571,1,1,2,odl/utility/testutils.py
28420571,1,1,2,odl/utility/utility.py
28420571,1,1,2,run_doctests.py
28420571,1,1,2,run_tests.py
28420571,1,1,2,test/__init__.py
28420571,1,1,2,test/discr/__init__.py
28420571,1,1,2,test/discr/grid_test.py
28420571,1,1,2,test/operator/__init__.py
28420571,1,1,2,test/operator/difference_test_cuda.py
28420571,1,1,2,test/operator/operator_test.py
28420571,1,1,2,test/operator/solvers_test.py
28420571,1,1,2,test/space/__init__.py
28420571,1,1,2,test/space/cartesian_test.py
28420571,1,1,2,test/space/cuda_test.py
28420571,1,1,2,test/space/default_test.py
28420571,1,1,2,test/space/domain_test.py
28420571,1,1,2,test/space/product_test.py
28420571,19,0,19,test/system/__init__.py
28420571,46,0,46,test/system/import_test.py
28420571,39,6,45,odl/__init__.py
28420571,38,32,70,odl/discr/__init__.py
28420571,2,0,2,odl/discr/default.py
28420571,3,0,3,odl/discr/discretization.py
28420571,14,9,23,odl/discr/operators.py
28420571,0,2,2,odl/operator/__init__.py
28420571,4,1,5,odl/operator/default.py
28420571,0,2,2,odl/space/__init__.py
28420571,3,0,3,odl/space/cuda.py
28420571,3,0,3,odl/space/default.py
28420571,3,0,3,odl/space/domain.py
28420571,3,0,3,odl/space/function.py
28420571,4,1,5,odl/space/product.py
28420571,3,1,4,odl/space/sequence.py
28420571,5,0,5,odl/space/set.py
28420571,0,2,2,odl/utility/__init__.py
28420571,0,5,5,test/__init__.py
28420571,0,5,5,test/discr/__init__.py
28420571,0,5,5,test/operator/__init__.py
28420571,0,5,5,test/space/__init__.py
28420571,36,1,37,odl/discr/__init__.py
28420571,2,1,3,odl/discr/default.py
28420571,1,1,2,odl/discr/grid.py
28420571,17,14,31,odl/space/product.py
28420571,12,7,19,odl/discr/default.py
28420571,1,0,1,odl/space/cartesian.py
28420571,3,1,4,odl/discr/discretization.py
28420571,1,1,2,odl/discr/grid.py
28420571,2,2,4,test/discr/grid_test.py
28420571,59,67,126,odl/space/cartesian.py
28420571,25,10,35,odl/discr/default.py
28420571,0,9,9,odl/discr/default.py
28420571,1,0,1,odl/discr/operators.py
28420571,14,0,14,odl/discr/default.py
28420571,7,0,7,odl/discr/operators.py
28420571,0,4,4,odl/space/default.py
28420571,27,4,31,odl/discr/default.py
28420571,57,26,83,odl/discr/discretization.py
28420571,1,1,2,odl/space/cartesian.py
28420571,3,3,6,odl/space/product.py
28420571,43,1,44,odl/space/cartesian.py
28420571,2,19,21,odl/space/product.py
28420571,4,7,11,odl/discr/grid.py
28420571,12,20,32,odl/space/product.py
28420571,29,29,58,test/space/product_test.py
28420571,15,5,20,odl/space/product.py
28420571,18,3,21,examples/reals.py
28420571,6,6,12,examples/cudaTVDenoise.py
28420571,6,6,12,examples/cudaTVDenoiseImage.py
28420571,2,2,4,examples/projection_gpumci.py
28420571,2,2,4,examples/projection_gpumci_scatter.py
28420571,1,1,2,examples/projection_simrec2d.py
28420571,4,4,8,examples/projection_simrec2dCuda.py
28420571,3,5,8,examples/projection_simrec3dCuda.py
28420571,5,1,6,odl/discr/grid.py
28420571,6,6,12,examples/cudaTVDenoise.py
28420571,2,2,4,examples/cudaTVDenoiseImage.py
28420571,2,2,4,examples/projection_gpumci.py
28420571,2,2,4,examples/projection_gpumci_scatter.py
28420571,1,1,2,examples/projection_simrec2d.py
28420571,4,4,8,examples/projection_simrec2dCuda.py
28420571,3,3,6,examples/projection_simrec3dCuda.py
28420571,1,1,2,examples/tomography_simrec2d.py
28420571,1,1,2,examples/tomography_simrec2dCuda.py
28420571,1,1,2,odl/space/cuda.py
28420571,4,4,8,examples/convolution_test.py
28420571,4,3,7,examples/convolution_test_cuda.py
28420571,21,20,41,odl/discr/discretization.py
28420571,16,17,33,examples/projection_simrec3dCuda.py
28420571,1,1,2,examples/projection_simrec2d.py
28420571,15,16,31,examples/projection_simrec2dCuda.py
28420571,7,7,14,odl/discr/default.py
28420571,26,21,47,odl/discr/discretization.py
28420571,10,11,21,examples/projection_simrec2d.py
28420571,23,22,45,examples/projection_gpumci_scatter.py
28420571,1,1,2,odl/discr/grid.py
28420571,1,1,2,odl/space/domain.py
28420571,4,46,50,odl/space/function.py
28420571,1,1,2,odl/space/product.py
28420571,27,13,40,odl/space/set.py
28420571,250,393,643,odl/space/space.py
28420571,12,13,25,examples/projection_gpumci.py
28420571,24,21,45,examples/cudaTVDenoiseImage.py
28420571,16,14,30,examples/cudaTVDenoise.py
28420571,1,0,1,odl/space/cuda.py
28420571,10,6,16,examples/convolution_test_cuda.py
28420571,19,10,29,odl/space/cuda.py
28420571,22,22,44,odl/space/set.py
28420571,53,0,53,odl/space/set.py
28420571,26,15,41,odl/space/set.py
28420571,4,4,8,examples/convolution_test.py
28420571,68,70,138,examples/convolution_test_cuda.py
28420571,55,59,114,examples/convolution_test.py
28420571,0,51,51,examples/solverExamples.py
28420571,51,0,51,examples/solver_examples.py
28420571,1,39,40,odl/discr/discretization.py
28420571,15,17,32,odl/space/cartesian.py
28420571,13,12,25,odl/space/cuda.py
28420571,11,12,23,odl/space/domain.py
28420571,1,2,3,odl/__init__.py
28420571,5,4,9,odl/discr/default.py
28420571,114,47,161,odl/discr/discretization.py
28420571,2,132,134,odl/discr/grid.py
28420571,14,12,26,odl/discr/operators.py
28420571,0,24,24,odl/geometry/__init__.py
28420571,120,74,194,odl/space/__init__.py
28420571,4,6,10,odl/space/cartesian.py
28420571,88,168,256,odl/space/domain.py
28420571,53,60,113,odl/space/space.py
28420571,6,0,6,odl/space/cuda.py
28420571,15,0,15,test/space/cuda_test.py
28420571,27,18,45,odl/space/cuda.py
28420571,1,1,2,odl/space/space.py
28420571,16,0,16,test/space/cuda_test.py
28420571,17,6,23,odl/space/cuda.py
28420571,2,2,4,odl/space/cartesian.py
28420571,62,6,68,odl/space/cartesian.py
28420571,36,3,39,odl/space/cuda.py
28420571,3,3,6,odl/space/cartesian.py
28420571,1,1,2,odl/space/cuda.py
28420571,3,3,6,odl/space/domain.py
28420571,2,0,2,run_doctests.py
28420571,63,1,64,odl/discr/default.py
28420571,51,3,54,odl/discr/discretization.py
28420571,3,3,6,odl/discr/operators.py
28420571,6,6,12,odl/space/cartesian.py
28420571,2,2,4,odl/space/cuda.py
28420571,2,2,4,odl/utility/utility.py
28420571,12,18,30,odl/space/cartesian.py
28420571,4,1,5,odl/__init__.py
28420571,4,1,5,odl/discr/__init__.py
28420571,2,2,4,odl/discr/default.py
28420571,2,2,4,odl/discr/discretization.py
28420571,4,4,8,odl/discr/grid.py
28420571,59,14,73,odl/discr/operators.py
28420571,4,1,5,odl/operator/__init__.py
28420571,2,2,4,odl/operator/default.py
28420571,3,2,5,odl/operator/operator.py
28420571,3,3,6,odl/operator/solvers.py
28420571,5,0,5,odl/space/__init__.py
28420571,28,28,56,odl/space/cartesian.py
28420571,4,4,8,odl/space/cuda.py
28420571,2,2,4,odl/space/default.py
28420571,3,3,6,odl/space/domain.py
28420571,2,2,4,odl/space/function.py
28420571,4,4,8,odl/space/product.py
28420571,2,2,4,odl/space/sequence.py
28420571,9,4,13,odl/space/set.py
28420571,2,2,4,odl/space/space.py
28420571,5,0,5,odl/utility/__init__.py
28420571,2,2,4,odl/utility/testutils.py
28420571,20,6,26,odl/utility/utility.py
28420571,3,0,3,run_doctests.py
28420571,3,0,3,run_tests.py
28420571,126,97,223,odl/space/cartesian.py
28420571,55,18,73,odl/space/cuda.py
28420571,1,1,2,test/space/cuda_test.py
28420571,1,1,2,odl/discr/default.py
28420571,200,233,433,odl/discr/operators.py
28420571,24,13,37,odl/space/default.py
28420571,3,3,6,odl/space/function.py
28420571,14,15,29,odl/space/space.py
28420571,3,5,8,odl/space/cartesian.py
28420571,30,43,73,odl/space/cartesian.py
28420571,0,15,15,odl/space/cuda.py
28420571,3,3,6,test/space/cuda_test.py
28420571,13,3,16,odl/space/cuda.py
28420571,2,2,4,odl/discr/grid.py
28420571,8,8,16,odl/space/cartesian.py
28420571,66,15,81,odl/space/cuda.py
28420571,4,4,8,odl/utility/utility.py
28420571,11,14,25,odl/space/space.py
28420571,3,2,5,doc/conf.py
28420571,5,1,6,odl/discr/grid.py
28420571,22,126,148,odl/operator/operator.py
28420571,5,4,9,odl/space/product.py
28420571,1,1,2,odl/space/set.py
28420571,6,4,10,odl/space/__init__.py
28420571,2,2,4,odl/space/space.py
28420571,288,0,288,doc/conf.py
28420571,8,8,16,odl/discr/grid.py
28420571,18,14,32,odl/operator/default.py
28420571,36,31,67,odl/operator/operator.py
28420571,7,7,14,odl/space/cuda.py
28420571,4,4,8,odl/space/product.py
28420571,2,2,4,odl/space/space.py
28420571,1,0,1,odl/utility/utility.py
28420571,3,3,6,odl/space/cartesian.py
28420571,49,57,106,odl/space/cartesian.py
28420571,200,343,543,odl/space/cuda.py
28420571,3,7,10,odl/space/cartesian.py
28420571,74,147,221,test/space/cartesian_test.py
28420571,4,4,8,examples/cudaTVDenoiseImage.py
28420571,2,2,4,examples/reals.py
28420571,2,2,4,examples/simple_rn.py
28420571,1,2,3,odl/operator/default.py
28420571,19,7,26,odl/space/cartesian.py
28420571,10,7,17,odl/space/cuda.py
28420571,9,10,19,odl/space/space.py
28420571,24,4,28,test/space/cuda_test.py
28420571,2,6,8,odl/space/cartesian.py
28420571,31,23,54,odl/space/cuda.py
28420571,8,0,8,odl/utility/utility.py
28420571,32,4,36,odl/space/cuda.py
28420571,2,2,4,test/space/cuda_test.py
28420571,374,324,698,odl/space/cartesian.py
28420571,2,2,4,examples/reals.py
28420571,2,2,4,examples/simple_rn.py
28420571,1,1,2,odl/discr/discretization.py
28420571,1,1,2,odl/discr/grid.py
28420571,1,7,8,odl/space/function.py
28420571,0,8,8,odl/space/sequence.py
28420571,7,20,27,odl/space/set.py
28420571,21,12,33,odl/space/cartesian.py
28420571,1,1,2,examples/projection_gpumci.py
28420571,1,1,2,examples/projection_gpumci_scatter.py
28420571,1,1,2,odl/space/__init__.py
28420571,10,10,20,odl/space/cartesian.py
28420571,41,41,82,odl/space/cuda.py
28420571,1,1,2,test/space/function_test.py
28420571,9,5,14,odl/discr/default.py
28420571,79,111,190,odl/discr/operators.py
28420571,62,26,88,odl/space/default.py
28420571,2,1,3,examples/cudaTVDenoise.py
28420571,3,1,4,examples/cudaTVDenoiseImage.py
28420571,1,1,2,examples/projection_gpumci.py
28420571,1,1,2,examples/projection_gpumci_scatter.py
28420571,2,2,4,examples/tomography_simrec2d.py
28420571,3,3,6,examples/tomography_simrec2dCuda.py
28420571,4,1,5,odl/space/space.py
28420571,2,4,6,odl/discr/discretization.py
28420571,0,1,1,odl/operator/operator.py
28420571,51,31,82,odl/space/cartesian.py
28420571,3,45,48,odl/space/cuda.py
28420571,16,17,33,odl/space/product.py
28420571,0,1,1,odl/space/set.py
28420571,2,2,4,odl/space/space.py
28420571,2,2,4,odl/space/product.py
28420571,12,2,14,odl/space/space.py
28420571,2,2,4,test/operator/solvers_test.py
28420571,14,14,28,test/space/product_test.py
28420571,1,1,2,examples/convolution_test.py
28420571,2,2,4,examples/projection_simrec2d.py
28420571,5,5,10,examples/simple_rn.py
28420571,2,2,4,examples/tomography_simrec2d.py
28420571,5,5,10,odl/operator/default.py
28420571,2,1,3,odl/operator/operator.py
28420571,311,1082,1393,odl/space/cartesian.py
28420571,11,11,22,odl/space/product.py
28420571,3,3,6,odl/space/sequence.py
28420571,1,0,1,odl/space/set.py
28420571,7,7,14,test/operator/operator_test.py
28420571,3,3,6,test/operator/solvers_test.py
28420571,4,4,8,test/space/cartesian_test.py
28420571,2,2,4,test/space/function_test.py
28420571,2,2,4,test/space/product_test.py
28420571,1,1,2,odl/operator/operator.py
28420571,5,5,10,odl/space/cartesian.py
28420571,5,5,10,odl/space/function.py
28420571,103,303,406,odl/space/product.py
28420571,1,2,3,odl/space/space.py
28420571,107,12,119,odl/discr/grid.py
28420571,89,0,89,odl/discr/grid.py
28420571,1,1,2,odl/space/domain.py
28420571,3,0,3,odl/discr/default.py
28420571,1,0,1,odl/discr/operators.py
28420571,1,2,3,odl/space/cartesian.py
28420571,19,12,31,odl/discr/default.py
28420571,8,9,17,odl/discr/discretization.py
28420571,1,0,1,odl/space/cartesian.py
28420571,26,38,64,odl/discr/default.py
28420571,2,2,4,odl/discr/discretization.py
28420571,185,186,371,test/operator/difference_test_cuda.py
28420571,0,1,1,test/space/default_test.py
28420571,293,541,834,odl/space/space.py
28420571,33,2,35,odl/space/function.py
28420571,4,1,5,odl/space/product.py
28420571,17,38,55,odl/discr/operators.py
28420571,19,0,19,odl/space/domain.py
28420571,41,0,41,odl/discr/grid.py
28420571,111,31,142,odl/discr/operators.py
28420571,1,1,2,run_doctests.py
28420571,1,1,2,odl/space/cartesian.py
28420571,105,31,136,odl/discr/operators.py
28420571,210,280,490,odl/space/function.py
28420571,55,0,55,odl/space/set.py
28420571,8,43,51,odl/space/function.py
28420571,44,36,80,odl/space/cartesian.py
28420571,6,6,12,odl/operator/operator.py
28420571,13,13,26,odl/discr/discretization.py
28420571,229,10,239,odl/space/function.py
28420571,325,51,376,odl/discr/operators.py
28420571,170,7,177,odl/space/cartesian.py
28420571,6,1,7,odl/space/cartesian.py
28420571,0,8,8,odl/space/cuda.py
28420571,1,1,2,odl/space/space.py
28420571,1,8,9,test/space/cuda_test.py
28420571,4,2,6,odl/space/cartesian.py
28420571,8,3,11,odl/discr/default.py
28420571,7,2,9,odl/discr/default.py
28420571,71,11,82,odl/discr/operators.py
28420571,51,19,70,odl/discr/discretization.py
28420571,160,144,304,odl/discr/discretization.py
28420571,1,1,2,odl/operator/default.py
28420571,7,7,14,odl/operator/solvers.py
28420571,0,162,162,odl/space/cartesian.py
28420571,1,3,4,odl/space/product.py
28420571,1,62,63,odl/space/space.py
28420571,0,10,10,test/space/cartesian_test.py
28420571,26,26,52,test/space/function_test.py
28420571,21,12,33,test/space/product_test.py
28420571,27,26,53,test/discr/grid_test.py
28420571,2,2,4,odl/utility/testutils.py
28420571,2,2,4,test/operator/difference_test_cuda.py
28420571,2,2,4,test/space/cuda_test.py
28420571,715,431,1146,odl/space/cartesian.py
28420571,156,156,312,test/space/cartesian_test.py
28420571,1,1,2,odl/space/space.py
28420571,312,297,609,odl/space/cartesian.py
28420571,1,1,2,examples/convolution_test.py
28420571,2,2,4,examples/projection_simrec2d.py
28420571,5,5,10,examples/simple_rn.py
28420571,2,2,4,examples/tomography_simrec2d.py
28420571,5,5,10,odl/operator/default.py
28420571,2,2,4,odl/space/__init__.py
28420571,15,15,30,odl/space/product.py
28420571,3,3,6,odl/space/sequence.py
28420571,12,1,13,odl/space/space.py
28420571,7,7,14,test/operator/operator_test.py
28420571,5,5,10,test/operator/solvers_test.py
28420571,5,5,10,test/space/cartesian_test.py
28420571,3,3,6,test/space/function_test.py
28420571,2,2,4,test/space/product_test.py
28420571,565,611,1176,odl/space/cartesian.py
28420571,13,14,27,odl/space/space.py
28420571,365,139,504,odl/discr/discretization.py
28420571,1,2,3,odl/space/default.py
28420571,2,2,4,odl/space/cartesian.py
28420571,181,216,397,odl/space/cartesian.py
28420571,2,2,4,test/operator/difference_test_cuda.py
28420571,480,30,510,odl/space/cartesian.py
28420571,35,39,74,odl/space/space.py
28420571,204,74,278,odl/discr/discretization.py
28420571,1,1,2,odl/discr/operators.py
28420571,2,3,5,odl/space/function.py
28420571,2,2,4,examples/convolution_test_cuda.py
28420571,7,7,14,examples/cudaTVDenoise.py
28420571,3,3,6,examples/cudaTVDenoiseImage.py
28420571,2,2,4,odl/space/cuda.py
28420571,25,27,52,test/operator/difference_test_cuda.py
28420571,13,13,26,odl/space/cartesian.py
28420571,6,7,13,odl/space/space.py
28420571,1,1,2,examples/convolution_test_cuda.py
28420571,6,6,12,examples/cudaTVDenoise.py
28420571,6,4,10,examples/cudaTVDenoiseImage.py
28420571,21,16,37,odl/space/cuda.py
28420571,18,16,34,odl/space/cartesian.py
28420571,1,1,2,odl/space/cuda.py
28420571,3,3,6,odl/space/domain.py
28420571,2,1,3,odl/discr/discretization.py
28420571,1,1,2,odl/discr/grid.py
28420571,1,1,2,odl/discr/operators.py
28420571,76,0,76,odl/space/default.py
28420571,661,0,661,odl/space/domain.py
28420571,0,46,46,odl/space/function.py
28420571,265,685,950,odl/space/set.py
28420571,1,1,2,test/discr/grid_test.py
28420571,164,94,258,odl/space/set.py
28420571,33,35,68,odl/space/cartesian.py
28420571,11,20,31,odl/discr/grid.py
28420571,1,3,4,odl/operator/operator.py
28420571,15,16,31,odl/space/space.py
28420571,194,155,349,odl/space/function.py
28420571,39,3,42,odl/discr/default.py
28420571,25,9,34,odl/discr/discretization.py
28420571,92,27,119,odl/discr/operators.py
28420571,16,4,20,odl/space/cartesian.py
28420571,1,1,2,odl/space/cartesian.py
28420571,8,0,8,odl/space/cartesian.py
28420571,6,3,9,odl/discr/operators.py
28420571,32,0,32,odl/discr/default.py
28420571,229,0,229,odl/discr/operators.py
28420571,46,0,46,odl/discr/discretization.py
28420571,185,2,187,odl/space/function.py
28420571,50,6,56,odl/discr/discretization.py
28420571,570,274,844,odl/space/cartesian.py
28420571,1,1,2,odl/space/product.py
28420571,1,1,2,odl/operator/default.py
28420571,21,43,64,odl/operator/operator.py
28420571,163,40,203,odl/space/cartesian.py
28420571,3,5,8,odl/space/set.py
28420571,623,139,762,odl/space/space.py
28420571,75,17,92,odl/space/cartesian.py
28420571,31,34,65,odl/operator/solvers.py
28420571,3,3,6,test/operator/solvers_test.py
28420571,18,9,27,odl/operator/operator.py
28420571,729,300,1029,odl/operator/operator.py
28420571,1,1,2,test/operator/operator_test.py
28420571,118,101,219,odl/discr/grid.py
28420571,17,15,32,odl/operator/default.py
28420571,5,2,7,odl/operator/operator.py
28420571,223,175,398,odl/operator/operator.py
28420571,197,148,345,odl/operator/operator.py
28420571,77,50,127,odl/discr/grid.py
28420571,134,198,332,odl/operator/default.py
28420571,128,2,130,odl/operator/operator.py
28420571,2,2,4,odl/__init__.py
28420571,1,2,3,odl/discr/__init__.py
28420571,60,42,102,odl/operator/__init__.py
28420571,5,6,11,odl/operator/operator.py
28420571,73,49,122,odl/space/__init__.py
28420571,2,4,6,odl/utility/__init__.py
28420571,9,7,16,odl/discr/discretization.py
28420571,4,0,4,odl/discr/grid.py
28420571,51,51,102,odl/operator/default.py
28420571,9,1,10,odl/operator/operator.py
28420571,1,1,2,odl/operator/solvers.py
28420571,1,1,2,odl/space/cartesian.py
28420571,14,10,24,odl/space/function.py
28420571,1,2,3,odl/space/product.py
28420571,6,2,8,odl/space/set.py
28420571,1,0,1,odl/space/space.py
28420571,12,7,19,odl/utility/testutils.py
28420571,0,192,192,odl/utility/utility.py
28420571,1,0,1,run_doctests.py
28420571,5,5,10,odl/operator/__init__.py
28420571,2,2,4,odl/operator/solvers.py
28420571,1,1,2,test/operator/difference_test_cuda.py
28420571,13,13,26,test/operator/operator_test.py
28420571,5,5,10,odl/operator/__init__.py
28420571,2,2,4,odl/operator/solvers.py
28420571,13,13,26,test/operator/operator_test.py
28420571,1,1,2,examples/convolution_test.py
28420571,3,3,6,examples/convolution_test_cuda.py
28420571,8,8,16,examples/cudaTVDenoise.py
28420571,6,6,12,examples/cudaTVDenoiseImage.py
28420571,1,1,2,examples/projection_gpumci.py
28420571,1,1,2,examples/projection_gpumci_scatter.py
28420571,1,1,2,examples/projection_simrec2d.py
28420571,1,1,2,examples/projection_simrec2dCuda.py
28420571,1,1,2,examples/projection_simrec3dCuda.py
28420571,0,130,130,examples/simple_test_astra.py
28420571,1,1,2,examples/tomography_simrec2d.py
28420571,1,1,2,examples/tomography_simrec2dCuda.py
28420571,2,2,4,odl/operator/__init__.py
28420571,45,51,96,odl/operator/operator.py
28420571,1,1,2,odl/operator/solvers.py
28420571,1,7,8,odl/space/__init__.py
28420571,1,1,2,odl/space/cartesian.py
28420571,16,16,32,odl/space/cuda.py
28420571,2,2,4,setup.py
28420571,10,9,19,test/operator/difference_test_cuda.py
28420571,0,233,233,test/operator/linear_operator_test.py
28420571,212,11,223,test/operator/operator_test.py
28420571,31,0,31,odl/discr/__init__.py
28420571,0,0,0,odl/{space => discr}/discretization.py
28420571,1,0,1,odl/{space => discr}/grid.py
28420571,19,0,19,test/discr/__init__.py
28420571,1,1,2,test/{space => discr}/grid_test.py
28420571,31,0,31,odl/discr/__init__.py
28420571,0,0,0,odl/{space => discr}/discretization.py
28420571,1,0,1,odl/{space => discr}/grid.py
28420571,1,1,2,setup.py
28420571,4,4,8,examples/__init__.py
28420571,11,11,22,examples/convolution_test.py
28420571,11,11,22,examples/convolution_test_cuda.py
28420571,10,10,20,examples/cudaTVDenoise.py
28420571,12,12,24,examples/cudaTVDenoiseImage.py
28420571,9,9,18,examples/cudarnSpeed_test.py
28420571,11,11,22,examples/projection_gpumci.py
28420571,11,11,22,examples/projection_gpumci_scatter.py
28420571,9,9,18,examples/projection_simrec2d.py
28420571,9,9,18,examples/projection_simrec2dCuda.py
28420571,11,11,22,examples/projection_simrec3dCuda.py
28420571,1,1,2,examples/reals.py
28420571,2,2,4,examples/simple_operator.py
28420571,7,7,14,examples/simple_rn.py
28420571,8,8,16,examples/simple_test_astra.py
28420571,4,4,8,examples/solverExamples.py
28420571,11,11,22,examples/tomography_simrec2d.py
28420571,11,11,22,examples/tomography_simrec2dCuda.py
28420571,11,12,23,{RL => odl}/__init__.py
28420571,6,6,12,{RL => odl}/geometry/__init__.py
28420571,7,7,14,{RL => odl}/operator/__init__.py
28420571,16,16,32,{RL => odl}/operator/default_operators.py
28420571,27,27,54,{RL => odl}/operator/operator.py
28420571,8,8,16,{RL => odl}/operator/solvers.py
28420571,5,5,10,{RL => odl}/space/__init__.py
28420571,10,10,20,{RL => odl}/space/cartesian.py
28420571,11,11,22,{RL => odl}/space/cuda.py
28420571,10,10,20,{RL => odl}/space/discretization.py
28420571,10,10,20,{RL => odl}/space/function.py
28420571,9,9,18,{RL => odl}/space/grid.py
28420571,15,15,30,{RL => odl}/space/product.py
28420571,9,9,18,{RL => odl}/space/sequence.py
28420571,9,9,18,{RL => odl}/space/set.py
28420571,16,16,32,{RL => odl}/space/space.py
28420571,6,6,12,{RL => odl}/utility/__init__.py
28420571,7,7,14,{RL => odl}/utility/testutils.py
28420571,6,6,12,{RL => odl}/utility/utility.py
28420571,7,7,14,run_doctests.py
28420571,6,6,12,run_tests.py
28420571,11,11,22,setup.py
28420571,5,5,10,test/__init__.py
28420571,5,5,10,test/operator/__init__.py
28420571,12,12,24,test/operator/defaultSolvers_test.py
28420571,18,18,36,test/operator/difference_test_cuda.py
28420571,10,10,20,test/operator/linear_operator_test.py
28420571,10,10,20,test/operator/operator_test.py
28420571,5,5,10,test/space/__init__.py
28420571,18,18,36,test/space/cudarn_test.py
28420571,13,13,26,test/space/functionSpaces_test.py
28420571,15,15,30,test/space/grid_test.py
28420571,13,13,26,test/space/productspace_test.py
28420571,17,17,34,test/space/rn_test.py
28420571,11,11,22,test/space/set_test.py
28420571,45,49,94,RL/space/grid.py
28420571,8,0,8,RL/utility/testutils.py
28420571,0,2,2,run_doctests.py
28420571,93,69,162,test/space/grid_test.py
28420571,1,1,2,test/space/rn_test.py
28420571,1,1,2,test/space/set_test.py
28420571,69,21,90,RL/space/grid.py
28420571,44,2,46,test/space/grid_test.py
28420571,136,14,150,RL/space/grid.py
28420571,2,0,2,run_tests.py
28420571,315,8,323,test/space/grid_test.py
28420571,1,0,1,run_doctests.py
28420571,5,0,5,run_doctests.py
28420571,11,11,22,RL/operator/default_operators.py
28420571,14,14,28,RL/operator/operator.py
28420571,34,35,69,RL/space/cartesian.py
28420571,22,23,45,RL/space/cuda.py
28420571,1,1,2,RL/space/grid.py
28420571,30,30,60,RL/space/set.py
28420571,3,3,6,RL/utility/utility.py
28420571,1,0,1,run_doctests.py
28420571,58,7,65,RL/space/grid.py
28420571,14,14,28,RL/operator/operator.py
28420571,3,3,6,RL/space/cuda.py
28420571,2,2,4,RL/space/discretization.py
28420571,4,4,8,examples/projection_gpumci.py
28420571,4,4,8,examples/projection_gpumci_scatter.py
28420571,4,4,8,examples/projection_simrec3dCuda.py
28420571,1,1,2,examples/simple_rn.py
28420571,2,3,5,RL/space/__init__.py
28420571,1,1,2,RL/space/discretization.py
28420571,2,3,5,examples/projection_gpumci_scatter.py
28420571,7,2,9,RL/space/grid.py
28420571,4,4,8,RL/space/grid.py
28420571,11,11,22,RL/operator/default_operators.py
28420571,21,21,42,RL/operator/operator.py
28420571,40,41,81,RL/space/cartesian.py
28420571,35,31,66,RL/space/cuda.py
28420571,51,55,106,RL/space/set.py
28420571,1,1,2,RL/utility/testutils.py
28420571,14,32,46,RL/utility/utility.py
28420571,2,2,4,examples/projection_gpumci.py
28420571,3,3,6,examples/projection_gpumci_scatter.py
28420571,2,2,4,examples/projection_simrec3dCuda.py
28420571,1,1,2,examples/simple_rn.py
28420571,3,3,6,RL/space/grid.py
28420571,151,14,165,RL/space/grid.py
28420571,95,16,111,RL/space/grid.py
28420571,94,0,94,test/space/grid_test.py
28420571,282,0,282,RL/space/grid.py
28420571,345,0,345,test/space/grid_test.py
28420571,1,1,2,RL/space/product.py
28420571,3,3,6,RL/space/discretizations.py
28420571,14,15,29,RL/space/product.py
28420571,123,103,226,RL/space/cartesian.py
28420571,80,86,166,RL/space/cuda.py
28420571,109,98,207,RL/space/product.py
28420571,54,57,111,RL/space/space.py
28420571,1,0,1,run_doctests.py
28420571,1,5,6,run_tests.py
28420571,2,1,3,setup.py
28420571,1,1,2,test/operator/linear_operator_test.py
28420571,1,1,2,RL/space/discretizations.py
28420571,7,6,13,examples/projection_gpumci.py
28420571,142,0,142,examples/projection_gpumci_scatter.py
28420571,7,7,14,examples/projection_simrec3dCuda.py
28420571,6,2,8,examples/tomography_simrec2d.py
28420571,3,14,17,RL/space/cartesian.py
28420571,7,5,12,RL/space/cuda.py
28420571,72,23,95,RL/space/cartesian.py
28420571,168,10,178,test/space/rn_test.py
28420571,10,10,20,RL/operator/default_operators.py
28420571,7,7,14,RL/operator/operator.py
28420571,5,5,10,RL/space/__init__.py
28420571,3,3,6,RL/space/cuda.py
28420571,17,18,35,RL/space/product.py
28420571,3,3,6,RL/space/sequence.py
28420571,1,1,2,RL/space/space.py
28420571,1,1,2,RL/utility/testutils.py
28420571,4,4,8,examples/convolution_test.py
28420571,3,2,5,examples/convolution_test_cuda.py
28420571,4,3,7,examples/cudaTVDenoise.py
28420571,8,7,15,examples/cudaTVDenoiseImage.py
28420571,1,1,2,examples/cudarnSpeed_test.py
28420571,44,31,75,examples/projection_gpumci.py
28420571,4,4,8,examples/projection_simrec2d.py
28420571,1,1,2,examples/projection_simrec2dCuda.py
28420571,53,38,91,examples/projection_simrec3dCuda.py
28420571,1,1,2,examples/simple_operator.py
28420571,5,5,10,examples/simple_rn.py
28420571,3,3,6,examples/tomography_simrec2d.py
28420571,1,1,2,examples/tomography_simrec2dCuda.py
28420571,6,6,12,test/operator/defaultSolvers_test.py
28420571,1,1,2,test/operator/difference_test_cuda.py
28420571,5,5,10,test/operator/linear_operator_test.py
28420571,3,3,6,test/operator/operator_test.py
28420571,1,1,2,test/space/cudarn_test.py
28420571,4,4,8,test/space/functionSpaces_test.py
28420571,3,3,6,test/space/productspace_test.py
28420571,3,3,6,RL/operator/default_operators.py
28420571,2,10,12,RL/space/set.py
28420571,17,9,26,RL/operator/operator.py
28420571,45,67,112,RL/space/cuda.py
28420571,13,10,23,RL/space/euclidean.py
28420571,2,2,4,RL/space/function.py
28420571,3,6,9,RL/space/set.py
28420571,9,4,13,RL/space/space.py
28420571,34,15,49,RL/space/cuda.py
28420571,28,17,45,RL/space/cuda.py
28420571,2,2,4,RL/space/cuda.py
28420571,26,0,26,run_doctests.py
28420571,33,33,66,RL/space/cuda.py
28420571,136,0,136,examples/projection_gpumci.py
28420571,1,45,46,RL/space/cuda.py
28420571,2,2,4,RL/space/discretizations.py
28420571,13,22,35,RL/space/cuda.py
28420571,5,12,17,RL/space/cuda.py
28420571,20,9,29,RL/space/cuda.py
28420571,5,2,7,RL/space/discretizations.py
28420571,6,8,14,examples/projection_simrec3dCuda.py
28420571,15,10,25,examples/tomography_simrec2dCuda.py
28420571,33,2,35,test/space/cudarn_test.py
28420571,17,10,27,test/space/cudarn_test.py
28420571,233,105,338,RL/space/cuda.py
28420571,3,2,5,test/space/cudarn_test.py
28420571,6,14,20,RL/space/cuda.py
28420571,14,1,15,examples/projection_simrec3dCuda.py
28420571,21,3,24,examples/simpleRN.py
28420571,8,0,8,test/space/cudarn_test.py
28420571,2,1,3,RL/space/discretizations.py
28420571,26,29,55,examples/projection_simrec3dCuda.py
28420571,56,51,107,RL/space/euclidean.py
28420571,1,1,2,RL/space/cuda.py
28420571,3,3,6,examples/cudaTVDenoiseImage.py
28420571,8,5,13,examples/projection_simrec3dCuda.py
28420571,3,3,6,examples/tomography_simrec2dCuda.py
28420571,12,9,21,examples/projection_simrec3dCuda.py
28420571,13,0,13,RL/space/set.py
28420571,4,5,9,examples/projection_simrec2dCuda.py
28420571,131,0,131,examples/projection_simrec3dCuda.py
28420571,2,2,4,examples/tomography_simrec2d.py
28420571,2,2,4,examples/tomography_simrec2dCuda.py
28420571,1,1,2,RL/operator/operator.py
28420571,1,0,1,RL/space/discretizations.py
28420571,115,120,235,RL/space/euclidean.py
28420571,0,1,1,test/space/functionSpaces_test.py
28420571,3,3,6,examples/cudaTVDenoiseImage.py
28420571,2,3,5,examples/projection_simrec2d.py
28420571,2,3,5,examples/projection_simrec2dCuda.py
28420571,6,4,10,RL/space/discretizations.py
28420571,4,4,8,test/operator/difference_test_cuda.py
28420571,1,1,2,test/space/functionSpaces_test.py
28420571,1,1,2,test/space/productspace_test.py
28420571,1,1,2,RL/space/cuda.py
28420571,50,104,154,RL/space/discretizations.py
28420571,1,1,2,RL/space/function.py
28420571,3,3,6,RL/space/set.py
28420571,2,2,4,RL/space/space.py
28420571,1,1,2,examples/convolution_test.py
28420571,1,1,2,examples/convolution_test_cuda.py
28420571,3,3,6,examples/cudaTVDenoise.py
28420571,3,3,6,test/operator/difference_test_cuda.py
28420571,3,3,6,test/space/functionSpaces_test.py
28420571,1,1,2,test/space/productspace_test.py
28420571,30,25,55,RL/operator/default_operators.py
28420571,9,9,18,RL/operator/operator.py
28420571,7,7,14,RL/space/__init__.py
28420571,54,57,111,RL/space/cuda.py
28420571,10,9,19,RL/space/discretizations.py
28420571,25,5,30,RL/space/euclidean.py
28420571,26,26,52,RL/space/product.py
28420571,4,4,8,RL/space/sequence.py
28420571,4,4,8,RL/space/space.py
28420571,3,3,6,examples/convolution_test.py
28420571,3,3,6,examples/convolution_test_cuda.py
28420571,5,5,10,examples/cudaTVDenoise.py
28420571,4,4,8,examples/cudaTVDenoiseImage.py
28420571,2,2,4,examples/cudarnSpeed_test.py
28420571,4,4,8,examples/projection_simrec2d.py
28420571,4,4,8,examples/projection_simrec2dCuda.py
28420571,1,1,2,examples/reals.py
28420571,0,136,136,examples/simpleRN.py
28420571,5,5,10,examples/simple_operator.py
28420571,4,4,8,examples/tomography_simrec2d.py
28420571,4,4,8,examples/tomography_simrec2dCuda.py
28420571,5,5,10,test/operator/defaultSolvers_test.py
28420571,10,10,20,test/operator/difference_test_cuda.py
28420571,6,6,12,test/operator/linear_operator_test.py
28420571,4,4,8,test/operator/operator_test.py
28420571,37,32,69,test/space/cudarn_test.py
28420571,3,3,6,test/space/functionSpaces_test.py
28420571,7,7,14,test/space/productspace_test.py
28420571,33,5,38,test/space/rn_test.py
28420571,326,227,553,RL/space/euclidean.py
28420571,99,1,100,RL/space/euclidean.py
28420571,2,3,5,RL/space/space.py
28420571,7,6,13,RL/space/set.py
28420571,2,0,2,RL/operator/default_operators.py
28420571,68,0,68,RL/operator/operator.py
28420571,6,4,10,RL/space/discretizations.py
28420571,6,4,10,RL/space/function.py
28420571,2,0,2,RL/space/product.py
28420571,1,0,1,RL/utility/testutils.py
28420571,16,17,33,RL/utility/utility.py
28420571,33,17,50,RL/space/product.py
28420571,1,1,2,RL/geometry/__init__.py
28420571,1,2,3,RL/operator/__init__.py
28420571,45,4,49,RL/operator/default_operators.py
28420571,2,2,4,RL/operator/operator.py
28420571,1,1,2,RL/operator/solvers.py
28420571,3,3,6,RL/space/cuda.py
28420571,8,8,16,RL/space/discretizations.py
28420571,2,2,4,RL/space/euclidean.py
28420571,2,3,5,RL/space/function.py
28420571,1,1,2,RL/space/product.py
28420571,7,7,14,RL/utility/testutils.py
28420571,2,2,4,examples/cudaTVDenoise.py
28420571,6,6,12,examples/cudaTVDenoiseImage.py
28420571,6,3,9,run_tests.py
28420571,2,1,3,RL/operator/operator.py
28420571,9,9,18,RL/space/cuda.py
28420571,6,6,12,RL/space/discretizations.py
28420571,17,17,34,RL/space/euclidean.py
28420571,3,3,6,RL/space/sequence.py
28420571,2,2,4,test/space/cudarn_test.py
28420571,3,3,6,test/space/rn_test.py
28420571,7,6,13,RL/operator/operator.py
28420571,2,2,4,test/operator/operator_test.py
28420571,86,3,89,RL/operator/default_operators.py
28420571,2,1,3,RL/operator/operator.py
28420571,6,6,12,RL/operator/solvers.py
28420571,3,1,4,RL/space/function.py
28420571,37,0,37,RL/space/set.py
28420571,1,1,2,RL/utility/testutils.py
28420571,122,2,124,RL/operator/default_operators.py
28420571,39,33,72,RL/operator/operator.py
28420571,24,0,24,RL/space/set.py
28420571,1,1,2,RL/geometry/__init__.py
28420571,11,3,14,RL/operator/operator.py
28420571,1,1,2,RL/space/euclidean.py
28420571,5,5,10,RL/space/function.py
28420571,5,0,5,setup.py
28420571,2,2,4,RL/operator/default_operators.py
28420571,1,1,2,RL/space/sequence.py
28420571,24,24,48,RL/space/product.py
28420571,20,16,36,RL/space/product.py
28420571,123,126,249,RL/space/product.py
28420571,12,12,24,test/space/productspace_test.py
28420571,10,6,16,RL/space/set.py
28420571,40,6,46,test/space/set_test.py
28420571,1,0,1,RL/operator/operator.py
28420571,3,7,10,RL/operator/default_operators.py
28420571,3,6,9,RL/operator/operator.py
28420571,3,7,10,RL/operator/solvers.py
28420571,1,4,5,RL/space/cuda.py
28420571,1,4,5,RL/space/discretizations.py
28420571,1,4,5,RL/space/euclidean.py
28420571,1,4,5,RL/space/function.py
28420571,1,4,5,RL/space/product.py
28420571,1,4,5,RL/space/sequence.py
28420571,2,6,8,RL/space/set.py
28420571,1,4,5,RL/space/space.py
28420571,3,6,9,RL/utility/testutils.py
28420571,3,6,9,RL/utility/utility.py
28420571,2,2,4,examples/reals.py
28420571,3,6,9,examples/simpleRN.py
28420571,2,2,4,examples/simple_test_astra.py
28420571,2,6,8,test/operator/operator_test.py
28420571,1,4,5,test/space/functionSpaces_test.py
28420571,60,53,113,RL/space/set.py
28420571,5,3,8,RL/utility/testutils.py
28420571,38,38,76,test/space/set_test.py
28420571,8,0,8,RL/__init__.py
28420571,5,0,5,RL/geometry/__init__.py
28420571,23,23,46,RL/operator/__init__.py
28420571,78,1,79,RL/operator/default_operators.py
28420571,27,15,42,RL/operator/operator.py
28420571,2,1,3,RL/operator/solvers.py
28420571,1,1,2,RL/space/__init__.py
28420571,4,2,6,RL/space/cuda.py
28420571,2,1,3,RL/space/discretizations.py
28420571,17,9,26,RL/space/function.py
28420571,2,0,2,RL/space/sequence.py
28420571,6,4,10,RL/space/set.py
28420571,3,0,3,RL/utility/__init__.py
28420571,22,15,37,RL/operator/operator.py
28420571,1,3,4,RL/operator/operator.py
28420571,0,2,2,RL/operator/solvers.py
28420571,3,9,12,RL/operator/operator.py
28420571,8,0,8,RL/operator/solvers.py
28420571,3,0,3,RL/space/discretizations.py
28420571,2,0,2,RL/space/function.py
28420571,4,0,4,RL/space/product.py
28420571,42,1,43,RL/space/set.py
28420571,15,0,15,RL/utility/testutils.py
28420571,0,9,9,RL/utility/utility.py
28420571,27,0,27,RL/operator/default_operators.py
28420571,6,0,6,RL/operator/operator.py
28420571,3,0,3,RL/operator/solvers.py
28420571,1,1,2,RL/space/cuda.py
28420571,4,0,4,RL/space/discretizations.py
28420571,87,5,92,RL/space/euclidean.py
28420571,15,3,18,RL/space/function.py
28420571,4,0,4,RL/space/product.py
28420571,5,6,11,RL/space/sequence.py
28420571,3,0,3,RL/space/set.py
28420571,4,0,4,RL/space/space.py
28420571,3,0,3,RL/utility/testutils.py
28420571,3,0,3,RL/utility/utility.py
28420571,3,0,3,run_tests.py
28420571,0,52,52,RL/geometry/linebundle.py
28420571,46,0,46,RL/operator/__init__.py
28420571,1,1,2,RL/operator/default_operators.py
28420571,2,2,4,RL/operator/operator.py
28420571,61,0,61,RL/space/__init__.py
28420571,0,7,7,RL/space/cuda.py
28420571,4,5,9,RL/space/euclidean.py
28420571,2,3,5,RL/space/product.py
28420571,2,1,3,RL/space/sequence.py
28420571,2,3,5,RL/space/set.py
28420571,7,6,13,RL/operator/operator.py
28420571,3,0,3,RL/operator/solvers.py
28420571,1,1,2,test/operator/defaultSolvers_test.py
28420571,4,4,8,RL/geometry/linebundle.py
28420571,5,0,5,RL/operator/default_operators.py
28420571,45,23,68,RL/operator/operator.py
28420571,2,2,4,RL/operator/solvers.py
28420571,2,4,6,RL/space/cuda.py
28420571,6,3,9,RL/space/discretizations.py
28420571,3,3,6,RL/space/euclidean.py
28420571,3,1,4,RL/space/function.py
28420571,9,9,18,RL/space/product.py
28420571,18,3,21,RL/space/set.py
28420571,12,11,23,RL/space/space.py
28420571,0,587,587,RL/utility/fourier.py
28420571,4,13,17,RL/utility/testutils.py
28420571,3,2,5,RL/utility/utility.py
28420571,4,4,8,examples/convolution_test.py
28420571,4,4,8,examples/convolution_test_cuda.py
28420571,1,1,2,examples/cudaTVDenoise.py
28420571,1,1,2,examples/cudaTVDenoiseImage.py
28420571,2,2,4,examples/projection_simrec2d.py
28420571,2,2,4,examples/projection_simrec2dCuda.py
28420571,2,2,4,examples/tomography_simrec2d.py
28420571,2,2,4,examples/tomography_simrec2dCuda.py
28420571,3,3,6,test/operator/difference_test_cuda.py
28420571,2,2,4,test/space/functionSpaces_test.py
28420571,21,10,31,RL/operator/operator.py
28420571,0,113,113,RL/operator/function.py
28420571,19,33,52,RL/space/cuda.py
28420571,4,4,8,RL/space/function.py
28420571,14,15,29,examples/cudaTVDenoiseImage.py
28420571,0,179,179,RL/operator/functional.py
28420571,3,1,4,RL/operator/operator.py
28420571,8,7,15,RL/space/function.py
28420571,3,3,6,examples/convolution_test.py
28420571,1,1,2,examples/convolution_test_cuda.py
28420571,0,1,1,examples/simple_operator.py
28420571,119,25,144,RL/operator/operator.py
28420571,10,9,19,RL/utility/testutils.py
28420571,18,10,28,RL/utility/testutils.py
28420571,2,2,4,test/operator/difference_test_cuda.py
28420571,2,2,4,test/space/cudarn_test.py
28420571,10,0,10,RL/utility/testutils.py
28420571,5,1,6,run_tests.py
28420571,9,5,14,test/operator/difference_test_cuda.py
28420571,6,5,11,test/space/cudarn_test.py
28420571,0,0,0,test/run_tests.py => run_tests.py
28420571,3,3,6,RL/utility/testutils.py
28420571,4,16,20,test/operator/operator_test.py
28420571,0,1,1,test/runAutomatedTests.py
28420571,19,0,19,test/operator/__init__.py
28420571,0,0,0,test/{ => operator}/defaultSolvers_test.py
28420571,0,0,0,test/{ => operator}/difference_test_cuda.py
28420571,0,0,0,test/{ => operator}/linear_operator_test.py
28420571,0,0,0,test/{ => operator}/operator_test.py
28420571,2,26,28,test/runAutomatedTests.py
28420571,19,0,19,test/space/__init__.py
28420571,0,0,0,test/{ => space}/cudarn_test.py
28420571,0,0,0,test/{ => space}/functionSpaces_test.py
28420571,0,0,0,test/{ => space}/productspace_test.py
28420571,0,0,0,test/{ => space}/rn_test.py
28420571,0,0,0,test/{ => space}/set_test.py
28420571,0,31,31,RL/operator/operator.py
28420571,2,3,5,RL/space/cuda.py
28420571,1,4,5,examples/cudaTVDenoiseImage.py
28420571,1,5,6,examples/simpleRN.py
28420571,21,12,33,examples/tomography_simrec2d.py
28420571,15,13,28,examples/tomography_simrec2dCuda.py
28420571,4,4,8,RL/operator/operator.py
28420571,19,7,26,RL/space/function.py
28420571,1,2,3,RL/space/product.py
28420571,7,7,14,examples/convolution_test.py
28420571,5,4,9,examples/convolution_test_cuda.py
28420571,20,9,29,examples/cudaTVDenoise.py
28420571,32,16,48,examples/cudaTVDenoiseImage.py
28420571,2,17,19,examples/projection_simrec2d.py
28420571,18,12,30,examples/projection_simrec2dCuda.py
28420571,16,16,32,examples/simpleRN.py
28420571,1,1,2,test/difference_test_cuda.py
28420571,1,1,2,RL/space/product.py
28420571,6,5,11,RL/space/cuda.py
28420571,8,9,17,RL/space/discretizations.py
28420571,10,7,17,RL/space/euclidean.py
28420571,8,7,15,RL/space/product.py
28420571,6,16,22,RL/space/set.py
28420571,1,2,3,RL/space/space.py
28420571,2,3,5,RL/utility/utility.py
28420571,2,2,4,examples/convolution_test.py
28420571,1,1,2,examples/convolution_test_cuda.py
28420571,1,1,2,examples/simpleRN.py
28420571,4,1,5,RL/operator/default_operators.py
28420571,115,114,229,RL/operator/operator.py
28420571,4,3,7,RL/operator/solvers.py
28420571,1,1,2,examples/convolution_test.py
28420571,1,1,2,examples/convolution_test_cuda.py
28420571,1,1,2,examples/cudaTVDenoise.py
28420571,1,1,2,examples/cudaTVDenoiseImage.py
28420571,1,1,2,examples/projection_simrec2d.py
28420571,1,1,2,examples/projection_simrec2dCuda.py
28420571,1,1,2,examples/tomography_simrec2d.py
28420571,1,1,2,examples/tomography_simrec2dCuda.py
28420571,5,12,17,test/defaultSolvers_test.py
28420571,42,20,62,test/difference_test_cuda.py
28420571,12,23,35,test/linear_operator_test.py
28420571,1,5,6,test/operator_test.py
28420571,2,2,4,RL/space/cuda.py
28420571,3,3,6,RL/space/euclidean.py
28420571,3,3,6,RL/space/set.py
28420571,0,1,1,RL/space/space.py
28420571,1,1,2,RL/operator/default_operators.py
28420571,3,3,6,RL/operator/function.py
28420571,8,8,16,RL/operator/functional.py
28420571,46,44,90,RL/operator/operator.py
28420571,50,49,99,RL/operator/solvers.py
28420571,5,4,9,RL/space/cuda.py
28420571,9,9,18,RL/space/discretizations.py
28420571,9,9,18,RL/space/euclidean.py
28420571,4,4,8,RL/space/function.py
28420571,12,12,24,RL/space/product.py
28420571,3,3,6,RL/space/sequence.py
28420571,1,1,2,RL/space/set.py
28420571,17,17,34,RL/space/space.py
28420571,2,3,5,RL/utility/utility.py
28420571,7,8,15,examples/convolution_test.py
28420571,7,8,15,examples/convolution_test_cuda.py
28420571,3,10,13,examples/cudaTVDenoise.py
28420571,5,5,10,examples/cudaTVDenoiseImage.py
28420571,2,2,4,examples/projection_simrec2d.py
28420571,3,8,11,examples/projection_simrec2dCuda.py
28420571,3,3,6,examples/reals.py
28420571,10,10,20,examples/simpleRN.py
28420571,2,2,4,examples/simple_operator.py
28420571,5,5,10,examples/solverExamples.py
28420571,5,5,10,examples/tomography_simrec2d.py
28420571,6,6,12,examples/tomography_simrec2dCuda.py
28420571,130,128,258,test/cudarn_test.py
28420571,17,17,34,test/defaultSolvers_test.py
28420571,15,15,30,test/difference_test_cuda.py
28420571,2,2,4,test/functionSpaces_test.py
28420571,16,17,33,test/linear_operator_test.py
28420571,26,25,51,test/operator_test.py
28420571,7,7,14,test/productspace_test.py
28420571,49,47,96,test/rn_test.py
28420571,8,5,13,RL/operator/operator.py
28420571,3,3,6,RL/operator/solvers.py
28420571,7,0,7,RL/space/discretizations.py
28420571,6,6,12,RL/space/space.py
28420571,1,1,2,examples/convolution_test.py
28420571,1,1,2,examples/convolution_test_cuda.py
28420571,1,1,2,examples/tomography_simrec2dCuda.py
28420571,4,12,16,test/operator_test.py
28420571,5,6,11,RL/space/euclidean.py
28420571,2,2,4,RL/space/function.py
28420571,10,3,13,RL/space/cuda.py
28420571,12,13,25,RL/space/cuda.py
28420571,2,2,4,test/difference_test_cuda.py
28420571,1,1,2,RL/operator/default_operators.py
28420571,1,1,2,RL/operator/operator.py
28420571,8,8,16,RL/operator/solvers.py
28420571,3,3,6,RL/space/cuda.py
28420571,3,3,6,RL/space/euclidean.py
28420571,1,1,2,RL/space/function.py
28420571,2,2,4,RL/space/product.py
28420571,36,36,72,RL/space/space.py
28420571,2,2,4,examples/cudaTVDenoise.py
28420571,5,5,10,examples/cudaTVDenoiseImage.py
28420571,17,17,34,examples/cudarnSpeed_test.py
28420571,1,1,2,examples/reals.py
28420571,4,4,8,examples/simpleRN.py
28420571,12,12,24,test/cudarn_test.py
28420571,5,5,10,test/productspace_test.py
28420571,8,8,16,test/rn_test.py
28420571,4,0,4,RL/space/euclidean.py
28420571,26,0,26,RL/space/cuda.py
28420571,4,4,8,examples/convolution_test.py
28420571,2,2,4,examples/convolution_test_cuda.py
28420571,6,6,12,examples/cudaTVDenoise.py
28420571,4,4,8,examples/cudaTVDenoiseImage.py
28420571,1,1,2,examples/projection_simrec2d.py
28420571,3,3,6,examples/projection_simrec2dCuda.py
28420571,5,5,10,examples/tomography_simrec2d.py
28420571,5,5,10,examples/tomography_simrec2dCuda.py
28420571,6,6,12,test/difference_test_cuda.py
28420571,15,15,30,RL/operator/operator.py
28420571,7,7,14,RL/operator/solvers.py
28420571,108,104,212,RL/space/cuda.py
28420571,24,22,46,RL/space/discretizations.py
28420571,114,112,226,RL/space/euclidean.py
28420571,37,36,73,RL/space/function.py
28420571,93,85,178,RL/space/product.py
28420571,7,4,11,RL/space/sequence.py
28420571,27,9,36,RL/space/set.py
28420571,18,16,34,RL/space/space.py
28420571,3,2,5,RL/utility/utility.py
28420571,8,7,15,examples/convolution_test.py
28420571,12,11,23,examples/convolution_test_cuda.py
28420571,8,7,15,examples/cudaTVDenoise.py
28420571,15,15,30,examples/cudaTVDenoiseImage.py
28420571,6,6,12,examples/cudarnSpeed_test.py
28420571,2,2,4,examples/projection_simrec2d.py
28420571,8,8,16,examples/projection_simrec2dCuda.py
28420571,5,8,13,examples/reals.py
28420571,4,3,7,examples/simpleRN.py
28420571,1,1,2,examples/simple_operator.py
28420571,1,1,2,examples/tomography_simrec2d.py
28420571,5,5,10,examples/tomography_simrec2dCuda.py
28420571,37,36,73,test/cudarn_test.py
28420571,6,6,12,test/defaultSolvers_test.py
28420571,3,3,6,test/difference_test_cuda.py
28420571,4,4,8,test/functionSpaces_test.py
28420571,12,12,24,test/linear_operator_test.py
28420571,4,4,8,test/operator_test.py
28420571,55,55,110,test/productspace_test.py
28420571,12,12,24,test/rn_test.py
28420571,23,23,46,RL/space/cuda.py
28420571,34,34,68,RL/space/euclidean.py
28420571,2,2,4,test/defaultSolvers_test.py
28420571,2,2,4,test/linear_operator_test.py
28420571,5,1,6,RL/space/cuda.py
28420571,11,4,15,RL/operator/default_operators.py
28420571,15,15,30,RL/operator/functional.py
28420571,15,1,16,RL/space/euclidean.py
28420571,14,13,27,RL/operator/operator.py
28420571,40,37,77,RL/space/cuda.py
28420571,2,2,4,RL/space/discretizations.py
28420571,11,10,21,RL/space/euclidean.py
28420571,9,7,16,RL/space/function.py
28420571,2,2,4,RL/space/product.py
28420571,9,17,26,RL/space/set.py
28420571,27,0,27,RL/space/space.py
28420571,21,9,30,RL/space/product.py
28420571,77,80,157,RL/space/product.py
28420571,25,10,35,test/productspace_test.py
28420571,126,58,184,RL/space/product.py
28420571,33,18,51,RL/operator/operator.py
28420571,29,0,29,examples/simple_operator.py
28420571,36,65,101,RL/space/product.py
28420571,2,2,4,test/productspace_test.py
28420571,10,48,58,RL/space/product.py
28420571,20,50,70,RL/space/product.py
28420571,3,3,6,test/productspace_test.py
28420571,124,77,201,RL/space/product.py
28420571,21,18,39,RL/space/product.py
28420571,19,65,84,RL/space/product.py
28420571,206,72,278,RL/space/product.py
28420571,4,4,8,RL/space/product.py
28420571,1,1,2,test/runAutomatedTests.py
28420571,63,9,72,RL/space/product.py
28420571,47,7,54,RL/space/euclidean.py
28420571,62,0,62,RL/space/euclidean.py
28420571,5,8,13,RL/space/euclidean.py
28420571,2,2,4,RL/space/sequence.py
28420571,1,1,2,examples/convolution_test.py
28420571,6,6,12,examples/projection_simrec2d.py
28420571,5,5,10,examples/simpleRN.py
28420571,8,8,16,examples/tomography_simrec2d.py
28420571,5,5,10,test/defaultSolvers_test.py
28420571,3,3,6,test/functionSpaces_test.py
28420571,5,5,10,test/linear_operator_test.py
28420571,3,3,6,test/operator_test.py
28420571,1,1,2,test/productpace_test.py
28420571,2,0,2,setup.py
28420571,9,2,11,RL/space/space.py
28420571,33,25,58,RL/space/space.py
28420571,0,1,1,RL/operator/default_operators.py
28420571,1,1,2,RL/space/cuda.py
28420571,3,3,6,RL/space/discretizations.py
28420571,1,1,2,RL/space/euclidean.py
28420571,17,3,20,RL/space/function.py
28420571,16,232,248,RL/space/space.py
28420571,41,21,62,RL/space/cuda.py
28420571,13,3,16,RL/space/function.py
28420571,10,3,13,RL/space/product.py
28420571,86,85,171,RL/space/cuda.py
28420571,19,12,31,RL/space/euclidean.py
28420571,105,4,109,RL/space/space.py
28420571,4,4,8,RL/space/euclidean.py
28420571,92,33,125,RL/space/product.py
28420571,2,2,4,RL/space/sequence.py
28420571,1,1,2,examples/convolution_test.py
28420571,6,6,12,examples/projection_simrec2d.py
28420571,5,5,10,examples/simpleRN.py
28420571,8,8,16,examples/tomography_simrec2d.py
28420571,5,5,10,test/defaultSolvers_test.py
28420571,3,3,6,test/functionSpaces_test.py
28420571,5,5,10,test/linear_operator_test.py
28420571,3,3,6,test/operator_test.py
28420571,1,1,2,test/productpace_test.py
28420571,1,1,2,RL/space/product.py
28420571,3,3,6,test/productpace_test.py
28420571,109,22,131,RL/space/product.py
28420571,66,54,120,RL/space/product.py
28420571,246,16,262,RL/space/space.py
28420571,10,4,14,RL/space/set.py
28420571,188,0,188,test/set_test.py
28420571,3,0,3,RL/space/set.py
28420571,1,1,2,RL/__init__.py
28420571,1,1,2,setup.py
28420571,85,29,114,RL/space/set.py
28420571,1,1,2,RL/utility/utility.py
28420571,5,2,7,RL/__init__.py
28420571,1,1,2,RL/geometry/__init__.py
28420571,4,1,5,RL/operator/__init__.py
28420571,7,4,11,RL/operator/default_operators.py
28420571,18,18,36,RL/operator/operator.py
28420571,2,1,3,RL/space/__init__.py
28420571,1,1,2,RL/utility/__init__.py
28420571,8,9,17,setup.py
28420571,224,4,228,RL/space/cuda.py
28420571,6,6,12,RL/space/euclidean.py
28420571,1,1,2,RL/utility/utility.py
28420571,3,3,6,RL/space/set.py
28420571,7,9,16,RL/space/set.py
28420571,176,38,214,RL/space/set.py
28420571,49,41,90,RL/operator/operator.py
28420571,2,2,4,RL/space/function.py
28420571,128,29,157,RL/space/set.py
28420571,2,2,4,RL/space/space.py
28420571,152,13,165,RL/space/euclidean.py
28420571,0,3,3,RL/space/set.py
28420571,32,5,37,RL/space/set.py
28420571,105,101,206,RL/space/cuda.py
28420571,1,1,2,RL/space/set.py
28420571,11,11,22,RL/space/euclidean.py
28420571,1,1,2,RL/space/space.py
28420571,5,5,10,test/productpace_test.py
28420571,20,4,24,RL/operator/default_operators.py
28420571,103,47,150,RL/operator/operator.py
28420571,13,4,17,RL/space/cuda.py
28420571,17,3,20,RL/space/euclidean.py
28420571,95,9,104,RL/space/function.py
28420571,26,2,28,RL/space/set.py
28420571,14,13,27,RL/space/cuda.py
28420571,2,2,4,RL/space/discretizations.py
28420571,2,2,4,RL/space/function.py
28420571,2,2,4,RL/space/product.py
28420571,2,2,4,RL/space/sequence.py
28420571,2,2,4,RL/space/set.py
28420571,6,7,13,RL/space/space.py
28420571,28,21,49,examples/convolution_test.py
28420571,163,23,186,RL/space/cuda.py
28420571,9,9,18,RL/space/euclidean.py
28420571,56,21,77,test/cudarn_test.py
28420571,69,27,96,RL/operator/operator.py
28420571,2,0,2,RL/space/space.py
28420571,214,20,234,RL/space/euclidean.py
28420571,213,67,280,RL/space/product.py
28420571,2,1,3,RL/space/space.py
28420571,0,4,4,test/productpace_test.py
28420571,63,5,68,RL/space/space.py
28420571,7,37,44,RL/space/euclidean.py
28420571,89,15,104,RL/space/product.py
28420571,10,3,13,RL/space/space.py
28420571,1,1,2,examples/convolution_test.py
28420571,2,2,4,examples/cudaTVDenoiseImage.py
28420571,1,1,2,examples/reals.py
28420571,140,0,140,examples/simpleRN.py
28420571,1,1,2,examples/tomography_simrec2d.py
28420571,1,1,2,examples/tomography_simrec2dCuda.py
28420571,4,13,17,test/functionSpaces_test.py
28420571,65,7,72,test/productpace_test.py
28420571,3,3,6,RL/operator/solvers.py
28420571,3,2,5,RL/space/cuda.py
28420571,6,4,10,RL/space/discretizations.py
28420571,31,82,113,RL/space/product.py
28420571,7,16,23,RL/space/space.py
28420571,3,3,6,examples/solverExamples.py
28420571,0,2,2,test/cudarn_test.py
28420571,3,3,6,test/functionSpaces_test.py
28420571,36,1,37,test/productpace_test.py
28420571,3,3,6,test/rn_test.py
28420571,8,5,13,RL/space/cuda.py
28420571,3,3,6,RL/space/discretizations.py
28420571,19,13,32,RL/space/euclidean.py
28420571,0,4,4,RL/space/function.py
28420571,22,21,43,RL/space/product.py
28420571,3,13,16,RL/space/space.py
28420571,1,1,2,examples/convolution_test.py
28420571,1,1,2,examples/cudaTVDenoise.py
28420571,3,3,6,examples/cudarnSpeed_test.py
28420571,0,4,4,examples/reals.py
28420571,2,2,4,examples/solverExamples.py
28420571,4,3,7,examples/tomography_simrec2d.py
28420571,3,3,6,test/cudarn_test.py
28420571,1,1,2,test/productpace_test.py
28420571,3,3,6,test/rn_test.py
28420571,1,1,2,RL/operator/function.py
28420571,5,5,10,RL/operator/operator.py
28420571,3,3,6,RL/space/cuda.py
28420571,7,8,15,RL/space/discretizations.py
28420571,3,3,6,RL/space/euclidean.py
28420571,6,2,8,RL/space/function.py
28420571,4,4,8,RL/space/product.py
28420571,11,9,20,RL/space/sequence.py
28420571,3,3,6,RL/space/space.py
28420571,0,2,2,test/defaultSolvers_test.py
28420571,14,0,14,test/functionSpaces_test.py
28420571,14,2,16,RL/space/set.py
28420571,7,7,14,RL/operator/function.py
28420571,3,3,6,RL/operator/functional.py
28420571,9,9,18,RL/operator/operator.py
28420571,1,1,2,RL/space/discretizations.py
28420571,14,5,19,RL/space/set.py
28420571,14,11,25,RL/space/space.py
28420571,1,1,2,examples/cudaTVDenoiseImage.py
28420571,1,1,2,examples/projection_simrec2d.py
28420571,1,1,2,examples/projection_simrec2dCuda.py
28420571,1,1,2,examples/tomography_simrec2d.py
28420571,1,1,2,examples/tomography_simrec2dCuda.py
28420571,2,2,4,test/difference_test_cuda.py
28420571,4,4,8,test/functionSpaces_test.py
28420571,0,23,23,RL/operator/functional.py
28420571,2,2,4,RL/space/set.py
28420571,1,1,2,RL/operator/function.py
28420571,74,25,99,RL/space/set.py
28420571,23,26,49,RL/space/cuda.py
28420571,1,1,2,RL/space/function.py
28420571,2,0,2,RL/space/space.py
28420571,16,17,33,test/__init__.py
28420571,118,105,223,test/cudarn_test.py
28420571,63,57,120,test/defaultSolvers_test.py
28420571,103,93,196,test/difference_test_cuda.py
28420571,28,26,54,test/functionSpaces_test.py
28420571,94,86,180,test/linear_operator_test.py
28420571,68,56,124,test/operator_test.py
28420571,29,26,55,test/productpace_test.py
28420571,81,66,147,test/rn_test.py
28420571,28,26,54,test/runAutomatedTests.py
28420571,1,1,2,RL/operator/function.py
28420571,2,2,4,RL/operator/functional.py
28420571,1,1,2,RL/operator/operator.py
28420571,1,1,2,RL/operator/solvers.py
28420571,1,1,2,RL/space/cuda.py
28420571,1,1,2,RL/space/discretizations.py
28420571,1,1,2,RL/space/euclidean.py
28420571,1,1,2,RL/space/product.py
28420571,0,1,1,RL/space/sequence.py
28420571,1,1,2,RL/space/set.py
28420571,1,1,2,RL/space/space.py
28420571,17,5,22,RL/utility/testutils.py
28420571,7,2,9,RL/utility/utility.py
28420571,4,0,4,RL/__init__.py
28420571,4,1,5,RL/operator/default_operators.py
28420571,10,4,14,RL/operator/function.py
28420571,10,4,14,RL/operator/functional.py
28420571,11,7,18,RL/operator/operator.py
28420571,8,1,9,RL/operator/solvers.py
28420571,39,16,55,RL/space/cuda.py
28420571,10,4,14,RL/space/discretizations.py
28420571,8,3,11,RL/space/euclidean.py
28420571,3,4,7,RL/space/function.py
28420571,7,6,13,RL/space/product.py
28420571,5,1,6,RL/space/sequence.py
28420571,10,7,17,RL/space/set.py
28420571,17,27,44,RL/space/space.py
28420571,4,1,5,RL/operator/default_operators.py
28420571,10,4,14,RL/operator/function.py
28420571,10,4,14,RL/operator/functional.py
28420571,11,7,18,RL/operator/operator.py
28420571,8,1,9,RL/operator/solvers.py
28420571,39,16,55,RL/space/cuda.py
28420571,10,4,14,RL/space/discretizations.py
28420571,8,3,11,RL/space/euclidean.py
28420571,3,4,7,RL/space/function.py
28420571,7,6,13,RL/space/product.py
28420571,5,1,6,RL/space/sequence.py
28420571,10,7,17,RL/space/set.py
28420571,17,27,44,RL/space/space.py
28420571,55,26,81,RL/space/discretizations.py
28420571,22,13,35,RL/space/euclidean.py
28420571,8,5,13,RL/space/function.py
28420571,58,31,89,RL/space/product.py
28420571,16,9,25,RL/space/sequence.py
28420571,15,8,23,RL/space/set.py
28420571,32,15,47,RL/space/space.py
28420571,7,5,12,RL/operator/default_operators.py
28420571,26,14,40,RL/operator/function.py
28420571,19,10,29,RL/operator/functional.py
28420571,153,76,229,RL/operator/operator.py
28420571,8,5,13,RL/operator/solvers.py
28420571,3,3,6,RL/utility/utility.py
28420571,3,3,6,setup.py
28420571,30,7,37,RL/utility/testutils.py
28420571,16,17,33,RL/utility/__init__.py
28420571,19,22,41,RL/utility/fourier.py
28420571,22,26,48,RL/utility/utility.py
28420571,1,1,2,RL/__init__.py
28420571,1,1,2,setup.py
28420571,20,0,20,RL/utility/__init__.py
28420571,590,0,590,RL/utility/fourier.py
28420571,44,0,44,RL/utility/testutils.py
28420571,265,0,265,RL/utility/utility.py
28420571,1,1,2,RL/__init__.py
28420571,1,1,2,setup.py
28420571,7,5,12,RL/space/space.py
28420571,0,102,102,unrelated/ctf.py
28420571,0,269,269,unrelated/emcfg.py
28420571,0,450,450,unrelated/mrc_basic.py
28420571,0,717,717,unrelated/mrc_fei.py
28420571,0,682,682,unrelated/mrc_imod.py
28420571,0,207,207,unrelated/rec_params.py
28420571,0,117,117,unrelated/tiltangles.py
28420571,16,17,33,RL/__init__.py
28420571,0,20,20,RL/builders/__init__.py
28420571,0,433,433,RL/builders/xray.py
28420571,0,20,20,RL/datamodel/__init__.py
28420571,0,156,156,RL/datamodel/coord.py
28420571,0,687,687,RL/datamodel/gfunc.py
28420571,0,217,217,RL/datamodel/ugrid.py
28420571,16,17,33,RL/geometry/__init__.py
28420571,0,371,371,RL/geometry/curve.py
28420571,0,86,86,RL/geometry/detector.py
28420571,0,96,96,RL/geometry/geometry.py
28420571,0,81,81,RL/geometry/labcomp.py
28420571,21,24,45,RL/geometry/linebundle.py
28420571,0,163,163,RL/geometry/sample.py
28420571,0,155,155,RL/geometry/source.py
28420571,16,17,33,RL/operator/__init__.py
28420571,17,19,36,RL/operator/default_operators.py
28420571,26,28,54,RL/operator/function.py
28420571,29,29,58,RL/operator/functional.py
28420571,59,60,119,RL/operator/operator.py
28420571,52,46,98,RL/operator/solvers.py
28420571,17,18,35,RL/space/__init__.py
28420571,36,38,74,RL/space/cuda.py
28420571,28,30,58,RL/space/discretizations.py
28420571,34,37,71,RL/space/euclidean.py
28420571,24,27,51,RL/space/function.py
28420571,34,38,72,RL/space/product.py
28420571,19,22,41,RL/space/sequence.py
28420571,27,4,31,RL/space/set.py
28420571,58,62,120,RL/space/space.py
28420571,0,20,20,RL/utility/__init__.py
28420571,0,590,590,RL/utility/fourier.py
28420571,0,44,44,RL/utility/testutils.py
28420571,0,265,265,RL/utility/utility.py
28420571,20,22,42,setup.py
28420571,0,471,471,RL/operator/linear.py
28420571,178,103,281,RL/operator/operator.py
28420571,1,1,2,RL/space/euclidean.py
28420571,19,9,28,RL/space/space.py
28420571,7,3,10,examples/tomography_simrec2dCuda.py
28420571,0,0,0,{examples => test}/difference_test_cuda.py
28420571,229,0,229,test/linear_operator_test.py
28420571,69,117,186,test/operator_test.py
28420571,2,0,2,test/runAutomatedTests.py
28420571,2,1,3,{src => RL}/__init__.py
28420571,0,0,0,{src => RL}/builders/__init__.py
28420571,0,0,0,{src => RL}/builders/xray.py
28420571,0,0,0,{src => RL}/datamodel/__init__.py
28420571,0,0,0,{src => RL}/datamodel/coord.py
28420571,0,0,0,{src => RL}/datamodel/gfunc.py
28420571,0,0,0,{src => RL}/datamodel/ugrid.py
28420571,0,0,0,{src => RL}/geometry/__init__.py
28420571,0,0,0,{src => RL}/geometry/curve.py
28420571,0,0,0,{src => RL}/geometry/detector.py
28420571,0,0,0,{src => RL}/geometry/geometry.py
28420571,0,0,0,{src => RL}/geometry/labcomp.py
28420571,0,0,0,{src => RL}/geometry/linebundle.py
28420571,0,0,0,{src => RL}/geometry/sample.py
28420571,0,0,0,{src => RL}/geometry/source.py
28420571,0,0,0,{src => RL}/operator/__init__.py
28420571,25,2,27,examples/bugtest.py => RL/operator/default_operators.py
28420571,2,1,3,{src => RL}/operator/function.py
28420571,3,3,6,{src => RL}/operator/functional.py
28420571,100,16,116,src/operator/operator.py => RL/operator/linear.py
28420571,473,0,473,RL/operator/operator.py
28420571,66,5,71,src/operator/defaultSolvers.py => RL/operator/solvers.py
28420571,20,0,20,RL/space/__init__.py
28420571,1,4,5,src/space/CudaSpace.py => RL/space/cuda.py
28420571,13,10,23,src/space/defaultDiscretizations.py => RL/space/discretizations.py
28420571,182,0,182,RL/space/euclidean.py
28420571,7,8,15,src/space/functionSpaces.py => RL/space/function.py
28420571,178,0,178,RL/space/product.py
28420571,2,3,5,src/space/sequenceSpaces.py => RL/space/sequence.py
28420571,3,2,5,{src => RL}/space/set.py
28420571,13,7,20,{src => RL}/space/space.py
28420571,0,0,0,{src/space => RL/utility}/__init__.py
28420571,0,0,0,{src => RL}/utility/fourier.py
28420571,0,0,0,{test => RL/utility}/testutils.py
28420571,0,0,0,{src => RL}/utility/utility.py
28420571,7,7,14,examples/convolution_test.py
28420571,8,8,16,examples/convolution_test_cuda.py
28420571,8,11,19,examples/cudaTVDenoise.py
28420571,9,7,16,examples/cudaTVDenoiseImage.py
28420571,3,3,6,examples/cudarnSpeed_test.py
28420571,13,9,22,{test => examples}/difference_test_cuda.py
28420571,32,0,32,examples/pooled.py
28420571,39,30,69,examples/projection_simrec2d.py
28420571,52,40,92,examples/projection_simrec2dCuda.py
28420571,55,0,55,examples/reals.py
28420571,4,2,6,examples/solverExamples.py
28420571,0,41,41,examples/testutils.py
28420571,11,6,17,examples/tomography_simrec2d.py
28420571,30,32,62,examples/tomography_simrec2dCuda.py
28420571,1,1,2,setup.py
28420571,0,78,78,src/operator/defaultFunctions.py
28420571,0,155,155,src/operator/projector.py
28420571,0,377,377,src/space/defaultSpaces.py
28420571,0,17,17,src/space/measure.py
28420571,0,20,20,src/utility/__init__.py
28420571,15,17,32,test/cudarn_test.py
28420571,29,6,35,test/defaultSolvers_test.py
28420571,9,8,17,test/functionSpaces_test.py
28420571,4,3,7,test/operator_test.py
28420571,71,0,71,test/productpace_test.py
28420571,6,5,11,test/rn_test.py
28420571,1,2,3,test/runAutomatedTests.py
28420571,0,110,110,test/space_test.py
28420571,24,0,24,examples/bugtest.py
28420571,1,1,2,examples/projection_simrec2d.py
28420571,110,0,110,examples/projection_simrec2dCuda.py
28420571,4,2,6,examples/tomography_simrec2d.py
28420571,165,0,165,examples/tomography_simrec2dCuda.py
28420571,1,0,1,src/operator/defaultSolvers.py
28420571,6,7,13,src/space/CudaSpace.py
28420571,4,4,8,test/cudarn_test.py
28420571,17,10,27,test/rn_test.py
28420571,24,2,26,test/defaultSolvers_test.py
28420571,0,1,1,test/runAutomatedTests.py
28420571,1,1,2,examples/convolution_test.py
28420571,1,1,2,examples/convolution_test_cuda.py
28420571,27,15,42,examples/cudarnSpeed_test.py
28420571,8,8,16,examples/tomography_simrec2d.py
28420571,6,6,12,src/operator/defaultSolvers.py
28420571,2,2,4,src/space/CudaSpace.py
28420571,47,15,62,src/space/defaultSpaces.py
28420571,51,42,93,src/space/space.py
28420571,41,16,57,test/cudarn_test.py
28420571,85,0,85,test/defaultSolvers_test.py
28420571,110,63,173,test/rn_test.py
28420571,1,0,1,test/runAutomatedTests.py
28420571,3,2,5,test/space_test.py
28420571,20,0,20,examples/__init__.py
28420571,115,0,115,examples/convolution_test.py
28420571,38,63,101,{test => examples}/convolution_test_cuda.py
28420571,19,24,43,{test => examples}/cudaTVDenoise.py
28420571,36,40,76,{test => examples}/cudaTVDenoiseImage.py
28420571,74,0,74,examples/cudarnSpeed_test.py
28420571,114,0,114,examples/projection_simrec2d.py
28420571,0,0,0,{test => examples}/simple_test_astra.py
28420571,2,41,43,{test => examples}/solverExamples.py
28420571,41,0,41,examples/testutils.py
28420571,163,0,163,examples/tomography_simrec2d.py
28420571,1,1,2,src/operator/defaultSolvers.py
28420571,2,2,4,src/space/defaultDiscretizations.py
28420571,344,336,680,src/space/defaultSpaces.py
28420571,0,146,146,test/convolution_test.py
28420571,0,91,91,test/cudarnSpeed_test.py
28420571,63,50,113,test/difference_test_cuda.py
28420571,2,2,4,test/functionSpaces_test.py
28420571,0,152,152,test/projection_simrec2d.py
28420571,109,0,109,test/rn_test.py
28420571,4,2,6,test/runAutomatedTests.py
28420571,0,138,138,test/simple_test_simrec2d.py
28420571,0,76,76,test/space_test.py
28420571,4,1,5,test/testutils.py
28420571,0,154,154,test/tomography_simrec2d.py
28420571,4,1,5,src/operator/defaultSolvers.py
28420571,14,7,21,src/space/defaultDiscretizations.py
28420571,9,3,12,src/space/defaultSpaces.py
28420571,3,3,6,test/convolution_test.py
28420571,6,1,7,test/runAutomatedTests.py
28420571,31,11,42,test/tomography_simrec2d.py
28420571,97,0,97,src/operator/defaultSolvers.py
28420571,1,1,2,src/operator/function.py
28420571,125,34,159,src/operator/operatorAlternative.py
28420571,3,0,3,src/space/CudaSpace.py
28420571,36,30,66,src/space/defaultDiscretizations.py
28420571,38,19,57,src/space/defaultSpaces.py
28420571,6,3,9,src/space/functionSpaces.py
28420571,16,13,29,src/space/space.py
28420571,1,0,1,src/utility/utility.py
28420571,38,21,59,test/convolution_test.py
28420571,32,23,55,test/convolution_test_cuda.py
28420571,1,1,2,test/cudaTVDenoise.py
28420571,7,5,12,test/cudaTVDenoiseImage.py
28420571,1,1,2,test/difference_test_cuda.py
28420571,15,14,29,test/functionSpaces_test.py
28420571,106,25,131,test/operator_test.py
28420571,152,0,152,test/projection_simrec2d.py
28420571,4,16,20,test/solverExamples.py
28420571,134,0,134,test/tomography_simrec2d.py
28420571,24,9,33,src/space/defaultDiscretizations.py
28420571,2,1,3,src/space/defaultSpaces.py
28420571,3,3,6,src/space/set.py
28420571,17,2,19,test/functionSpaces_test.py
28420571,1,1,2,src/space/CudaSpace.py
28420571,78,0,78,src/operator/defaultFunctions.py
28420571,96,0,96,src/operator/function.py
28420571,2,4,6,src/operator/operatorAlternative.py
28420571,40,104,144,src/space/CudaSpace.py
28420571,134,0,134,src/space/defaultDiscretizations.py
28420571,64,37,101,src/space/defaultSpaces.py
28420571,0,43,43,src/space/functionSpaces.py
28420571,10,2,12,src/space/set.py
28420571,18,16,34,src/space/space.py
28420571,3,1,4,test/convolution_test.py
28420571,10,7,17,test/convolution_test_cuda.py
28420571,3,2,5,test/cudaTVDenoise.py
28420571,134,31,165,test/cudaTVDenoiseImage.py
28420571,138,61,199,test/cudarn_test.py
28420571,36,1,37,test/difference_test_cuda.py
28420571,2,2,4,src/operator/operatorAlternative.py
28420571,46,2,48,src/space/CudaSpace.py
28420571,1,1,2,src/space/defaultSpaces.py
28420571,13,0,13,src/space/set.py
28420571,5,1,6,src/space/space.py
28420571,139,0,139,test/cudaTVDenoise.py
28420571,145,0,145,test/cudaTVDenoiseImage.py
28420571,146,0,146,test/difference_test_cuda.py
28420571,1,2,3,setup.py
28420571,1,1,2,src/__init__.py
28420571,1,1,2,src/geometry/detector.py
28420571,0,108,108,src/operator/CudaSpace.py
28420571,0,341,341,src/operator/defaultSpaces.py
28420571,81,45,126,src/operator/functional.py
28420571,0,37,37,src/operator/measure.py
28420571,177,96,273,src/operator/operatorAlternative.py
28420571,0,215,215,src/operator/space.py
28420571,167,0,167,src/space/CudaSpace.py
28420571,20,0,20,src/space/__init__.py
28420571,284,0,284,src/space/defaultSpaces.py
28420571,148,0,148,src/space/functionSpaces.py
28420571,17,0,17,src/space/measure.py
28420571,86,0,86,src/space/sequenceSpaces.py
28420571,77,0,77,src/space/set.py
28420571,311,0,311,src/space/space.py
28420571,78,35,113,test/convolution_test.py
28420571,133,0,133,test/convolution_test_cuda.py
28420571,91,0,91,test/cudarnSpeed_test.py
28420571,144,38,182,test/cudarn_test.py
28420571,48,0,48,test/functionSpaces_test.py
28420571,75,22,97,test/operator_test.py
28420571,35,0,35,test/runAutomatedTests.py
28420571,1,1,2,test/simple_test_simrec2d.py
28420571,100,0,100,test/solverExamples.py
28420571,78,90,168,test/space_test.py
28420571,34,8,42,test/testutils.py
28420571,30,3,33,src/operator/CudaSpace.py
28420571,11,11,22,src/operator/defaultSpaces.py
28420571,1,1,2,src/operator/space.py
28420571,58,12,70,test/cudarn_test.py
28420571,12,17,29,test/operator_test.py
28420571,81,0,81,src/operator/CudaSpace.py
28420571,341,0,341,src/operator/defaultSpaces.py
28420571,67,344,411,src/operator/space.py
28420571,60,0,60,test/cudarn_test.py
28420571,12,1,13,test/operator_test.py
28420571,1,0,1,test/space_test.py
28420571,66,59,125,src/operator/space.py
28420571,58,3,61,test/space_test.py
28420571,151,0,151,src/operator/functional.py
28420571,36,18,54,src/operator/operatorAlternative.py
28420571,58,28,86,src/operator/space.py
28420571,7,5,12,test/space_test.py
28420571,4,4,8,test/testutils.py
28420571,6,64,70,src/operator/measure.py
28420571,65,33,98,src/operator/operatorAlternative.py
28420571,146,42,188,src/operator/space.py
28420571,84,0,84,test/convolution_test.py
28420571,12,1,13,test/operator_test.py
28420571,6,11,17,test/space_test.py
28420571,5,5,10,test/testutils.py
28420571,1,3,4,src/operator/operatorAlternative.py
28420571,2,4,6,test/simple_test_astra.py
28420571,6,0,6,src/operator/operatorAlternative.py
28420571,14,10,24,src/operator/space.py
28420571,20,0,20,test/__init__.py
28420571,8,8,16,test/operator_test.py
28420571,1,15,16,test/space_test.py
28420571,15,0,15,test/testutils.py
28420571,64,51,115,src/operator/operatorAlternative.py
28420571,55,0,55,src/geometry/linebundle.py
28420571,6,18,24,src/operator/measure.py
28420571,22,62,84,src/operator/space.py
28420571,3,2,5,test/simple_test_simrec2d.py
28420571,34,23,57,test/space_test.py
28420571,18,4,22,src/operator/space.py
28420571,2,0,2,src/operator/space.py
28420571,42,39,81,test/space_test.py
28420571,107,0,107,src/operator/measure.py
28420571,3,26,29,src/operator/operatorAlternative.py
28420571,73,128,201,src/operator/space.py
28420571,47,39,86,test/space_test.py
28420571,97,83,180,src/operator/space.py
28420571,0,19,19,test/operator_test.py
28420571,8,2,10,test/space_test.py
28420571,18,33,51,src/operator/space.py
28420571,8,10,18,test/space_test.py
28420571,114,17,131,src/operator/space.py
28420571,21,2,23,test/space_test.py
28420571,6,6,12,src/operator/space.py
28420571,2,0,2,test/space_test.py
28420571,31,38,69,src/operator/space.py
28420571,8,1,9,src/utility/utility.py
28420571,28,24,52,test/space_test.py
28420571,1,1,2,src/operator/space.py
28420571,14,272,286,src/operator/operatorAlternative.py
28420571,94,51,145,src/operator/space.py
28420571,3,33,36,test/operator_test.py
28420571,107,0,107,test/space_test.py
28420571,27,46,73,src/operator/operatorAlternative.py
28420571,294,0,294,src/operator/space.py
28420571,8,9,17,test/operator_test.py
28420571,7,3,10,src/operator/operatorAlternative.py
28420571,142,28,170,src/operator/operatorAlternative.py
28420571,28,3,31,test/operator_test.py
28420571,4,2,6,test/simple_test_simrec2d.py
28420571,12,17,29,test/simple_test_simrec2d.py
28420571,56,3,59,src/operator/operatorAlternative.py
28420571,72,7,79,test/simple_test_simrec2d.py
28420571,1,6,7,test/operator_test.py
28420571,49,96,145,test/simple_test_simrec2d.py
28420571,0,6,6,src/operator/operatorAlternative.py
28420571,10,7,17,test/operator_test.py
28420571,42,13,55,src/operator/operatorAlternative.py
28420571,200,22,222,src/operator/operatorAlternative.py
28420571,29,12,41,test/operator_test.py
28420571,89,0,89,src/operator/operatorAlternative.py
28420571,64,0,64,test/operator_test.py
28420571,122,0,122,test/simple_test_simrec2d.py
28420571,90,39,129,src/builders/xray.py
28420571,6,20,26,src/builders/xray.py
28420571,12,6,18,src/utility/utility.py
28420571,55,135,190,src/builders/xray.py
28420571,213,55,268,src/builders/xray.py
28420571,19,9,28,test/simple_test_astra.py
28420571,3,1,4,src/datamodel/gfunc.py
28420571,0,103,103,test/simple_test_simrec2d.py
28420571,103,0,103,test/simple_test_simrec2d.py
28420571,3,5,8,src/datamodel/gfunc.py
28420571,2,0,2,src/datamodel/coord.py
28420571,3,2,5,src/datamodel/gfunc.py
28420571,2,5,7,src/datamodel/ugrid.py
28420571,2,4,6,src/geometry/curve.py
28420571,3,2,5,src/geometry/detector.py
28420571,3,2,5,src/geometry/geometry.py
28420571,3,2,5,src/geometry/labcomp.py
28420571,3,2,5,src/geometry/sample.py
28420571,3,2,5,src/geometry/source.py
28420571,3,2,5,src/operator/operator.py
28420571,3,2,5,src/operator/projector.py
28420571,2,6,8,src/utility/fourier.py
28420571,2,4,6,src/utility/utility.py
28420571,8,1,9,test/simple_test_astra.py
28420571,13,1,14,test/simple_test_astra.py
28420571,2,2,4,src/datamodel/coord.py
28420571,2,9,11,src/datamodel/gfunc.py
28420571,2,2,4,src/datamodel/ugrid.py
28420571,1,3,4,src/geometry/curve.py
28420571,2,5,7,src/geometry/detector.py
28420571,2,5,7,src/geometry/geometry.py
28420571,2,5,7,src/geometry/labcomp.py
28420571,2,6,8,src/geometry/sample.py
28420571,2,5,7,src/geometry/source.py
28420571,2,5,7,src/operator/operator.py
28420571,2,5,7,src/operator/projector.py
28420571,1,1,2,src/utility/utility.py
28420571,11,11,22,test/simple_test.py
28420571,25,3,28,src/builders/xray.py
28420571,12,10,22,src/builders/xray.py
28420571,2,1,3,src/datamodel/gfunc.py
28420571,1,1,2,test/simple_test.py
28420571,29,15,44,test/simple_test.py
28420571,129,14,143,src/datamodel/gfunc.py
28420571,2,0,2,src/builders/xray.py
28420571,18,6,24,test/simple_test.py
28420571,99,8,107,src/builders/xray.py
28420571,1,0,1,src/geometry/sample.py
28420571,15,6,21,test/simple_test.py
28420571,4,4,8,src/operator/projector.py
28420571,2,4,6,src/geometry/sample.py
28420571,22,9,31,src/builders/xray.py
28420571,10,8,18,test/simple_test.py
28420571,66,5,71,src/builders/xray.py
28420571,10,3,13,src/utility/fourier.py
28420571,35,10,45,test/simple_test.py
28420571,1,1,2,src/geometry/sample.py
28420571,3,3,6,src/builders/xray.py
28420571,1,1,2,src/builders/xray.py
28420571,1,1,2,src/builders/xray.py
28420571,1,1,2,src/builders/xray.py
28420571,1,2,3,src/geometry/curve.py
28420571,1,1,2,src/geometry/sample.py
28420571,10,7,17,test/simple_test.py
28420571,76,74,150,src/operator/projector.py
28420571,1,0,1,setup.py
28420571,8,7,15,src/datamodel/gfunc.py
28420571,19,8,27,src/datamodel/ugrid.py
28420571,2,2,4,src/builders/xray.py
28420571,1,1,2,src/geometry/sample.py
28420571,4,3,7,src/utility/fourier.py
28420571,11,6,17,src/utility/utility.py
28420571,1,1,2,data_model/gfunc.py
28420571,9,9,18,src/builders/xray.py
28420571,1,1,2,src/datamodel/coord.py
28420571,4,3,7,src/datamodel/gfunc.py
28420571,3,2,5,src/datamodel/ugrid.py
28420571,2,3,5,src/geometry/curve.py
28420571,1,1,2,src/geometry/detector.py
28420571,2,2,4,src/geometry/labcomp.py
28420571,4,4,8,src/geometry/sample.py
28420571,2,2,4,src/geometry/source.py
28420571,6,5,11,src/operator/projector.py
28420571,4,3,7,src/utility/fourier.py
28420571,10,8,18,setup.py
28420571,0,0,0,src/{RL => }/__init__.py
28420571,0,0,0,src/{RL => }/builders/__init__.py
28420571,0,0,0,src/{RL => }/builders/xray.py
28420571,0,0,0,src/{RL => }/datamodel/__init__.py
28420571,0,0,0,src/{RL => }/datamodel/coord.py
28420571,0,0,0,src/{RL => }/datamodel/gfunc.py
28420571,0,0,0,src/{RL => }/datamodel/ugrid.py
28420571,0,0,0,src/{RL => }/geometry/__init__.py
28420571,0,0,0,src/{RL => }/geometry/curve.py
28420571,0,0,0,src/{RL => }/geometry/detector.py
28420571,0,0,0,src/{RL => }/geometry/labcomp.py
28420571,0,0,0,src/{RL => }/geometry/sample.py
28420571,0,0,0,src/{RL => }/geometry/source.py
28420571,0,0,0,src/{RL => }/operator/__init__.py
28420571,0,0,0,src/{RL => }/operator/operator.py
28420571,0,0,0,src/{RL => }/operator/projector.py
28420571,0,0,0,src/{RL => }/utility/__init__.py
28420571,0,0,0,src/{RL => }/utility/fourier.py
28420571,0,0,0,src/{RL => }/utility/utility.py
28420571,2,1,3,setup.py
28420571,0,0,0,__init__.py => src/RL/__init__.py
28420571,0,0,0,{builders => src/RL/builders}/__init__.py
28420571,0,0,0,{builders => src/RL/builders}/xray.py
28420571,0,0,0,{datamodel => src/RL/datamodel}/__init__.py
28420571,0,0,0,{datamodel => src/RL/datamodel}/coord.py
28420571,0,0,0,{datamodel => src/RL/datamodel}/gfunc.py
28420571,0,0,0,{datamodel => src/RL/datamodel}/ugrid.py
28420571,0,0,0,{geometry => src/RL/geometry}/__init__.py
28420571,0,0,0,{geometry => src/RL/geometry}/curve.py
28420571,0,0,0,{geometry => src/RL/geometry}/detector.py
28420571,0,0,0,{geometry => src/RL/geometry}/labcomp.py
28420571,0,0,0,{geometry => src/RL/geometry}/sample.py
28420571,0,0,0,{geometry => src/RL/geometry}/source.py
28420571,0,0,0,{geometry => src/RL/geometry}/tomogeom.py
28420571,0,0,0,{operator => src/RL/operator}/__init__.py
28420571,0,0,0,{operator => src/RL/operator}/operator.py
28420571,0,0,0,{operator => src/RL/operator}/projector.py
28420571,0,0,0,{utility => src/RL/utility}/__init__.py
28420571,0,0,0,{utility => src/RL/utility}/fourier.py
28420571,0,0,0,{utility => src/RL/utility}/utility.py
28420571,5,5,10,builders/xray.py
28420571,5,5,10,datamodel/coord.py
28420571,5,5,10,datamodel/gfunc.py
28420571,5,5,10,datamodel/ugrid.py
28420571,5,5,10,geometry/curve.py
28420571,5,5,10,geometry/detector.py
28420571,5,5,10,geometry/labcomp.py
28420571,5,5,10,geometry/sample.py
28420571,5,5,10,geometry/source.py
28420571,6,6,12,geometry/tomogeom.py
28420571,5,5,10,operator/operator.py
28420571,6,6,12,operator/projector.py
28420571,13,6,19,test/simple_test.py
28420571,5,5,10,utility/fourier.py
28420571,5,5,10,utility/utility.py
28420571,21,0,21,__init__.py
28420571,20,0,20,builders/__init__.py
28420571,20,0,20,datamodel/__init__.py
28420571,20,0,20,geometry/__init__.py
28420571,20,0,20,operator/__init__.py
28420571,39,0,39,setup.py
28420571,20,0,20,utility/__init__.py
28420571,0,0,0,__init__.py
28420571,0,0,0,builders/__init__.py
28420571,0,0,0,datamodel/__init__.py
28420571,0,0,0,geometry/__init__.py
28420571,0,0,0,operator/__init__.py
28420571,0,0,0,utility/__init__.py
28420571,0,0,0,{data_model => datamodel}/coord.py
28420571,0,0,0,{data_model => datamodel}/gfunc.py
28420571,0,0,0,{data_model => datamodel}/ugrid.py
28420571,32,0,32,test/simple_test.py
28420571,0,0,0,xray.py => builders/xray.py
28420571,0,0,0,coord.py => data_model/coord.py
28420571,0,0,0,gfunc.py => data_model/gfunc.py
28420571,0,0,0,ugrid.py => data_model/ugrid.py
28420571,0,0,0,curve.py => geometry/curve.py
28420571,0,0,0,detector.py => geometry/detector.py
28420571,0,0,0,labcomp.py => geometry/labcomp.py
28420571,0,0,0,sample.py => geometry/sample.py
28420571,0,0,0,source.py => geometry/source.py
28420571,0,0,0,tomo_geom.py => geometry/tomo_geom.py
28420571,0,0,0,func_operator.py => operator/func_operator.py
28420571,0,0,0,tomo_proj.py => operator/tomo_proj.py
28420571,0,0,0,{misc => unrelated}/ctf.py
28420571,0,0,0,{misc => unrelated}/emcfg.py
28420571,0,0,0,{misc => unrelated}/mrc_basic.py
28420571,0,0,0,{misc => unrelated}/mrc_fei.py
28420571,0,0,0,{misc => unrelated}/mrc_imod.py
28420571,0,0,0,{misc => unrelated}/rec_params.py
28420571,0,0,0,{misc => unrelated}/tiltangles.py
28420571,0,0,0,fourier.py => utility/fourier.py
28420571,0,0,0,utility.py => utility/utility.py
28420571,6,2,8,xray.py
28420571,3,0,3,utility.py
28420571,0,0,0,ctf.py => misc/ctf.py
28420571,0,0,0,emcfg.py => misc/emcfg.py
28420571,0,0,0,mrc_basic.py => misc/mrc_basic.py
28420571,0,0,0,mrc_fei.py => misc/mrc_fei.py
28420571,0,0,0,mrc_imod.py => misc/mrc_imod.py
28420571,0,0,0,rec_params.py => misc/rec_params.py
28420571,0,0,0,tiltangles.py => misc/tiltangles.py
28420571,154,0,154,coord.py
28420571,102,0,102,ctf.py
28420571,377,0,377,curve.py
28420571,88,0,88,detector.py
28420571,269,0,269,emcfg.py
28420571,585,0,585,fourier.py
28420571,102,0,102,func_operator.py
28420571,575,0,575,gfunc.py
28420571,83,0,83,labcomp.py
28420571,450,0,450,mrc_basic.py
28420571,717,0,717,mrc_fei.py
28420571,682,0,682,mrc_imod.py
28420571,207,0,207,rec_params.py
28420571,167,0,167,sample.py
28420571,157,0,157,source.py
28420571,117,0,117,tiltangles.py
28420571,98,0,98,tomo_geom.py
28420571,154,0,154,tomo_proj.py
28420571,208,0,208,ugrid.py
28420571,245,0,245,utility.py
28420571,109,0,109,xray.py
31015510,16,7,23,openprocurement/tender/openeu/tests/tender_blanks.py
31015510,6,1,7,openprocurement/tender/openeu/tests/qualification.py
31015510,64,0,64,openprocurement/tender/openeu/tests/qualification_blanks.py
31015510,0,1,1,openprocurement/tender/openeu/tests/tender_blanks.py
31015510,2,0,2,openprocurement/tender/openeu/views/qualification.py
31015510,1,1,2,setup.py
31015510,1,1,2,openprocurement/tender/openeu/models.py
31015510,24,7,31,openprocurement/tender/openeu/tests/cancellation_blanks.py
31015510,1,1,2,openprocurement/tender/openeu/models.py
31015510,2,0,2,openprocurement/tender/openeu/tests/cancellation.py
31015510,34,0,34,openprocurement/tender/openeu/tests/cancellation_blanks.py
31015510,1,1,2,setup.py
31015510,17,3,20,openprocurement/tender/openeu/models.py
31015510,23,2,25,openprocurement/tender/openeu/tests/auction.py
31015510,15,0,15,openprocurement/tender/openeu/tests/tender_blanks.py
31015510,2,2,4,setup.py
31015510,2,0,2,openprocurement/tender/openeu/tests/qualification.py
31015510,47,4,51,openprocurement/tender/openeu/tests/qualification_blanks.py
31015510,2,2,4,openprocurement/tender/openeu/views/qualification_complaint.py
31015510,2,2,4,setup.py
31015510,1,1319,1320,openprocurement/tender/openeu/tests/bid.py
31015510,2,1,3,openprocurement/tender/openeu/views/cancellation.py
31015510,2,1,3,openprocurement/tender/openeu/utils.py
31015510,2,8,10,openprocurement/tender/openeu/tests/cancellation_blanks.py
31015510,1,1,2,setup.py
31015510,2,0,2,openprocurement/tender/openeu/tests/cancellation.py
31015510,43,0,43,openprocurement/tender/openeu/tests/cancellation_blanks.py
31015510,2,2,4,openprocurement/tender/openeu/views/cancellation.py
31015510,3,3,6,setup.py
31015510,1,1,2,openprocurement/tender/openeu/models.py
31015510,42,0,42,openprocurement/tender/openeu/tests/cancellation.py
31015510,2,2,4,openprocurement/tender/openeu/views/cancellation.py
31015510,14,3,17,openprocurement/tender/openeu/tests/base.py
31015510,0,5,5,openprocurement/tender/openeu/tests/contract_blanks.py
31015510,2,2,4,openprocurement/tender/openeu/tests/base.py
31015510,5,0,5,openprocurement/tender/openeu/tests/contract_blanks.py
31015510,2,0,2,openprocurement/tender/openeu/tests/base.py
31015510,2,2,4,openprocurement/tender/openeu/tests/contract.py
31015510,18,17,35,openprocurement/tender/openeu/tests/contract_blanks.py
31015510,2,2,4,docs.py
31015510,2,2,4,docs.py
31015510,1,1,2,openprocurement/tender/openeu/tests/base.py
31015510,0,8,8,openprocurement/tender/openeu/tests/bid_blanks.py
31015510,1,1,2,setup.py
31015510,1,0,1,openprocurement/tender/openeu/tests/chronograph.py
31015510,10,2,12,openprocurement/tender/openeu/tests/chronograph_blanks.py
31015510,33,62,95,openprocurement/tender/openeu/tests/chronograph.py
31015510,59,40,99,openprocurement/tender/openeu/tests/chronograph_blanks.py
31015510,2,2,4,openprocurement/tender/openeu/tests/complaint.py
31015510,0,9,9,openprocurement/tender/openeu/tests/auction.py
31015510,2,2,4,openprocurement/tender/openeu/tests/lot.py
31015510,4,4,8,openprocurement/tender/openeu/tests/bid_blanks.py
31015510,1,1,2,setup.py
31015510,22,20,42,openprocurement/tender/openeu/tests/cancellation.py
31015510,1,1,2,openprocurement/tender/openeu/tests/base.py
31015510,8,8,16,openprocurement/tender/openeu/tests/tender_blanks.py
31015510,2,2,4,openprocurement/tender/openeu/tests/lot_blanks.py
31015510,9,9,18,openprocurement/tender/openeu/tests/lot_blanks.py
31015510,1,1,2,openprocurement/tender/openeu/tests/tender.py
31015510,3,3,6,openprocurement/tender/openeu/tests/tender_blanks.py
31015510,3,2,5,openprocurement/tender/openeu/tests/tender.py
31015510,3,3,6,openprocurement/tender/openeu/tests/tender_blanks.py
31015510,11,180,191,openprocurement/tender/openeu/tests/award.py
31015510,2,2,4,openprocurement/tender/openeu/tests/award_blanks.py
31015510,40,0,40,openprocurement/tender/openeu/tests/base.py
31015510,4,0,4,openprocurement/tender/openeu/tests/qualification.py
31015510,42,0,42,openprocurement/tender/openeu/tests/qualification_blanks.py
31015510,6,3,9,openprocurement/tender/openeu/views/qualification_document.py
31015510,3,3,6,openprocurement/tender/openeu/tests/lot_blanks.py
31015510,7,7,14,openprocurement/tender/openeu/tests/lot_blanks.py
31015510,3,1,4,openprocurement/tender/openeu/tests/tender.py
31015510,1,1,2,openprocurement/tender/openeu/tests/tender_blanks.py
31015510,3,0,3,openprocurement/tender/openeu/tests/qualification.py
31015510,7,0,7,openprocurement/tender/openeu/tests/qualification_blanks.py
31015510,43,1306,1349,openprocurement/tender/openeu/tests/bid.py
31015510,135,0,135,openprocurement/tender/openeu/tests/bid_blanks.py
31015510,3,6,9,openprocurement/tender/openeu/tests/base.py
31015510,1,0,1,openprocurement/tender/openeu/tests/lot.py
31015510,0,2,2,openprocurement/tender/openeu/tests/auction.py
31015510,8,5,13,openprocurement/tender/openeu/tests/base.py
31015510,8,8,16,openprocurement/tender/openeu/tests/lot_blanks.py
31015510,1,0,1,openprocurement/tender/openeu/tests/base.py
31015510,1,11,12,openprocurement/tender/openeu/views/auction.py
31015510,1,12,13,openprocurement/tender/openeu/models.py
31015510,0,90,90,openprocurement/tender/openeu/views/auction.py
31015510,1,17,18,openprocurement/tender/openeu/views/lot.py
31015510,4,0,4,openprocurement/tender/openeu/tests/base.py
31015510,0,1,1,openprocurement/tender/openeu/tests/contract.py
31015510,0,1,1,openprocurement/tender/openeu/tests/document.py
31015510,0,4,4,openprocurement/tender/openeu/tests/lot.py
31015510,8,8,16,openprocurement/tender/openeu/tests/lot_blanks.py
31015510,0,1,1,openprocurement/tender/openeu/tests/question.py
31015510,0,1,1,openprocurement/tender/openeu/tests/tender.py
31015510,2,2,4,openprocurement/tender/openeu/models.py
31015510,4,2,6,openprocurement/tender/openeu/utils.py
31015510,4,3,7,openprocurement/tender/openeu/tests/complaint.py
31015510,16,5,21,openprocurement/tender/openeu/tests/lot.py
31015510,12,14,26,openprocurement/tender/openeu/tests/lot_blanks.py
31015510,1,0,1,openprocurement/tender/openeu/tests/bid.py
31015510,1,17,18,openprocurement/tender/openeu/models.py
31015510,26,16,42,openprocurement/tender/openeu/tests/bid.py
31015510,15,12,27,openprocurement/tender/openeu/tests/bid_blanks.py
31015510,2,2,4,openprocurement/tender/openeu/models.py
31015510,1,0,1,openprocurement/tender/openeu/views/bid.py
31015510,2,0,2,openprocurement/tender/openeu/tests/question.py
31015510,2,0,2,openprocurement/tender/openeu/tests/chronograph.py
31015510,1,3,4,openprocurement/tender/openeu/tests/chronograph_blanks.py
31015510,0,1,1,openprocurement/tender/openeu/views/bid.py
31015510,2,2,4,openprocurement/tender/openeu/views/qualification_complaint_document.py
31015510,1,1,2,openprocurement/tender/openeu/views/tender.py
31015510,7,7,14,openprocurement/tender/openeu/models.py
31015510,50,27,77,openprocurement/tender/openeu/tests/award.py
31015510,1,1,2,setup.py
31015510,13,36,49,openprocurement/tender/openeu/tests/auction.py
31015510,16,40,56,openprocurement/tender/openeu/tests/lot.py
31015510,16,24,40,openprocurement/tender/openeu/tests/complaint.py
31015510,13,27,40,openprocurement/tender/openeu/tests/contract.py
31015510,1,1,2,openprocurement/tender/openeu/tests/question.py
31015510,1,1,2,openprocurement/tender/openeu/tests/tender.py
31015510,17,55,72,openprocurement/tender/openeu/tests/award.py
31015510,5,23,28,openprocurement/tender/openeu/tests/document.py
31015510,11,24,35,openprocurement/tender/openeu/tests/cancellation.py
31015510,7,13,20,openprocurement/tender/openeu/tests/question.py
31015510,4,32,36,openprocurement/tender/openeu/tests/tender.py
31015510,2,2,4,openprocurement/tender/openeu/tests/lot.py
31015510,2,1,3,openprocurement/tender/openeu/tests/auction.py
31015510,1,1,2,openprocurement/tender/openeu/tests/contract.py
31015510,3,5,8,openprocurement/tender/openeu/tests/lot.py
31015510,1,1,2,openprocurement/tender/openeu/tests/lot_blanks.py
31015510,1,1,2,openprocurement/tender/openeu/tests/auction.py
31015510,1,1,2,openprocurement/tender/openeu/tests/contract.py
31015510,3,5,8,openprocurement/tender/openeu/tests/lot.py
31015510,1,1,2,openprocurement/tender/openeu/tests/lot_blanks.py
31015510,31,18,49,openprocurement/tender/openeu/tests/lot.py
31015510,0,799,799,openprocurement/tender/openeu/tests/lot_blanks.py
31015510,13,6,19,openprocurement/tender/openeu/tests/contract.py
31015510,0,466,466,openprocurement/tender/openeu/tests/contract_blanks.py
31015510,15,11,26,openprocurement/tender/openeu/tests/complaint.py
31015510,0,700,700,openprocurement/tender/openeu/tests/complaint_blanks.py
31015510,24,21,45,openprocurement/tender/openeu/tests/auction.py
31015510,0,857,857,openprocurement/tender/openeu/tests/auction_blanks.py
31015510,49,0,49,docs.py
31015510,1,1,2,openprocurement/tender/openeu/models.py
31015510,1323,0,1323,openprocurement/tender/openeu/tests/bid.py
31015510,3,3,6,openprocurement/tender/openeu/views/bid_document.py
31015510,1,1,2,openprocurement/tender/openeu/tests/document.py
31015510,0,1,1,openprocurement/tender/openeu/tests/question_blanks.py
31015510,40,31,71,openprocurement/tender/openeu/tests/award.py
31015510,152,1555,1707,openprocurement/tender/openeu/tests/award_blanks.py
31015510,9,8,17,openprocurement/tender/openeu/tests/document.py
31015510,0,643,643,openprocurement/tender/openeu/tests/document_blanks.py
31015510,0,1,1,openprocurement/tender/openeu/views/bid.py
31015510,3,7,10,openprocurement/tender/openeu/views/tender.py
31015510,2,4,6,openprocurement/tender/openeu/views/qualification.py
31015510,5,13,18,openprocurement/tender/openeu/views/qualification_complaint.py
31015510,4,9,13,openprocurement/tender/openeu/views/qualification_complaint_document.py
31015510,2,3,5,openprocurement/tender/openeu/views/cancellation.py
31015510,6,16,22,openprocurement/tender/openeu/views/bid_document.py
31015510,14,39,53,openprocurement/tender/openeu/validation.py
31015510,10,4,14,openprocurement/tender/openeu/tests/chronograph.py
31015510,0,25,25,openprocurement/tender/openeu/tests/chronograph_blanks.py
31015510,19,8,27,openprocurement/tender/openeu/tests/question.py
31015510,76,0,76,openprocurement/tender/openeu/tests/question_blanks.py
31015510,0,408,408,openprocurement/tender/openeu/tests/questions_blanks.py
31015510,7,4,11,openprocurement/tender/openeu/tests/tender.py
31015510,1,53,54,openprocurement/tender/openeu/tests/tender_blanks.py
31015510,1,1,2,openprocurement/tender/openeu/validation.py
31015510,1,1,2,openprocurement/tender/openeu/validation.py
31015510,1,4,5,openprocurement/tender/openeu/views/bid.py
31015510,25,18,43,openprocurement/tender/openeu/tests/cancellation.py
31015510,1,673,674,openprocurement/tender/openeu/tests/cancellation_blanks.py
31015510,23,14,37,openprocurement/tender/openeu/tests/tender.py
31015510,0,766,766,openprocurement/tender/openeu/tests/tender_blanks.py
31015510,8,1,9,openprocurement/tender/openeu/adapters.py
31015510,4,3,7,openprocurement/tender/openeu/views/tender.py
31015510,1,1,2,openprocurement/tender/openeu/views/qualification_complaint_document.py
31015510,4,1,5,openprocurement/tender/openeu/adapters.py
31015510,10,6,16,openprocurement/tender/openeu/views/tender.py
31015510,0,1,1,openprocurement/tender/openeu/adapters.py
31015510,2,3,5,openprocurement/tender/openeu/views/lot.py
31015510,5,17,22,openprocurement/tender/openeu/views/tender.py
31015510,7,0,7,openprocurement/tender/openeu/adapters.py
31015510,22,0,22,openprocurement/tender/openeu/adapters.py
31015510,8,1,9,openprocurement/tender/openeu/includeme.py
31015510,5,1,6,openprocurement/tender/openeu/models.py
31015510,1,1,2,openprocurement/tender/openeu/views/qualification_document.py
31015510,21,0,21,openprocurement/tender/openeu/tests/award.py
31015510,21,0,21,openprocurement/tender/openeu/tests/qualification.py
31015510,24,0,24,openprocurement/tender/openeu/tests/tender.py
31015510,16,10,26,openprocurement/tender/openeu/views/qualification_document.py
31015510,20,0,20,openprocurement/tender/openeu/tests/award.py
31015510,3,5,8,openprocurement/tender/openeu/views/bid.py
31015510,7,12,19,openprocurement/tender/openeu/views/qualification.py
31015510,18,33,51,openprocurement/tender/openeu/views/qualification_complaint.py
31015510,4,0,4,openprocurement/tender/openeu/views/qualification_complaint_document.py
31015510,8,30,38,openprocurement/tender/openeu/views/qualification_document.py
31015510,66,10,76,openprocurement/tender/openeu/validation.py
31015510,6,5,11,openprocurement/tender/openeu/tests/auction.py
31015510,1,0,1,openprocurement/tender/openeu/tests/auction_blanks.py
31015510,0,1,1,openprocurement/tender/openeu/tests/question.py
31015510,5,2,7,openprocurement/tender/openeu/tests/auction_blanks.py
31015510,20,0,20,openprocurement/tender/openeu/tests/qualification.py
31015510,1,1,2,openprocurement/tender/openeu/views/qualification_document.py
31015510,4,0,4,openprocurement/tender/openeu/views/cancellation.py
31015510,3,2,5,openprocurement/tender/openeu/views/lot.py
31015510,26,75,101,openprocurement/tender/openeu/views/bid_document.py
31015510,18,37,55,openprocurement/tender/openeu/views/bid.py
31015510,40,0,40,openprocurement/tender/openeu/validation.py
31015510,3,3,6,openprocurement/tender/openeu/tests/bid.py
31015510,31,31,62,openprocurement/tender/openeu/tests/bid_blanks.py
31015510,5,5,10,openprocurement/tender/openeu/tests/lot.py
31015510,71,71,142,openprocurement/tender/openeu/tests/lot_blanks.py
31015510,2,2,4,openprocurement/tender/openeu/tests/question.py
31015510,16,16,32,openprocurement/tender/openeu/tests/questions_blanks.py
31015510,1,1,2,openprocurement/tender/openeu/tests/tender.py
31015510,1,1,2,openprocurement/tender/openeu/tests/tender_blanks.py
31015510,1,1,2,openprocurement/tender/openeu/tests/award.py
31015510,1,1,2,openprocurement/tender/openeu/tests/bid.py
31015510,1,2,3,openprocurement/tender/openeu/tests/cancellation.py
31015510,0,2,2,openprocurement/tender/openeu/tests/cancellation_blanks.py
31015510,1,1,2,openprocurement/tender/openeu/tests/chronograph.py
31015510,1,0,1,openprocurement/tender/openeu/tests/chronograph_blanks.py
31015510,1,1,2,openprocurement/tender/openeu/tests/complaint.py
31015510,3,1,4,openprocurement/tender/openeu/tests/contract.py
31015510,1,0,1,openprocurement/tender/openeu/tests/contract_blanks.py
31015510,1,1,2,openprocurement/tender/openeu/tests/document.py
31015510,1,1,2,openprocurement/tender/openeu/tests/lot.py
31015510,2,0,2,openprocurement/tender/openeu/tests/lot_blanks.py
31015510,2,4,6,openprocurement/tender/openeu/tests/qualification.py
31015510,3,2,5,openprocurement/tender/openeu/tests/question.py
31015510,1,0,1,openprocurement/tender/openeu/tests/tender.py
31015510,2,0,2,openprocurement/tender/openeu/tests/tender_blanks.py
31015510,12,14,26,openprocurement/tender/openeu/views/tender.py
31015510,5,2,7,openprocurement/tender/openeu/tests/auction.py
31015510,4,4,8,openprocurement/tender/openeu/tests/auction.py
31015510,1,0,1,openprocurement/tender/openeu/includeme.py
31015510,0,12,12,openprocurement/tender/openeu/models.py
31015510,23,0,23,openprocurement/tender/openeu/subscribers.py
31015510,4,4,8,openprocurement/tender/openeu/tests/auction.py
31015510,1,1,2,openprocurement/tender/openeu/tests/base.py
31015510,3,1,4,openprocurement/tender/openeu/views/tender.py
31015510,90,2022,2112,openprocurement/tender/openeu/tests/lot.py
31015510,2106,0,2106,openprocurement/tender/openeu/tests/lot_blanks.py
31015510,97,2267,2364,openprocurement/tender/openeu/tests/award.py
31015510,2396,0,2396,openprocurement/tender/openeu/tests/award_blanks.py
31015510,1,1,2,setup.py
31015510,41,963,1004,openprocurement/tender/openeu/tests/auction.py
31015510,1011,0,1011,openprocurement/tender/openeu/tests/auction_blanks.py
31015510,62,2965,3027,openprocurement/tender/openeu/tests/bid.py
31015510,3029,0,3029,openprocurement/tender/openeu/tests/bid_blanks.py
31015510,23,73,96,openprocurement/tender/openeu/tests/chronograph.py
31015510,93,0,93,openprocurement/tender/openeu/tests/chronograph_blanks.py
31015510,63,1093,1156,openprocurement/tender/openeu/tests/cancellation.py
31015510,1151,0,1151,openprocurement/tender/openeu/tests/cancellation_blanks.py
31015510,36,731,767,openprocurement/tender/openeu/tests/complaint.py
31015510,791,0,791,openprocurement/tender/openeu/tests/complaint_blanks.py
31015510,27,587,614,openprocurement/tender/openeu/tests/contract.py
31015510,647,0,647,openprocurement/tender/openeu/tests/contract_blanks.py
31015510,21,615,636,openprocurement/tender/openeu/tests/document.py
31015510,643,0,643,openprocurement/tender/openeu/tests/document_blanks.py
31015510,1,0,1,openprocurement/tender/openeu/tests/questions_blanks.py
31015510,2,2,4,openprocurement/tender/openeu/tests/tender_blanks.py
31015510,141,1857,1998,openprocurement/tender/openeu/tests/qualification.py
31015510,1951,0,1951,openprocurement/tender/openeu/tests/qualification_blanks.py
31015510,28,367,395,openprocurement/tender/openeu/tests/question.py
31015510,407,0,407,openprocurement/tender/openeu/tests/questions_blanks.py
31015510,64,1717,1781,openprocurement/tender/openeu/tests/tender.py
31015510,1762,0,1762,openprocurement/tender/openeu/tests/tender_blanks.py
31015510,2,3,5,openprocurement/tender/openeu/models.py
31015510,2,1,3,openprocurement/tender/openeu/models.py
31015510,51,0,51,openprocurement/tender/openeu/tests/qualification.py
31015510,2,1,3,openprocurement/tender/openeu/utils.py
31015510,16,13,29,openprocurement/tender/openeu/tests/tender.py
31015510,0,5,5,openprocurement/tender/openeu/__init__.py
31015510,10,0,10,openprocurement/tender/openeu/constants.py
31015510,6,0,6,openprocurement/tender/openeu/includeme.py
31015510,70,40,110,openprocurement/tender/openeu/models.py
31015510,1,1,2,openprocurement/tender/openeu/traversal.py
31015510,5,2,7,openprocurement/tender/openeu/utils.py
31015510,0,1,1,openprocurement/tender/openeu/validation.py
31015510,9,4,13,openprocurement/tender/openeu/tests/auction.py
31015510,1,2,3,openprocurement/tender/openeu/tests/award.py
31015510,12,8,20,openprocurement/tender/openeu/tests/base.py
31015510,1,2,3,openprocurement/tender/openeu/tests/chronograph.py
31015510,1,1,2,openprocurement/tender/openeu/tests/complaint.py
31015510,2,2,4,openprocurement/tender/openeu/tests/contract.py
31015510,2,2,4,openprocurement/tender/openeu/tests/lot.py
31015510,12,5,17,openprocurement/tender/openeu/tests/tender.py
31015510,13,7,20,openprocurement/tender/openeu/views/auction.py
31015510,6,6,12,openprocurement/tender/openeu/views/award.py
31015510,6,6,12,openprocurement/tender/openeu/views/award_complaint.py
31015510,6,6,12,openprocurement/tender/openeu/views/award_complaint_document.py
31015510,6,6,12,openprocurement/tender/openeu/views/award_document.py
31015510,15,12,27,openprocurement/tender/openeu/views/bid.py
31015510,16,12,28,openprocurement/tender/openeu/views/bid_document.py
31015510,11,7,18,openprocurement/tender/openeu/views/cancellation.py
31015510,9,7,16,openprocurement/tender/openeu/views/cancellation_document.py
31015510,9,7,16,openprocurement/tender/openeu/views/complaint.py
31015510,9,7,16,openprocurement/tender/openeu/views/complaint_document.py
31015510,9,7,16,openprocurement/tender/openeu/views/contract.py
31015510,9,7,16,openprocurement/tender/openeu/views/contract_document.py
31015510,15,11,26,openprocurement/tender/openeu/views/lot.py
31015510,17,11,28,openprocurement/tender/openeu/views/qualification.py
31015510,17,14,31,openprocurement/tender/openeu/views/qualification_complaint.py
31015510,5,6,11,openprocurement/tender/openeu/views/qualification_complaint_document.py
31015510,9,8,17,openprocurement/tender/openeu/views/qualification_document.py
31015510,9,7,16,openprocurement/tender/openeu/views/question.py
31015510,24,15,39,openprocurement/tender/openeu/views/tender.py
31015510,9,7,16,openprocurement/tender/openeu/views/tender_document.py
31015510,2,2,4,setup.py
31015510,1,1,2,setup.py
31015510,1,1,2,setup.py
31015510,70,0,70,openprocurement/tender/openeu/tests/qualification.py
31015510,2,2,4,openprocurement/tender/openeu/views/qualification_complaint.py
31015510,7,8,15,docs.py
31015510,9,6,15,openprocurement/tender/openeu/models.py
31015510,44,0,44,openprocurement/tender/openeu/tests/qualification.py
31015510,2,1,3,openprocurement/tender/openeu/views/tender.py
31015510,6,1,7,openprocurement/tender/openeu/models.py
31015510,24,0,24,openprocurement/tender/openeu/tests/tender.py
31015510,1,1,2,setup.py
31015510,44,0,44,openprocurement/tender/openeu/tests/award.py
31015510,10,0,10,openprocurement/tender/openeu/views/qualification_complaint.py
31015510,1,1,2,setup.py
31015510,4,0,4,openprocurement/tender/openeu/models.py
31015510,81,0,81,openprocurement/tender/openeu/tests/tender.py
31015510,12,0,12,openprocurement/tender/openeu/utils.py
31015510,1,1,2,setup.py
31015510,2,2,4,openprocurement/tender/openeu/views/qualification_document.py
31015510,1,1,2,setup.py
31015510,14,3,17,openprocurement/tender/openeu/tests/tender.py
31015510,1,1,2,openprocurement/tender/openeu/tests/tender.py
31015510,13,2,15,openprocurement/tender/openeu/models.py
31015510,99,1,100,openprocurement/tender/openeu/tests/tender.py
31015510,5,4,9,openprocurement/tender/openeu/tests/bid.py
31015510,4,0,4,openprocurement/tender/openeu/views/bid.py
31015510,29,4,33,openprocurement/tender/openeu/tests/tender.py
31015510,10,1,11,openprocurement/tender/openeu/tests/bid.py
31015510,52,0,52,openprocurement/tender/openeu/tests/bid.py
31015510,5,0,5,openprocurement/tender/openeu/views/bid_document.py
31015510,35,0,35,openprocurement/tender/openeu/tests/bid.py
31015510,1,1,2,setup.py
31015510,1,1,2,openprocurement/tender/openeu/views/qualification_complaint.py
31015510,1,1,2,setup.py
31015510,1,1,2,setup.py
31015510,1,1,2,openprocurement/tender/openeu/tests/bid.py
31015510,1,1,2,openprocurement/tender/openeu/views/bid.py
31015510,1,1,2,setup.py
31015510,35,0,35,openprocurement/tender/openeu/models.py
31015510,388,8,396,openprocurement/tender/openeu/tests/bid.py
31015510,1,1,2,setup.py
31015510,1,1,2,setup.py
31015510,74,1,75,openprocurement/tender/openeu/tests/lot.py
31015510,2,3,5,openprocurement/tender/openeu/models.py
31015510,4,3,7,openprocurement/tender/openeu/utils.py
31015510,80,0,80,openprocurement/tender/openeu/tests/lot.py
31015510,2,2,4,openprocurement/tender/openeu/models.py
31015510,2,2,4,openprocurement/tender/openeu/utils.py
31015510,4,2,6,openprocurement/tender/openeu/tests/auction.py
31015510,43,17,60,openprocurement/tender/openeu/tests/award.py
31015510,49,0,49,docs.py
31015510,33,3,36,openprocurement/tender/openeu/models.py
31015510,2,4,6,openprocurement/tender/openeu/tests/cancellation.py
31015510,57,0,57,openprocurement/tender/openeu/tests/tender.py
31015510,160,0,160,openprocurement/tender/openeu/tests/lot.py
31015510,0,91,91,openprocurement/tender/openeu/utils.py
31015510,1,1,2,openprocurement/tender/openeu/views/auction.py
31015510,1,1,2,openprocurement/tender/openeu/views/cancellation.py
31015510,1,1,2,setup.py
31015510,4,0,4,openprocurement/tender/openeu/tests/question.py
31015510,3,0,3,openprocurement/tender/openeu/models.py
31015510,30,24,54,openprocurement/tender/openeu/models.py
31015510,30,0,30,openprocurement/tender/openeu/tests/bid.py
31015510,1,1,2,setup.py
31015510,1,1,2,openprocurement/tender/openeu/utils.py
31015510,1,1,2,openprocurement/tender/openeu/models.py
31015510,1319,0,1319,openprocurement/tender/openeu/tests/bid.py
31015510,1,1,2,setup.py
31015510,1,1,2,setup.py
31015510,1,1,2,setup.py
31015510,66,0,66,openprocurement/tender/openeu/tests/qualification.py
31015510,4,0,4,openprocurement/tender/openeu/views/tender.py
31015510,115,44,159,openprocurement/tender/openeu/tests/bid.py
31015510,1,1,2,setup.py
31015510,1,1,2,setup.py
31015510,237,1,238,openprocurement/tender/openeu/tests/cancellation.py
31015510,9,8,17,openprocurement/tender/openeu/views/cancellation.py
31015510,1,1,2,setup.py
31015510,17,0,17,openprocurement/tender/openeu/views/cancellation.py
31015510,4,10,14,openprocurement/tender/openeu/tests/base.py
31015510,33,18,51,openprocurement/tender/openeu/models.py
31015510,7,35,42,openprocurement/tender/openeu/utils.py
31015510,1,1,2,setup.py
31015510,1,1,2,setup.py
31015510,150,60,210,openprocurement/tender/openeu/tests/cancellation.py
31015510,3,3,6,openprocurement/tender/openeu/views/bid_document.py
31015510,2,2,4,openprocurement/tender/openeu/views/cancellation.py
31015510,1,1,2,openprocurement/tender/openeu/views/qualification_complaint.py
31015510,292,1,293,openprocurement/tender/openeu/tests/cancellation.py
31015510,11,1,12,openprocurement/tender/openeu/views/bid_document.py
31015510,2,2,4,openprocurement/tender/openeu/views/cancellation.py
31015510,4,3,7,openprocurement/tender/openeu/models.py
31015510,1,1,2,setup.py
31015510,16,0,16,openprocurement/tender/openeu/tests/award.py
31015510,1,1,2,setup.py
31015510,1,1,2,openprocurement/tender/openeu/views/award_document.py
31015510,1,1,2,openprocurement/tender/openeu/views/contract_document.py
31015510,7,0,7,openprocurement/tender/openeu/tests/award.py
31015510,1,1,2,openprocurement/tender/openeu/views/qualification_complaint.py
31015510,264,0,264,openprocurement/tender/openeu/tests/document.py
31015510,1,1,2,setup.py
31015510,2,2,4,openprocurement/tender/openeu/models.py
31015510,100,0,100,docs.py
31015510,32,0,32,openprocurement/tender/openeu/tests/award.py
31015510,32,0,32,openprocurement/tender/openeu/tests/qualification.py
31015510,2,2,4,openprocurement/tender/openeu/utils.py
31015510,18,3,21,openprocurement/tender/openeu/views/qualification_complaint.py
31015510,1,1,2,setup.py
31015510,108,61,169,openprocurement/tender/openeu/tests/bid.py
31015510,1,1,2,setup.py
31015510,4,4,8,openprocurement/tender/openeu/models.py
31015510,1,0,1,openprocurement/tender/openeu/views/bid_document.py
31015510,3,2,5,openprocurement/tender/openeu/models.py
31015510,3,2,5,openprocurement/tender/openeu/views/tender.py
31015510,42,13,55,openprocurement/tender/openeu/tests/bid.py
31015510,12,9,21,openprocurement/tender/openeu/views/bid_document.py
31015510,1,1,2,openprocurement/tender/openeu/models.py
31015510,5,0,5,openprocurement/tender/openeu/models.py
31015510,30,16,46,openprocurement/tender/openeu/tests/award.py
31015510,13,6,19,openprocurement/tender/openeu/tests/complaint.py
31015510,24,9,33,openprocurement/tender/openeu/tests/qualification.py
31015510,2,2,4,openprocurement/tender/openeu/traversal.py
31015510,5,1,6,openprocurement/tender/openeu/tests/bid.py
31015510,4,0,4,openprocurement/tender/openeu/tests/complaint.py
31015510,2,2,4,openprocurement/tender/openeu/tests/lot.py
31015510,2,1,3,openprocurement/tender/openeu/tests/qualification.py
31015510,2,2,4,openprocurement/tender/openeu/tests/tender.py
31015510,5,0,5,openprocurement/tender/openeu/utils.py
31015510,3,1,4,openprocurement/tender/openeu/views/lot.py
31015510,1,0,1,openprocurement/tender/openeu/views/qualification_complaint.py
31015510,2,2,4,openprocurement/tender/openeu/models.py
31015510,4,0,4,openprocurement/tender/openeu/tests/base.py
31015510,64,33,97,openprocurement/tender/openeu/tests/document.py
31015510,13,7,20,openprocurement/tender/openeu/models.py
31015510,12,0,12,docs.py
31015510,1,1,2,setup.py
31015510,4,1,5,openprocurement/tender/openeu/models.py
31015510,2,3,5,openprocurement/tender/openeu/tests/lot.py
31015510,1,0,1,openprocurement/tender/openeu/tests/tender.py
31015510,5,5,10,openprocurement/tender/openeu/models.py
31015510,2,3,5,openprocurement/tender/openeu/tests/bid.py
31015510,3,0,3,openprocurement/tender/openeu/utils.py
31015510,4,1,5,openprocurement/tender/openeu/views/bid.py
31015510,1,1,2,setup.py
31015510,1,1,2,openprocurement/tender/openeu/models.py
31015510,4,1,5,openprocurement/tender/openeu/models.py
31015510,1,0,1,openprocurement/tender/openeu/views/tender.py
31015510,1,1,2,setup.py
31015510,67,0,67,openprocurement/tender/openeu/tests/award.py
31015510,1,1,2,openprocurement/tender/openeu/models.py
31015510,4,4,8,openprocurement/tender/openeu/models.py
31015510,15,15,30,openprocurement/tender/openeu/tests/bid.py
31015510,9,1,10,openprocurement/tender/openeu/models.py
31015510,6,0,6,openprocurement/tender/openeu/tests/tender.py
31015510,0,3,3,openprocurement/tender/openeu/models.py
31015510,5,3,8,openprocurement/tender/openeu/tests/base.py
31015510,12,5,17,openprocurement/tender/openeu/tests/tender.py
31015510,3,3,6,docs.py
31015510,8,8,16,openprocurement/tender/openeu/tests/award.py
31015510,3,3,6,openprocurement/tender/openeu/tests/complaint.py
31015510,11,2,13,openprocurement/tender/openeu/tests/contract.py
31015510,8,8,16,openprocurement/tender/openeu/tests/qualification.py
31015510,2,2,4,openprocurement/tender/openeu/views/qualification_complaint.py
31015510,5,5,10,openprocurement/tender/openeu/models.py
31015510,56,0,56,openprocurement/tender/openeu/tests/tender.py
31015510,1,0,1,openprocurement/tender/openeu/models.py
31015510,3,0,3,openprocurement/tender/openeu/models.py
31015510,1,1,2,openprocurement/tender/openeu/tests/bid.py
31015510,1,1,2,openprocurement/tender/openeu/tests/lot.py
31015510,40,14,54,openprocurement/tender/openeu/tests/tender.py
31015510,1,0,1,openprocurement/tender/openeu/models.py
31015510,5,0,5,openprocurement/tender/openeu/tests/tender.py
31015510,1,0,1,docs.py
31015510,13,1,14,openprocurement/tender/openeu/models.py
31015510,4,4,8,openprocurement/tender/openeu/tests/auction.py
31015510,44,43,87,openprocurement/tender/openeu/tests/award.py
31015510,1,0,1,openprocurement/tender/openeu/tests/base.py
31015510,2,4,6,openprocurement/tender/openeu/tests/bid.py
31015510,3,3,6,openprocurement/tender/openeu/tests/chronograph.py
31015510,3,2,5,openprocurement/tender/openeu/tests/contract.py
31015510,6,5,11,openprocurement/tender/openeu/tests/tender.py
31015510,2,2,4,setup.py
31015510,126,0,126,openprocurement/tender/openeu/tests/lot.py
31015510,2,2,4,openprocurement/tender/openeu/models.py
31015510,10,9,19,openprocurement/tender/openeu/utils.py
31015510,34,0,34,openprocurement/tender/openeu/views/bid.py
31015510,13,21,34,openprocurement/tender/openeu/models.py
31015510,9,9,18,openprocurement/tender/openeu/utils.py
31015510,1,1,2,setup.py
31015510,1,0,1,openprocurement/tender/openeu/views/bid_document.py
31015510,1,1,2,openprocurement/tender/openeu/views/bid.py
31015510,15,0,15,openprocurement/tender/openeu/views/bid_document.py
31015510,6,1,7,openprocurement/tender/openeu/views/bid.py
31015510,20,16,36,openprocurement/tender/openeu/tests/lot.py
31015510,2,2,4,setup.py
31015510,136,12,148,docs.py
31015510,10,5,15,openprocurement/tender/openeu/views/qualification_complaint.py
31015510,1,1,2,docs.py
31015510,1,8,9,openprocurement/tender/openeu/tests/award.py
31015510,3,2,5,openprocurement/tender/openeu/models.py
31015510,11,1,12,openprocurement/tender/openeu/utils.py
31015510,29,11,40,docs.py
31015510,443,320,763,openprocurement/tender/openeu/tests/award.py
31015510,3,0,3,openprocurement/tender/openeu/models.py
31015510,8,0,8,openprocurement/tender/openeu/models.py
31015510,2,0,2,openprocurement/tender/openeu/models.py
31015510,0,4,4,openprocurement/tender/openeu/tests/auction.py
31015510,0,3,3,openprocurement/tender/openeu/tests/chronograph.py
31015510,0,4,4,openprocurement/tender/openeu/tests/contract.py
31015510,0,10,10,openprocurement/tender/openeu/tests/tender.py
31015510,4,5,9,openprocurement/tender/openeu/tests/auction.py
31015510,2324,0,2324,openprocurement/tender/openeu/tests/award.py
31015510,0,7,7,openprocurement/tender/openeu/tests/base.py
31015510,2,2,4,openprocurement/tender/openeu/tests/chronograph.py
31015510,4,4,8,openprocurement/tender/openeu/tests/contract.py
31015510,10,10,20,openprocurement/tender/openeu/tests/tender.py
31015510,2,2,4,openprocurement/tender/openeu/models.py
31015510,133,1,134,openprocurement/tender/openeu/tests/lot.py
31015510,47,0,47,openprocurement/tender/openeu/tests/tender.py
31015510,1,1,2,openprocurement/tender/openeu/models.py
31015510,1,13,14,openprocurement/tender/openeu/models.py
31015510,2,1,3,openprocurement/tender/openeu/models.py
31015510,15,1,16,openprocurement/tender/openeu/tests/qualification.py
31015510,11,5,16,openprocurement/tender/openeu/models.py
31015510,4,0,4,openprocurement/tender/openeu/models.py
31015510,42,0,42,openprocurement/tender/openeu/tests/lot.py
31015510,2,2,4,openprocurement/tender/openeu/models.py
31015510,30,13,43,openprocurement/tender/openeu/tests/contract.py
31015510,15,0,15,openprocurement/tender/openeu/tests/contract.py
31015510,3,3,6,openprocurement/tender/openeu/tests/lot.py
31015510,9,9,18,docs.py
31015510,0,27,27,openprocurement/tender/openeu/tests/bid.py
31015510,22,0,22,openprocurement/tender/openeu/tests/lot.py
31015510,24,0,24,openprocurement/tender/openeu/tests/tender.py
31015510,4,4,8,openprocurement/tender/openeu/models.py
31015510,32,10,42,docs.py
31015510,17,15,32,openprocurement/tender/openeu/models.py
31015510,2,2,4,openprocurement/tender/openeu/tests/auction.py
31015510,18,18,36,openprocurement/tender/openeu/tests/bid.py
31015510,2,2,4,openprocurement/tender/openeu/tests/contract.py
31015510,9,9,18,openprocurement/tender/openeu/tests/lot.py
31015510,13,13,26,openprocurement/tender/openeu/tests/qualification.py
31015510,8,8,16,openprocurement/tender/openeu/tests/tender.py
31015510,4,0,4,openprocurement/tender/openeu/models.py
31015510,3,1,4,openprocurement/tender/openeu/tests/bid.py
31015510,9,3,12,docs.py
31015510,1,0,1,openprocurement/tender/openeu/models.py
31015510,1,1,2,openprocurement/tender/openeu/models.py
31015510,12,1,13,openprocurement/tender/openeu/tests/base.py
31015510,12,0,12,openprocurement/tender/openeu/tests/tender.py
31015510,9,3,12,docs.py
31015510,18,5,23,openprocurement/tender/openeu/models.py
31015510,11,5,16,openprocurement/tender/openeu/tests/auction.py
31015510,6,2,8,openprocurement/tender/openeu/tests/base.py
31015510,98,54,152,openprocurement/tender/openeu/tests/bid.py
31015510,58,31,89,openprocurement/tender/openeu/tests/lot.py
31015510,12,6,18,openprocurement/tender/openeu/tests/tender.py
31015510,16,3,19,openprocurement/tender/openeu/models.py
31015510,11,5,16,openprocurement/tender/openeu/tests/auction.py
31015510,6,2,8,openprocurement/tender/openeu/tests/base.py
31015510,98,54,152,openprocurement/tender/openeu/tests/bid.py
31015510,51,31,82,openprocurement/tender/openeu/tests/lot.py
31015510,13,7,20,openprocurement/tender/openeu/tests/tender.py
31015510,19,0,19,openprocurement/tender/openeu/models.py
31015510,1,1,2,openprocurement/tender/openeu/views/qualification_complaint.py
31015510,12,6,18,openprocurement/tender/openeu/models.py
31015510,1,1,2,openprocurement/tender/openeu/tests/chronograph.py
31015510,4,2,6,openprocurement/tender/openeu/tests/lot.py
31015510,7,4,11,openprocurement/tender/openeu/tests/tender.py
31015510,3,3,6,openprocurement/tender/openeu/models.py
31015510,7,0,7,openprocurement/tender/openeu/tests/lot.py
31015510,1,1,2,openprocurement/tender/openeu/tests/tender.py
31015510,1,0,1,openprocurement/tender/openeu/models.py
31015510,1,1,2,openprocurement/tender/openeu/views/tender.py
31015510,0,1,1,openprocurement/tender/openeu/tests/base.py
31015510,1,3,4,openprocurement/tender/openeu/models.py
31015510,1,12,13,openprocurement/tender/openeu/tests/base.py
31015510,9,0,9,docs.py
31015510,3,1,4,openprocurement/tender/openeu/models.py
31015510,0,10,10,openprocurement/tender/openeu/tests/chronograph.py
31015510,12,0,12,openprocurement/tender/openeu/tests/question.py
31015510,4,1,5,openprocurement/tender/openeu/utils.py
31015510,2,55,57,openprocurement/tender/openeu/views/question.py
31015510,3,0,3,openprocurement/tender/openeu/models.py
31015510,10,0,10,openprocurement/tender/openeu/tests/tender.py
31015510,16,16,32,docs.py
31015510,5,0,5,docs.py
31015510,1,1,2,openprocurement/tender/openeu/tests/tender.py
31015510,8,0,8,docs.py
31015510,8,0,8,docs.py
31015510,16,3,19,docs.py
31015510,9,1,10,openprocurement/tender/openeu/models.py
31015510,8,1,9,openprocurement/tender/openeu/tests/cancellation.py
31015510,25,0,25,openprocurement/tender/openeu/tests/bid.py
31015510,2,2,4,openprocurement/tender/openeu/models.py
31015510,127,0,127,openprocurement/tender/openeu/tests/lot.py
31015510,1,1,2,setup.py
31015510,6,1,7,openprocurement/tender/openeu/models.py
31015510,18,44,62,openprocurement/tender/openeu/tests/bid.py
31015510,26,33,59,openprocurement/tender/openeu/tests/cancellation.py
31015510,13,10,23,openprocurement/tender/openeu/tests/complaint.py
31015510,37,25,62,openprocurement/tender/openeu/tests/contract.py
31015510,4,4,8,openprocurement/tender/openeu/tests/document.py
31015510,7,7,14,openprocurement/tender/openeu/tests/lot.py
31015510,3,0,3,openprocurement/tender/openeu/tests/qualification.py
31015510,8,7,15,openprocurement/tender/openeu/tests/question.py
31015510,12,11,23,openprocurement/tender/openeu/tests/tender.py
31015510,1,0,1,openprocurement/tender/openeu/models.py
31015510,2,1,3,openprocurement/tender/openeu/models.py
31015510,12,1,13,openprocurement/tender/openeu/tests/base.py
31015510,3,3,6,openprocurement/tender/openeu/tests/contract.py
31015510,33,17,50,openprocurement/tender/openeu/tests/contract.py
31015510,52,20,72,openprocurement/tender/openeu/tests/contract.py
31015510,6,6,12,docs.py
31015510,6,0,6,docs.py
31015510,1,1,2,setup.py
31015510,1,1,2,openprocurement/tender/openeu/tests/contract.py
31015510,30,1,31,docs.py
31015510,7,7,14,openprocurement/tender/openeu/tests/bid.py
31015510,6,0,6,openprocurement/tender/openeu/views/bid_document.py
31015510,1,0,1,openprocurement/tender/openeu/views/bid.py
31015510,3,1,4,openprocurement/tender/openeu/views/award_complaint.py
31015510,3,1,4,openprocurement/tender/openeu/views/complaint.py
31015510,4,1,5,openprocurement/tender/openeu/views/qualification_complaint.py
31015510,1,0,1,openprocurement/tender/openeu/views/qualification_complaint.py
31015510,2,2,4,openprocurement/tender/openeu/views/auction.py
31015510,2,2,4,openprocurement/tender/openeu/tests/bid.py
31015510,2,11,13,docs.py
31015510,6,4,10,openprocurement/tender/openeu/models.py
31015510,3,5,8,openprocurement/tender/openeu/views/cancellation.py
31015510,99,13,112,openprocurement/tender/openeu/tests/qualification.py
31015510,6,0,6,openprocurement/tender/openeu/views/qualification.py
31015510,1,4,5,openprocurement/tender/openeu/models.py
31015510,54,0,54,openprocurement/tender/openeu/tests/lot.py
31015510,7,0,7,openprocurement/tender/openeu/tests/contract.py
31015510,1,1,2,openprocurement/tender/openeu/models.py
31015510,21,7,28,openprocurement/tender/openeu/tests/bid.py
31015510,1,1,2,openprocurement/tender/openeu/models.py
31015510,1,1,2,openprocurement/tender/openeu/tests/tender.py
31015510,4,10,14,openprocurement/tender/openeu/views/auction.py
31015510,1,1,2,openprocurement/tender/openeu/views/award.py
31015510,0,3,3,openprocurement/tender/openeu/views/award_complaint.py
31015510,0,3,3,openprocurement/tender/openeu/views/award_complaint_document.py
31015510,0,3,3,openprocurement/tender/openeu/views/award_document.py
31015510,4,10,14,openprocurement/tender/openeu/views/bid.py
31015510,8,11,19,openprocurement/tender/openeu/views/bid_document.py
31015510,0,3,3,openprocurement/tender/openeu/views/cancellation.py
31015510,1,4,5,openprocurement/tender/openeu/views/cancellation_document.py
31015510,0,3,3,openprocurement/tender/openeu/views/complaint.py
31015510,0,3,3,openprocurement/tender/openeu/views/complaint_document.py
31015510,0,3,3,openprocurement/tender/openeu/views/contract.py
31015510,0,4,4,openprocurement/tender/openeu/views/contract_document.py
31015510,1,4,5,openprocurement/tender/openeu/views/lot.py
31015510,3,11,14,openprocurement/tender/openeu/views/qualification.py
31015510,2,6,8,openprocurement/tender/openeu/views/qualification_complaint.py
31015510,0,3,3,openprocurement/tender/openeu/views/qualification_complaint_document.py
31015510,5,17,22,openprocurement/tender/openeu/views/qualification_document.py
31015510,2,6,8,openprocurement/tender/openeu/views/question.py
31015510,1,4,5,openprocurement/tender/openeu/views/tender.py
31015510,1,3,4,openprocurement/tender/openeu/views/tender_document.py
31015510,1,1,2,openprocurement/tender/openeu/views/lot.py
31015510,1,0,1,docs/source/conf.py
31015510,2,0,2,openprocurement/tender/openeu/views/qualification_complaint.py
31015510,57,46,103,openprocurement/tender/openeu/tests/cancellation.py
31015510,32,14,46,openprocurement/tender/openeu/tests/bid.py
31015510,0,5,5,openprocurement/tender/openeu/views/qualification_complaint.py
31015510,8,0,8,openprocurement/tender/openeu/tests/auction.py
31015510,2,2,4,openprocurement/tender/openeu/models.py
31015510,1,1,2,openprocurement/tender/openeu/tests/auction.py
31015510,1,1,2,openprocurement/tender/openeu/views/bid.py
31015510,51,1,52,openprocurement/tender/openeu/views/cancellation.py
31015510,26,20,46,openprocurement/tender/openeu/tests/tender.py
31015510,27,22,49,openprocurement/tender/openeu/tests/document.py
31015510,66,34,100,openprocurement/tender/openeu/tests/lot.py
31015510,7,7,14,openprocurement/tender/openeu/views/qualification_complaint.py
31015510,14,14,28,openprocurement/tender/openeu/tests/base.py
31015510,14,1,15,openprocurement/tender/openeu/models.py
31015510,2,0,2,openprocurement/tender/openeu/tests/complaint.py
31015510,56,20,76,openprocurement/tender/openeu/tests/bid.py
31015510,84,52,136,openprocurement/tender/openeu/tests/bid.py
31015510,6,5,11,openprocurement/tender/openeu/tests/bid.py
31015510,58,15,73,openprocurement/tender/openeu/tests/bid.py
31015510,65,0,65,openprocurement/tender/openeu/tests/qualification.py
31015510,1,1,2,openprocurement/tender/openeu/utils.py
31015510,5,1,6,openprocurement/tender/openeu/views/qualification.py
31015510,47,15,62,openprocurement/tender/openeu/tests/bid.py
31015510,65,0,65,openprocurement/tender/openeu/tests/qualification.py
31015510,1,1,2,openprocurement/tender/openeu/utils.py
31015510,5,1,6,openprocurement/tender/openeu/views/qualification.py
31015510,5,31,36,openprocurement/tender/openeu/tests/bid.py
31015510,107,12,119,openprocurement/tender/openeu/tests/bid.py
31015510,26,11,37,openprocurement/tender/openeu/tests/bid.py
31015510,11,0,11,openprocurement/tender/openeu/tests/bid.py
31015510,5,0,5,openprocurement/tender/openeu/models.py
31015510,5,5,10,docs.py
31015510,37,0,37,openprocurement/tender/openeu/tests/bid.py
31015510,26,15,41,openprocurement/tender/openeu/views/bid_document.py
31015510,2,2,4,openprocurement/tender/openeu/tests/base.py
31015510,1,1,2,openprocurement/tender/openeu/models.py
31015510,12,12,24,docs.py
31015510,1,0,1,openprocurement/tender/openeu/tests/chronograph.py
31015510,7,7,14,openprocurement/tender/openeu/tests/complaint.py
31015510,1,1,2,openprocurement/tender/openeu/views/qualification_complaint.py
31015510,16,0,16,openprocurement/tender/openeu/tests/bid.py
31015510,25,21,46,openprocurement/tender/openeu/views/bid_document.py
31015510,6,5,11,openprocurement/tender/openeu/views/bid.py
31015510,1,1,2,openprocurement/tender/openeu/tests/contract.py
31015510,81,4,85,openprocurement/tender/openeu/tests/bid.py
31015510,22,16,38,openprocurement/tender/openeu/views/bid_document.py
31015510,1,178,179,openprocurement/tender/openeu/tests/document.py
31015510,2,176,178,openprocurement/tender/openeu/tests/document.py
31015510,170,0,170,openprocurement/tender/openeu/tests/bid.py
31015510,0,1,1,openprocurement/tender/openeu/models.py
31015510,32,0,32,openprocurement/tender/openeu/tests/bid.py
31015510,0,26,26,openprocurement/tender/openeu/transform.py
31015510,4,2,6,docs.py
31015510,8,5,13,openprocurement/tender/openeu/models.py
31015510,26,0,26,openprocurement/tender/openeu/transform.py
31015510,169,68,237,openprocurement/tender/openeu/tests/bid.py
31015510,2,8,10,openprocurement/tender/openeu/tests/tender.py
31015510,3,0,3,openprocurement/tender/openeu/views/qualification_complaint.py
31015510,1,1,2,openprocurement/tender/openeu/views/tender.py
31015510,11,17,28,openprocurement/tender/openeu/models.py
31015510,2,4,6,openprocurement/tender/openeu/tests/auction.py
31015510,8,1,9,openprocurement/tender/openeu/tests/lot.py
31015510,5,1,6,openprocurement/tender/openeu/tests/tender.py
31015510,15,51,66,openprocurement/tender/openeu/utils.py
31015510,3,2,5,openprocurement/tender/openeu/views/tender.py
31015510,1,1,2,openprocurement/tender/openeu/tests/lot.py
31015510,5,1,6,setup.py
31015510,1,1,2,openprocurement/tender/openeu/models.py
31015510,25,54,79,openprocurement/tender/openeu/views/bid_document.py
31015510,32,4,36,docs.py
31015510,13,0,13,openprocurement/tender/openeu/tests/base.py
31015510,0,14,14,openprocurement/tender/openeu/tests/lot.py
31015510,34,10,44,openprocurement/tender/openeu/tests/tender.py
31015510,3,7,10,openprocurement/tender/openeu/views/tender.py
31015510,4,1,5,openprocurement/tender/openeu/tests/bid.py
31015510,1,1,2,openprocurement/tender/openeu/views/complaint_document.py
31015510,22,16,38,openprocurement/tender/openeu/views/bid_document.py
31015510,165,2,167,docs.py
31015510,8,0,8,openprocurement/tender/openeu/models.py
31015510,5,4,9,docs.py
31015510,25,2,27,openprocurement/tender/openeu/models.py
31015510,146,1,147,docs.py
31015510,0,1,1,openprocurement/tender/openeu/tests/auction.py
31015510,577,323,900,openprocurement/tender/openeu/tests/bid.py
31015510,142,1,143,openprocurement/tender/openeu/views/bid_document.py
31015510,2,6,8,openprocurement/tender/openeu/traversal.py
31015510,1,0,1,openprocurement/tender/openeu/models.py
31015510,1152,1,1153,openprocurement/tender/openeu/tests/qualification.py
31015510,7,1,8,openprocurement/tender/openeu/traversal.py
31015510,136,0,136,openprocurement/tender/openeu/views/qualification_complaint.py
31015510,34,0,34,openprocurement/tender/openeu/views/qualification_complaint_document.py
31015510,12,0,12,openprocurement/tender/openeu/models.py
31015510,6,1,7,openprocurement/tender/openeu/utils.py
31015510,79,0,79,openprocurement/tender/openeu/traversal.py
31015510,3,0,3,openprocurement/tender/openeu/models.py
31015510,376,0,376,openprocurement/tender/openeu/tests/question.py
31015510,6,0,6,openprocurement/tender/openeu/tests/lot.py
31015510,89,3,92,openprocurement/tender/openeu/tests/qualification.py
31015510,14,13,27,openprocurement/tender/openeu/tests/base.py
31015510,15,13,28,openprocurement/tender/openeu/tests/lot.py
31015510,66,55,121,openprocurement/tender/openeu/tests/qualification.py
31015510,72,15,87,openprocurement/tender/openeu/models.py
31015510,3,0,3,openprocurement/tender/openeu/utils.py
31015510,32,0,32,openprocurement/tender/openeu/tests/bid.py
31015510,19,1,20,openprocurement/tender/openeu/views/bid_document.py
31015510,69,0,69,openprocurement/tender/openeu/tests/bid.py
31015510,129,32,161,openprocurement/tender/openeu/tests/bid.py
31015510,82,5,87,openprocurement/tender/openeu/views/bid.py
31015510,60,5,65,openprocurement/tender/openeu/models.py
31015510,36,24,60,openprocurement/tender/openeu/tests/auction.py
31015510,130,1,131,openprocurement/tender/openeu/tests/base.py
31015510,1256,0,1256,openprocurement/tender/openeu/tests/lot.py
31015510,1,1,2,openprocurement/tender/openeu/tests/tender.py
31015510,139,8,147,openprocurement/tender/openeu/utils.py
31015510,98,1,99,openprocurement/tender/openeu/views/auction.py
31015510,1,1,2,openprocurement/tender/openeu/views/bid.py
31015510,41,0,41,openprocurement/tender/openeu/views/lot.py
31015510,11,6,17,openprocurement/tender/openeu/views/qualification.py
31015510,3,6,9,openprocurement/tender/openeu/views/tender.py
31015510,90,0,90,openprocurement/tender/openeu/tests/bid.py
31015510,17,2,19,openprocurement/tender/openeu/views/bid_document.py
31015510,7,0,7,openprocurement/tender/openeu/tests/bid.py
31015510,65,19,84,openprocurement/tender/openeu/tests/bid.py
31015510,37,7,44,openprocurement/tender/openeu/tests/bid.py
31015510,4,4,8,openprocurement/tender/openeu/models.py
31015510,2,0,2,docs.py
31015510,7,0,7,openprocurement/tender/openeu/models.py
31015510,3,3,6,openprocurement/tender/openeu/models.py
31015510,13,1,14,docs.py
31015510,8,0,8,openprocurement/tender/openeu/models.py
31015510,1,1,2,openprocurement/tender/openeu/utils.py
31015510,9,8,17,openprocurement/tender/openeu/models.py
31015510,2,2,4,openprocurement/tender/openeu/tests/tender.py
31015510,3,3,6,openprocurement/tender/openeu/views/tender.py
31015510,5,4,9,openprocurement/tender/openeu/utils.py
31015510,13,2,15,openprocurement/tender/openeu/tests/tender.py
31015510,4,1,5,openprocurement/tender/openeu/views/qualification.py
31015510,5,2,7,openprocurement/tender/openeu/utils.py
31015510,4,2,6,openprocurement/tender/openeu/utils.py
31015510,7,2,9,openprocurement/tender/openeu/views/qualification.py
31015510,4,0,4,openprocurement/tender/openeu/views/tender.py
31015510,1,1,2,docs.py
31015510,1,1,2,openprocurement/tender/openeu/tests/tender.py
31015510,1,1,2,openprocurement/tender/openeu/views/qualification.py
31015510,24,6,30,openprocurement/tender/openeu/tests/qualification.py
31015510,1,1,2,openprocurement/tender/openeu/models.py
31015510,3,3,6,openprocurement/tender/openeu/views/qualification_document.py
31015510,291,0,291,openprocurement/tender/openeu/tests/qualification.py
31015510,3,3,6,openprocurement/tender/openeu/views/qualification_document.py
31015510,1,1,2,openprocurement/tender/openeu/views/qualification_document.py
31015510,0,0,0,docs.py
31015510,0,0,0,bootstrap.py
31015510,25,21,46,docs.py
31015510,13,0,13,openprocurement/tender/openeu/views/tender.py
31015510,52,1,53,docs.py
31015510,14,10,24,openprocurement/tender/openeu/models.py
31015510,10,99,109,openprocurement/tender/openeu/tests/chronograph.py
31015510,760,0,760,openprocurement/tender/openeu/tests/complaint.py
31015510,2,2,4,openprocurement/tender/openeu/tests/tender.py
31015510,7,8,15,openprocurement/tender/openeu/utils.py
31015510,4,135,139,openprocurement/tender/openeu/views/award_complaint.py
31015510,4,128,132,openprocurement/tender/openeu/views/award_complaint_document.py
31015510,3,3,6,openprocurement/tender/openeu/views/complaint.py
31015510,15,0,15,openprocurement/tender/openeu/views/complaint_document.py
31015510,860,0,860,docs.py
31015510,5,1,6,openprocurement/tender/openeu/views/tender.py
31015510,14,0,14,openprocurement/tender/openeu/tests/base.py
31015510,1111,0,1111,openprocurement/tender/openeu/tests/auction.py
31015510,8,57,65,openprocurement/tender/openeu/tests/chronograph.py
31015510,52,2,54,openprocurement/tender/openeu/models.py
31015510,347,0,347,openprocurement/tender/openeu/tests/chronograph.py
31015510,18,0,18,openprocurement/tender/openeu/views/award.py
31015510,146,0,146,openprocurement/tender/openeu/views/award_complaint.py
31015510,139,0,139,openprocurement/tender/openeu/views/award_complaint_document.py
31015510,116,0,116,openprocurement/tender/openeu/views/award_document.py
31015510,671,0,671,openprocurement/tender/openeu/tests/cancellation.py
31015510,15,0,15,openprocurement/tender/openeu/views/cancellation_document.py
31015510,547,0,547,openprocurement/tender/openeu/tests/contract.py
31015510,16,0,16,openprocurement/tender/openeu/views/contract_document.py
31015510,1,0,1,openprocurement/tender/openeu/tests/tender.py
31015510,4,0,4,openprocurement/tender/openeu/utils.py
31015510,20,0,20,openprocurement/tender/openeu/tests/tender.py
31015510,5,5,10,openprocurement/tender/openeu/tests/base.py
31015510,15,0,15,openprocurement/tender/openeu/views/contract.py
31015510,15,0,15,openprocurement/tender/openeu/views/award_document.py
31015510,18,0,18,openprocurement/tender/openeu/tests/tender.py
31015510,15,0,15,openprocurement/tender/openeu/views/award.py
31015510,30,0,30,openprocurement/tender/openeu/tests/tender.py
31015510,2,2,4,openprocurement/tender/openeu/models.py
31015510,15,0,15,openprocurement/tender/openeu/views/auction.py
31015510,518,0,518,openprocurement/tender/openeu/tests/document.py
31015510,12,18,30,openprocurement/tender/openeu/views/tender.py
31015510,1,2,3,openprocurement/tender/openeu/models.py
31015510,61,22,83,openprocurement/tender/openeu/tests/base.py
31015510,30,42,72,openprocurement/tender/openeu/tests/bid.py
31015510,4,6,10,openprocurement/tender/openeu/tests/tender.py
31015510,8,0,8,openprocurement/tender/openeu/tests/tender.py
31015510,1,1,2,openprocurement/tender/openeu/utils.py
31015510,4,1,5,openprocurement/tender/openeu/tests/base.py
31015510,1,1,2,openprocurement/tender/openeu/utils.py
31015510,1,1,2,openprocurement/tender/openeu/tests/base.py
31015510,50,27,77,openprocurement/tender/openeu/tests/base.py
31015510,1,0,1,openprocurement/tender/openeu/models.py
31015510,50,3,53,openprocurement/tender/openeu/models.py
31015510,67,0,67,openprocurement/tender/openeu/tests/base.py
31015510,1018,0,1018,openprocurement/tender/openeu/tests/bid.py
31015510,1,2,3,openprocurement/tender/openeu/tests/qualification.py
31015510,72,1,73,openprocurement/tender/openeu/views/bid.py
31015510,16,0,16,openprocurement/tender/openeu/views/bid_document.py
31015510,5,2,7,openprocurement/tender/openeu/views/tender.py
31015510,14,0,14,openprocurement/tender/openeu/views/tender_document.py
31015510,8,5,13,openprocurement/tender/openeu/models.py
31015510,10,9,19,openprocurement/tender/openeu/models.py
31015510,2,0,2,openprocurement/tender/openeu/models.py
31015510,17,2,19,openprocurement/tender/openeu/tests/tender.py
31015510,7,2,9,openprocurement/tender/openeu/views/tender.py
31015510,1,1,2,openprocurement/tender/openeu/utils.py
31015510,0,6,6,openprocurement/tender/openeu/views/qualification.py
31015510,7,6,13,openprocurement/tender/openeu/views/qualification.py
31015510,7,6,13,openprocurement/tender/openeu/views/qualification_document.py
31015510,6,0,6,openprocurement/tender/openeu/utils.py
31015510,24,0,24,openprocurement/tender/openeu/traversal.py
31015510,1,0,1,setup.py
31015510,50,0,50,openprocurement/tender/openeu/tests/tender.py
31015510,1,1,2,openprocurement/tender/openeu/utils.py
31015510,3,0,3,openprocurement/tender/openeu/tests/tender.py
31015510,11,4,15,openprocurement/tender/openeu/tests/tender.py
31015510,120,1,121,openprocurement/tender/openeu/tests/tender.py
31015510,15,0,15,openprocurement/tender/openeu/views/complaint.py
31015510,6,7,13,openprocurement/tender/openeu/tests/tender.py
31015510,34,10,44,openprocurement/tender/openeu/models.py
31015510,3,5,8,openprocurement/tender/openeu/tests/base.py
31015510,3,26,29,openprocurement/tender/openeu/tests/tender.py
31015510,55,1,56,openprocurement/tender/openeu/views/question.py
31015510,3,2,5,openprocurement/tender/openeu/models.py
31015510,7,1,8,openprocurement/tender/openeu/tests/base.py
31015510,4,2,6,openprocurement/tender/openeu/views/qualification.py
31015510,74,0,74,openprocurement/tender/openeu/tests/qualification.py
31015510,156,0,156,openprocurement/tender/openeu/tests/base.py
31015510,4,4,8,openprocurement/tender/openeu/views/qualification.py
31015510,3,1,4,openprocurement/tender/openeu/utils.py
31015510,16,0,16,openprocurement/tender/openeu/views/bid.py
31015510,66,6,72,openprocurement/tender/openeu/models.py
31015510,123,0,123,openprocurement/tender/openeu/views/qualification_document.py
31015510,70,0,70,openprocurement/tender/openeu/views/qualification.py
31015510,1,0,1,openprocurement/tender/openeu/validation.py
31015510,6,0,6,openprocurement/tender/openeu/validation.py
31015510,11,0,11,openprocurement/tender/openeu/utils.py
31015510,2,2,4,openprocurement/tender/openeu/models.py
31015510,1,2,3,openprocurement/tender/openeu/models.py
31015510,1,0,1,openprocurement/tender/openeu/models.py
31015510,1,0,1,openprocurement/tender/openeu/utils.py
31015510,84,1,85,openprocurement/tender/openeu/views/tender.py
31015510,36,2,38,openprocurement/tender/openeu/models.py
31015510,131,0,131,openprocurement/tender/openeu/utils.py
31015510,14,5,19,openprocurement/tender/openeu/models.py
31015510,1,1,2,openprocurement/tender/openeu/tests/base.py
31015510,6,5,11,openprocurement/tender/openeu/tests/tender.py
31015510,66,5,71,openprocurement/tender/openeu/tests/base.py
31015510,12,5,17,openprocurement/tender/openeu/tests/tender.py
31015510,49,2,51,openprocurement/tender/openeu/models.py
31015510,0,1,1,openprocurement/tender/openeu/tests/tender.py
31015510,16,0,16,openprocurement/tender/openeu/views/cancellation.py
31015510,15,0,15,openprocurement/tender/openeu/views/question.py
31015510,2,0,2,openprocurement/tender/openeu/tests/base.py
31015510,926,0,926,openprocurement/tender/openeu/tests/tender.py
31015510,7,0,7,openprocurement/tender/openeu/models.py
31015510,14,0,14,openprocurement/tender/openeu/views/tender.py
31015510,1,1,2,setup.py
31015510,212,0,212,bootstrap.py
31015510,272,0,272,docs/source/conf.py
31015510,1,1,2,setup.py
31015510,2,0,2,openprocurement/tender/openeu/tests/main.py
31015510,41,0,41,openprocurement/tender/openeu/tests/base.py
31015510,33,0,33,openprocurement/tender/openeu/tests/tender.py
31015510,32,15,47,setup.py
31015510,6,0,6,openprocurement/tender/openeu/__init__.py
31015510,5,0,5,openprocurement/tender/openeu/models.py
31015510,0,0,0,openprocurement/tender/openeu/views/__init__.py
31015510,0,0,0,openprocurement/tender/openeu/tests/__init__.py
31015510,12,0,12,openprocurement/tender/openeu/tests/main.py
31015510,6,0,6,openprocurement/__init__.py
31015510,6,0,6,openprocurement/tender/__init__.py
31015510,0,0,0,openprocurement/tender/openeu/__init__.py
31015510,32,0,32,setup.py
36761320,1,1,2,project.py
36761320,3,2,5,migrate.py
36761320,13,3,16,usage.py
36761320,15,0,15,himlarcli/cinder.py
36761320,6,1,7,volume.py
36761320,2,2,4,volume.py
36761320,1,1,2,demo.py
36761320,1,5,6,himlarcli/cinder.py
36761320,81,0,81,volume.py
36761320,1,1,2,himlarcli/client.py
36761320,5,0,5,hypervisor.py
36761320,1,1,2,himlarcli/nova.py
36761320,10,2,12,aggregate.py
36761320,1,1,2,aggregate.py
36761320,1,1,2,aggregate.py
36761320,2,2,4,aggregate.py
36761320,14,4,18,aggregate.py
36761320,1,1,2,aggregate.py
36761320,72,0,72,aggregate.py
36761320,11,0,11,himlarcli/client.py
36761320,2,0,2,himlarcli/keystone.py
36761320,2,1,3,project.py
36761320,5,4,9,demo.py
36761320,37,4,41,demo.py
36761320,70,282,352,demo.py
36761320,1,1,2,himlarcli/utils.py
36761320,24,0,24,himlarcli/cinder.py
36761320,3,3,6,cleanup.py
36761320,0,0,0,demo.old => demo.py
36761320,15,12,27,himlarcli/keystone.py
36761320,2,1,3,mail.py
36761320,1,1,2,project.py
36761320,2,2,4,state.py
36761320,1,1,2,usage.py
36761320,1,1,2,himlarcli/keystone.py
36761320,1,1,2,himlarcli/neutron.py
36761320,2,2,4,himlarcli/nova.py
36761320,2,2,4,project.py
36761320,5,5,10,state.py
36761320,15,13,28,aggregate.py
36761320,3,3,6,user.py
36761320,2,2,4,himlarcli/utils.py
36761320,16,10,26,user.py
36761320,26,0,26,user.py
36761320,19,0,19,user.py
36761320,5,29,34,stats.py
36761320,10,2,12,user.py
36761320,3,4,7,user.py
36761320,3,3,6,user.py
36761320,22,16,38,user.py
36761320,8,0,8,himlarcli/keystone.py
36761320,12,5,17,himlarcli/ldapclient.py
36761320,6,2,8,user.py
36761320,1,2,3,uio_namechange.py
36761320,39,23,62,stats.py
36761320,1,1,2,uio_namechange.py
36761320,6,0,6,himlarcli/keystone.py
36761320,13,7,20,uio_namechange.py
36761320,35,15,50,uio_namechange.py
36761320,3,2,5,user.py
36761320,4,0,4,uio_namechange.py
36761320,6,2,8,himlarcli/utils.py
36761320,56,4,60,uio_namechange.py
36761320,1,1,2,uio_namechange.py
36761320,50,0,50,uio_namechange.py
36761320,6,0,6,himlarcli/utils.py
36761320,8,0,8,himlarcli/mail.py
36761320,29,20,49,himlarcli/keystone.py
36761320,1,1,2,instance.py
36761320,1,0,1,instance.py
36761320,1,1,2,flavor.py
36761320,1,1,2,flavor.py
36761320,22,18,40,flavor.py
36761320,8,0,8,himlarcli/utils.py
36761320,18,15,33,flavor.py
36761320,3,0,3,flavor.py
36761320,7,1,8,flavor.py
36761320,3,0,3,himlarcli/utils.py
36761320,7,0,7,project.py
36761320,1,1,2,project.py
36761320,3,1,4,project.py
36761320,1,1,2,himlarcli/utils.py
36761320,3,1,4,project.py
36761320,1,1,2,project.py
36761320,12,0,12,himlarcli/utils.py
36761320,29,0,29,project.py
36761320,18,0,18,himlarcli/foremanclient.py
36761320,4,3,7,usage.py
36761320,8,1,9,himlarcli/printer.py
36761320,1,1,2,usage.py
36761320,0,1,1,usage.py
36761320,20,3,23,usage.py
36761320,13,7,20,usage.py
36761320,2,2,4,billing.py
36761320,23,8,31,himlarcli/cinder.py
36761320,2,2,4,state.py
36761320,3,3,6,himlarcli/client.py
36761320,2,2,4,himlarcli/utils.py
36761320,1,1,2,tests/setup_test.py
36761320,1,1,2,migrate.py
36761320,32,22,54,migrate.py
36761320,7,1,8,ansible_hosts.py
36761320,4,1,5,access.py
36761320,1,36,37,mail.py
36761320,4,0,4,flavor.py
36761320,8,0,8,publish_status.py
36761320,0,8,8,publish_status.py
36761320,8,0,8,publish_status.py
36761320,1,1,2,aggregate.py
36761320,2,3,5,aggregate.py
36761320,7,1,8,aggregate.py
36761320,1,1,2,mail.py
36761320,26,3,29,mail.py
36761320,2,25,27,mail.py
36761320,10,3,13,mail.py
36761320,74,16,90,mail.py
36761320,8,1,9,ansible_hosts.py
36761320,7,1,8,user.py
36761320,2,2,4,himlarcli/nova.py
36761320,4,1,5,hypervisor.py
36761320,1,1,2,hypervisor.py
36761320,2,2,4,usage.py
36761320,2,2,4,usage.py
36761320,2,5,7,usage.py
36761320,3,3,6,himlarcli/foremanclient.py
36761320,1,0,1,ansible_hosts.py
36761320,6,1,7,himlarcli/foremanclient.py
36761320,16,2,18,cleanup.py
36761320,65,0,65,network.py
36761320,4,1,5,himlarcli/keystone.py
36761320,3,5,8,object.py
36761320,10,18,28,object.py
36761320,50,0,50,himlarcli/keystone.py
36761320,6,4,10,object.py
36761320,15,0,15,object.py
36761320,20,0,20,himlarcli/mail.py
36761320,147,0,147,mail.py
36761320,1,1,2,stats.py
36761320,2,1,3,himlarcli/mail.py
36761320,0,20,20,mail.py
36761320,50,0,50,metric.py
36761320,1,1,2,foreman_setup.py
36761320,39,49,88,himlarcli/mail.py
36761320,20,0,20,mail.py
36761320,3,0,3,dns.py
36761320,7,7,14,foreman_setup.py
36761320,8,1,9,himlarcli/foremanclient.py
36761320,1,2,3,foreman_setup.py
36761320,1,0,1,himlarcli/notify.py
36761320,7,5,12,aggregate.py
36761320,2,0,2,cleanup.py
36761320,58,0,58,himlarcli/mail.py
36761320,2,0,2,notify.py
36761320,6,4,10,notify_all.py
36761320,9,7,16,user.py
36761320,1,1,2,foreman_setup.py
36761320,1,1,2,migrate.py
36761320,1,1,2,migrate.py
36761320,6,8,14,hypervisor.py
36761320,8,4,12,himlarcli/nova.py
36761320,3,0,3,migrate.py
36761320,4,2,6,himlarcli/nova.py
36761320,7,7,14,migrate.py
36761320,5,0,5,himlarcli/utils.py
36761320,8,13,21,state.py
36761320,2,0,2,himlarcli/state.py
36761320,6,3,9,state.py
36761320,2,1,3,himlarcli/state.py
36761320,2,2,4,state.py
36761320,1,0,1,himlarcli/state.py
36761320,4,2,6,state.py
36761320,1,1,2,himlarcli/nova.py
36761320,2,25,27,himlarcli/state.py
36761320,1,1,2,state.py
36761320,137,209,346,himlarcli/state.py
36761320,128,0,128,state.py
36761320,7,0,7,himlarcli/keystone.py
36761320,7,2,9,himlarcli/nova.py
36761320,1,1,2,foreman_setup.py
36761320,1,1,2,foreman_setup.py
36761320,85,9,94,foreman_setup.py
36761320,37,161,198,himlarcli/foremanclient.py
36761320,165,34,199,himlarcli/foremanclient.py
36761320,34,165,199,himlarcli/foremanclient.py
36761320,1,1,2,dataporten.py
36761320,5,3,8,hypervisor.py
36761320,1,1,2,migrate.py
36761320,3,7,10,migrate.py
36761320,2,2,4,hypervisor.py
36761320,7,3,10,migrate.py
36761320,2,1,3,hypervisor.py
36761320,6,4,10,hypervisor.py
36761320,14,5,19,user.py
36761320,14,8,22,project.py
36761320,7,5,12,stats.py
36761320,1,1,2,stats.py
36761320,1,1,2,stats.py
36761320,6,6,12,himlarcli/statsdclient.py
36761320,8,2,10,stats.py
36761320,1,2,3,aggregate.py
36761320,13,7,20,aggregate.py
36761320,1,1,2,aggregate.py
36761320,3,0,3,aggregate.py
36761320,9,3,12,himlarcli/foremanclient.py
36761320,2,3,5,stats.py
36761320,1,0,1,stats.py
36761320,1,0,1,stats.py
36761320,1,1,2,stats.py
36761320,1,1,2,stats.py
36761320,3,1,4,stats.py
36761320,5,4,9,stats.py
36761320,15,4,19,stats.py
36761320,10,2,12,himlarcli/nova.py
36761320,33,0,33,himlarcli/statsdclient.py
36761320,85,53,138,stats.py
36761320,2,0,2,billing.py
36761320,3,1,4,himlarcli/foremanclient.py
36761320,7,7,14,migrate.py
36761320,2,2,4,himlarcli/foremanclient.py
36761320,8,1,9,migrate.py
36761320,1,1,2,user.py
36761320,1,1,2,himlarcli/notify.py
36761320,8,7,15,user.py
36761320,1,0,1,himlarcli/notify.py
36761320,14,4,18,user.py
36761320,1,1,2,user.py
36761320,4,1,5,user.py
36761320,5,2,7,himlarcli/keystone.py
36761320,1,0,1,user.py
36761320,7,0,7,himlarcli/keystone.py
36761320,1,0,1,himlarcli/notify.py
36761320,86,29,115,user.py
36761320,7,7,14,project.py
36761320,3,2,5,project.py
36761320,1,1,2,project.py
36761320,9,0,9,project.py
36761320,1,0,1,himlarcli/keystone.py
36761320,3,1,4,project.py
36761320,1,1,2,himlarcli/foremanclient.py
36761320,2,1,3,himlarcli/foremanclient.py
36761320,39,34,73,foreman_setup.py
36761320,21,4,25,himlarcli/foremanclient.py
36761320,1,1,2,himlarcli/foremanclient.py
36761320,7,7,14,foreman_setup.py
36761320,25,0,25,himlarcli/foremanclient.py
36761320,15,22,37,foreman_setup.py
36761320,5,2,7,himlarcli/foremanclient.py
36761320,3,0,3,himlarcli/foremanclient.py
36761320,105,31,136,himlarcli/foremanclient.py
36761320,1,1,2,flavor.py
36761320,5,1,6,flavor.py
36761320,11,0,11,flavor.py
36761320,1,2,3,flavor.py
36761320,18,3,21,flavor.py
36761320,10,0,10,himlarcli/nova.py
36761320,6,6,12,hypervisor.py
36761320,1,1,2,hypervisor.py
36761320,10,0,10,himlarcli/nova.py
36761320,3,1,4,hypervisor.py
36761320,11,6,17,himlarcli/ldapclient.py
36761320,12,5,17,user.py
36761320,1,0,1,image.py
36761320,9,6,15,image.py
36761320,29,0,29,image.py
36761320,4,2,6,himlarcli/ldapclient.py
36761320,0,1,1,user.py
36761320,18,2,20,user.py
36761320,3,0,3,user.py
36761320,19,0,19,user.py
36761320,26,15,41,himlarcli/ldapclient.py
36761320,15,17,32,project.py
36761320,25,0,25,himlarcli/client.py
36761320,2,7,9,project.py
36761320,6,2,8,project.py
36761320,13,1,14,himlarcli/keystone.py
36761320,8,1,9,himlarcli/neutron.py
36761320,1,1,2,project.py
36761320,1,1,2,project.py
36761320,8,8,16,project.py
36761320,3,0,3,himlarcli/mail.py
36761320,2,0,2,himlarcli/mail.py
36761320,2,1,3,project.py
36761320,1,1,2,project.py
36761320,1,1,2,flavor.py
36761320,5,3,8,himlarcli/mail.py
36761320,40,16,56,project.py
36761320,1,2,3,project.py
36761320,1,1,2,himlarcli/mail.py
36761320,1,0,1,project.py
36761320,1,1,2,himlarcli/mail.py
36761320,1,1,2,project.py
36761320,14,9,23,himlarcli/mail.py
36761320,20,18,38,project.py
36761320,1,1,2,project.py
36761320,38,0,38,himlarcli/mail.py
36761320,21,0,21,project.py
36761320,3,2,5,himlarcli/status.py
36761320,1,1,2,manage_status.py
36761320,2,2,4,manage_status.py
36761320,2,1,3,publish_status.py
36761320,3,3,6,himlarcli/status.py
36761320,5,0,5,himlarcli/twitter.py
36761320,0,3,3,himlarcli/utils.py
36761320,24,20,44,publish_status.py
36761320,1,1,2,aggregate.py
36761320,1,1,2,notify_all.py
36761320,3,3,6,ansible_hosts.py
36761320,2,2,4,foreman_facts.py
36761320,2,2,4,foreman_setup.py
36761320,18,17,35,himlarcli/foremanclient.py
36761320,9,11,20,node.py
36761320,2,2,4,rebuild.py
36761320,6,2,8,himlarcli/sensu.py
36761320,1,1,2,himlarcli/utils.py
36761320,2,2,4,publish_status.py
36761320,3,0,3,himlarcli/utils.py
36761320,4,0,4,publish_status.py
36761320,8,0,8,node.py
36761320,1,2,3,manage_sensu.py
36761320,4,1,5,node.py
36761320,2,0,2,flavor.py
36761320,1,1,2,manage_sensu.py
36761320,3,4,7,manage_sensu.py
36761320,17,0,17,node.py
36761320,1,1,2,node.py
36761320,3,0,3,rebuild.py
36761320,3,2,5,node.py
36761320,2,0,2,node.py
36761320,0,1,1,manage_sensu.py
36761320,2,0,2,node.py
36761320,11,0,11,himlarcli/foremanclient.py
36761320,5,0,5,node.py
36761320,58,0,58,himlarcli/sensu.py
36761320,30,0,30,manage_sensu.py
36761320,6,1,7,aggregate.py
36761320,4,3,7,publish_status.py
36761320,5,4,9,publish_status.py
36761320,4,4,8,publish_status.py
36761320,10,8,18,publish_status.py
36761320,4,3,7,hypervisor.py
36761320,6,0,6,hypervisor.py
36761320,1,1,2,billing.py
36761320,4,4,8,billing.py
36761320,5,5,10,flavor.py
36761320,7,3,10,sync_owners.py
36761320,11,7,18,sync_owners.py
36761320,2,6,8,sync_owners.py
36761320,119,0,119,sync_owners.py
36761320,1,1,2,himlarcli/status.py
36761320,2,2,4,publish_status.py
36761320,24,15,39,publish_status.py
36761320,1,1,2,himlarcli/designate.py
36761320,25,0,25,manage_status.py
36761320,46,0,46,himlarcli/status.py
36761320,24,24,48,project.py
36761320,22,21,43,project.py
36761320,4,5,9,access.py
36761320,1,1,2,himlarcli/designate.py
36761320,2,0,2,himlarcli/mqclient.py
36761320,22,0,22,foreman_facts.py
36761320,6,2,8,himlarcli/parser.py
36761320,52,20,72,dns.py
36761320,1,1,2,himlarcli/foremanclient.py
36761320,1,1,2,himlarcli/parser.py
36761320,10,0,10,himlarcli/foremanclient.py
36761320,0,74,74,dns-blacklist.py
36761320,161,9,170,dns.py
36761320,23,17,40,himlarcli/designate.py
36761320,3,0,3,usage.py
36761320,5,1,6,publish_status.py
36761320,29,0,29,himlarcli/slack.py
36761320,31,0,31,himlarcli/twitter.py
36761320,46,0,46,publish_status.py
36761320,2,1,3,himlarcli/mqclient.py
36761320,14,11,25,himlarcli/keystone.py
36761320,1,1,2,user.py
36761320,4,1,5,himlarcli/mqclient.py
36761320,3,0,3,himlarcli/gnocchi.py
36761320,45,5,50,himlarcli/designate.py
36761320,74,0,74,dns-blacklist.py
36761320,1,1,2,ansible_hosts.py
36761320,1,1,2,user.py
36761320,8,0,8,ansible_hosts.py
36761320,2,0,2,image.py
36761320,2,2,4,access.py
36761320,1,1,2,access.py
36761320,1,0,1,access.py
36761320,12,9,21,access.py
36761320,1,4,5,hypervisor.py
36761320,5,2,7,flavor.py
36761320,2,1,3,flavor.py
36761320,4,3,7,himlarcli/nova.py
36761320,83,60,143,flavor.py
36761320,88,46,134,himlarcli/nova.py
36761320,0,1,1,himlarcli/keystone.py
36761320,1,1,2,himlarcli/keystone.py
36761320,19,10,29,himlarcli/keystone.py
36761320,1,1,2,object.py
36761320,2,2,4,himlarcli/keystone.py
36761320,1,0,1,image.py
36761320,2,2,4,himlarcli/utils.py
36761320,1,1,2,image.py
36761320,14,0,14,himlarcli/keystone.py
36761320,4,4,8,himlarcli/keystone.py
36761320,1,2,3,project.py
36761320,1,0,1,user.py
36761320,9,5,14,himlarcli/keystone.py
36761320,4,3,7,himlarcli/keystone.py
36761320,0,1,1,user.py
36761320,1,2,3,access.py
36761320,1,1,2,image.py
36761320,3,0,3,billing.py
36761320,10,0,10,himlarcli/gnocchi.py
36761320,1,1,2,image.py
36761320,5,0,5,image.py
36761320,1,0,1,access.py
36761320,1,1,2,himlarcli/mqclient.py
36761320,20,2,22,access.py
36761320,3,2,5,himlarcli/keystone.py
36761320,2,1,3,himlarcli/mqclient.py
36761320,1,1,2,billing.py
36761320,14,5,19,himlarcli/printer.py
36761320,1,1,2,billing.py
36761320,1,0,1,billing.py
36761320,110,0,110,billing.py
36761320,40,1,41,himlarcli/printer.py
36761320,3,0,3,himlarcli/cinder.py
36761320,1,0,1,himlarcli/__init__.py
36761320,15,0,15,himlarcli/gnocchi.py
36761320,9,2,11,himlarcli/nova.py
36761320,10,0,10,himlarcli/utils.py
36761320,2,2,4,project.py
36761320,1,1,2,hypervisor.py
36761320,1,1,2,himlarcli/nova.py
36761320,3,3,6,aggregate.py
36761320,3,0,3,hypervisor.py
36761320,3,3,6,himlarcli/nova.py
36761320,2,3,5,himlarcli/nova.py
36761320,21,0,21,hypervisor.py
36761320,28,0,28,himlarcli/nova.py
36761320,8,1,9,himlarcli/parser.py
36761320,71,0,71,hypervisor.py
36761320,3,1,4,himlarcli/nova.py
36761320,1,1,2,migrate.py
36761320,3,0,3,migrate.py
36761320,2,0,2,himlarcli/nova.py
36761320,2,2,4,migrate.py
36761320,2,3,5,migrate.py
36761320,13,7,20,migrate.py
36761320,14,1,15,migrate.py
36761320,31,4,35,himlarcli/nova.py
36761320,20,1,21,migrate.py
36761320,15,0,15,himlarcli/nova.py
36761320,9,0,9,migrate.py
36761320,1,1,2,migrate.py
36761320,5,1,6,migrate.py
36761320,8,3,11,migrate.py
36761320,56,0,56,migrate.py
36761320,8,0,8,himlarcli/client.py
36761320,4,4,8,notify.py
36761320,0,1,1,instance.py
36761320,0,35,35,foreman_hosts.py
36761320,4,0,4,usage.py
36761320,5,1,6,usage.py
36761320,46,0,46,access.py
36761320,1,0,1,himlarcli/__init__.py
36761320,68,0,68,himlarcli/mqclient.py
36761320,1,0,1,himlarcli/keystone.py
36761320,1,1,2,project.py
36761320,0,0,0,course.py => .course.py
36761320,0,0,0,demo.py => .demo.py
36761320,0,0,0,host.py => .host.py
36761320,0,0,0,state.py => .state.py
36761320,2,2,4,himlarcli/nova.py
36761320,1,2,3,usage.py
36761320,4,0,4,himlarcli/client.py
36761320,7,4,11,himlarcli/keystone.py
36761320,7,6,13,instance.py
36761320,5,5,10,aggregate.py
36761320,3,1,4,foreman_setup.py
36761320,7,2,9,himlarcli/keystone.py
36761320,2,2,4,dataporten.py
36761320,3,3,6,himlarcli/client.py
36761320,8,2,10,himlarcli/glance.py
36761320,148,113,261,himlarcli/keystone.py
36761320,1,0,1,instance.py
36761320,2,3,5,object.py
36761320,4,4,8,project.py
36761320,14,21,35,user.py
36761320,4,2,6,instance.py
36761320,1,1,2,usage.py
36761320,2,16,18,usage.py
36761320,2,2,4,usage.py
36761320,5,6,11,usage.py
36761320,0,32,32,usage.py
36761320,2,2,4,usage.py
36761320,6,6,12,usage.py
36761320,14,0,14,usage.py
36761320,44,0,44,object.py
36761320,10,7,17,himlarcli/keystone.py
36761320,2,1,3,himlarcli/__init__.py
36761320,6,0,6,himlarcli/tests.py
36761320,4,17,21,usage.py
36761320,32,13,45,usage.py
36761320,16,17,33,usage.py
36761320,13,4,17,usage.py
36761320,20,0,20,usage.py
36761320,4,2,6,project.py
36761320,1,2,3,project.py
36761320,1,1,2,project.py
36761320,2,1,3,project.py
36761320,1,1,2,project.py
36761320,17,8,25,project.py
36761320,12,0,12,project.py
36761320,1,1,2,project.py
36761320,5,4,9,project.py
36761320,67,1,68,himlarcli/keystone.py
36761320,24,3,27,user.py
36761320,10,11,21,user.py
36761320,38,52,90,aggregate.py
36761320,1,1,2,himlarcli/nova.py
36761320,1,1,2,aggregate.py
36761320,7,0,7,image.py
36761320,13,7,20,aggregate.py
36761320,2,0,2,aggregate.py
36761320,1,1,2,ansible_hosts.py
36761320,18,4,22,himlarcli/nova.py
36761320,23,4,27,usage.py
36761320,2,2,4,usage.py
36761320,6,4,10,usage.py
36761320,16,1,17,usage.py
36761320,1,0,1,usage.py
36761320,39,0,39,usage.py
36761320,4,2,6,aggregate.py
36761320,4,0,4,himlarcli/nova.py
36761320,10,0,10,aggregate.py
36761320,6,1,7,ansible_hosts.py
36761320,2,6,8,ansible_hosts.py
36761320,6,2,8,ansible_hosts.py
36761320,7,0,7,notify.py
36761320,9,7,16,notify.py
36761320,12,3,15,notify.py
36761320,1,11,12,notify.py
36761320,4,1,5,himlarcli/notify.py
36761320,1,1,2,notify.py
36761320,66,0,66,notify.py
36761320,13,4,17,himlarcli/notify.py
36761320,9,0,9,himlarcli/foremanclient.py
36761320,4,2,6,image.py
36761320,3,0,3,image.py
36761320,1,1,2,demo.py
36761320,2,2,4,demo.py
36761320,4,3,7,demo.py
36761320,4,4,8,demo.py
36761320,42,0,42,demo.py
36761320,6,1,7,himlarcli/glance.py
36761320,5,1,6,storage_stats.py
36761320,5,1,6,storage_stats.py
36761320,13,3,16,storage_stats.py
36761320,4,2,6,storage_stats.py
36761320,2,2,4,storage_stats.py
36761320,3,2,5,storage_stats.py
36761320,57,0,57,storage_stats.py
36761320,62,0,62,demo.py
36761320,1,1,2,himlarcli/keystone.py
36761320,3,2,5,himlarcli/keystone.py
36761320,15,5,20,himlarcli/keystone.py
36761320,21,17,38,user.py
36761320,1,1,2,demo.py
36761320,1,1,2,demo.py
36761320,5,0,5,demo.py
36761320,10,1,11,himlarcli/notify.py
36761320,1,1,2,demo.py
36761320,4,4,8,demo.py
36761320,1,1,2,demo.py
36761320,8,8,16,demo.py
36761320,2,0,2,demo.py
36761320,23,1,24,demo.py
36761320,66,60,126,image.py
36761320,4,0,4,image.py
36761320,2,2,4,himlarcli/nova.py
36761320,4,1,5,image.py
36761320,1,1,2,himlarcli/nova.py
36761320,3,0,3,image.py
36761320,9,4,13,image.py
36761320,4,4,8,himlarcli/utils.py
36761320,2,1,3,himlarcli/utils.py
36761320,6,2,8,image.py
36761320,2,2,4,image.py
36761320,8,4,12,image.py
36761320,6,3,9,image.py
36761320,9,5,14,himlarcli/nova.py
36761320,1,1,2,himlarcli/neutron.py
36761320,32,8,40,image.py
36761320,14,1,15,himlarcli/utils.py
36761320,54,0,54,himlarcli/neutron.py
36761320,2,4,6,image.py
36761320,38,0,38,image.py
36761320,19,1,20,himlarcli/nova.py
36761320,8,0,8,himlarcli/glance.py
36761320,2,1,3,aggregate.py
36761320,1,0,1,himlarcli/keystone.py
36761320,11,3,14,himlarcli/parser.py
36761320,12,0,12,project.py
36761320,0,1,1,demo.py
36761320,3,1,4,demo.py
36761320,1,1,2,demo.py
36761320,1,0,1,himlarcli/keystone.py
36761320,13,9,22,himlarcli/keystone.py
36761320,1,1,2,demo.py
36761320,2,2,4,himlarcli/keystone.py
36761320,3,3,6,himlarcli/keystone.py
36761320,4,1,5,demo.py
36761320,65,1,66,demo.py
36761320,3,3,6,project.py
36761320,48,17,65,himlarcli/keystone.py
36761320,10,0,10,himlarcli/notify.py
36761320,0,10,10,project.py
36761320,4,2,6,project.py
36761320,28,2,30,demo.py
36761320,30,0,30,himlarcli/keystone.py
36761320,1,1,2,project.py
36761320,1,1,2,project.py
36761320,1,0,1,project.py
36761320,49,91,140,project.py
36761320,24,14,38,himlarcli/cinder.py
36761320,24,8,32,himlarcli/neutron.py
36761320,21,2,23,himlarcli/nova.py
36761320,2,4,6,quota.py
36761320,180,93,273,project.py
36761320,2,1,3,himlarcli/utils.py
36761320,14,7,21,himlarcli/parser.py
36761320,16,0,16,himlarcli/client.py
36761320,1,1,2,aggregate.py
36761320,2,0,2,course.py
36761320,165,69,234,himlarcli/keystone.py
36761320,2,2,4,himlarcli/notify.py
36761320,3,2,5,image.py
36761320,4,4,8,instance.py
36761320,3,3,6,user.py
36761320,6,0,6,demo.py
36761320,1,0,1,demo.py
36761320,2,1,3,himlarcli/printer.py
36761320,19,0,19,demo.py
36761320,5,1,6,himlarcli/keystone.py
36761320,48,0,48,demo.py
36761320,1,3,4,quota.py
36761320,10,9,19,quota.py
36761320,15,7,22,quota.py
36761320,29,0,29,himlarcli/neutron.py
36761320,2,2,4,quota.py
36761320,12,0,12,himlarcli/keystone.py
36761320,60,48,108,quota.py
36761320,7,1,8,instance.py
36761320,5,6,11,himlarcli/utils.py
36761320,5,1,6,himlarcli/utils.py
36761320,4,1,5,himlarcli/keystone.py
36761320,3,1,4,himlarcli/keystone.py
36761320,4,0,4,image.py
36761320,3,4,7,update_images.py
36761320,6,2,8,update_images.py
36761320,4,0,4,himlarcli/utils.py
36761320,3,0,3,image.py
36761320,1,1,2,image.py
36761320,2,2,4,image.py
36761320,1,1,2,himlarcli/keystone.py
36761320,11,12,23,user.py
36761320,23,22,45,himlarcli/keystone.py
36761320,1,1,2,project.py
36761320,14,9,23,himlarcli/nova.py
36761320,8,8,16,course.py
36761320,36,16,52,himlarcli/foremanclient.py
36761320,32,28,60,node.py
36761320,13,5,18,image.py
36761320,5,5,10,flavor.py
36761320,29,25,54,himlarcli/nova.py
36761320,2,0,2,image.py
36761320,23,2,25,himlarcli/glance.py
36761320,4,2,6,image.py
36761320,12,11,23,image.py
36761320,3,6,9,himlarcli/utils.py
36761320,5,5,10,himlarcli/utils.py
36761320,10,1,11,himlarcli/utils.py
36761320,31,2,33,image.py
36761320,2,1,3,himlarcli/printer.py
36761320,6,1,7,himlarcli/glance.py
36761320,2,2,4,himlarcli/keystone.py
36761320,6,2,8,image.py
36761320,7,0,7,image.py
36761320,7,5,12,image.py
36761320,23,32,55,image.py
36761320,0,1,1,image.py
36761320,4,1,5,image.py
36761320,4,0,4,image.py
36761320,9,0,9,himlarcli/utils.py
36761320,2,0,2,image.py
36761320,1,1,2,image.py
36761320,1,1,2,himlarcli/glance.py
36761320,1,1,2,image.py
36761320,1,1,2,image.py
36761320,1,1,2,image.py
36761320,3,0,3,image.py
36761320,1,1,2,image.py
36761320,31,9,40,image.py
36761320,7,2,9,himlarcli/glance.py
36761320,25,1,26,image.py
36761320,4,5,9,himlarcli/nova.py
36761320,3,0,3,himlarcli/glance.py
36761320,2,0,2,image.py
36761320,4,1,5,image.py
36761320,73,15,88,image.py
36761320,12,2,14,himlarcli/utils.py
36761320,5,3,8,himlarcli/glance.py
36761320,1,1,2,cleanup.py
36761320,2,0,2,cleanup.py
36761320,1,0,1,himlarcli/notify.py
36761320,17,44,61,cleanup.py
36761320,87,12,99,himlarcli/notify.py
36761320,31,0,31,cleanup.py
36761320,3,0,3,cleanup.py
36761320,0,1,1,himlarcli/printer.py
36761320,8,3,11,himlarcli/printer.py
36761320,72,3,75,cleanup.py
36761320,1,1,2,aggregate.py
36761320,1,1,2,aggregate.py
36761320,46,0,46,cleanup.py
36761320,3,0,3,himlarcli/keystone.py
36761320,3,1,4,himlarcli/nova.py
36761320,1,1,2,aggregate.py
36761320,2,2,4,aggregate.py
36761320,1,1,2,aggregate.py
36761320,9,8,17,aggregate.py
36761320,7,11,18,aggregate.py
36761320,6,2,8,aggregate.py
36761320,1,1,2,aggregate.py
36761320,9,2,11,aggregate.py
36761320,7,2,9,himlarcli/nova.py
36761320,64,0,64,image.py
36761320,10,1,11,himlarcli/glance.py
36761320,15,3,18,himlarcli/utils.py
36761320,10,7,17,himlarcli/printer.py
36761320,2,2,4,ansible_hosts.py
36761320,16,17,33,ansible_hosts.py
36761320,3,1,4,aggregate.py
36761320,1,1,2,aggregate.py
36761320,3,4,7,aggregate.py
36761320,2,1,3,aggregate.py
36761320,3,0,3,aggregate.py
36761320,1,1,2,aggregate.py
36761320,5,0,5,himlarcli/parser.py
36761320,5,1,6,aggregate.py
36761320,6,4,10,node.py
36761320,9,2,11,himlarcli/keystone.py
36761320,3,0,3,instance.py
36761320,5,3,8,instance.py
36761320,1,1,2,user.py
36761320,3,0,3,user.py
36761320,17,34,51,aggregate.py
36761320,4,0,4,himlarcli/parser.py
36761320,1,1,2,himlarcli/printer.py
36761320,21,0,21,himlarcli/keystone.py
36761320,6,0,6,user.py
36761320,23,2,25,user.py
36761320,80,42,122,himlarcli/keystone.py
36761320,17,14,31,himlarcli/client.py
36761320,9,6,15,instance.py
36761320,62,40,102,instance.py
36761320,44,33,77,user.py
36761320,12,1,13,himlarcli/__init__.py
36761320,204,0,204,himlarcli/parser.py
36761320,42,0,42,himlarcli/printer.py
36761320,1,1,2,check_services.py
36761320,12,11,23,check_services.py
36761320,30,0,30,dns.py
36761320,1,1,2,himlarcli/__init__.py
36761320,28,0,28,himlarcli/designate.py
36761320,1,1,2,stats.py
36761320,15,0,15,himlarcli/nova.py
36761320,8,0,8,stats.py
36761320,16,13,29,aggregate.py
36761320,21,4,25,aggregate.py
36761320,6,8,14,aggregate.py
36761320,2,1,3,aggregate.py
36761320,1,1,2,aggregate.py
36761320,23,1,24,aggregate.py
36761320,23,0,23,himlarcli/nova.py
36761320,2,1,3,himlarcli/nova.py
36761320,1,1,2,himlarcli/nova.py
36761320,5,1,6,himlarcli/nova.py
36761320,99,24,123,aggregate.py
36761320,131,26,157,himlarcli/state.py
36761320,27,27,54,himlarcli/glance.py
36761320,1,1,2,himlarcli/client.py
36761320,1,1,2,stats.py
36761320,4,0,4,instance.py
36761320,9,3,12,instance.py
36761320,5,1,6,himlarcli/keystone.py
36761320,1,1,2,instance.py
36761320,1,1,2,instance.py
36761320,21,3,24,instance.py
36761320,7,1,8,himlarcli/nova.py
36761320,1,1,2,instance.py
36761320,22,1,23,instance.py
36761320,25,3,28,instance.py
36761320,4,1,5,instance.py
36761320,46,0,46,instance.py
36761320,3,0,3,himlarcli/keystone.py
36761320,7,7,14,project.py
36761320,16,7,23,course.py
36761320,2,2,4,himlarcli/keystone.py
36761320,2,1,3,himlarcli/keystone.py
36761320,12,5,17,himlarcli/keystone.py
36761320,2,0,2,user.py
36761320,67,0,67,user.py
36761320,0,84,84,users.py
36761320,72,3,75,himlarcli/keystone.py
36761320,1,1,2,aggregate.py
36761320,4,17,21,himlarcli/keystone.py
36761320,1,2,3,himlarcli/keystone.py
36761320,4,0,4,aggregate.py
36761320,8,4,12,quota.py
36761320,59,0,59,quota.py
36761320,1,1,2,himlarcli/__init__.py
36761320,38,0,38,himlarcli/cinder.py
36761320,8,2,10,himlarcli/nova.py
36761320,15,3,18,flavor.py
36761320,8,8,16,himlarcli/nova.py
36761320,12,9,21,flavor.py
36761320,28,3,31,himlarcli/nova.py
36761320,0,28,28,update_flavors.py
36761320,57,0,57,flavor.py
36761320,30,8,38,himlarcli/nova.py
36761320,1,1,2,aggregate.py
36761320,2,1,3,himlarcli/nova.py
36761320,2,1,3,himlarcli/nova.py
36761320,7,4,11,himlarcli/nova.py
36761320,5,0,5,aggregate.py
36761320,4,4,8,aggregate.py
36761320,3,1,4,course.py
36761320,3,1,4,project.py
36761320,21,6,27,aggregate.py
36761320,27,0,27,himlarcli/utils.py
36761320,1,1,2,aggregate.py
36761320,57,0,57,aggregate.py
36761320,3,0,3,himlarcli/keystone.py
36761320,56,56,112,himlarcli/nova.py
36761320,3,0,3,host.py
36761320,3,0,3,notify_reinstall.py
36761320,3,0,3,state.py
36761320,7,2,9,project.py
36761320,14,0,14,himlarcli/nova.py
36761320,31,18,49,project.py
36761320,1,1,2,himlarcli/keystone.py
36761320,3,0,3,course.py
36761320,9,0,9,himlarcli/keystone.py
36761320,49,33,82,course.py
36761320,23,10,33,himlarcli/keystone.py
36761320,3,0,3,utils.py
36761320,2,1,3,users.py
36761320,9,1,10,users.py
36761320,7,0,7,himlarcli/keystone.py
36761320,3,2,5,users.py
36761320,1,1,2,find_hosts.py => foreman_hosts.py
36761320,13,0,13,himlarcli/keystone.py
36761320,4,0,4,stats.py
36761320,1,1,2,update_flavors.py
36761320,73,0,73,course.py
36761320,6,6,12,himlarcli/keystone.py
36761320,10,0,10,himlarcli/utils.py
36761320,8,0,8,dataporten.py
36761320,9,0,9,himlarcli/keystone.py
36761320,3,1,4,project.py
36761320,7,7,14,project.py
36761320,1,1,2,project.py
36761320,2,2,4,himlarcli/keystone.py
36761320,0,23,23,himlarcli/utils.py
36761320,1,0,1,himlarcli/client.py
36761320,127,0,127,himlarcli/keystone.py
36761320,21,4,25,himlarcli/nova.py
36761320,80,0,80,project.py
36761320,54,0,54,utils.py
36761320,1,4,5,check_services.py
36761320,11,1,12,himlarcli/utils.py
36761320,5,2,7,himlarcli/client.py
36761320,2,2,4,himlarcli/nova.py
36761320,30,15,45,stats.py
36761320,50,0,50,check_services.py
36761320,2,2,4,stats.py
36761320,0,21,21,tests/service_net.py
36761320,2,2,4,tests/service_net.py
36761320,6,0,6,node.py
36761320,4,2,6,utils.py
36761320,1,0,1,himlarcli/utils.py
36761320,0,65,65,misc/golden_images.py
36761320,16,7,23,update_images.py
36761320,2,1,3,himlarcli/keystone.py
36761320,6,1,7,himlarcli/nova.py
36761320,37,0,37,himlarcli/nova.py
36761320,28,0,28,update_flavors.py
36761320,5,1,6,stats.py
36761320,5,0,5,stats.py
36761320,0,1,1,himlarcli/foremanclient.py
36761320,2,2,4,foreman_setup.py
36761320,0,2,2,foreman_setup.py
36761320,7,3,10,foreman_setup.py
36761320,2,1,3,foreman_setup.py
36761320,1,0,1,foreman_setup.py
36761320,1,0,1,himlarcli/foremanclient.py
36761320,2,0,2,himlarcli/foremanclient.py
36761320,2,0,2,node.py
36761320,1,1,2,himlarcli/foremanclient.py
36761320,2,2,4,himlarcli/foremanclient.py
36761320,3,3,6,himlarcli/foremanclient.py
36761320,5,2,7,himlarcli/foremanclient.py
36761320,1,0,1,himlarcli/foremanclient.py
36761320,8,2,10,node.py
36761320,1,1,2,himlarcli/foremanclient.py
36761320,15,1,16,node.py
36761320,35,0,35,find_hosts.py
36761320,3,2,5,node.py
36761320,2,2,4,utils.py
36761320,18,44,62,node.py
36761320,43,0,43,himlarcli/foremanclient.py
36761320,36,0,36,utils.py
36761320,0,2,2,node.py
36761320,1,1,2,node.py
36761320,2,1,3,node.py
36761320,1,0,1,node.py
36761320,2,2,4,node.py
36761320,1,2,3,node.py
36761320,1,1,2,node.py
36761320,2,0,2,node.py
36761320,9,6,15,node.py
36761320,1,1,2,node.py
36761320,4,2,6,node.py
36761320,11,11,22,node.py
36761320,1,3,4,himlarcli/foremanclient.py
36761320,2,0,2,himlarcli/utils.py
36761320,6,0,6,himlarcli/foremanclient.py
36761320,58,0,58,node.py
36761320,8,0,8,himlarcli/foremanclient.py
36761320,12,14,26,foreman_setup.py
36761320,10,0,10,himlarcli/utils.py
36761320,23,13,36,foreman_setup.py
36761320,74,0,74,foreman_setup.py
36761320,4,2,6,himlarcli/foremanclient.py
36761320,3,0,3,notify_all.py
36761320,13,9,22,users.py
36761320,8,7,15,users.py
36761320,5,1,6,users.py
36761320,1,2,3,notify_all.py
36761320,1,0,1,himlarcli/client.py
36761320,30,0,30,notify_all.py
36761320,4,2,6,himlarcli/glance.py
36761320,3,1,4,himlarcli/nova.py
36761320,16,4,20,himlarcli/glance.py
36761320,1,1,2,himlarcli/nova.py
36761320,1,0,1,himlarcli/client.py
36761320,5,2,7,update_images.py
36761320,1,1,2,himlarcli/glance.py
36761320,10,0,10,himlarcli/glance.py
36761320,1,1,2,update_images.py
36761320,1,1,2,update_images.py
36761320,1,1,2,misc/golden_images.py
36761320,2,2,4,misc/golden_images.py
36761320,1,1,2,dataporten.py
36761320,1,1,2,dataporten.py
36761320,2,3,5,dataporten.py
36761320,6,7,13,dataporten.py
36761320,25,0,25,dataporten.py
36761320,31,0,31,himlarcli/keystone.py
36761320,1,1,2,himlarcli/glance.py
36761320,13,0,13,misc/golden_images.py
36761320,18,11,29,update_images.py
36761320,9,2,11,himlarcli/glance.py
36761320,4,0,4,misc/golden_images.py
36761320,6,1,7,update_images.py
36761320,1,1,2,ansible_hosts.py
36761320,1,1,2,ansible_hosts.py
36761320,2,5,7,notify_reinstall.py
36761320,15,3,18,himlarcli/nova.py
36761320,11,0,11,himlarcli/client.py
36761320,48,0,48,misc/golden_images.py
36761320,9,26,35,update_images.py
36761320,4,0,4,himlarcli/nova.py
36761320,71,0,71,himlarcli/glance.py
36761320,83,0,83,update_images.py
36761320,14,0,14,himlarcli/utils.py
36761320,1,1,2,ansible_hosts.py
36761320,1,1,2,ansible_hosts.py
36761320,1,1,2,ansible_hosts.py
36761320,6,0,6,ansible_hosts.py
36761320,0,2,2,ansible_hosts.py
36761320,37,0,37,ansible_hosts.py
36761320,6,0,6,himlarcli/foremanclient.py
36761320,1,0,1,himlarcli/client.py
36761320,1,0,1,himlarcli/foremanclient.py
36761320,1,0,1,himlarcli/ldapclient.py
36761320,7,17,24,rebuild.py
36761320,1,1,2,himlarcli/utils.py
36761320,0,1,1,foremancli/__init__.py
36761320,0,25,25,foremancli/client.py
36761320,1,1,2,himlarcli/__init__.py
36761320,38,0,38,himlarcli/foremanclient.py
36761320,2,0,2,tests/setup_test.py
36761320,2,2,4,tests/setup_test.py
36761320,6,7,13,tests/logtest.py
36761320,11,5,16,tests/setup_test.py
36761320,11,6,17,himlarcli/utils.py
36761320,2,0,2,himlarcli/utils.py
36761320,15,19,34,himlarcli/state.py
36761320,17,10,27,himlarcli/nova.py
36761320,3,3,6,himlarcli/ldapclient.py
36761320,4,22,26,himlarcli/client.py
36761320,8,8,16,users.py
36761320,1,1,2,stats.py
36761320,4,4,8,state.py
36761320,0,36,36,himlarcli/logger.py
36761320,38,2,40,himlarcli/utils.py
36761320,1,1,2,himlarcli/logger.py
36761320,1,1,2,himlarcli/logger.py
36761320,8,2,10,users.py
36761320,8,5,13,users.py
36761320,5,5,10,users.py
36761320,19,3,22,users.py
36761320,3,3,6,himlarcli/ldapclient.py
36761320,26,2,28,users.py
36761320,1,1,2,himlarcli/client.py
36761320,30,0,30,himlarcli/ldapclient.py
36761320,12,0,12,himlarcli/utils.py
36761320,16,0,16,users.py
36761320,0,2,2,tests/logtest.py
36761320,2,0,2,tests/logtest.py
36761320,1,1,2,tests/setup_test.py
36761320,49,0,49,tests/setup_test.py
36761320,22,10,32,himlarcli/client.py
36761320,1,0,1,himlarcli/utils.py
36761320,16,2,18,himlarcli/logger.py
36761320,12,0,12,tests/logtest.py
36761320,10,0,10,himlarcli/utils.py
36761320,1,7,8,tests/service_net.py
36761320,5,1,6,tests/service_net.py
36761320,1,0,1,tests/service_net.py
36761320,1,1,2,himlarcli/__init__.py
36761320,24,0,24,himlarcli/utils.py
36761320,22,0,22,tests/service_net.py
36761320,1,1,2,utils.py
36761320,7,1,8,himlarcli/client.py
36761320,1,1,2,notify_reinstall.py
36761320,3,2,5,notify_reinstall.py
36761320,9,3,12,utils.py
36761320,3,1,4,state.py
36761320,1,1,2,himlarcli/__init__.py
36761320,13,22,35,himlarcli/client.py
36761320,22,0,22,himlarcli/logger.py
36761320,21,40,61,himlarcli/nova.py
36761320,114,0,114,himlarcli/state.py
36761320,5,3,8,host.py
36761320,33,0,33,state.py
36761320,6,5,11,utils.py
36761320,51,2,53,himlarcli/nova.py
36761320,3,1,4,host.py
36761320,26,1,27,himlarcli/client.py
36761320,3,3,6,notify_reinstall.py
36761320,4,2,6,stats.py
36761320,1,1,2,himlarcli/nova.py
36761320,4,8,12,host.py
36761320,8,1,9,utils.py
36761320,2,2,4,notify_reinstall.py
36761320,0,11,11,print_users.py
36761320,15,6,21,utils.py
36761320,8,2,10,himlarcli/client.py
36761320,2,2,4,himlarcli/keystone.py
36761320,6,2,8,himlarcli/notify.py
36761320,1,2,3,himlarcli/nova.py
36761320,2,0,2,himlarcli/notify.py
36761320,20,9,29,himlarcli/keystone.py
36761320,13,1,14,himlarcli/nova.py
36761320,21,0,21,stats.py
36761320,9,7,16,himlarcli/notify.py
36761320,15,21,36,notify_reinstall.py
36761320,15,0,15,himlarcli/nova.py
36761320,6,2,8,host.py
36761320,17,11,28,host.py
36761320,20,31,51,utils.py
36761320,1,3,4,himlarcli/keystone.py
36761320,6,1,7,notify_reinstall.py
36761320,5,0,5,himlarcli/keystone.py
36761320,3,1,4,print_users.py
36761320,9,2,11,himlarcli/nova.py
36761320,9,0,9,print_users.py
36761320,1,6,7,utils.py
36761320,1,1,2,himlarcli/__init__.py
36761320,16,0,16,himlarcli/notify.py
36761320,35,0,35,notify_reinstall.py
36761320,22,0,22,utils.py
36761320,12,1,13,himlarcli/nova.py
36761320,1,1,2,foremancli/client.py
36761320,1,1,2,rebuild.py
36761320,1,0,1,foremancli/__init__.py
36761320,25,0,25,foremancli/client.py
36761320,22,0,22,rebuild.py
36761320,1,1,2,himlarcli/client.py
36761320,3,1,4,host.py
36761320,5,1,6,himlarcli/client.py
36761320,20,0,20,host.py
36761320,35,0,35,utils.py
36761320,3,2,5,himlarcli/client.py
36761320,1,1,2,himlarcli/keystone.py
36761320,41,18,59,himlarcli/nova.py
36761320,19,0,19,setup.py
36761320,2,0,2,himlarcli/__init__.py
36761320,26,0,26,himlarcli/client.py
36761320,30,0,30,himlarcli/keystone.py
36761320,44,0,44,himlarcli/nova.py
51732151,21,1,22,market/api/api.py
51732151,22,1,23,market/controllers/borrowers_portfolio_controller.py
51732151,8,4,12,market/api/api.py
51732151,21,10,31,market/controllers/banks_portfolio_controller.py
51732151,4,3,7,test/market/test_api.py
51732151,12,12,24,test/market/test_gui.py
51732151,0,1,1,market/controllers/borrowers_portfolio_controller.py
51732151,14,2,16,market/controllers/borrowers_portfolio_controller.py
51732151,6,3,9,market/controllers/main_window_controller.py
51732151,41,0,41,test/market/test_gui.py
51732151,179,0,179,test/market/test_gui.py
51732151,3,0,3,market/controllers/banks_portfolio_controller.py
51732151,3,0,3,market/controllers/investors_portfolio_controller.py
51732151,18,0,18,market/controllers/main_window_controller.py
51732151,3,0,3,market/controllers/openmarket_controller.py
51732151,1,1,2,market/api/api.py
51732151,1,1,2,test/market/test_transfer.py
51732151,1,1,2,test/market/test_transfer.py
51732151,1,1,2,market/api/api.py
51732151,1,0,1,market/controllers/pending_loan_requests_2_controller.py
51732151,1,1,2,market/api/api.py
51732151,1,0,1,test/market/test_community.py
51732151,29,25,54,market/api/api.py
51732151,5,2,7,market/community/community.py
51732151,1,1,2,market/community/payload.py
51732151,1,1,2,market/api/api.py
51732151,4,2,6,market/api/api.py
51732151,1,1,2,market/community/conversion.py
51732151,0,5,5,market/controllers/main_window_controller.py
51732151,3,3,6,market.py
51732151,0,0,0,{marketGUI => market}/market_app.py
51732151,0,0,0,marketGUI/__init__.py
51732151,1,1,2,scenarios/apps.py
51732151,2,4,6,test/market/test_gui.py
51732151,34,9,43,market/api/api.py
51732151,15,3,18,market/community/community.py
51732151,83,4,87,test/market/test_community.py
51732151,1,1,2,marketGUI/market_app.py
51732151,1,0,1,market/controllers/main_window_controller.py
51732151,1,0,1,marketGUI/market_app.py
51732151,0,0,0,marketGUI/widgets/__init__.py
51732151,0,87,87,marketGUI/widgets/login.py
51732151,0,208,208,marketGUI/widgets/profile.py
51732151,0,15,15,run_gui.py
51732151,34,13,47,market/controllers/banks_portfolio_controller.py
51732151,32,12,44,market/controllers/investors_portfolio_controller.py
51732151,12,7,19,market/controllers/main_window_controller.py
51732151,21,0,21,market/controllers/openmarket_controller.py
51732151,1,2,3,market/api/api.py
51732151,5,5,10,test/market/test_transfer.py
51732151,1,1,2,tftp_client.py
51732151,3,2,5,tftp_server.py
51732151,38,0,38,market/controllers/main_window_controller.py
51732151,0,2,2,test/market/test_gui.py
51732151,2,1,3,market/controllers/pending_loan_requests_2_controller.py
51732151,10,0,10,test/market/test_gui.py
51732151,1,0,1,test/market/test_database.py
51732151,25,0,25,test/market/test_models.py
51732151,20,2,22,test/market/test_database.py
51732151,18,0,18,test/market/test_models.py
51732151,0,3,3,market/controllers/main_window_controller.py
51732151,45,0,45,test/market/test_gui.py
51732151,3,7,10,market/community/community.py
51732151,0,15,15,market/models/user.py
51732151,6,0,6,test/market/test_community.py
51732151,3,3,6,test/market/test_database.py
51732151,0,7,7,market/controllers/navigation.py
51732151,4,0,4,test/market/test_gui.py
51732151,0,10,10,market/api/api.py
51732151,1,5,6,market/database/backends.py
51732151,1,1,2,test/market/test_multichain.py
51732151,10,10,20,market/database/backends.py
51732151,1,1,2,market/database/database.py
51732151,6,6,12,marketGUI/market_app.py
51732151,14,14,28,scenarios/apps.py
51732151,2,2,4,test/market/test_api.py
51732151,9,9,18,test/market/test_community.py
51732151,5,5,10,test/market/test_database.py
51732151,2,2,4,test/market/test_models.py
51732151,3,3,6,test/market/test_multichain.py
51732151,17,0,17,market/api/api.py
51732151,55,0,55,test/market/test_api.py
51732151,27,22,49,market/controllers/banks_portfolio_controller.py
51732151,17,0,17,market/controllers/borrowers_portfolio_controller.py
51732151,35,30,65,market/controllers/investors_portfolio_controller.py
51732151,1,4,5,market/community/community.py
51732151,10,15,25,market/database/backends.py
51732151,3,3,6,test/market/test_multichain.py
51732151,0,1,1,market/controllers/pending_loan_requests_2_controller.py
51732151,54,31,85,market/controllers/place_loan_request_controller.py
51732151,1,0,1,market/community/community.py
51732151,1,1,2,market/community/conversion.py
51732151,1,1,2,market/api/__init__.py
51732151,15,12,27,market/api/api.py
51732151,18,0,18,market/api/messages.py
51732151,5,2,7,market/community/community.py
51732151,1,1,2,market/community/conversion.py
51732151,1,1,2,market/community/payload.py
51732151,42,37,79,market/community/queue.py
51732151,1,1,2,scenarios/tasks.py
51732151,93,36,129,test/market/test_api.py
51732151,37,29,66,test/market/test_community.py
51732151,19,2,21,market/database/backends.py
51732151,44,34,78,market/database/backends.py
51732151,2,6,8,test/market/test_multichain.py
51732151,38,20,58,market/controllers/profile_controller.py
51732151,7,5,12,market/database/backends.py
51732151,1,4,5,market/database/backends.py
51732151,1,8,9,market/database/backends.py
51732151,1,1,2,test/market/test_community.py
51732151,2,2,4,market/community/community.py
51732151,2,2,4,market/community/conversion.py
51732151,5,5,10,market/community/payload.py
51732151,40,26,66,market/database/backends.py
51732151,35,2,37,test/market/test_multichain.py
51732151,30,23,53,market/models/__init__.py
51732151,6,6,12,test/market/test_models.py
51732151,16,1,17,test/market/test_gui.py
51732151,16,0,16,test/market/test_api.py
51732151,1,1,2,market/models/__init__.py
51732151,21,1,22,test/market/test_community.py
51732151,41,0,41,market/api/api.py
51732151,29,29,58,market/community/community.py
51732151,8,27,35,market/models/__init__.py
51732151,0,27,27,market/models/loans.py
51732151,31,1,32,test/market/test_models.py
51732151,3,3,6,market/community/community.py
51732151,1,1,2,market/api/api.py
51732151,3,3,6,market/controllers/place_loan_request_controller.py
51732151,1,1,2,market/database/backends.py
51732151,5,4,9,market/community/community.py
51732151,2,2,4,market/community/community.py
51732151,8,0,8,market/database/backends.py
51732151,3,3,6,market/community/community.py
51732151,4,0,4,market/community/community.py
51732151,43,1,44,market/database/backends.py
51732151,2,2,4,market.py
51732151,4,2,6,market/api/api.py
51732151,0,1,1,market/controllers/main_window_controller.py
51732151,7,1,8,market/controllers/place_loan_request_controller.py
51732151,11,18,29,test/market/test_transfer.py
51732151,2,1,3,market/controllers/pending_loan_requests_1_controller.py
51732151,42,3,45,run_tftp_client.py => tftp_client.py
51732151,0,0,0,run_tftp_server.py => tftp_server.py
51732151,1,0,1,test/market/test_transfer.py
51732151,0,2,2,test/market/test_transfer.py
51732151,3,3,6,test/market/test_transfer.py
51732151,0,6,6,run_tftp_client.py
51732151,50,1,51,test/market/test_transfer.py
51732151,15,10,25,test/market/test_transfer.py
51732151,8,22,30,run_tftp_client.py
51732151,2,1,3,run_tftp_server.py
51732151,55,19,74,test/market/test_transfer.py
51732151,35,17,52,run_tftp_server.py
51732151,64,0,64,test/market/test_transfer.py
51732151,1,5,6,market/controllers/profile_controller.py
51732151,2,1,3,market.py
51732151,24,16,40,market/api/api.py
51732151,3,5,8,market/controllers/pending_loan_requests_2_controller.py
51732151,5,1,6,market/controllers/profile_controller.py
51732151,0,1,1,market/community/community.py
51732151,1,0,1,market/models/__init__.py
51732151,0,1,1,market/api/api.py
51732151,0,1,1,market/api/api.py
51732151,1,1,2,market/api/api.py
51732151,9,0,9,market.py
51732151,7,6,13,run_tftp_server.py
51732151,1,49,50,market/community/community.py
51732151,0,21,21,market/community/conversion.py
51732151,0,11,11,market/community/payload.py
51732151,198,11,209,test/market/test_community.py
51732151,17,14,31,run_tftp_client.py
51732151,7,10,17,run_tftp_server.py
51732151,2,1,3,market/community/community.py
51732151,3,7,10,market/api/api.py
51732151,1,2,3,market/api/api.py
51732151,2,1,3,market/community/community.py
51732151,0,20,20,run_tftp_client.py
51732151,1,16,17,market/api/api.py
51732151,7,1,8,test/market/test_encoding.py
51732151,9,3,12,market/api/api.py
51732151,1,2,3,market/controllers/pending_loan_requests_2_controller.py
51732151,64,24,88,run_tftp_client.py
51732151,201,0,201,test/market/test_encoding.py
51732151,0,1,1,market/community/community.py
51732151,1,1,2,market/community/community.py
51732151,5,1,6,market/community/community.py
51732151,25,12,37,market/api/api.py
51732151,1,1,2,market/controllers/pending_loan_requests_2_controller.py
51732151,2,2,4,run_tftp_client.py
51732151,3,1,4,run_tftp_server.py
51732151,15,11,26,market/api/api.py
51732151,30,31,61,market/controllers/pending_loan_requests_2_controller.py
51732151,2,2,4,market/controllers/profile_controller.py
51732151,55,25,80,market/controllers/pending_loan_requests_2_controller.py
51732151,0,1,1,market/controllers/profile_controller.py
51732151,19,2,21,market/api/api.py
51732151,0,1,1,market/controllers/main_window_controller.py
51732151,2,2,4,market/controllers/profile_controller.py
51732151,10,6,16,market/models/document.py
51732151,1,0,1,market/models/profiles.py
51732151,8,6,14,run_tftp_client.py
51732151,0,2,2,run_tftp_server.py
51732151,2,2,4,market/controllers/place_loan_request_controller.py
51732151,8,8,16,market/controllers/place_loan_request_controller.py
51732151,1,5,6,market.py
51732151,2,2,4,scenarios/apps.py
51732151,34,13,47,market.py
51732151,8,3,11,market/controllers/place_loan_request_controller.py
51732151,32,4,36,run_tftp_client.py
51732151,23,1,24,run_tftp_server.py
51732151,8,3,11,market.py
51732151,0,1,1,market.py
51732151,10,6,16,market/api/api.py
51732151,3,0,3,market/community/community.py
51732151,13,3,16,test/market/test_community.py
51732151,8,3,11,market/api/api.py
51732151,1,1,2,test/market/test_multichain.py
51732151,0,0,0,market/multichain/__init__.py
51732151,0,242,242,market/multichain/database.py
51732151,0,3,3,marketGUI/market_app.py
51732151,12,2,14,market.py
51732151,1,1,2,market/api/api.py
51732151,15,1,16,marketGUI/market_app.py
51732151,13,7,20,market/community/community.py
51732151,245,2,247,market/database/backends.py
51732151,64,69,133,test/market/test_multichain.py
51732151,12,8,20,market/community/community.py
51732151,8,6,14,market/multichain/database.py
51732151,49,171,220,test/market/test_multichain.py
51732151,6,2,8,market/api/api.py
51732151,12,0,12,market/community/community.py
51732151,2,0,2,market/community/queue.py
51732151,28,1,29,test/market/test_community.py
51732151,0,4,4,market/controllers/profile_controller.py
51732151,44,3,47,run_tftp_client.py
51732151,5,5,10,run_tftp_server.py
51732151,22,17,39,market/api/api.py
51732151,22,6,28,scenarios/apps.py
51732151,5,4,9,scenarios/scenario.py
51732151,15,1,16,scenarios/tasks.py
51732151,1,5,6,test/market/test_api.py
51732151,1,0,1,test/market/test_community.py
51732151,19,26,45,market/multichain/database.py
51732151,59,115,174,test/market/test_multichain.py
51732151,4,2,6,market/api/api.py
51732151,5,3,8,market/api/api.py
51732151,3,0,3,market/community/community.py
51732151,3,3,6,scenarios/apps.py
51732151,7,2,9,test/market/test_multichain.py
51732151,2,3,5,test/market/test_multichain.py
51732151,2,2,4,test/market/test_multichain.py
51732151,11,3,14,test/market/test_multichain.py
51732151,95,156,251,test/market/test_multichain.py
51732151,19,10,29,test/market/test_community.py
51732151,432,328,760,test/market/test_multichain.py
51732151,0,1,1,market/community/community.py
51732151,38,37,75,market.py
51732151,43,27,70,marketGUI/market_app.py
51732151,34,9,43,scenarios/apps.py
51732151,2,1,3,scenarios/tasks.py
51732151,43,2,45,market/controllers/profile_controller.py
51732151,1,1,2,run_tftp_client.py
51732151,435,0,435,qt5reactor.py
51732151,3,0,3,twisted/plugins/qt5.py
51732151,31,45,76,market.py
51732151,1,0,1,market/community/community.py
51732151,36,30,66,marketGUI/market_app.py
51732151,3,0,3,market/controllers/main_window_controller.py
51732151,0,1,1,market/multichain/database.py
51732151,16,4,20,marketGUI/market_app.py
51732151,0,65,65,marketGUI/market_window.py
51732151,1,1,2,marketGUI/market_app.py
51732151,1,1,2,test/market/test_multichain.py
51732151,3,3,6,market/multichain/database.py
51732151,5,15,20,market/multichain/database.py
51732151,6,5,11,test/market/test_multichain.py
51732151,15,5,20,market/multichain/database.py
51732151,6,6,12,market/community/community.py
51732151,12,2,14,market/community/payload.py
51732151,3,3,6,market/multichain/database.py
51732151,3,0,3,market/controllers/banks_portfolio_controller.py
51732151,11,5,16,market/controllers/borrowers_portfolio_controller.py
51732151,6,0,6,market/controllers/investors_portfolio_controller.py
51732151,22,2,24,test/market/test_gui.py
51732151,2,2,4,run_tftp_server.py
51732151,1,1,2,run_tftp_client.py
51732151,21,2,23,run_tftp_server.py
51732151,5,0,5,run_tftp_client.py
51732151,5,0,5,run_tftp_server.py
51732151,71,0,71,test/market/test_multichain.py
51732151,5,2,7,market/api/api.py
51732151,2,2,4,test/market/test_api.py
51732151,9,7,16,market/api/api.py
51732151,7,6,13,test/market/test_api.py
51732151,4,1,5,market/api/api.py
51732151,3,0,3,market/community/community.py
51732151,9,3,12,market/api/api.py
51732151,4,1,5,market/community/community.py
51732151,0,69,69,market/controllers/login_controller.py
51732151,0,2,2,market/controllers/main_window_controller.py
51732151,1,1,2,test/market/test_gui.py
51732151,7,2,9,market/controllers/investors_portfolio_controller.py
51732151,0,14,14,market/controllers/login_controller.py
51732151,11,1,12,market/controllers/pending_loan_requests_1_controller.py
51732151,31,16,47,market/controllers/pending_loan_requests_2_controller.py
51732151,20,10,30,market/controllers/place_loan_request_controller.py
51732151,76,1,77,test/market/test_community.py
51732151,1,1,2,market.py
51732151,7,1,8,market/controllers/banks_portfolio_controller.py
51732151,20,3,23,market/controllers/borrowers_portfolio_controller.py
51732151,24,5,29,market/controllers/campaign_bids_controller.py
51732151,52,0,52,market/controllers/navigation.py
51732151,12,0,12,market/controllers/openmarket_controller.py
51732151,37,8,45,market/controllers/profile_controller.py
51732151,2,2,4,run_gui.py
51732151,10,1,11,test/market/test_multichain.py
51732151,6,6,12,market/controllers/borrowers_portfolio_controller.py
51732151,57,57,114,test/market/test_gui.py
51732151,11,8,19,market/multichain/database.py
51732151,126,54,180,test/market/test_multichain.py
51732151,31,0,31,test/market/test_community.py
51732151,265,76,341,test/market/test_gui.py
51732151,79,17,96,test/market/test_community.py
51732151,58,5,63,test/market/test_community.py
51732151,68,58,126,test/market/test_community.py
51732151,1,1,2,marketGUI/market_app.py
51732151,21,0,21,test/market/test_multichain.py
51732151,1,1,2,market/controllers/campaign_bids_controller.py
51732151,33,118,151,test/market/test_gui.py
51732151,0,1,1,market/multichain/database.py
51732151,3,3,6,market/multichain/database.py
51732151,16,2,18,test/market/test_multichain.py
51732151,3,7,10,market/multichain/database.py
51732151,1,1,2,test/market/test_multichain.py
51732151,0,4,4,market/controllers/navigation.py
51732151,145,2,147,test/market/test_gui.py
51732151,68,2,70,test/market/test_multichain.py
51732151,46,13,59,market/__init__.py
51732151,4,0,4,market/api/__init__.py
51732151,130,103,233,market/api/api.py
51732151,8,24,32,market/api/crypto.py
51732151,26,26,52,market/community/community.py
51732151,6,0,6,market/database/__init__.py
51732151,108,41,149,market/database/backends.py
51732151,60,21,81,market/database/database.py
51732151,1,5,6,market/models/__init__.py
51732151,1,1,2,market/models/document.py
51732151,1,1,2,market/models/house.py
51732151,6,6,12,market/models/loans.py
51732151,2,2,4,market/models/profiles.py
51732151,1,1,2,market/models/user.py
51732151,4,4,8,marketGUI/market_app.py
51732151,10,10,20,scenarios/scenario.py
51732151,32,32,64,test/market/test_api.py
51732151,5,5,10,test/market/test_gui.py
51732151,5,7,12,market/multichain/database.py
51732151,51,5,56,test/market/test_multichain.py
51732151,23,23,46,market/multichain/database.py
51732151,37,19,56,test/market/test_multichain.py
51732151,272,3,275,test/market/test_gui.py
51732151,44,33,77,market/controllers/borrowers_portfolio_controller.py
51732151,27,28,55,market/multichain/database.py
51732151,17,3,20,test/market/test_multichain.py
51732151,1,1,2,market/controllers/navigation.py
51732151,123,18,141,test/market/test_gui.py
51732151,147,0,147,test/market/test_gui.py
51732151,5,7,12,market/controllers/place_loan_request_controller.py
51732151,86,4,90,test/market/test_gui.py
51732151,1,1,2,market/multichain/database.py
51732151,13,16,29,test/market/test_gui.py
51732151,137,6,143,test/market/test_gui.py
51732151,9,6,15,market/controllers/pending_loan_requests_2_controller.py
51732151,0,2,2,market/controllers/profile_controller.py
51732151,15,34,49,test/market/test_gui.py
51732151,93,15,108,test/market/test_gui.py
51732151,75,15,90,test/market/test_gui.py
51732151,80,7,87,test/market/test_gui.py
51732151,4,4,8,market/controllers/banks_portfolio_controller.py
51732151,4,22,26,market/multichain/database.py
51732151,49,0,49,test/market/test_multichain.py
51732151,3,2,5,market/community/community.py
51732151,4,3,7,market/database/backends.py
51732151,11,7,18,market/models/__init__.py
51732151,250,9,259,test/market/test_community.py
51732151,1,1,2,test/market/test_models.py
51732151,3,6,9,test/market/test_gui.py
51732151,96,4,100,test/market/test_gui.py
51732151,18,14,32,market/controllers/profile_controller.py
51732151,10,0,10,marketGUI/market_app.py
51732151,2,2,4,market/community/community.py
51732151,1,1,2,market/community/payload.py
51732151,23,6,29,market/multichain/database.py
51732151,1,1,2,market/api/api.py
51732151,1,1,2,market/api/crypto.py
51732151,8,7,15,market/community/community.py
51732151,2,2,4,market/community/conversion.py
51732151,1,1,2,market/community/payload.py
51732151,1,1,2,market/community/queue.py
51732151,1,1,2,market/database/backends.py
51732151,3,4,7,market/models/__init__.py
51732151,2,2,4,marketGUI/market_app.py
51732151,4,4,8,test/market/test_api.py
51732151,4,3,7,test/market/test_community.py
51732151,1,1,2,market/multichain/database.py
51732151,2,24,26,market/multichain/database.py
51732151,13,24,37,market/community/community.py
51732151,79,128,207,market/multichain/database.py
51732151,2,2,4,test/market/test_gui.py
51732151,5,2,7,market/database/backends.py
51732151,1,1,2,market/database/database.py
51732151,10,4,14,test/market/test_backend.py
51732151,5,2,7,test/market/test_database.py
51732151,4,0,4,market/controllers/borrowers_portfolio_controller.py
51732151,2,0,2,market/controllers/openmarket_controller.py
51732151,2,3,5,market/controllers/borrowers_portfolio_controller.py
51732151,2,3,5,market/controllers/campaign_bids_controller.py
51732151,3,0,3,market/controllers/main_view_controller.py
51732151,1,2,3,market/controllers/pending_loan_requests_1_controller.py
51732151,3,4,7,market/controllers/pending_loan_requests_2_controller.py
51732151,3,4,7,market/controllers/place_loan_request_controller.py
51732151,4,5,9,market/controllers/profile_controller.py
51732151,29,4,33,test/market/test_gui.py
51732151,5,4,9,market/controllers/borrowers_portfolio_controller.py
51732151,5,4,9,market/controllers/campaign_bids_controller.py
51732151,2,1,3,market/controllers/pending_loan_requests_1_controller.py
51732151,4,3,7,market/controllers/pending_loan_requests_2_controller.py
51732151,4,3,7,market/controllers/place_loan_request_controller.py
51732151,2,2,4,market/controllers/place_loan_request_controller.py
51732151,9,0,9,marketGUI/market_app.py
51732151,48,4,52,test/market/test_gui.py
51732151,9,6,15,market/controllers/profile_controller.py
51732151,16,1,17,test/market/test_gui.py
51732151,1,0,1,test/market/test_models.py
51732151,120,0,120,test/market/test_community.py
51732151,4,3,7,market/database/backends.py
51732151,1,1,2,market/database/database.py
51732151,0,0,0,test/market/test_community.py
51732151,0,3,3,market/community/community.py
51732151,4,1,5,market/community/community.py
51732151,20,17,37,market/community/community.py
51732151,5,2,7,market/multichain/database.py
51732151,3,0,3,marketGUI/market_app.py
51732151,32,43,75,market/community/community.py
51732151,2,1,3,market/community/payload.py
51732151,0,2,2,market/controllers/main_view_controller.py
51732151,2,2,4,market/controllers/place_loan_request_controller.py
51732151,5,0,5,marketGUI/market_app.py
51732151,1,1,2,run_gui.py
51732151,4,0,4,market/community/community.py
51732151,74,24,98,market/community/community.py
51732151,51,40,91,market/community/conversion.py
51732151,2,2,4,market/community/payload.py
51732151,30,31,61,market/multichain/database.py
51732151,2,1,3,market.py
51732151,3,21,24,test/market/test_gui.py
51732151,5,0,5,market.py
51732151,17,1,18,market/controllers/main_view_controller.py
51732151,0,2,2,market.py
51732151,30,12,42,market/community/community.py
51732151,3,1,4,test/market/test_gui.py
51732151,1661,0,1661,market/views/main_view.py
51732151,0,3,3,market.py
51732151,3,1,4,market.py
51732151,40,0,40,scenarios/apps.py
51732151,9,9,18,scenarios/scenario.py
51732151,4,0,4,market.py
51732151,14,30,44,marketGUI/market_app.py
51732151,30,1,31,scenarios/apps.py
51732151,7,7,14,market/community/community.py
51732151,18,18,36,market/community/conversion.py
51732151,49,5,54,market/community/payload.py
51732151,120,120,240,market/multichain/database.py
51732151,2,1,3,marketGUI/market_app.py
51732151,3,3,6,run_gui.py
51732151,43,6,49,market/community/community.py
51732151,27,0,27,market/community/conversion.py
51732151,0,6,6,market/api/api.py
51732151,1,1,2,market/controllers/login_controller.py
51732151,2,2,4,market/controllers/main_view_controller.py
51732151,1,0,1,test/market/test_api.py
51732151,1,0,1,test/market/test_backend.py
51732151,1,0,1,test/market/test_database.py
51732151,43,0,43,test/market/test_gui.py
51732151,23,19,42,market/api/api.py
51732151,5,0,5,scenarios/fake_provider.py
51732151,5,52,57,market/multichain/database.py
51732151,0,3,3,market/controllers/login_controller.py
51732151,4,4,8,market/controllers/main_view_controller.py
51732151,0,1,1,market/controllers/pending_loan_requests_1_controller.py
51732151,0,1661,1661,market/views/main_view.py
51732151,1,1,2,market/api/api.py
51732151,9,6,15,market/api/api.py
51732151,1,0,1,market/community/community.py
51732151,11,2,13,market/models/__init__.py
51732151,1,1,2,market/models/loans.py
51732151,3,0,3,marketGUI/market_app.py
51732151,1,1,2,scenarios/tasks.py
51732151,0,1,1,market/controllers/main_view_controller.py
51732151,10,10,20,market/views/main_view.py
51732151,0,2,2,market/controllers/campaign_bids_controller.py
51732151,0,93,93,market/controllers/main_view_controller.py
51732151,0,11,11,market/controllers/borrowers_portfolio_controller.py
51732151,0,5,5,market/controllers/openmarket_controller.py
51732151,0,63,63,market/controllers/borrowers_portfolio_controller.py
51732151,0,62,62,market/controllers/openmarket_controller.py
51732151,19,10,29,market/controllers/pending_loan_requests_2_controller.py
51732151,31,23,54,market/controllers/profile_controller.py
51732151,51,52,103,market/views/main_view.py
51732151,0,19,19,test/market/test_gui.py
51732151,2,1,3,market/api/api.py
51732151,3,0,3,market/community/community.py
51732151,1,2,3,market/api/api.py
51732151,2,6,8,market/community/community.py
51732151,7,1,8,market/api/api.py
51732151,1,1,2,market/community/community.py
51732151,7,4,11,market/models/__init__.py
51732151,29,0,29,market/models/loans.py
51732151,3,2,5,market/controllers/place_loan_request_controller.py
51732151,181,189,370,market/views/main_view.py
51732151,112,3,115,market/controllers/borrowers_portfolio_controller.py
51732151,1,0,1,market/controllers/main_view_controller.py
51732151,1,1,2,market/controllers/navigation.py
51732151,5,23,28,market/controllers/openmarket_controller.py
51732151,31,3,34,market/controllers/campaign_bids_controller.py
51732151,7,0,7,market/controllers/main_view_controller.py
51732151,5,22,27,market/controllers/openmarket_controller.py
51732151,6,10,16,market/views/main_view.py
51732151,2,3,5,market/controllers/banks_portfolio_controller.py
51732151,11,9,20,market/controllers/banks_portfolio_controller.py
51732151,11,10,21,market/controllers/investors_portfolio_controller.py
51732151,3,0,3,market/controllers/navigation.py
51732151,8,6,14,market/controllers/pending_loan_requests_1_controller.py
51732151,3,3,6,market/controllers/pending_loan_requests_1_controller.py
51732151,17,16,33,market/api/api.py
51732151,17,2,19,market/controllers/campaign_bids_controller.py
51732151,1,0,1,market/controllers/main_view_controller.py
51732151,4,4,8,market/controllers/navigation.py
51732151,114,31,145,market/controllers/openmarket_controller.py
51732151,10,10,20,market/views/main_view.py
51732151,32,7,39,market/community/community.py
51732151,1,1,2,market/controllers/banks_portfolio_controller.py
51732151,1,1,2,market/controllers/investors_portfolio_controller.py
51732151,1,1,2,market/controllers/pending_loan_requests_1_controller.py
51732151,4,3,7,market/controllers/pending_loan_requests_2_controller.py
51732151,9,7,16,market/controllers/profile_controller.py
51732151,42,50,92,market/multichain/database.py
51732151,7,1,8,market/api/api.py
51732151,7,1,8,market/models/profiles.py
51732151,2,1,3,test/market/test_api.py
51732151,1,1,2,market/api/api.py
51732151,7,1,8,market/models/house.py
51732151,3,3,6,test/market/test_api.py
51732151,11,3,14,market/views/main_view.py
51732151,11,3,14,market/views/main_view.py
51732151,2,0,2,market/controllers/pending_loan_requests_2_controller.py
51732151,5,6,11,market/controllers/navigation.py
51732151,28,12,40,market/controllers/pending_loan_requests_1_controller.py
51732151,55,2,57,market/controllers/pending_loan_requests_2_controller.py
51732151,4,7,11,market/api/api.py
51732151,4,3,7,market/api/api.py
51732151,7,2,9,test/market/test_api.py
51732151,6,4,10,market/api/api.py
51732151,5,2,7,test/market/test_api.py
51732151,12,18,30,market/api/api.py
51732151,29,1,30,market/controllers/pending_loan_requests_1_controller.py
51732151,9,13,22,market/api/api.py
51732151,29,11,40,market/controllers/banks_portfolio_controller.py
51732151,5,2,7,market/api/api.py
51732151,2,2,4,test/market/test_api.py
51732151,5,2,7,market/api/api.py
51732151,7,7,14,test/market/test_api.py
51732151,2,2,4,market/community/community.py
51732151,78,0,78,market/models/__init__.py
51732151,85,0,85,test/market/test_models.py
51732151,147,21,168,market/community/community.py
51732151,30,0,30,market/community/conversion.py
51732151,31,0,31,market/community/payload.py
51732151,5,2,7,market/models/__init__.py
51732151,2,0,2,market/controllers/place_loan_request_controller.py
51732151,38,36,74,market/controllers/place_loan_request_controller.py
51732151,1,3,4,market/controllers/investors_portfolio_controller.py
51732151,38,10,48,market/controllers/investors_portfolio_controller.py
51732151,2,3,5,market/controllers/openmarket_controller.py
51732151,11,7,18,market/views/main_view.py
51732151,8,6,14,market/api/api.py
51732151,0,2,2,market/api/api.py
51732151,0,2,2,market/community/queue.py
51732151,12,13,25,market/api/api.py
51732151,18,17,35,test/market/test_api.py
51732151,2,1,3,market/api/api.py
51732151,7,2,9,market/community/community.py
51732151,1,0,1,market/community/queue.py
51732151,3,1,4,market/database/backends.py
51732151,18,12,30,scenarios/apps.py
51732151,13,0,13,scenarios/tasks.py
51732151,216,142,358,market/views/main_view.py
51732151,3,4,7,market/community/community.py
51732151,11,3,14,market/community/queue.py
51732151,7,4,11,marketGUI/market_app.py
51732151,2,2,4,scenarios/apps.py
51732151,7,2,9,market/api/api.py
51732151,11,1,12,market/models/loans.py
51732151,1,1,2,test/market/test_api.py
51732151,0,3,3,market/community/queue.py
51732151,13,12,25,market/api/api.py
51732151,127,214,341,market/community/community.py
51732151,33,14,47,market/community/conversion.py
51732151,41,0,41,market/community/payload.py
51732151,71,10,81,market/community/queue.py
51732151,7,0,7,market/models/__init__.py
51732151,1,1,2,marketGUI/market_app.py
51732151,0,69,69,market/views/login.py
51732151,145,137,282,market/views/main_view.py
51732151,7,3,10,market/controllers/navigation.py
51732151,6,0,6,market/controllers/campaign_bids_controller.py
51732151,33,8,41,market/controllers/main_view_controller.py
51732151,6,0,6,market/controllers/pending_loan_requests_1_controller.py
51732151,6,0,6,market/controllers/pending_loan_requests_2_controller.py
51732151,2,1,3,market/api/api.py
51732151,19,1,20,market/models/loans.py
51732151,5,3,8,test/market/test_api.py
51732151,21,2,23,market/controllers/main_view_controller.py
51732151,21,35,56,market/controllers/place_loan_request_controller.py
51732151,18,5,23,market/controllers/profile_controller.py
51732151,12,5,17,test/market/test_gui.py
51732151,10,31,41,market/controllers/profile_controller.py
51732151,16,22,38,market/controllers/navigation.py
51732151,9,0,9,market/controllers/profile_controller.py
51732151,12,0,12,test/market/test_gui.py
51732151,19,36,55,market/api/api.py
51732151,40,45,85,market/community/community.py
51732151,3,2,5,market/community/conversion.py
51732151,26,10,36,market/community/queue.py
51732151,35,13,48,marketGUI/market_app.py
51732151,4,2,6,market.py
51732151,18,3,21,scenarios/apps.py
51732151,1,0,1,scenarios/fake_provider.py
51732151,5,1,6,scenarios/scenario.py
51732151,0,1,1,scenarios/tasks.py
51732151,17,18,35,market/controllers/navigation.py
51732151,10,10,20,market/controllers/navigation.py
51732151,6,70,76,market/views/main_view.py
51732151,0,3,3,market/controllers/login_controller.py
51732151,1,7,8,market/controllers/main_view_controller.py
51732151,1,0,1,market/controllers/navigation.py
51732151,12,216,228,market/views/main_view.py
51732151,0,41,41,market/controllers/main_view_controller.py
51732151,12,10,22,market/views/main_view.py
51732151,5,3,8,market/controllers/login_controller.py
51732151,13,8,21,market/views/main_view.py
51732151,1,2,3,market/api/api.py
51732151,3,3,6,market/controllers/profile_controller.py
51732151,20,22,42,market/controllers/profile_controller.py
51732151,1,3,4,market/controllers/profile_controller.py
51732151,1,0,1,market/controllers/login_controller.py
51732151,49,111,160,market/views/main_view.py
51732151,0,5,5,market/api/api.py
51732151,1,1,2,market/community/conversion.py
51732151,380,0,380,market/community/encoding.py
51732151,2,2,4,market/controllers/profile_controller.py
51732151,2,2,4,market/controllers/profile_controller.py
51732151,1,1,2,market/models/profiles.py
51732151,1,1,2,market/controllers/profile_controller.py
51732151,1,1,2,market/models/profiles.py
51732151,11,10,21,market/controllers/login_controller.py
51732151,3,2,5,market/controllers/main_view_controller.py
51732151,11,4,15,market/controllers/openmarket_controller.py
51732151,13,9,22,market/controllers/profile_controller.py
51732151,3,2,5,marketGUI/market_app.py
51732151,2,1,3,market/controllers/navigation.py
51732151,28,10,38,market/controllers/profile_controller.py
51732151,17,0,17,market/controllers/banks_portfolio_controller.py
51732151,17,0,17,market/controllers/borrowers_portfolio_controller.py
51732151,17,0,17,market/controllers/investors_portfolio_controller.py
51732151,0,1,1,market/controllers/login_controller.py
51732151,28,104,132,market/controllers/main_view_controller.py
51732151,4,0,4,market/controllers/navigation.py
51732151,48,0,48,market/controllers/openmarket_controller.py
51732151,39,16,55,market/controllers/place_loan_request_controller.py
51732151,10,8,18,market/controllers/profile_controller.py
51732151,4,2,6,market/controllers/login_controller.py
51732151,24,26,50,market/controllers/main_view_controller.py
51732151,6,5,11,market/controllers/navigation.py
51732151,19,10,29,market/controllers/profile_controller.py
51732151,14,10,24,market/views/main_view.py
51732151,3,3,6,market/api/api.py
51732151,4,3,7,market/community/community.py
51732151,45,6,51,market/api/api.py
51732151,21,4,25,market/api/api.py
51732151,6,8,14,market/community/community.py
51732151,2,2,4,market/models/profiles.py
51732151,2,2,4,marketGUI/market_app.py
51732151,10,3,13,scenarios/apps.py
51732151,3,3,6,scenarios/fake_provider.py
51732151,2,0,2,scenarios/scenario.py
51732151,2,2,4,test/market/test_api.py
51732151,12,3,15,market/community/queue.py
51732151,10,6,16,market.py
51732151,2,2,4,market/__init__.py
51732151,26,20,46,market/api/api.py
51732151,13,5,18,market/community/community.py
51732151,6,29,35,market/models/role.py
51732151,9,0,9,market/models/user.py
51732151,16,17,33,marketGUI/market_app.py
51732151,30,8,38,scenarios/apps.py
51732151,8,8,16,scenarios/fake_provider.py
51732151,5,3,8,scenarios/scenario.py
51732151,26,26,52,test/market/test_api.py
51732151,2,2,4,market/community/queue.py
51732151,11,0,11,market/community/queue.py
51732151,23,22,45,market/controllers/login_controller.py
51732151,34,30,64,market/controllers/main_view_controller.py
51732151,98,0,98,market/controllers/navigation.py
51732151,39,0,39,market/controllers/place_loan_request_controller.py
51732151,28,28,56,market/controllers/profile_controller.py
51732151,521,121,642,market/views/main_view.py
51732151,0,151,151,market/views/profile_view.py
51732151,2,75,77,run_gui.py
51732151,28,13,41,market/community/community.py
51732151,2,0,2,market/community/conversion.py
51732151,4,1,5,market/models/user.py
51732151,8,1,9,marketGUI/market_app.py
51732151,9,0,9,scenarios/scenario.py
51732151,66,30,96,scenarios/scenario.py
51732151,22,6,28,market/community/community.py
51732151,12,1,13,marketGUI/market_app.py
51732151,50,0,50,scenarios/apps.py
51732151,4,1,5,scenarios/tasks.py
51732151,11,3,14,scenarios/scenario.py
51732151,6,0,6,scenarios/scenario.py
51732151,1,1,2,scenarios/scenario.py
51732151,43,12,55,scenarios/scenario.py
51732151,46,8,54,scenarios/scenario.py
51732151,19,1,20,scenarios/fake_provider.py
51732151,3,0,3,scenarios/scenario.py
51732151,41,0,41,market.py
51732151,0,41,41,run_market.py
51732151,2,2,4,marketGUI/market_app.py
51732151,27,0,27,market/api/api.py
51732151,57,0,57,test/market/test_api.py
51732151,13,0,13,market/__init__.py
51732151,1,2,3,market/community/community.py
51732151,3,3,6,market/database/backends.py
51732151,0,0,0,market/multichain/__init__.py
51732151,88,1,89,marketGUI/market_app.py
51732151,33,4,37,run_market.py
51732151,0,51,51,run_with_dispersy.py
51732151,1,1,2,scenarios/tasks.py
51732151,64,2,66,scenarios/fake_provider.py
51732151,1,1,2,market/api/api.py
51732151,1,1,2,test/market/test_api.py
51732151,4,3,7,scenarios/scenario.py
51732151,46,0,46,scenarios/scenario.py
51732151,4,0,4,scenarios/fake_provider.py
51732151,16,0,16,scenarios/tasks.py
51732151,0,2,2,run_with_dispersy.py
51732151,7,0,7,market/__init__.py
51732151,11,3,14,market/api/api.py
51732151,31,2,33,market/database/backends.py
51732151,17,8,25,run_with_dispersy.py
51732151,0,0,0,scenarios/__init__.py
51732151,256,0,256,scenarios/fake_provider.py
51732151,20,0,20,scenarios/scenario.py
51732151,2,3,5,market/community/community.py
51732151,72,71,143,market/api/api.py
51732151,45,48,93,test/market/test_api.py
51732151,20,4,24,market/community/community.py
51732151,3,3,6,market/community/conversion.py
51732151,1,1,2,market/models/__init__.py
51732151,1,1,2,run_with_dispersy.py
51732151,29,5,34,market/community/community.py
51732151,0,2,2,market/community/community.py
51732151,21,3,24,market/community/community.py
51732151,11,1,12,market/community/community.py
51732151,96,35,131,market/community/community.py
51732151,19,1,20,market/community/conversion.py
51732151,11,2,13,market/community/payload.py
51732151,0,0,0,market/community/__init__.py
51732151,271,0,271,market/community/community.py
51732151,55,0,55,market/community/conversion.py
51732151,39,0,39,market/community/payload.py
51732151,377,0,377,market/multichain/database.py
51732151,44,0,44,run_with_dispersy.py
51732151,2,4,6,market/api/api.py
51732151,0,1,1,test/market/test_api.py
51732151,4,4,8,market/controllers/main_view_controller.py
51732151,83,0,83,market/controllers/login_controller.py
51732151,4,0,4,market/controllers/main_view_controller.py
51732151,189,6,195,market/views/main_view.py
51732151,1,1,2,market/database/database.py
51732151,3,2,5,market/models/__init__.py
51732151,0,2,2,docs/conf.py
51732151,5,1,6,market/api/api.py
51732151,6,0,6,test/market/test_api.py
51732151,1,1,2,market/api/api.py
51732151,32,3,35,market/api/api.py
51732151,1,1,2,market/api/api.py
51732151,1,1,2,market/api/api.py
51732151,3,3,6,test/market/test_api.py
51732151,8,6,14,market/api/api.py
51732151,33,16,49,market/controllers/main_view_controller.py
51732151,106,52,158,market/views/main_view.py
51732151,82,34,116,market/controllers/main_view_controller.py
51732151,30,20,50,market/views/main_view.py
51732151,86,36,122,market/controllers/main_view_controller.py
51732151,739,1046,1785,market/views/main_view.py
51732151,3,3,6,market/api/api.py
51732151,53,9,62,test/market/test_api.py
51732151,4,0,4,market/models/loans.py
51732151,58,1,59,test/market/test_api.py
51732151,69,4,73,test/market/test_api.py
51732151,8,1,9,market/database/backends.py
51732151,3,4,7,market/database/database.py
51732151,16,4,20,test/market/test_backend.py
51732151,1,68,69,test/market/test_database.py
51732151,1,3,4,market/database/database.py
51732151,9,9,18,market/api/api.py
51732151,71,1,72,test/market/test_api.py
51732151,46,1,47,test/market/test_api.py
51732151,56,55,111,docs/conf.py
51732151,30,3,33,market/api/api.py
51732151,5,0,5,market/api/api.py
51732151,3,1,4,market/database/database.py
51732151,17,0,17,market/models/__init__.py
51732151,6,7,13,test/market/test_api.py
51732151,9,3,12,market/api/api.py
51732151,2,0,2,market/models/__init__.py
51732151,69,10,79,market/api/api.py
51732151,121,6,127,test/market/test_api.py
51732151,4,4,8,market/api/api.py
51732151,5,5,10,market/models/loans.py
51732151,290,0,290,docs/conf.py
51732151,1,1,2,market/api/api.py
51732151,3,0,3,test/market/test_api.py
51732151,1,83,84,market/api/api.py
51732151,387,123,510,market/api/api.py
51732151,1,0,1,market/models/document.py
51732151,1,0,1,market/models/house.py
51732151,26,3,29,market/models/loans.py
51732151,1,0,1,market/models/profiles.py
51732151,1,0,1,market/models/role.py
51732151,2,2,4,market/models/user.py
51732151,77,74,151,test/market/test_api.py
51732151,0,1,1,test/market/test_database.py
51732151,5,3,8,market/api/api.py
51732151,2,2,4,market/models/loans.py
51732151,33,62,95,test/market/test_api.py
51732151,5,3,8,market/api/api.py
51732151,5,3,8,market/models/loans.py
51732151,15,35,50,test/market/test_api.py
51732151,18,7,25,market/api/api.py
51732151,8,0,8,market/models/loans.py
51732151,117,57,174,test/market/test_api.py
51732151,2,1,3,test/market/test_api.py
51732151,5,4,9,market/api/api.py
51732151,3,2,5,test/market/test_api.py
51732151,5,7,12,market/api/api.py
51732151,5,2,7,market/api/api.py
51732151,30,20,50,marketGUI/market_window.py
51732151,62,47,109,marketGUI/widgets/login.py
51732151,184,130,314,marketGUI/widgets/profile.py
51732151,2,1,3,run_gui.py
51732151,0,1,1,run_market.py
51732151,51,30,81,market/controllers/main_view_controller.py
51732151,43,11,54,market/views/main_view.py
51732151,57,20,77,market/controllers/main_view_controller.py
51732151,20,0,20,market/controllers/main_view_controller.py
51732151,210,164,374,market/views/main_view.py
51732151,26,14,40,market/api/api.py
51732151,31,38,69,test/market/test_api.py
51732151,13,13,26,market/api/api.py
51732151,27,37,64,test/market/test_api.py
51732151,9,0,9,market/database/backends.py
51732151,12,0,12,market/database/database.py
51732151,16,0,16,test/market/test_backend.py
51732151,18,0,18,test/market/test_database.py
51732151,4,5,9,market/api/api.py
51732151,4,4,8,market/models/user.py
51732151,22,21,43,market/api/api.py
51732151,10,11,21,market/models/user.py
51732151,9,8,17,test/market/test_api.py
51732151,10,15,25,market/api/api.py
51732151,1,3,4,market/api/api.py
51732151,21,34,55,test/market/test_api.py
51732151,9,7,16,market/api/api.py
51732151,39,4,43,test/market/test_api.py
51732151,25,12,37,market/api/api.py
51732151,4,0,4,market/models/loans.py
51732151,0,5,5,market/models/user.py
51732151,40,23,63,test/market/test_api.py
51732151,10,15,25,market/controllers/main_view_controller.py
51732151,0,194,194,market/views/main_screen.py
51732151,1473,0,1473,market/views/main_view.py
51732151,78,6,84,market/api/api.py
51732151,44,2,46,market/models/loans.py
51732151,27,13,40,market/api/api.py
51732151,8,22,30,market/models/user.py
51732151,77,78,155,test/market/test_api.py
51732151,1,1,2,test/market/test_api.py
51732151,0,1,1,test/market/test_api.py
51732151,2,2,4,test/market/test_api.py
51732151,2,0,2,market/api/api.py
51732151,20,17,37,test/market/test_api.py
51732151,25,2,27,market/api/api.py
51732151,6,1,7,market/models/user.py
51732151,7,2,9,market/api/api.py
51732151,16,3,19,test/market/test_api.py
51732151,3,5,8,market/api/api.py
51732151,12,26,38,test/market/test_api.py
51732151,2,0,2,market/api/api.py
51732151,3,0,3,market/models/loans.py
51732151,89,5,94,test/market/test_api.py
51732151,25,15,40,market/api/api.py
51732151,36,0,36,market/models/loans.py
51732151,84,0,84,test/market/test_api.py
51732151,8,1,9,market/models/document.py
51732151,57,23,80,market/api/api.py
51732151,29,19,48,test/market/test_api.py
51732151,1,1,2,market/controllers/profile_controller.py
51732151,32,0,32,market/controllers/main_view_controller.py
51732151,194,0,194,market/views/main_screen.py
51732151,1,1,2,market/api/api.py
51732151,42,0,42,market/controllers/profile_controller.py
51732151,1,0,1,market/database/backends.py
51732151,24,24,48,market/models/profiles.py
51732151,7,7,14,market/models/user.py
51732151,42,39,81,market/views/login.py
51732151,151,0,151,market/views/profile_view.py
51732151,8,0,8,marketGUI/market_app.py
51732151,54,11,65,run_gui.py
51732151,2,2,4,test/market/test_api.py
51732151,0,1,1,test/market/test_backend.py
51732151,1,2,3,test/market/test_database.py
51732151,49,35,84,market/api/api.py
51732151,8,2,10,market/models/loans.py
51732151,135,24,159,test/market/test_api.py
51732151,42,0,42,market/controllers/profile_controller.py
51732151,151,0,151,market/views/profile_view.py
51732151,7,3,10,market/api/api.py
51732151,45,0,45,test/market/test_api.py
51732151,3,2,5,market/api/api.py
51732151,4,8,12,market/models/user.py
51732151,0,1,1,test/market/test_backend.py
51732151,0,1,1,test/market/test_database.py
51732151,1,0,1,market/api/api.py
51732151,1,0,1,market/database/backends.py
51732151,8,0,8,marketGUI/market_app.py
51732151,39,11,50,run_gui.py
51732151,4,0,4,market/models/loans.py
51732151,17,4,21,market/api/api.py
51732151,58,14,72,test/market/test_api.py
51732151,24,24,48,market/models/profiles.py
51732151,1,0,1,market/models/loans.py
51732151,11,3,14,test/market/test_api.py
51732151,1,1,2,test/market/test_database.py
51732151,42,39,81,market/views/login.py
51732151,19,4,23,run_gui.py
51732151,1,2,3,market/api/api.py
51732151,4,0,4,market/models/user.py
51732151,95,1,96,market/database/backends.py
51732151,68,1,69,test/market/test_backend.py
51732151,81,1,82,test/market/test_database.py
51732151,25,4,29,market/api/api.py
51732151,73,13,86,test/market/test_api.py
51732151,0,0,0,market/controllers/__init__.py
51732151,6,12,18,run_gui.py
51732151,0,0,0,marketGUI/__init__.py
51732151,12,0,12,marketGUI/market_app.py
51732151,55,0,55,marketGUI/market_window.py
51732151,0,0,0,marketGUI/widgets/__init__.py
51732151,72,0,72,marketGUI/widgets/login.py
51732151,154,0,154,marketGUI/widgets/profile.py
51732151,13,0,13,run_market.py
51732151,2,1,3,market/api/api.py
51732151,14,7,21,test/market/test_api.py
51732151,39,5,44,market/api/api.py
51732151,27,3,30,market/models/loans.py
51732151,26,1,27,market/models/user.py
51732151,24,0,24,test/market/test_api.py
51732151,2,2,4,market/views/login.py
51732151,33,4,37,run_gui.py
51732151,57,3,60,test/market/test_api.py
51732151,27,3,30,market/api/api.py
51732151,3,3,6,market/models/loans.py
51732151,4,0,4,market/models/user.py
51732151,20,2,22,test/market/test_api.py
51732151,6,6,12,test/market/test_api.py
51732151,2,0,2,test/market/test_api.py
51732151,17,2,19,market/api/api.py
51732151,27,0,27,test/market/test_api.py
51732151,21,0,21,run_gui.py
51732151,0,7,7,run_tests.py
51732151,7,0,7,run_tests.py
51732151,30,18,48,market/api/api.py
51732151,53,9,62,test/market/test_api.py
51732151,18,5,23,market/models/user.py
51732151,32,0,32,market/models/profiles.py
51732151,1,9,10,market/models/loans.py
51732151,3,5,8,market/models/profiles.py
51732151,22,2,24,market/models/user.py
51732151,22,10,32,market/api/api.py
51732151,17,2,19,test/market/test_api.py
51732151,14,7,21,market/models/loans.py
51732151,34,0,34,test/market/test_api.py
51732151,17,8,25,market/api/api.py
51732151,12,7,19,market/api/crypto.py
51732151,16,3,19,market/api/api.py
51732151,2,2,4,market/database/database.py
51732151,5,0,5,market/models/__init__.py
51732151,20,0,20,market/models/user.py
51732151,32,0,32,market/api/crypto.py
51732151,66,0,66,market/views/login.py
51732151,0,0,0,market/views/__init__.py
51732151,0,0,0,market/views/login.py
51732151,14,4,18,market/models/loans.py
51732151,1,5,6,test/market/test_database.py
51732151,5,3,8,market/models/loans.py
51732151,1,2,3,market/api/api.py
51732151,1,7,8,market/models/document.py
51732151,1,7,8,market/models/house.py
51732151,3,9,12,market/models/loans.py
51732151,9,14,23,market/api/api.py
51732151,0,12,12,market/api/handler.py
51732151,2,0,2,market/models/document.py
51732151,2,0,2,market/models/house.py
51732151,6,0,6,market/models/loans.py
51732151,4,0,4,market/models/profiles.py
51732151,2,0,2,market/models/role.py
51732151,56,5,61,market/database/database.py
51732151,0,48,48,market/database/mockdb.py
51732151,12,0,12,market/models/__init__.py
51732151,105,0,105,test/market/test_database.py
51732151,9,5,14,market/database/backends.py
51732151,4,3,7,market/database/mockdb.py
51732151,17,0,17,market/models/__init__.py
51732151,28,9,37,test/market/test_backend.py
51732151,17,0,17,market/api/api.py
51732151,46,1,47,market/api/api.py
51732151,8,10,18,market/database/backends.py
51732151,84,0,84,test/market/test_backend.py
51732151,25,1,26,market/api/api.py
51732151,0,0,0,market/database/__init__.py
51732151,59,0,59,market/database/backends.py
51732151,12,0,12,market/database/database.py
51732151,47,0,47,market/database/mockdb.py
51732151,7,0,7,market/models/__init__.py
51732151,4,1,5,market/models/document.py
51732151,4,1,5,market/models/house.py
51732151,6,3,9,market/models/loans.py
51732151,4,1,5,market/models/profiles.py
51732151,3,1,4,market/models/role.py
51732151,3,3,6,market/api/handler.py
51732151,5,5,10,market/api/api.py
51732151,0,0,0,market/api/__init__.py
51732151,22,0,22,market/api/api.py
51732151,12,0,12,market/api/handler.py
51732151,0,0,0,market/__init__.py
51732151,0,0,0,market/models/__init__.py
51732151,25,0,25,market/models/document.py
51732151,27,0,27,market/models/house.py
51732151,67,0,67,market/models/loans.py
51732151,28,0,28,market/models/profiles.py
51732151,26,0,26,market/models/role.py
31125446,2,2,4,src/pausing_index_IRIS.py
31125446,2,2,4,src/pausing_index_IRIS.py
31125446,41,7,48,src/pausing_index_IRIS.py
31125446,6,6,12,src/pausing_index_IRIS.py
31125446,1,0,1,src/pausing_index_IRIS.py
31125446,2,2,4,src/pausing_index_IRIS.py
31125446,3,3,6,src/pausing_index_IRIS.py
31125446,3,2,5,src/pausing_index_IRIS.py
31125446,5,1,6,src/pausing_index_IRIS.py
31125446,1,1,2,src/pausing_index_IRIS.py
31125446,4,0,4,src/pausing_index_IRIS.py
31125446,8,4,12,src/pausing_index_IRIS.py
31125446,1,0,1,src/pausing_index_IRIS.py
31125446,2,0,2,src/pausing_index_IRIS.py
31125446,1,1,2,src/pausing_index_IRIS.py
31125446,1,1,2,src/pausing_index_IRIS.py
31125446,2,1,3,src/pausing_index_IRIS.py
31125446,4,4,8,src/pausing_index_IRIS.py
31125446,2,0,2,src/pausing_index_IRIS.py
31125446,76,0,76,src/GSEA_moustache_plot.py
31125446,24,17,41,src/MDS_compare.py
31125446,50,0,50,src/Phosphoproteomics_analysis.py
31125446,115,107,222,src/Phosphoproteomics_plotter.py
31125446,10,0,10,src/get_interactors.py
31125446,27,0,27,src/get_ranked_list_allgenes.py
31125446,45,36,81,src/main.py
31125446,81,0,81,src/pausing_index_IRIS.py
31125446,6,4,10,src/GSEA_distance.py
31125446,1,1,2,src/GSEA_distance.py
31125446,2,1,3,src/GSEA_distance.py
31125446,1,1,2,src/GSEA_distance.py
31125446,1,1,2,src/GSEA_distance.py
31125446,1,1,2,src/GSEA_distance.py
31125446,5,2,7,src/GSEA_distance.py
31125446,3,3,6,src/GSEA_distance.py
31125446,5,5,10,src/GSEA_distance.py
31125446,198,0,198,src/GSEA_distance.py
31125446,5,5,10,src/GSEA.py
31125446,1,1,2,src/eRNA_overlap_fpkm_boxplot.py
31125446,2,1,3,src/GSEA.py
31125446,1,1,2,src/eRNA_overlap_fpkm_boxplot.py
31125446,1,1,2,src/GSEA.py
31125446,1,1,2,src/eRNA_overlap_fpkm_boxplot.py
31125446,1,0,1,src/GSEA.py
31125446,17,5,22,src/GSEA.py
31125446,1,1,2,src/GSEA.py
31125446,1,1,2,src/eRNA_overlap_fpkm_boxplot.py
31125446,8,5,13,src/eRNA_overlap_fpkm_boxplot.py
31125446,11,10,21,src/venn_generator.py
31125446,3,3,6,src/eRNA_overlap_fpkm_boxplot.py
31125446,6,0,6,src/eRNA_overlap_fpkm_boxplot.py
31125446,10,10,20,src/eRNA_overlap_fpkm_boxplot.py
31125446,36,16,52,src/eRNA_overlap_fpkm_boxplot.py
31125446,1,0,1,src/Boxplot_ChIPPeak_GROcoverage.py
31125446,57,0,57,src/closest_histogram.py
31125446,80,0,80,src/eRNA_overlap_fpkm_boxplot.py
31125446,1,1,2,src/Boxplot_ChIPPeak_GROcoverage.py
31125446,22,2,24,src/Boxplot_ChIPPeak_GROcoverage.py
31125446,9,9,18,src/MDS_compare.py
31125446,3,0,3,src/Boxplot_ChIPPeak_GROcoverage.py
31125446,3,3,6,src/GSEA.py
31125446,12,12,24,src/MDS_compare.py
31125446,3,3,6,src/Boxplot_ChIPPeak_GROcoverage.py
31125446,2,0,2,src/Boxplot_ChIPPeak_GROcoverage.py
31125446,1,1,2,src/Boxplot_ChIPPeak_GROcoverage.py
31125446,46,5,51,src/Boxplot_ChIPPeak_GROcoverage.py
31125446,3,3,6,src/GSEA.py
31125446,18,15,33,src/GSEA.py
31125446,4,4,8,src/Boxplot_ChIPPeak_GROcoverage.py
31125446,4,4,8,src/Boxplot_ChIPPeak_GROcoverage.py
31125446,4,3,7,src/Boxplot_ChIPPeak_GROcoverage.py
31125446,1,1,2,src/Boxplot_ChIPPeak_GROcoverage.py
31125446,2,1,3,src/Boxplot_ChIPPeak_GROcoverage.py
31125446,2,2,4,src/Boxplot_ChIPPeak_GROcoverage.py
31125446,71,0,71,src/Boxplot_ChIPPeak_GROcoverage.py
31125446,6,2,8,src/GSEA.py
31125446,14,9,23,src/venn_generator.py
31125446,36,36,72,src/main.py
31125446,2,2,4,src/pausing_index_boxplots.py
31125446,78,0,78,src/venn_generator.py
31125446,1,1,2,src/main.py
31125446,322,322,644,src/master_writer.py
31125446,34,19,53,src/GSEA.py
31125446,1,1,2,src/main.py
31125446,1,1,2,src/main.py
31125446,39,37,76,src/main.py
31125446,1,1,2,src/GSEA.py
31125446,8,7,15,src/GSEA.py
31125446,2,2,4,src/GSEA.py
31125446,3,5,8,src/GSEA.py
31125446,2,2,4,src/GSEA.py
31125446,1,1,2,src/GSEA.py
31125446,2,0,2,src/GSEA.py
31125446,2,3,5,src/GSEA.py
31125446,5,1,6,src/GSEA.py
31125446,1,1,2,src/GSEA.py
31125446,1,0,1,src/GSEA.py
31125446,1,0,1,src/GSEA.py
31125446,27,1,28,src/GSEA.py
31125446,1,1,2,src/GSEA.py
31125446,1,2,3,src/GSEA.py
31125446,1,1,2,src/GSEA.py
31125446,1,1,2,src/GSEA.py
31125446,1,3,4,src/GSEA.py
31125446,3,1,4,src/GSEA.py
31125446,2,1,3,src/GSEA.py
31125446,1,1,2,src/GSEA.py
31125446,1,1,2,src/GSEA.py
31125446,41,4,45,src/GSEA.py
31125446,1,1,2,src/GSEA.py
31125446,16,3,19,src/GSEA.py
31125446,2,2,4,src/GSEA.py
31125446,1,1,2,src/GSEA.py
31125446,2,1,3,src/GSEA.py
31125446,2,1,3,src/GSEA.py
31125446,1,1,2,src/GSEA.py
31125446,69,0,69,src/GSEA.py
31125446,31,28,59,src/MDS_compare.py
31125446,9,7,16,src/MDS_compare2.py
31125446,185,0,185,src/gene_fold_change.py
31125446,298,0,298,src/gene_gc_content_fold_change.py
31125446,42,0,42,src/get_long_genes.py
31125446,1,4,5,src/time_series_genes.py
31125446,7,7,14,src/deseq_file_plotter.py
31125446,2,1,3,src/deseq_file_plotter.py
31125446,39,20,59,src/MDS_compare.py
31125446,8,6,14,src/deseq_file_plotter.py
31125446,1,1,2,src/deseq_file_plotter.py
31125446,10,10,20,src/deseq_file_plotter.py
31125446,6,6,12,src/deseq_file_plotter.py
31125446,8,8,16,src/deseq_file_plotter.py
31125446,8,8,16,src/deseq_file_plotter.py
31125446,1,1,2,src/deseq_file_plotter.py
31125446,1,1,2,src/deseq_file_plotter.py
31125446,3,3,6,src/MDS_compare.py
31125446,2,2,4,src/MDS_compare2.py
31125446,9,8,17,src/deseq_file_plotter.py
31125446,8,8,16,src/deseq_file_plotter.py
31125446,6,6,12,src/deseq_file_plotter.py
31125446,12,5,17,src/deseq_file_plotter.py
31125446,6,3,9,src/deseq_file_plotter.py
31125446,3,1,4,src/deseq_file_plotter.py
31125446,1,2,3,src/deseq_file_plotter.py
31125446,1,0,1,src/deseq_file_plotter.py
31125446,1,2,3,src/deseq_file_plotter.py
31125446,1,0,1,src/deseq_file_plotter.py
31125446,3,3,6,src/deseq_file_plotter.py
31125446,3,1,4,src/deseq_file_plotter.py
31125446,20,2,22,src/deseq_file_plotter.py
31125446,8,6,14,src/deseq_file_plotter.py
31125446,0,1,1,src/deseq_file_plotter.py
31125446,2,2,4,src/deseq_file_plotter.py
31125446,1,2,3,src/deseq_file_plotter.py
31125446,1,0,1,src/deseq_file_plotter.py
31125446,1,1,2,src/deseq_file_plotter.py
31125446,7,16,23,src/deseq_file_plotter.py
31125446,1,0,1,src/deseq_file_plotter.py
31125446,1,0,1,src/deseq_file_plotter.py
31125446,32,3,35,src/deseq_file_plotter.py
31125446,1,1,2,src/deseq_file_plotter.py
31125446,4,8,12,src/deseq_file_plotter.py
31125446,23,2,25,src/deseq_file_plotter.py
31125446,1,1,2,src/deseq_file_plotter.py
31125446,1,1,2,src/deseq_file_plotter.py
31125446,4,2,6,src/deseq_file_plotter.py
31125446,1,1,2,src/deseq_file_plotter.py
31125446,4,4,8,src/deseq_file_plotter.py
31125446,4,3,7,src/deseq_file_plotter.py
31125446,1,1,2,src/deseq_file_plotter.py
31125446,3,3,6,src/deseq_file_plotter.py
31125446,0,2,2,src/deseq_file_plotter.py
31125446,5,3,8,src/deseq_file_plotter.py
31125446,2,0,2,src/deseq_file_plotter.py
31125446,58,0,58,src/deseq_file_plotter.py
31125446,1,1,2,src/AT_rich_gene_expression_changes.py
31125446,4,0,4,src/AT_rich_gene_expression_changes.py
31125446,4,0,4,src/differential_transcript_gc_content.py
31125446,3,2,5,src/differential_transcript_gc_content.py
31125446,1,0,1,src/differential_transcript_gc_content.py
31125446,7,5,12,src/differential_transcript_gc_content.py
31125446,2,2,4,src/differential_transcript_gc_content.py
31125446,2,2,4,src/differential_transcript_gc_content.py
31125446,2,3,5,src/differential_transcript_gc_content.py
31125446,1,1,2,src/differential_transcript_gc_content.py
31125446,1,2,3,src/differential_transcript_gc_content.py
31125446,2,0,2,src/differential_transcript_gc_content.py
31125446,1,1,2,src/differential_transcript_gc_content.py
31125446,10,9,19,src/differential_transcript_gc_content.py
31125446,1,1,2,src/differential_transcript_gc_content.py
31125446,104,0,104,src/differential_transcript_gc_content.py
31125446,1,1,2,src/AT_rich_gene_expression_changes.py
31125446,1,0,1,src/AT_rich_gene_expression_changes.py
31125446,7,2,9,src/AT_rich_gene_expression_changes.py
31125446,1,1,2,src/AT_rich_gene_expression_changes.py
31125446,67,0,67,src/AT_rich_gene_expression_changes.py
31125446,1,1,2,src/AT_rich_gene_expression_changes.py
31125446,3,3,6,src/AT_rich_gene_expression_changes.py
31125446,2,2,4,src/AT_rich_gene_expression_changes.py
31125446,2,2,4,src/AT_rich_gene_expression_changes.py
31125446,2,2,4,src/AT_rich_gene_expression_changes.py
31125446,1,4,5,src/AT_rich_gene_expression_changes.py
31125446,1,0,1,src/AT_rich_gene_expression_changes.py
31125446,2,2,4,src/AT_rich_gene_expression_changes.py
31125446,3,3,6,src/AT_rich_gene_expression_changes.py
31125446,1,0,1,src/AT_rich_gene_expression_changes.py
31125446,1,0,1,src/AT_rich_gene_expression_changes.py
31125446,4,4,8,src/AT_rich_gene_expression_changes.py
31125446,2,0,2,src/AT_rich_gene_expression_changes.py
31125446,105,0,105,src/AT_rich_gene_expression_changes.py
31125446,1,1,2,src/run_meme_from_bed.py
31125446,30,2,32,src/run_meme_from_bed.py
31125446,1,0,1,src/histone_genes_fpkm.py
31125446,10,0,10,src/histone_genes_fpkm.py
31125446,2,4,6,src/histone_genes_fpkm.py
31125446,2,2,4,src/histone_genes_fpkm.py
31125446,1,3,4,src/histone_genes_fpkm.py
31125446,1,0,1,src/histone_genes_fpkm.py
31125446,1,1,2,src/histone_genes_fpkm.py
31125446,1,3,4,src/histone_genes_fpkm.py
31125446,1,0,1,src/histone_genes_fpkm.py
31125446,1,0,1,src/histone_genes_fpkm.py
31125446,2,2,4,src/histone_genes_fpkm.py
31125446,2,0,2,src/histone_genes_fpkm.py
31125446,5,4,9,src/histone_genes_fpkm.py
31125446,1,0,1,src/histone_genes_fpkm.py
31125446,1,3,4,src/histone_genes_fpkm.py
31125446,1,3,4,src/histone_genes_fpkm.py
31125446,1,2,3,src/histone_genes_fpkm.py
31125446,1,1,2,src/histone_genes_fpkm.py
31125446,1,1,2,src/histone_genes_fpkm.py
31125446,3,2,5,src/histone_genes_fpkm.py
31125446,1,1,2,src/histone_genes_fpkm.py
31125446,1,1,2,src/histone_genes_fpkm.py
31125446,3,0,3,src/histone_genes_fpkm.py
31125446,4,0,4,src/histone_genes_fpkm.py
31125446,12,12,24,src/MDS_compare2.py
31125446,84,0,84,src/histone_genes_fpkm.py
31125446,2,2,4,src/run_meme_from_bed.py
31125446,1,0,1,src/run_meme_from_bed.py
31125446,1,1,2,src/run_meme_from_bed.py
31125446,2,2,4,src/run_meme_from_bed.py
31125446,20,2,22,src/run_meme_from_bed.py
31125446,3,1,4,src/run_meme_from_bed.py
31125446,4,5,9,src/run_meme_from_bed.py
31125446,1,0,1,src/run_meme_from_bed.py
31125446,1,0,1,src/run_meme_from_bed.py
31125446,60,0,60,src/run_meme_from_bed.py
31125446,2,4,6,src/genome_cov_fold_change.py
31125446,2,0,2,src/genome_cov_fold_change.py
31125446,2,2,4,src/genome_cov_fold_change.py
31125446,5,2,7,src/genome_cov_fold_change.py
31125446,2,2,4,src/genome_cov_fold_change.py
31125446,12,3,15,src/genome_cov_fold_change.py
31125446,6,0,6,src/genome_cov_fold_change.py
31125446,1,0,1,src/genome_cov_fold_change.py
31125446,82,22,104,src/MDS_compare.py
31125446,147,0,147,src/MDS_compare2.py
31125446,169,0,169,src/MDS_compare_bidir_regions.py
31125446,223,0,223,src/Phosphoproteomics_plotter.py
31125446,50,0,50,src/gene_list_scatter.py
31125446,75,0,75,src/genome_cov_fold_change.py
31125446,1,1,2,src/Super_Enhancer_Analysis.py
31125446,4,4,8,src/Super_Enhancer_Analysis.py
31125446,1,1,2,src/Super_Enhancer_Analysis.py
31125446,3,3,6,src/Super_Enhancer_Analysis.py
31125446,1,0,1,src/Super_Enhancer_Analysis.py
31125446,4,1,5,src/Super_Enhancer_Analysis.py
31125446,1,1,2,src/Super_Enhancer_Analysis.py
31125446,24,8,32,src/Super_Enhancer_Analysis.py
31125446,4,4,8,src/Super_Enhancer_Analysis.py
31125446,1,1,2,src/Super_Enhancer_Analysis.py
31125446,21,17,38,src/MDS_compare.py
31125446,31,0,31,src/Super_Enhancer_Analysis.py
31125446,2,2,4,src/create_annotations.py
31125446,2,2,4,src/main.py
31125446,2,2,4,src/master_writer.py
31125446,2,2,4,src/main.py
31125446,3,3,6,src/master_writer.py
31125446,1,1,2,src/main.py
31125446,22,7,29,src/boxplot_gene_subset.py
31125446,37,31,68,src/main.py
31125446,76,21,97,src/pausing_index_boxplots.py
31125446,13,3,16,src/main.py
31125446,1,1,2,src/master_writer.py
31125446,40,40,80,src/pausing_index_boxplots.py
31125446,2,0,2,src/main.py
31125446,1,1,2,src/master_writer.py
31125446,2,2,4,src/pausing_index_boxplots.py
31125446,6,2,8,src/main.py
31125446,0,1,1,src/master_writer.py
31125446,31,28,59,src/pausing_index_boxplots.py
31125446,1,0,1,src/master_writer.py
31125446,4,4,8,src/main.py
31125446,1,1,2,src/master_writer.py
31125446,4,4,8,src/main.py
31125446,22,0,22,src/pausing_index_boxplots.py
31125446,141,0,141,src/boxplot_gene_subset.py
31125446,30,6,36,src/main.py
31125446,4,0,4,src/master_writer.py
31125446,133,0,133,src/pausing_index_boxplots.py
31125446,4,3,7,src/time_series_genes.py
31125446,2,2,4,src/main.py
31125446,1,1,2,src/master_writer.py
31125446,2,2,4,src/main.py
31125446,2,2,4,src/master_writer.py
31125446,135,0,135,src/time_series_genes.py
31125446,2,2,4,src/main.py
31125446,1,1,2,src/master_writer.py
31125446,2,2,4,src/main.py
31125446,1,1,2,src/master_writer.py
31125446,1,1,2,src/master_writer.py
31125446,1,1,2,src/master_writer.py
31125446,12,12,24,src/main.py
31125446,2,2,4,src/master_writer.py
31125446,12,12,24,src/main.py
31125446,2,2,4,src/master_writer.py
31125446,12,12,24,src/main.py
31125446,2,2,4,src/main.py
31125446,1,1,2,src/master_writer.py
31125446,7,9,16,src/master_writer.py
31125446,2,2,4,src/master_writer.py
31125446,12,12,24,src/main.py
31125446,4,4,8,src/master_writer.py
31125446,15,15,30,src/main.py
31125446,2,0,2,src/master_writer.py
31125446,22,20,42,src/main.py
31125446,1,1,2,src/master_writer.py
31125446,4,4,8,src/master_writer.py
31125446,1,2,3,src/Tfit_param_histograms.py
31125446,1,3,4,src/Tfit_param_histograms.py
31125446,1,0,1,src/Tfit_param_histograms.py
31125446,1,0,1,src/Tfit_param_histograms.py
31125446,1,1,2,src/Tfit_param_histograms.py
31125446,2,3,5,src/Tfit_param_histograms.py
31125446,2,2,4,src/Tfit_param_histograms.py
31125446,1,1,2,src/Tfit_param_histograms.py
31125446,2,0,2,src/Tfit_param_histograms.py
31125446,10,10,20,src/Tfit_param_histograms.py
31125446,0,1,1,src/Tfit_param_histograms.py
31125446,1,3,4,src/Tfit_param_histograms.py
31125446,1,0,1,src/Tfit_param_histograms.py
31125446,2,1,3,src/Tfit_param_histograms.py
31125446,1,0,1,src/Tfit_param_histograms.py
31125446,1,2,3,src/Tfit_param_histograms.py
31125446,2,2,4,src/Tfit_param_histograms.py
31125446,2,2,4,src/Tfit_param_histograms.py
31125446,1,0,1,src/Tfit_param_histograms.py
31125446,0,1,1,src/Tfit_param_histograms.py
31125446,1,0,1,src/Tfit_param_histograms.py
31125446,1,1,2,src/Tfit_param_histograms.py
31125446,0,1,1,src/Tfit_param_histograms.py
31125446,1,1,2,src/Tfit_param_histograms.py
31125446,2,2,4,src/Tfit_param_histograms.py
31125446,1,0,1,src/Tfit_param_histograms.py
31125446,4,2,6,src/Tfit_param_histograms.py
31125446,1,0,1,src/Tfit_param_histograms.py
31125446,1,2,3,src/Tfit_param_histograms.py
31125446,1,0,1,src/Tfit_param_histograms.py
31125446,1,2,3,src/Tfit_param_histograms.py
31125446,0,2,2,src/Tfit_param_histograms.py
31125446,2,3,5,src/Tfit_param_histograms.py
31125446,1,1,2,src/Tfit_param_histograms.py
31125446,2,1,3,src/Tfit_param_histograms.py
31125446,1,1,2,src/Tfit_param_histograms.py
31125446,1,1,2,src/Tfit_param_histograms.py
31125446,1,1,2,src/Tfit_param_histograms.py
31125446,43,15,58,src/MDS_compare.py
31125446,69,0,69,src/Tfit_param_histograms.py
31125446,21,0,21,src/gene_coverage.py
31125446,13,0,13,src/pausing_index_plotter.py
31125446,81,0,81,src/MDS_compare.py
31125446,1,1,2,src/main.py
31125446,2,2,4,src/main.py
31125446,34,34,68,src/master_writer.py
31125446,15,9,24,src/pausing_index_MA_plot.py
31125446,1,1,2,src/pausing_index_MA_plot.py
31125446,0,2,2,src/pausing_index_MA_plot.py
31125446,11,5,16,src/pausing_index_MA_plot.py
31125446,6,7,13,src/pausing_index_MA_plot.py
31125446,1,0,1,src/pausing_index_MA_plot.py
31125446,6,6,12,src/pausing_index_MA_plot.py
31125446,2,2,4,src/pausing_index_MA_plot.py
31125446,2,2,4,src/pausing_index_MA_plot.py
31125446,2,2,4,src/pausing_index_MA_plot.py
31125446,1,0,1,src/pausing_index_MA_plot.py
31125446,1,1,2,src/pausing_index_MA_plot.py
31125446,2,2,4,src/pausing_index_MA_plot.py
31125446,1,1,2,src/pausing_index_MA_plot.py
31125446,1,1,2,src/pausing_index_MA_plot.py
31125446,7,3,10,src/pausing_index_MA_plot.py
31125446,9,1,10,src/pausing_index_MA_plot.py
31125446,1,1,2,src/pausing_index_MA_plot.py
31125446,1,1,2,src/pausing_index_MA_plot.py
31125446,1,1,2,src/pausing_index_MA_plot.py
31125446,23,11,34,src/pausing_index_MA_plot.py
31125446,1,1,2,src/pausing_index_MA_plot.py
31125446,1,1,2,src/pausing_index_MA_plot.py
31125446,1,1,2,src/pausing_index_MA_plot.py
31125446,1,1,2,src/pausing_index_MA_plot.py
31125446,3,3,6,src/pausing_index_MA_plot.py
31125446,1,1,2,src/pausing_index_MA_plot.py
31125446,1,1,2,src/pausing_index_MA_plot.py
31125446,9,5,14,src/pausing_index_MA_plot.py
31125446,1,1,2,src/pausing_index_MA_plot.py
31125446,5,3,8,src/pausing_index_MA_plot.py
31125446,2,1,3,src/pausing_index_MA_plot.py
31125446,2,0,2,src/pausing_index_MA_plot.py
31125446,2,2,4,src/pausing_index_MA_plot.py
31125446,43,10,53,src/pausing_index_MA_plot.py
31125446,1,1,2,src/pausing_index_MA_plot.py
31125446,136,0,136,src/MA_Plot.py
31125446,40,0,40,src/pausing_index_MA_plot.py
31125446,13,7,20,src/tsv_analysis.py
31125446,0,1,1,src/closest_gene.py
31125446,2,2,4,src/closest_gene.py
31125446,2,2,4,src/closest_gene.py
31125446,2,1,3,src/closest_gene.py
31125446,1,1,2,src/closest_gene.py
31125446,1,1,2,src/closest_gene.py
31125446,1,1,2,src/closest_gene.py
31125446,1,1,2,src/closest_gene.py
31125446,7,7,14,src/closest_gene.py
31125446,9,6,15,src/closest_gene.py
31125446,4,4,8,src/closest_gene.py
31125446,24,6,30,src/closest_gene.py
31125446,4,0,4,src/closest_gene.py
31125446,7,6,13,src/closest_gene.py
31125446,2,0,2,src/closest_gene.py
31125446,1,2,3,src/closest_gene.py
31125446,1,1,2,src/closest_gene.py
31125446,5,5,10,src/closest_gene.py
31125446,2,1,3,src/closest_gene.py
31125446,6,5,11,src/closest_gene.py
31125446,2,2,4,src/closest_gene.py
31125446,1,1,2,src/closest_gene.py
31125446,2,1,3,src/closest_gene.py
31125446,1,0,1,src/closest_gene.py
31125446,2,0,2,src/closest_gene.py
31125446,2,2,4,src/closest_gene.py
31125446,3,0,3,src/closest_gene.py
31125446,1,0,1,src/closest_gene.py
31125446,1,1,2,src/closest_gene.py
31125446,6,0,6,src/closest_gene.py
31125446,1,1,2,src/reflect_coverage.py
31125446,1,0,1,src/closest_gene.py
31125446,1,1,2,src/closest_gene.py
31125446,6,6,12,src/closest_gene.py
31125446,25,25,50,src/reflect_coverage.py
31125446,29,29,58,src/closest_gene.py
31125446,2,2,4,src/closest_gene.py
31125446,3,3,6,src/closest_gene.py
31125446,76,3,79,src/closest_gene.py
31125446,3,3,6,src/main.py
31125446,1,2,3,src/closest_gene.py
31125446,2,0,2,src/closest_gene.py
31125446,24,0,24,src/main.py
31125446,2,1,3,src/main.py
31125446,52,0,52,src/Fstitch_create_training_files.py
31125446,0,0,0,src/__init__.py
31125446,0,0,0,src/__main__.py
31125446,0,0,0,src/bedtools_create_intersects.py
31125446,36,0,36,src/closest_gene.py
31125446,0,0,0,src/create_annotations.py
31125446,0,0,0,src/example_usage.py
31125446,0,0,0,src/functions.py
31125446,0,0,0,src/intervals.py
31125446,0,0,0,src/load.py
31125446,6,0,6,src/main.py
31125446,54,74,128,src/master_writer.py
31125446,0,0,0,src/metagene_TSS.py
31125446,0,0,0,src/model_parameter_comparison.py
31125446,0,0,0,src/node.py
31125446,0,0,0,src/param_compare.py
31125446,0,0,0,src/reflect_coverage.py
31125446,0,0,0,src/traveling_ratio_calc.py
31125446,0,0,0,src/tsv_analysis.py
31125446,5,1,6,src/master_writer.py
31125446,1,1,2,src/master_writer.py
31125446,4,2,6,src/master_writer.py
31125446,2,2,4,src/master_writer.py
31125446,6,2,8,src/master_writer.py
31125446,5,5,10,src/master_writer.py
31125446,4,4,8,src/master_writer.py
31125446,7,7,14,src/master_writer.py
31125446,12,12,24,src/master_writer.py
31125446,14,10,24,src/master_writer.py
31125446,1,1,2,src/master_writer.py
31125446,1,1,2,src/master_writer.py
31125446,5,5,10,src/master_writer.py
31125446,1,1,2,src/master_writer.py
31125446,4,4,8,src/master_writer.py
31125446,10,10,20,src/master_writer.py
31125446,1,1,2,src/master_writer.py
31125446,3,1,4,src/master_writer.py
31125446,4,3,7,src/master_writer.py
31125446,1,3,4,src/master_writer.py
31125446,38,1,39,src/master_writer.py
31125446,1,1,2,src/master_writer.py
31125446,14,14,28,src/master_writer.py
31125446,2,1,3,src/master_writer.py
31125446,2,2,4,src/master_writer.py
31125446,1,1,2,src/master_writer.py
31125446,1,1,2,src/master_writer.py
31125446,11,5,16,src/master_writer.py
31125446,2,2,4,src/master_writer.py
31125446,2,2,4,src/master_writer.py
31125446,10,7,17,src/master_writer.py
31125446,1,1,2,src/master_writer.py
31125446,2,5,7,src/master_writer.py
31125446,8,4,12,src/create_annotations.py
31125446,2,2,4,src/create_annotations.py
31125446,2,0,2,src/master_writer.py
31125446,1,1,2,src/master_writer.py
31125446,3,2,5,src/master_writer.py
31125446,17,8,25,src/master_writer.py
31125446,7,6,13,src/master_writer.py
31125446,6,3,9,src/master_writer.py
31125446,2,3,5,src/master_writer.py
31125446,21,2,23,src/master_writer.py
31125446,1,1,2,src/master_writer.py
31125446,3,2,5,src/master_writer.py
31125446,4,4,8,src/master_writer.py
31125446,4,4,8,src/master_writer.py
31125446,1,1,2,src/master_writer.py
31125446,38,8,46,src/master_writer.py
31125446,2,2,4,src/master_writer.py
31125446,4,3,7,src/master_writer.py
31125446,2,2,4,src/master_writer.py
31125446,2,2,4,src/master_writer.py
31125446,4,3,7,src/master_writer.py
31125446,2,0,2,src/master_writer.py
31125446,3,3,6,src/master_writer.py
31125446,31,1,32,src/master_writer.py
31125446,1,1,2,src/master_writer.py
31125446,1,1,2,src/master_writer.py
31125446,2,1,3,src/master_writer.py
31125446,4,4,8,src/master_writer.py
31125446,6,6,12,src/master_writer.py
31125446,2,1,3,src/master_writer.py
31125446,4,4,8,src/master_writer.py
31125446,5,3,8,src/tsv_analysis.py
31125446,41,15,56,src/tsv_analysis.py
31125446,2,2,4,src/tsv_analysis.py
31125446,2,6,8,src/tsv_analysis.py
31125446,2,2,4,src/tsv_analysis.py
31125446,7,1,8,src/tsv_analysis.py
31125446,1,1,2,src/tsv_analysis.py
31125446,1,1,2,src/tsv_analysis.py
31125446,3,1,4,src/tsv_analysis.py
31125446,2,1,3,src/tsv_analysis.py
31125446,1,1,2,src/tsv_analysis.py
31125446,2,2,4,src/tsv_analysis.py
31125446,19,5,24,src/tsv_analysis.py
31125446,6,6,12,src/tsv_analysis.py
31125446,2,2,4,src/tsv_analysis.py
31125446,1,1,2,src/tsv_analysis.py
31125446,4,1,5,src/tsv_analysis.py
31125446,12,1,13,src/tsv_analysis.py
31125446,1,1,2,src/tsv_analysis.py
31125446,5,1,6,src/tsv_analysis.py
31125446,1,1,2,src/tsv_analysis.py
31125446,1,1,2,src/tsv_analysis.py
31125446,1,0,1,src/tsv_analysis.py
31125446,1,1,2,src/tsv_analysis.py
31125446,1,1,2,src/tsv_analysis.py
31125446,6,3,9,src/tsv_analysis.py
31125446,4,3,7,src/tsv_analysis.py
31125446,2,2,4,src/tsv_analysis.py
31125446,1,1,2,src/tsv_analysis.py
31125446,1,2,3,src/tsv_analysis.py
31125446,1,1,2,src/tsv_analysis.py
31125446,1,0,1,src/tsv_analysis.py
31125446,0,1,1,src/tsv_analysis.py
31125446,2,1,3,src/tsv_analysis.py
31125446,1,1,2,src/tsv_analysis.py
31125446,1,1,2,src/tsv_analysis.py
31125446,15,27,42,src/tsv_analysis.py
31125446,2,2,4,src/tsv_analysis.py
31125446,1,1,2,src/tsv_analysis.py
31125446,1,1,2,src/tsv_analysis.py
31125446,1,1,2,src/tsv_analysis.py
31125446,2,2,4,src/tsv_analysis.py
31125446,1,1,2,src/tsv_analysis.py
31125446,4,2,6,src/tsv_analysis.py
31125446,2,4,6,src/tsv_analysis.py
31125446,2,2,4,src/tsv_analysis.py
31125446,2,0,2,src/tsv_analysis.py
31125446,1,1,2,src/tsv_analysis.py
31125446,3,3,6,src/tsv_analysis.py
31125446,7,4,11,src/tsv_analysis.py
31125446,1,1,2,src/tsv_analysis.py
31125446,77,2,79,src/tsv_analysis.py
31125446,1,1,2,src/main.py
31125446,1,1,2,src/main.py
31125446,5,6,11,src/master_writer.py
31125446,6,4,10,src/master_writer.py
31125446,1,1,2,src/master_writer.py
31125446,33,1,34,src/master_writer.py
31125446,1,1,2,src/master_writer.py
31125446,3,3,6,src/master_writer.py
31125446,8,8,16,src/master_writer.py
31125446,2,2,4,src/create_annotations.py
31125446,1,1,2,src/master_writer.py
31125446,2,0,2,src/master_writer.py
31125446,1,2,3,src/master_writer.py
31125446,1,1,2,src/master_writer.py
31125446,1,1,2,src/master_writer.py
31125446,1,1,2,src/master_writer.py
31125446,2,1,3,src/master_writer.py
31125446,1,1,2,src/master_writer.py
31125446,1,1,2,src/master_writer.py
31125446,1,1,2,src/master_writer.py
31125446,2,2,4,src/master_writer.py
31125446,2,0,2,src/master_writer.py
31125446,77,77,154,src/master_writer.py
31125446,74,43,117,src/master_writer.py
31125446,2,2,4,src/master_writer.py
31125446,0,1,1,src/master_writer.py
31125446,26,3,29,src/master_writer.py
31125446,3,2,5,src/master_writer.py
31125446,2,1,3,src/master_writer.py
31125446,1,0,1,src/master_writer.py
31125446,2,2,4,src/master_writer.py
31125446,1,1,2,src/master_writer.py
31125446,7,3,10,src/master_writer.py
31125446,1,1,2,src/master_writer.py
31125446,22,17,39,src/master_writer.py
31125446,4,3,7,src/master_writer.py
31125446,1,1,2,src/master_writer.py
31125446,1,0,1,src/master_writer.py
31125446,3,3,6,src/master_writer.py
31125446,1,1,2,src/master_writer.py
31125446,2,1,3,src/master_writer.py
31125446,1,1,2,src/master_writer.py
31125446,1,1,2,src/master_writer.py
31125446,1,1,2,src/master_writer.py
31125446,4,7,11,src/master_writer.py
31125446,1,0,1,src/master_writer.py
31125446,10,9,19,src/master_writer.py
31125446,1,1,2,src/master_writer.py
31125446,1,1,2,src/master_writer.py
31125446,2,2,4,src/main.py
31125446,52,25,77,src/master_writer.py
31125446,1,1,2,src/master_writer.py
31125446,1,1,2,src/master_writer.py
31125446,1,0,1,src/master_writer.py
31125446,4,1,5,src/main.py
31125446,23,21,44,src/master_writer.py
31125446,1,1,2,src/master_writer.py
31125446,5,3,8,src/master_writer.py
31125446,3,3,6,src/master_writer.py
31125446,1,1,2,src/master_writer.py
31125446,5,2,7,src/master_writer.py
31125446,30,7,37,src/master_writer.py
31125446,1,1,2,src/master_writer.py
31125446,1,1,2,src/master_writer.py
31125446,0,2,2,src/main.py
31125446,1,1,2,src/master_writer.py
31125446,8,8,16,src/master_writer.py
31125446,2,2,4,src/master_writer.py
31125446,2,2,4,src/master_writer.py
31125446,4,4,8,src/master_writer.py
31125446,1,1,2,src/master_writer.py
31125446,1,1,2,src/master_writer.py
31125446,2,2,4,src/master_writer.py
31125446,6,6,12,src/master_writer.py
31125446,1,1,2,src/master_writer.py
31125446,1,1,2,src/master_writer.py
31125446,2,2,4,src/master_writer.py
31125446,11,11,22,src/master_writer.py
31125446,6,0,6,src/master_writer.py
31125446,1,1,2,src/master_writer.py
31125446,1,1,2,src/master_writer.py
31125446,1,3,4,src/master_writer.py
31125446,5,1,6,src/master_writer.py
31125446,11,1,12,src/master_writer.py
31125446,3,3,6,src/main.py
31125446,22,0,22,src/master_writer.py
31125446,2,2,4,src/metagene_TSS.py
31125446,1,1,2,src/metagene_TSS.py
31125446,1,1,2,src/metagene_TSS.py
31125446,1,0,1,src/metagene_TSS.py
31125446,5,1,6,src/metagene_TSS.py
31125446,2,2,4,src/metagene_TSS.py
31125446,2,2,4,src/metagene_TSS.py
31125446,2,2,4,src/metagene_TSS.py
31125446,2,2,4,src/metagene_TSS.py
31125446,6,8,14,src/metagene_TSS.py
31125446,2,2,4,src/metagene_TSS.py
31125446,2,2,4,src/metagene_TSS.py
31125446,42,36,78,src/metagene_TSS.py
31125446,33,0,33,src/metagene_TSS.py
31125446,2,2,4,src/metagene_TSS.py
31125446,2,2,4,src/metagene_TSS.py
31125446,15,11,26,src/metagene_TSS.py
31125446,6,4,10,src/metagene_TSS.py
31125446,2,2,4,src/metagene_TSS.py
31125446,1,1,2,src/metagene_TSS.py
31125446,6,6,12,src/metagene_TSS.py
31125446,6,6,12,src/metagene_TSS.py
31125446,10,12,22,src/metagene_TSS.py
31125446,12,10,22,src/metagene_TSS.py
31125446,1,1,2,src/metagene_TSS.py
31125446,1,1,2,src/metagene_TSS.py
31125446,9,9,18,src/metagene_TSS.py
31125446,1,1,2,src/metagene_TSS.py
31125446,14,2,16,src/metagene_TSS.py
31125446,4,4,8,src/metagene_TSS.py
31125446,12,4,16,src/metagene_TSS.py
31125446,4,4,8,src/metagene_TSS.py
31125446,4,4,8,src/metagene_TSS.py
31125446,2,2,4,src/metagene_TSS.py
31125446,28,3,31,src/metagene_TSS.py
31125446,5,4,9,src/metagene_TSS.py
31125446,1,1,2,src/metagene_TSS.py
31125446,1,1,2,src/metagene_TSS.py
31125446,1,0,1,src/metagene_TSS.py
31125446,6,0,6,src/metagene_TSS.py
31125446,3,3,6,src/metagene_TSS.py
31125446,1,1,2,src/metagene_TSS.py
31125446,5,2,7,src/metagene_TSS.py
31125446,12,10,22,src/metagene_TSS.py
31125446,29,17,46,src/metagene_TSS.py
31125446,3,3,6,src/metagene_TSS.py
31125446,4,4,8,src/metagene_TSS.py
31125446,3,3,6,src/metagene_TSS.py
31125446,2,0,2,src/metagene_TSS.py
31125446,2,0,2,src/metagene_TSS.py
31125446,53,0,53,src/metagene_TSS.py
31125446,4,3,7,src/metagene_TSS.py
31125446,3,0,3,src/metagene_TSS.py
31125446,1,1,2,src/metagene_TSS.py
31125446,1,1,2,src/metagene_TSS.py
31125446,1,1,2,src/metagene_TSS.py
31125446,1,1,2,src/metagene_TSS.py
31125446,1,0,1,src/metagene_TSS.py
31125446,31,0,31,src/metagene_TSS.py
31125446,1,1,2,src/master_writer.py
31125446,1,1,2,src/master_writer.py
31125446,1,1,2,src/master_writer.py
31125446,1,1,2,src/master_writer.py
31125446,6,1,7,src/master_writer.py
31125446,1,1,2,src/master_writer.py
31125446,3,2,5,src/model_parameter_comparison.py
31125446,1,1,2,src/model_parameter_comparison.py
31125446,2,2,4,src/model_parameter_comparison.py
31125446,1,2,3,src/model_parameter_comparison.py
31125446,1,1,2,src/model_parameter_comparison.py
31125446,1,1,2,src/model_parameter_comparison.py
31125446,4,2,6,src/model_parameter_comparison.py
31125446,5,1,6,src/model_parameter_comparison.py
31125446,2,0,2,src/model_parameter_comparison.py
31125446,1,1,2,src/model_parameter_comparison.py
31125446,1,1,2,src/model_parameter_comparison.py
31125446,6,4,10,src/model_parameter_comparison.py
31125446,4,1,5,src/model_parameter_comparison.py
31125446,86,0,86,src/model_parameter_comparison.py
31125446,1,1,2,src/master_writer.py
31125446,1,1,2,src/master_writer.py
31125446,1,1,2,src/master_writer.py
31125446,9,4,13,src/master_writer.py
31125446,2,2,4,src/master_writer.py
31125446,4,4,8,src/master_writer.py
31125446,1,5,6,src/master_writer.py
31125446,23,5,28,src/master_writer.py
31125446,3,6,9,src/create_annotations.py
31125446,1,0,1,src/create_annotations.py
31125446,3,1,4,src/create_annotations.py
31125446,2,2,4,src/create_annotations.py
31125446,1,0,1,src/create_annotations.py
31125446,2,1,3,src/create_annotations.py
31125446,5,1,6,src/create_annotations.py
31125446,2,2,4,src/main.py
31125446,1,1,2,src/main.py
31125446,18,0,18,src/create_annotations.py
31125446,10,4,14,src/main.py
31125446,3,2,5,src/master_writer.py
31125446,5,3,8,src/master_writer.py
31125446,1,0,1,src/master_writer.py
31125446,2,2,4,src/master_writer.py
31125446,5,3,8,src/master_writer.py
31125446,2,1,3,src/master_writer.py
31125446,5,3,8,src/master_writer.py
31125446,1,1,2,src/master_writer.py
31125446,9,8,17,src/master_writer.py
31125446,1,1,2,src/master_writer.py
31125446,4,2,6,src/main.py
31125446,39,1,40,src/master_writer.py
31125446,6,6,12,src/master_writer.py
31125446,12,0,12,src/master_writer.py
31125446,1,1,2,src/master_writer.py
31125446,6,6,12,src/main.py
31125446,11,1,12,src/main.py
31125446,42,0,42,src/master_writer.py
31125446,6,6,12,src/reflect_coverage.py
31125446,8,1,9,src/main.py
31125446,27,0,27,src/reflect_coverage.py
31125446,1,1,2,src/main.py
31125446,1,1,2,src/main.py
31125446,13,0,13,src/bedtools_create_intersects.py
31125446,36,0,36,src/main.py
31125446,4,4,8,src/traveling_ratio_calc.py
31125446,170,20,190,src/traveling_ratio_calc.py
31125446,1,1,2,src/example_usage.py
31125446,8,8,16,src/traveling_ratio_calc.py
31125446,6,6,12,src/traveling_ratio_calc.py
31125446,6,6,12,src/traveling_ratio_calc.py
31125446,6,1,7,src/traveling_ratio_calc.py
31125446,64,175,239,src/traveling_ratio_calc.py
31125446,4,1,5,src/traveling_ratio_calc.py
31125446,6,6,12,src/traveling_ratio_calc.py
31125446,1,1,2,src/traveling_ratio_calc.py
31125446,1,1,2,src/traveling_ratio_calc.py
31125446,4,4,8,src/traveling_ratio_calc.py
31125446,186,29,215,src/traveling_ratio_calc.py
31125446,4,3,7,src/tsv_analysis.py
31125446,1,2,3,src/tsv_analysis.py
31125446,4,1,5,src/tsv_analysis.py
31125446,1,1,2,src/tsv_analysis.py
31125446,3,1,4,src/tsv_analysis.py
31125446,1,1,2,src/tsv_analysis.py
31125446,26,5,31,src/tsv_analysis.py
31125446,1,1,2,src/tsv_analysis.py
31125446,9,5,14,src/tsv_analysis.py
31125446,4,4,8,src/tsv_analysis.py
31125446,4,2,6,src/tsv_analysis.py
31125446,5,1,6,src/tsv_analysis.py
31125446,17,18,35,src/tsv_analysis.py
31125446,6,6,12,src/tsv_analysis.py
31125446,50,1,51,src/tsv_analysis.py
31125446,3,3,6,src/tsv_analysis.py
31125446,1,0,1,src/tsv_analysis.py
31125446,1,1,2,src/tsv_analysis.py
31125446,2,2,4,src/tsv_analysis.py
31125446,7,4,11,src/tsv_analysis.py
31125446,1,4,5,src/tsv_analysis.py
31125446,1,1,2,src/tsv_analysis.py
31125446,3,0,3,src/tsv_analysis.py
31125446,1,1,2,src/tsv_analysis.py
31125446,2,0,2,src/tsv_analysis.py
31125446,1,1,2,src/tsv_analysis.py
31125446,2,1,3,src/tsv_analysis.py
31125446,1,1,2,src/tsv_analysis.py
31125446,1,1,2,src/tsv_analysis.py
31125446,12,2,14,src/tsv_analysis.py
31125446,46,30,76,src/tsv_analysis.py
31125446,1,1,2,src/tsv_analysis.py
31125446,5,5,10,src/tsv_analysis.py
31125446,6,2,8,src/tsv_analysis.py
31125446,7,1,8,src/tsv_analysis.py
31125446,3,7,10,src/tsv_analysis.py
31125446,1,1,2,src/tsv_analysis.py
31125446,1,1,2,src/tsv_analysis.py
31125446,6,4,10,src/tsv_analysis.py
31125446,5,1,6,src/tsv_analysis.py
31125446,1,1,2,src/tsv_analysis.py
31125446,1,1,2,src/tsv_analysis.py
31125446,4,0,4,src/tsv_analysis.py
31125446,5,1,6,src/tsv_analysis.py
31125446,3,4,7,src/tsv_analysis.py
31125446,1,1,2,src/tsv_analysis.py
31125446,1,1,2,src/tsv_analysis.py
31125446,2,2,4,src/tsv_analysis.py
31125446,1,3,4,src/tsv_analysis.py
31125446,1,0,1,src/tsv_analysis.py
31125446,1,1,2,src/tsv_analysis.py
31125446,2,0,2,src/tsv_analysis.py
31125446,2,1,3,src/tsv_analysis.py
31125446,1,3,4,src/param_compare.py
31125446,78,11,89,src/traveling_ratio_calc.py
31125446,52,0,52,src/tsv_analysis.py
31125446,1,1,2,src/example_usage.py
31125446,1,1,2,src/param_compare.py
31125446,14,1,15,src/traveling_ratio_calc.py
31125446,1,0,1,src/param_compare.py
31125446,2,2,4,src/param_compare.py
31125446,36,0,36,src/traveling_ratio_calc.py
31125446,1,1,2,src/param_compare.py
31125446,8,4,12,src/param_compare.py
31125446,1,1,2,src/param_compare.py
31125446,5,2,7,src/param_compare.py
31125446,1,1,2,src/param_compare.py
31125446,2,2,4,src/param_compare.py
31125446,3,3,6,src/param_compare.py
31125446,3,2,5,src/param_compare.py
31125446,13,9,22,src/param_compare.py
31125446,1,0,1,src/param_compare.py
31125446,5,5,10,src/param_compare.py
31125446,1,1,2,src/param_compare.py
31125446,3,4,7,src/param_compare.py
31125446,5,1,6,src/param_compare.py
31125446,6,3,9,src/param_compare.py
31125446,1,1,2,src/param_compare.py
31125446,2,2,4,src/param_compare.py
31125446,1,1,2,src/param_compare.py
31125446,3,4,7,src/param_compare.py
31125446,1,2,3,src/param_compare.py
31125446,1,0,1,src/param_compare.py
31125446,1,1,2,src/param_compare.py
31125446,1,0,1,src/param_compare.py
31125446,2,2,4,src/param_compare.py
31125446,2,2,4,src/param_compare.py
31125446,0,0,0,src/__init__.py
31125446,5,0,5,src/__main__.py
31125446,112,0,112,src/example_usage.py
31125446,2,0,2,src/functions.py
31125446,323,0,323,src/intervals.py
31125446,43,0,43,src/load.py
31125446,188,0,188,src/node.py
31125446,53,0,53,src/param_compare.py
26427893,0,1,1,ehtim/image.py
26427893,0,1,1,ehtim/plotting/comp_plots.py
26427893,2,2,4,ehtim/movie.py
26427893,2,2,4,ehtim/image.py
26427893,1,1,2,scripts/imgsum.py
26427893,5,3,8,scripts/cli_blur_comp.py
26427893,1,1,2,ehtim/array.py
26427893,2,2,4,ehtim/image.py
26427893,1,1,2,ehtim/imager.py
26427893,1,1,2,ehtim/statistics/stats.py
26427893,1,1,2,setup.py
26427893,1,1,2,setup.py
26427893,1,2,3,ehtim/parloop.py
26427893,2,2,4,ehtim/parloop.py
26427893,4,4,8,ehtim/parloop.py
26427893,25,11,36,ehtim/io/load.py
26427893,9,5,14,ehtim/io/save.py
26427893,6,3,9,ehtim/obsdata.py
26427893,1,1,2,ehtim/const_def.py
26427893,72,131,203,ehtim/io/load.py
26427893,91,66,157,ehtim/io/save.py
26427893,3,2,5,ehtim/obsdata.py
26427893,1,1,2,setup.py
26427893,1,1,2,setup.py
26427893,918,0,918,ehtim/features/rex.py
26427893,126,0,126,ehtim/parloop.py
26427893,1,1,2,ehtim/__init__.py
26427893,1,1,2,setup.py
26427893,1,0,1,ehtim/__init__.py
26427893,5,3,8,ehtim/array.py
26427893,2,1,3,ehtim/calibrating/self_cal.py
26427893,33,16,49,ehtim/image.py
26427893,1,1,2,ehtim/imager.py
26427893,2,1,3,ehtim/observing/obs_simulate.py
26427893,1,1,2,setup.py
26427893,2,2,4,ehtim/image.py
26427893,18,6,24,ehtim/obsdata.py
26427893,1,1,2,setup.py
26427893,120,0,120,scripts/gendata.py
26427893,203,0,203,scripts/imaging.py
26427893,8,0,8,ehtim/image.py
26427893,2,2,4,ehtim/image.py
26427893,1,1,2,ehtim/image.py
26427893,1,1,2,ehtim/const_def.py
26427893,1,1,2,ehtim/image.py
26427893,10,2,12,ehtim/io/load.py
26427893,5,3,8,ehtim/image.py
26427893,37,17,54,ehtim/observing/obs_simulate.py
26427893,1,1,2,ehtim/statistics/dataframes.py
26427893,129,12,141,ehtim/statistics/dataframes.py
26427893,5,2,7,ehtim/caltable.py
26427893,2,1,3,ehtim/image.py
26427893,3,2,5,ehtim/plotting/comp_plots.py
26427893,15,3,18,ehtim/obsdata.py
26427893,6,3,9,ehtim/image.py
26427893,4,4,8,ehtim/image.py
26427893,8,8,16,ehtim/image.py
26427893,55,21,76,ehtim/image.py
26427893,4,4,8,ehtim/image.py
26427893,2,1,3,ehtim/image.py
26427893,29,7,36,ehtim/image.py
26427893,7,4,11,ehtim/__init__.py
26427893,2,2,4,ehtim/io/load.py
26427893,7,1,8,ehtim/__init__.py
26427893,0,7,7,ehtim/plotting/summary_plots.py
26427893,1,1,2,setup.py
26427893,3,2,5,ehtim/image.py
26427893,2,2,4,ehtim/image.py
26427893,7,3,10,ehtim/image.py
26427893,7,7,14,ehtim/image.py
26427893,14,7,21,ehtim/image.py
26427893,6,2,8,ehtim/image.py
26427893,4,4,8,ehtim/image.py
26427893,0,1,1,ehtim/image.py
26427893,62,0,62,ehtim/obsdata.py
26427893,13,7,20,ehtim/image.py
26427893,9,2,11,ehtim/image.py
26427893,18,0,18,ehtim/obsdata.py
26427893,5,1,6,ehtim/obsdata.py
26427893,42,0,42,ehtim/image.py
26427893,3,1,4,ehtim/obsdata.py
26427893,0,5,5,ehtim/const_def.py
26427893,0,1,1,ehtim/statistics/dataframes.py
26427893,6,1,7,ehtim/const_def.py
26427893,16,2,18,ehtim/io/load.py
26427893,7,7,14,ehtim/io/save.py
26427893,2,1,3,ehtim/statistics/dataframes.py
26427893,18,0,18,ehtim/obsdata.py
26427893,3,3,6,ehtim/obsdata.py
26427893,2,2,4,ehtim/statistics/dataframes.py
26427893,39,5,44,ehtim/obsdata.py
26427893,1,1,2,ehtim/io/save.py
26427893,3,3,6,ehtim/obsdata.py
26427893,2,2,4,ehtim/statistics/dataframes.py
26427893,107,0,107,ehtim/io/load.py
26427893,81,0,81,ehtim/io/save.py
26427893,0,322,322,scripts/grid_paper_figure_GENERAL.py
26427893,322,0,322,scripts/grid_paper_figure_GENERAL.py
26427893,6,0,6,ehtim/const_def.py
26427893,16,13,29,ehtim/imaging/imager_utils.py
26427893,65,59,124,ehtim/obsdata.py
26427893,17,6,23,ehtim/plotting/comp_plots.py
26427893,11,13,24,ehtim/plotting/summary_plots.py
26427893,2,1,3,scripts/imgsum.py
26427893,12,3,15,ehtim/imager.py
26427893,105,118,223,ehtim/imaging/imager_utils.py
26427893,110,74,184,ehtim/obsdata.py
26427893,2,2,4,ehtim/plotting/comp_plots.py
26427893,71,40,111,ehtim/plotting/summary_plots.py
26427893,17,10,27,ehtim/statistics/dataframes.py
26427893,5,1,6,ehtim/calibrating/self_cal.py
26427893,9,3,12,ehtim/caltable.py
26427893,0,1,1,ehtim/plotting/summary_plots.py
26427893,57,5,62,ehtim/plotting/summary_plots.py
26427893,4,1,5,scripts/imgsum.py
26427893,6,2,8,ehtim/calibrating/pol_cal.py
26427893,3,3,6,ehtim/__init__.py
26427893,3,2,5,ehtim/plotting/summary_plots.py
26427893,2,2,4,docs/source/conf.py
26427893,727,0,727,ehtim/plotting/summary_plots.py
26427893,0,1,1,ehtim/const_def.py
26427893,3,1,4,ehtim/const_def.py
26427893,1,0,1,ehtim/__init__.py
26427893,1,0,1,ehtim/plotting/__init__.py
26427893,1,0,1,ehtim/plotting/comp_plots.py
26427893,6,675,681,scripts/imgsum.py
26427893,26,56,82,scripts/imgsum.py
26427893,1,0,1,setup.py
26427893,1,1,2,ehtim/__init__.py
26427893,1,1,2,ehtim/imager.py
26427893,2,1,3,setup.py
26427893,0,1,1,ehtim/obsdata.py
26427893,1,1,2,ehtim/imager.py
26427893,33,14,47,setup.py
26427893,0,34,34,ehtim/calibrating/cal_helpers.py
26427893,3,5,8,ehtim/calibrating/network_cal.py
26427893,3,5,8,ehtim/calibrating/self_cal.py
26427893,1,0,1,ehtim/io/load.py
26427893,319,498,817,ehtim/obsdata.py
26427893,2,2,4,ehtim/obsdata.py
26427893,2,2,4,ehtim/obsdata.py
26427893,16,10,26,ehtim/imaging/imager_utils.py
26427893,17,13,30,ehtim/obsdata.py
26427893,1,1,2,ehtim/obsdata.py
26427893,3,2,5,ehtim/image.py
26427893,13,5,18,ehtim/observing/obs_simulate.py
26427893,5,2,7,ehtim/image.py
26427893,1,1,2,ehtim/statistics/dataframes.py
26427893,8,2,10,ehtim/statistics/dataframes.py
26427893,1,1,2,ehtim/statistics/dataframes.py
26427893,4,4,8,ehtim/statistics/dataframes.py
26427893,63,0,63,ehtim/statistics/dataframes.py
26427893,1,0,1,scripts/imgsum.py
26427893,1,11,12,ehtim/calibrating/pol_cal.py
26427893,2,2,4,ehtim/calibrating/self_cal.py
26427893,6,6,12,ehtim/observing/obs_simulate.py
26427893,4,4,8,ehtim/observing/obs_simulate.py
26427893,2,2,4,ehtim/observing/obs_simulate.py
26427893,2,2,4,ehtim/observing/obs_simulate.py
26427893,20,20,40,ehtim/image.py
26427893,14,16,30,ehtim/imager.py
26427893,2,2,4,ehtim/movie.py
26427893,2,2,4,ehtim/obsdata.py
26427893,26,26,52,ehtim/imager.py
26427893,31,31,62,ehtim/obsdata.py
26427893,7,0,7,ehtim/observing/obs_simulate.py
26427893,2,2,4,ehtim/movie.py
26427893,4,4,8,ehtim/image.py
26427893,2,2,4,ehtim/movie.py
26427893,59,59,118,ehtim/movie.py
26427893,3,2,5,ehtim/observing/obs_simulate.py
26427893,1,1,2,ehtim/image.py
26427893,7,3,10,ehtim/observing/obs_simulate.py
26427893,21,21,42,ehtim/observing/obs_simulate.py
26427893,8,4,12,ehtim/image.py
26427893,119,119,238,ehtim/image.py
26427893,1,1,2,ehtim/caltable.py
26427893,31,0,31,ehtim/obsdata.py
26427893,2,1,3,ehtim/imager.py
26427893,10,7,17,ehtim/imager.py
26427893,1,1,2,ehtim/io/load.py
26427893,75,0,75,scripts/verify_gradients.py
26427893,8,5,13,ehtim/caltable.py
26427893,23,8,31,ehtim/caltable.py
26427893,9,4,13,ehtim/image.py
26427893,66,0,66,ehtim/obsdata.py
26427893,43,0,43,ehtim/caltable.py
26427893,39,26,65,ehtim/caltable.py
26427893,160,2,162,ehtim/caltable.py
26427893,1,1,2,ehtim/image.py
26427893,18,11,29,ehtim/calibrating/self_cal.py
26427893,14,2,16,ehtim/imager.py
26427893,3,3,6,ehtim/obsdata.py
26427893,2,2,4,scripts/imgsum.py
26427893,3,3,6,scripts/imgsum.py
26427893,3,3,6,ehtim/imaging/imager_utils.py
26427893,3,3,6,ehtim/imager.py
26427893,8,8,16,scripts/imgsum.py
26427893,1,1,2,scripts/imgsum.py
26427893,1,1,2,scripts/imgsum.py
26427893,1,1,2,ehtim/obsdata.py
26427893,5,2,7,ehtim/imager.py
26427893,6,3,9,ehtim/imaging/imager_utils.py
26427893,11,4,15,ehtim/obsdata.py
26427893,8,6,14,scripts/imgsum.py
26427893,27,2,29,ehtim/imager.py
26427893,5,5,10,ehtim/imaging/imager_utils.py
26427893,66,55,121,ehtim/caltable.py
26427893,4,1,5,ehtim/caltable.py
26427893,66,0,66,ehtim/caltable.py
26427893,1,1,2,ehtim/obsdata.py
26427893,5,6,11,ehtim/observing/obs_simulate.py
26427893,6,6,12,ehtim/image.py
26427893,13,5,18,ehtim/observing/obs_simulate.py
26427893,10,3,13,ehtim/caltable.py
26427893,6,9,15,ehtim/image.py
26427893,9,19,28,ehtim/observing/obs_simulate.py
26427893,2,2,4,ehtim/observing/obs_simulate.py
26427893,1,0,1,ehtim/caltable.py
26427893,35,17,52,ehtim/observing/obs_simulate.py
26427893,10,3,13,ehtim/image.py
26427893,16,3,19,ehtim/observing/obs_simulate.py
26427893,1,0,1,ehtim/caltable.py
26427893,8,8,16,ehtim/obsdata.py
26427893,4,1,5,ehtim/observing/obs_simulate.py
26427893,42,15,57,ehtim/calibrating/pol_cal.py
26427893,16,41,57,ehtim/caltable.py
26427893,2,0,2,ehtim/io/save.py
26427893,28,0,28,ehtim/obsdata.py
26427893,4,3,7,ehtim/caltable.py
26427893,22,1,23,ehtim/imaging/dynamical_imaging.py
26427893,8,8,16,ehtim/image.py
26427893,2,2,4,ehtim/imager.py
26427893,14,1,15,ehtim/io/load.py
26427893,2,2,4,ehtim/obsdata.py
26427893,15,5,20,ehtim/imaging/linearize_energy.py
26427893,2,0,2,ehtim/observing/obs_helpers.py
26427893,1,1,2,ehtim/calibrating/network_cal.py
26427893,2,0,2,ehtim/caltable.py
26427893,0,6,6,scripts/imgsum.py
26427893,86,1,87,ehtim/calibrating/pol_cal.py
26427893,6,6,12,ehtim/imager.py
26427893,15,6,21,ehtim/io/save.py
26427893,75,2,77,ehtim/image.py
26427893,1,1,2,ehtim/observing/obs_simulate.py
26427893,12,2,14,ehtim/obsdata.py
26427893,1,1,2,ehtim/imager.py
26427893,3,5,8,ehtim/obsdata.py
26427893,3,3,6,ehtim/observing/obs_helpers.py
26427893,55,43,98,ehtim/observing/obs_simulate.py
26427893,26,13,39,ehtim/obsdata.py
26427893,10,1,11,ehtim/calibrating/pol_cal.py
26427893,1,1,2,ehtim/calibrating/pol_cal.py
26427893,1,0,1,ehtim/calibrating/network_cal.py
26427893,10,3,13,ehtim/calibrating/pol_cal.py
26427893,0,24,24,ehtim/image.py
26427893,9,8,17,ehtim/imaging/dynamical_imaging.py
26427893,1,2,3,ehtim/io/load.py
26427893,1,0,1,ehtim/io/save.py
26427893,0,3,3,ehtim/movie.py
26427893,2,2,4,examples/example_pol.py
26427893,202,38,240,ehtim/image.py
26427893,3,2,5,ehtim/imager.py
26427893,1,6,7,ehtim/imaging/imager_utils.py
26427893,189,47,236,ehtim/movie.py
26427893,5,8,13,ehtim/calibrating/self_cal.py
26427893,6,2,8,ehtim/calibrating/network_cal.py
26427893,15,10,25,ehtim/calibrating/self_cal.py
26427893,20,3,23,ehtim/obsdata.py
26427893,21,16,37,ehtim/calibrating/network_cal.py
26427893,23,12,35,ehtim/observing/obs_simulate.py
26427893,2,2,4,ehtim/observing/obs_simulate.py
26427893,13,10,23,ehtim/obsdata.py
26427893,2,2,4,ehtim/caltable.py
26427893,13,8,21,ehtim/image.py
26427893,20,18,38,ehtim/observing/obs_simulate.py
26427893,0,14,14,ehtim/image.py
26427893,1,1,2,ehtim/observing/obs_simulate.py
26427893,14,0,14,ehtim/image.py
26427893,18,3,21,ehtim/image.py
26427893,13,0,13,ehtim/movie.py
26427893,31,4,35,ehtim/observing/obs_simulate.py
26427893,2,2,4,ehtim/image.py
26427893,11,1,12,ehtim/io/save.py
26427893,0,2,2,ehtim/caltable.py
26427893,4,6,10,ehtim/calibrating/network_cal.py
26427893,35,19,54,scripts/calibrate.py
26427893,2,0,2,ehtim/caltable.py
26427893,1,0,1,ehtim/observing/obs_simulate.py
26427893,16,11,27,ehtim/calibrating/pol_cal.py
26427893,3,1,4,ehtim/__init__.py
26427893,1,0,1,ehtim/calibrating/__init__.py
26427893,134,0,134,ehtim/calibrating/pol_cal.py
26427893,2,2,4,ehtim/statistics/dataframes.py
26427893,2,2,4,ehtim/statistics/dataframes.py
26427893,21,15,36,ehtim/observing/obs_simulate.py
26427893,9,4,13,ehtim/obsdata.py
26427893,5,5,10,ehtim/image.py
26427893,2,2,4,ehtim/image.py
26427893,2,2,4,examples/example_pol.py
26427893,3,3,6,ehtim/imaging/pol_imager_utils.py
26427893,3,3,6,examples/example_pol.py
26427893,77,0,77,examples/example_pol.py
26427893,1,1,2,ehtim/imager.py
26427893,296,131,427,ehtim/imager.py
26427893,7,5,12,ehtim/imaging/imager_utils.py
26427893,45,24,69,ehtim/imaging/pol_imager_utils.py
26427893,1,1,2,examples/example_im_closure.py
26427893,3,3,6,ehtim/image.py
26427893,6,5,11,ehtim/observing/obs_simulate.py
26427893,2,2,4,ehtim/image.py
26427893,82,0,82,ehtim/image.py
26427893,2,2,4,ehtim/observing/obs_simulate.py
26427893,6,5,11,ehtim/observing/obs_simulate.py
26427893,1,1,2,ehtim/image.py
26427893,11,3,14,ehtim/image.py
26427893,7,0,7,ehtim/const_def.py
26427893,0,265,265,ehtim/imaging/imager_utils.py
26427893,387,24,411,ehtim/imaging/pol_imager_utils.py
26427893,263,0,263,ehtim/observing/obs_helpers.py
26427893,2,0,2,ehtim/imaging/imager_utils.py
26427893,55,54,109,ehtim/imaging/pol_imager_utils.py
26427893,5,13,18,ehtim/imaging/imager_utils.py
26427893,360,254,614,ehtim/imaging/pol_imager_utils.py
26427893,0,3,3,ehtim/io/load.py
26427893,1,0,1,ehtim/obsdata.py
26427893,1,1,2,examples/example.py
26427893,17,8,25,ehtim/obsdata.py
26427893,1,1,2,scripts/calibrate.py
26427893,2,2,4,ehtim/observing/obs_helpers.py
26427893,2,2,4,ehtim/obsdata.py
26427893,37,23,60,ehtim/calibrating/network_cal.py
26427893,3,3,6,scripts/calibrate.py
26427893,27,2,29,ehtim/obsdata.py
26427893,78,59,137,ehtim/io/load.py
26427893,9,3,12,ehtim/statistics/dataframes.py
26427893,21,18,39,ehtim/statistics/dataframes.py
26427893,20,0,20,ehtim/obsdata.py
26427893,3,3,6,ehtim/caltable.py
26427893,3,3,6,ehtim/calibrating/network_cal.py
26427893,39,41,80,ehtim/io/load.py
26427893,28,10,38,ehtim/io/save.py
26427893,22,14,36,ehtim/io/save.py
26427893,2,1,3,scripts/calibrate.py
26427893,2,1,3,ehtim/obsdata.py
26427893,5,3,8,ehtim/obsdata.py
26427893,0,5,5,ehtim/caltable.py
26427893,12,12,24,scripts/calibrate.py
26427893,10,6,16,ehtim/plotting/comp_plots.py
26427893,56,42,98,ehtim/calibrating/self_cal.py
26427893,75,52,127,ehtim/calibrating/network_cal.py
26427893,1,0,1,ehtim/statistics/dataframes.py
26427893,11,3,14,ehtim/imaging/dynamical_imaging.py
26427893,1,1,2,setup.py
26427893,14,5,19,ehtim/statistics/dataframes.py
26427893,6,3,9,ehtim/statistics/dataframes.py
26427893,45,28,73,ehtim/statistics/dataframes.py
26427893,6,3,9,ehtim/io/load.py
26427893,14,1,15,ehtim/io/load.py
26427893,1,1,2,ehtim/io/load.py
26427893,4,3,7,setup.py
26427893,5,5,10,setup.py
26427893,0,0,0,setup.py
26427893,33,14,47,setup.py
26427893,11,5,16,ehtim/imaging/imager_utils.py
26427893,2,2,4,ehtim/io/load.py
26427893,1,1,2,setup.py
26427893,13,6,19,ehtim/imaging/imager_utils.py
26427893,2,1,3,ehtim/observing/obs_helpers.py
26427893,1,1,2,examples/example.py
26427893,11,9,20,scripts/imgsum.py
26427893,1,1,2,setup.py
26427893,12,11,23,scripts/imgsum.py
26427893,60,0,60,ehtim/obsdata.py
26427893,1,5,6,ehtim/__init__.py
26427893,6,11,17,ehtim/array.py
26427893,34,34,68,ehtim/calibrating/cal_helpers.py
26427893,32,96,128,ehtim/calibrating/network_cal.py
26427893,59,106,165,ehtim/calibrating/self_cal.py
26427893,26,54,80,ehtim/caltable.py
26427893,29,185,214,ehtim/const_def.py
26427893,1158,1763,2921,ehtim/image.py
26427893,141,202,343,ehtim/imager.py
26427893,174,214,388,ehtim/imaging/imager_utils.py
26427893,0,9,9,ehtim/imaging/pol_imager_utils.py
26427893,91,239,330,ehtim/io/load.py
26427893,48,53,101,ehtim/io/save.py
26427893,179,692,871,ehtim/movie.py
26427893,216,410,626,ehtim/obsdata.py
26427893,187,262,449,ehtim/observing/obs_helpers.py
26427893,411,245,656,ehtim/observing/obs_simulate.py
26427893,1,1,2,ehtim/statistics/dataframes.py
26427893,30,5,35,examples/example.py
26427893,21,37,58,examples/example_im_closure.py
26427893,2,2,4,scripts/calibrate.py
26427893,2,2,4,setup.py
26427893,0,1,1,ehtim/obsdata.py
26427893,1,1,2,ehtim/__init__.py
26427893,1,1,2,ehtim/const_def.py
26427893,10,5,15,ehtim/imager.py
26427893,10,6,16,ehtim/imaging/imager_utils.py
26427893,26,26,52,ehtim/observing/obs_simulate.py
26427893,5,30,35,examples/example.py
26427893,37,21,58,examples/example_im_closure.py
26427893,2,2,4,setup.py
26427893,28,15,43,ehtim/obsdata.py
26427893,35,0,35,ehtim/statistics/dataframes.py
26427893,4,2,6,ehtim/io/save.py
26427893,2,2,4,ehtim/calibrating/network_cal.py
26427893,2,2,4,ehtim/calibrating/self_cal.py
26427893,0,1,1,ehtim/image.py
26427893,33,19,52,ehtim/imaging/imager_utils.py
26427893,56,37,93,ehtim/movie.py
26427893,1,1,2,ehtim/const_def.py
26427893,1,1,2,ehtim/statistics/dataframes.py
26427893,2,2,4,ehtim/statistics/stats.py
26427893,86,34,120,ehtim/calibrating/network_cal.py
26427893,89,38,127,ehtim/calibrating/self_cal.py
26427893,3,0,3,ehtim/const_def.py
26427893,2,0,2,ehtim/image.py
26427893,0,12,12,ehtim/const_def.py
26427893,1,1,2,ehtim/image.py
26427893,61,17,78,ehtim/imager.py
26427893,177,155,332,ehtim/imaging/imager_utils.py
26427893,1,1,2,ehtim/obsdata.py
26427893,60,2,62,ehtim/statistics/stats.py
26427893,104,1,105,ehtim/statistics/dataframes.py
26427893,13,3,16,ehtim/obsdata.py
26427893,5,0,5,ehtim/const_def.py
26427893,1,1,2,ehtim/obsdata.py
26427893,6,6,12,ehtim/plotting/comparisons.py
26427893,0,10,10,ehtim/plotting/comparisons.py
26427893,3,1,4,ehtim/caltable.py
26427893,1,0,1,ehtim/io/load.py
26427893,2,2,4,scripts/calibrate.py
26427893,6,0,6,ehtim/caltable.py
26427893,4,0,4,ehtim/__init__.py
26427893,22,30,52,ehtim/const_def.py
26427893,44,8,52,ehtim/image.py
26427893,148,137,285,ehtim/imager.py
26427893,1,1,2,ehtim/io/load.py
26427893,11,6,17,ehtim/movie.py
26427893,4,4,8,ehtim/obsdata.py
26427893,39,40,79,ehtim/observing/obs_simulate.py
26427893,8,5,13,ehtim/const_def.py
26427893,30,76,106,ehtim/image.py
26427893,67,21,88,ehtim/io/load.py
26427893,24,46,70,ehtim/io/save.py
26427893,665,176,841,ehtim/movie.py
26427893,147,308,455,ehtim/observing/obs_simulate.py
26427893,172,13,185,ehtim/const_def.py
26427893,1,1,2,ehtim/io/save.py
26427893,1,0,1,ehtim/obsdata.py
26427893,7,7,14,ehtim/statistics/stats.py
26427893,1,2,3,ehtim/imager.py
26427893,2,2,4,ehtim/obsdata.py
26427893,63,84,147,ehtim/observing/obs_simulate.py
26427893,3,2,5,ehtim/obsdata.py
26427893,2,1,3,ehtim/image.py
26427893,8,6,14,examples/example_pipeline.py
26427893,11,6,17,ehtim/array.py
26427893,36,18,54,ehtim/observing/obs_simulate.py
26427893,210,103,313,ehtim/image.py
26427893,9,0,9,ehtim/imaging/pol_imager_utils.py
26427893,8,0,8,ehtim/observing/obs_helpers.py
26427893,2,3,5,scripts/cleanup.py
26427893,14,0,14,scripts/cleanup.py
26427893,8,11,19,examples/example_pipeline.py
26427893,6,0,6,examples/example_pipeline.py
26427893,1,1,2,ehtim/pipeline.py
26427893,8,2,10,ehtim/pipeline.py
26427893,3,2,5,ehtim/image.py
26427893,5,2,7,ehtim/image.py
26427893,33,0,33,ehtim/image.py
26427893,77,66,143,ehtim/image.py
26427893,24,8,32,ehtim/io/load.py
26427893,8,8,16,ehtim/io/save.py
26427893,34,34,68,ehtim/calibrating/cal_helpers.py
26427893,33,21,54,ehtim/calibrating/network_cal.py
26427893,44,48,92,ehtim/calibrating/self_cal.py
26427893,51,25,76,ehtim/caltable.py
26427893,17,6,23,ehtim/const_def.py
26427893,1638,1143,2781,ehtim/image.py
26427893,153,68,221,ehtim/io/load.py
26427893,27,2,29,ehtim/io/save.py
26427893,229,145,374,ehtim/obsdata.py
26427893,249,215,464,ehtim/observing/obs_helpers.py
26427893,1,1,2,ehtim/observing/obs_simulate.py
26427893,1,1,2,ehtim/statistics/dataframes.py
26427893,1,2,3,examples/example_pipeline.py
26427893,18,14,32,ehtim/pipeline.py
26427893,7,2,9,ehtim/pipeline.py
26427893,6,3,9,examples/example_pipeline.py
26427893,0,2,2,ehtim/pipeline.py
26427893,3,1,4,ehtim/__init__.py
26427893,0,19,19,ehtim/pipeline.py
26427893,18,0,18,examples/example_pipeline.py
26427893,11,3,14,ehtim/pipeline.py
26427893,5,7,12,ehtim/pipeline.py
26427893,2,5,7,ehtim/pipeline.py
26427893,19,10,29,ehtim/pipeline.py
26427893,6,8,14,ehtim/pipeline.py
26427893,4,4,8,ehtim/imaging/starwarps.py
26427893,3,2,5,ehtim/observing/obs_simulate.py
26427893,162,178,340,ehtim/imaging/starwarps.py
26427893,1,3,4,ehtim/pipeline.py
26427893,1,2,3,ehtim/pipeline.py
26427893,28,9,37,ehtim/pipeline.py
26427893,48,47,95,ehtim/pipeline.py
26427893,1,1,2,ehtim/image.py
26427893,662,342,1004,ehtim/obsdata.py
26427893,31,43,74,ehtim/observing/obs_helpers.py
26427893,1,1,2,ehtim/obsdata.py
26427893,24,36,60,ehtim/calibrating/network_cal.py
26427893,48,39,87,ehtim/calibrating/self_cal.py
26427893,25,52,77,ehtim/caltable.py
26427893,10,22,32,ehtim/const_def.py
26427893,17,21,38,ehtim/image.py
26427893,60,134,194,ehtim/io/load.py
26427893,20,26,46,ehtim/io/save.py
26427893,241,435,676,ehtim/obsdata.py
26427893,115,248,363,ehtim/observing/obs_helpers.py
26427893,0,3,3,ehtim/observing/obs_simulate.py
26427893,4,14,18,ehtim/obsdata.py
26427893,1,1,2,ehtim/observing/obs_simulate.py
26427893,1,1,2,ehtim/diagnostics.py
26427893,84,63,147,ehtim/image.py
26427893,24,18,42,ehtim/movie.py
26427893,0,528,528,ehtim/observing/jdcal.py
26427893,55,67,122,ehtim/observing/obs_helpers.py
26427893,50,66,116,ehtim/observing/obs_simulate.py
26427893,35,32,67,ehtim/observing/pulses.py
26427893,38,46,84,ehtim/plotting/comp_plots.py
26427893,78,63,141,ehtim/plotting/comparisons.py
26427893,252,193,445,ehtim/obsdata.py
26427893,1,1,2,ehtim/vex.py
26427893,2,1,3,ehtim/obsdata.py
26427893,83,41,124,ehtim/obsdata.py
26427893,1,0,1,ehtim/pipeline.py
26427893,9,6,15,ehtim/pipeline.py
26427893,5,5,10,ehtim/pipeline.py
26427893,2,1,3,ehtim/pipeline.py
26427893,2,26,28,ehtim/pipeline.py
26427893,4,3,7,ehtim/pipeline.py
26427893,2,2,4,ehtim/pipeline.py
26427893,4,4,8,ehtim/pipeline.py
26427893,14,11,25,ehtim/pipeline.py
26427893,99,0,99,ehtim/pipeline.py
26427893,6,3,9,scripts/imgsum.py
26427893,0,2,2,ehtim/obsdata.py
26427893,0,1,1,ehtim/observing/__init__.py
26427893,8,2,10,ehtim/vex.py
26427893,1,1,2,setup.py
26427893,178,24,202,ehtim/obsdata.py
26427893,3,0,3,ehtim/__init__.py
26427893,7,7,14,ehtim/caltable.py
26427893,2,1,3,ehtim/image.py
26427893,1,1,2,ehtim/imager.py
26427893,1,1,2,ehtim/io/save.py
26427893,3,2,5,ehtim/movie.py
26427893,7,6,13,scripts/imgsum.py
26427893,1,1,2,ehtim/array.py
26427893,1,1,2,ehtim/imaging/imager_utils.py
26427893,0,1,1,ehtim/obsdata.py
26427893,21,26,47,ehtim/observing/obs_helpers.py
26427893,0,1,1,ehtim/observing/obs_simulate.py
26427893,20,9,29,scripts/imgsum.py
26427893,2,1,3,scripts/imgsum.py
26427893,1,1,2,scripts/imgsum.py
26427893,1,1,2,ehtim/obsdata.py
26427893,2,2,4,scripts/imgsum.py
26427893,6,76,82,ehtim/obsdata.py
26427893,0,1,1,ehtim/observing/obs_helpers.py
26427893,753,0,753,scripts/imgsum.py
26427893,226,95,321,ehtim/obsdata.py
26427893,31,50,81,ehtim/observing/obs_helpers.py
26427893,0,743,743,scripts/imgsum.py
26427893,619,254,873,scripts/imgsum.py
26427893,2,1,3,ehtim/calibrating/self_cal.py
26427893,1,1,2,ehtim/caltable.py
26427893,97,37,134,ehtim/imaging/imager_utils.py
26427893,5,5,10,ehtim/io/load.py
26427893,7,4,11,ehtim/obsdata.py
26427893,1,1,2,ehtim/caltable.py
26427893,2,1,3,ehtim/caltable.py
26427893,12,4,16,ehtim/caltable.py
26427893,1,1,2,ehtim/imager.py
26427893,9,9,18,ehtim/imaging/dynamical_imaging.py
26427893,16,0,16,ehtim/obsdata.py
26427893,270,4,274,ehtim/imaging/dynamical_imaging.py
26427893,3,3,6,ehtim/obsdata.py
26427893,23,14,37,ehtim/imager.py
26427893,2,2,4,ehtim/image.py
26427893,1,1,2,ehtim/imager.py
26427893,10,2,12,ehtim/plotting/comparisons.py
26427893,1,1,2,ehtim/obsdata.py
26427893,1,1,2,ehtim/obsdata.py
26427893,50,48,98,ehtim/io/save.py
26427893,2,1,3,ehtim/obsdata.py
26427893,31,10,41,ehtim/plotting/comparisons.py
26427893,22,18,40,ehtim/image.py
26427893,1,1,2,ehtim/obsdata.py
26427893,0,1,1,ehtim/observing/obs_simulate.py
26427893,36,24,60,ehtim/calibrating/network_cal.py
26427893,39,48,87,ehtim/calibrating/self_cal.py
26427893,52,25,77,ehtim/caltable.py
26427893,4,1,5,ehtim/const_def.py
26427893,100,29,129,ehtim/obsdata.py
26427893,12,10,22,ehtim/const_def.py
26427893,57,13,70,ehtim/io/load.py
26427893,2,1,3,ehtim/io/save.py
26427893,140,134,274,ehtim/obsdata.py
26427893,6,3,9,ehtim/observing/obs_helpers.py
26427893,1,1,2,ehtim/image.py
26427893,7,7,14,ehtim/imaging/pol_imager_utils.py
26427893,8,4,12,ehtim/statistics/dataframes.py
26427893,88,58,146,ehtim/io/load.py
26427893,25,19,44,ehtim/io/save.py
26427893,14,6,20,ehtim/obsdata.py
26427893,2,3,5,ehtim/observing/obs_helpers.py
26427893,3,0,3,ehtim/observing/obs_simulate.py
26427893,7,0,7,ehtim/const_def.py
26427893,320,208,528,ehtim/obsdata.py
26427893,242,114,356,ehtim/observing/obs_helpers.py
26427893,1,1,2,ehtim/image.py
26427893,3,0,3,ehtim/imager.py
26427893,2,0,2,ehtim/imaging/imager_utils.py
26427893,2,2,4,ehtim/io/load.py
26427893,24,6,30,ehtim/statistics/dataframes.py
26427893,2,2,4,ehtim/caltable.py
26427893,7,7,14,ehtim/obsdata.py
26427893,4,2,6,ehtim/caltable.py
26427893,18,8,26,ehtim/obsdata.py
26427893,42,52,94,ehtim/obsdata.py
26427893,1,1,2,ehtim/plotting/comparisons.py
26427893,210,164,374,ehtim/image.py
26427893,7,3,10,ehtim/plotting/comparisons.py
26427893,2,2,4,ehtim/io/save.py
26427893,2,0,2,ehtim/__init__.py
26427893,1,0,1,ehtim/plotting/__init__.py
26427893,0,197,197,scripts/comparisions.py
26427893,3,3,6,ehtim/plotting/comparisons.py
26427893,6,4,10,scripts/cli_blur_comp.py
26427893,2,0,2,ehtim/__init__.py
26427893,17,0,17,ehtim/image.py
26427893,1,0,1,ehtim/plotting/__init__.py
26427893,1,0,1,ehtim/plotting/comparisons.py
26427893,109,0,109,scripts/cli_blur_comp.py
26427893,0,96,96,ehtim/plotting/comparisons.py
26427893,122,28,150,ehtim/plotting/comparisons.py
26427893,2,2,4,ehtim/plotting/comparisons.py
26427893,193,0,193,ehtim/plotting/comparisons.py
26427893,14,3,17,scripts/comparisions.py
26427893,2,2,4,ehtim/plotting/comp_plots.py
26427893,29,16,45,ehtim/plotting/comp_plots.py
26427893,1,1,2,ehtim/plotting/comp_plots.py
26427893,3,3,6,ehtim/plotting/comp_plots.py
26427893,1,1,2,ehtim/caltable.py
26427893,6,1,7,ehtim/caltable.py
26427893,3,2,5,ehtim/caltable.py
26427893,0,1,1,ehtim/caltable.py
26427893,15,15,30,ehtim/imaging/imager_utils.py
26427893,20,0,20,ehtim/plotting/comp_plots.py
26427893,2,0,2,scripts/calibrate.py
26427893,1,1,2,ehtim/caltable.py
26427893,35,0,35,ehtim/obsdata.py
26427893,3,0,3,ehtim/image.py
26427893,1,1,2,ehtim/statistics/dataframes.py
26427893,1,1,2,ehtim/statistics/dataframes.py
26427893,4,2,6,ehtim/statistics/dataframes.py
26427893,3,1,4,scripts/comparisions.py
26427893,1,0,1,scripts/comparisions.py
26427893,4,0,4,scripts/comparisions.py
26427893,7,0,7,scripts/comparisions.py
26427893,1,1,2,scripts/comparisions.py
26427893,5,1,6,scripts/comparisions.py
26427893,1,1,2,scripts/comparisions.py
26427893,56,0,56,scripts/comparisions.py
26427893,1,1,2,ehtim/caltable.py
26427893,14,14,28,ehtim/caltable.py
26427893,2,4,6,scripts/calibrate.py
26427893,18,1,19,ehtim/obsdata.py
26427893,111,4,115,ehtim/statistics/dataframes.py
26427893,28,1,29,ehtim/obsdata.py
26427893,4,4,8,ehtim/image.py
26427893,6,3,9,ehtim/imager.py
26427893,5,0,5,ehtim/io/save.py
26427893,378,0,378,scripts/imgsum.py
26427893,6,0,6,ehtim/imager.py
26427893,1,1,2,ehtim/obsdata.py
26427893,1,1,2,ehtim/observing/__init__.py
26427893,11,0,11,ehtim/plotting/comp_plots.py
26427893,112,0,112,scripts/comparisions.py
26427893,29,150,179,ehtim/observing/obs_helpers.py
26427893,150,27,177,ehtim/observing/obs_helpers.py
26427893,1,3,4,ehtim/calibrating/self_cal.py
26427893,10,9,19,ehtim/observing/obs_helpers.py
26427893,4,4,8,ehtim/observing/obs_helpers.py
26427893,27,1,28,examples/example.py
26427893,6,4,10,ehtim/const_def.py
26427893,0,1,1,ehtim/__init__.py
26427893,0,106,106,ehtim/calibrating/cal_helpers.py
26427893,2,2,4,ehtim/calibrating/network_cal.py
26427893,2,2,4,ehtim/calibrating/self_cal.py
26427893,75,37,112,ehtim/const_def.py
26427893,19,30,49,ehtim/obsdata.py
26427893,3,8,11,ehtim/observing/obs_helpers.py
26427893,0,36,36,ehtim/calibrating/cal_helpers.py
26427893,1,1,2,ehtim/imaging/imager_utils.py
26427893,137,125,262,ehtim/obsdata.py
26427893,26,21,47,ehtim/observing/obs_helpers.py
26427893,623,401,1024,ehtim/plotting/comp_plots.py
26427893,26,7,33,ehtim/calibrating/cal_helpers.py
26427893,16,0,16,ehtim/calibrating/cal_helpers.py
26427893,2,3,5,ehtim/const_def.py
26427893,10,0,10,ehtim/calibrating/cal_helpers.py
26427893,134,0,134,ehtim/const_def.py
26427893,11,0,11,ehtim/observing/obs_helpers.py
26427893,6,1,7,ehtim/image.py
26427893,17,2,19,ehtim/imager.py
26427893,126,21,147,ehtim/imaging/imager_utils.py
26427893,1,1,2,ehtim/imaging/imager_utils.py
26427893,4,8,12,ehtim/obsdata.py
26427893,127,41,168,ehtim/obsdata.py
26427893,23,15,38,ehtim/observing/obs_helpers.py
26427893,0,3,3,examples/example.py
26427893,2,2,4,ehtim/obsdata.py
26427893,1,1,2,ehtim/imaging/imager_utils.py
26427893,34,0,34,ehtim/obsdata.py
26427893,0,3,3,ehtim/image.py
26427893,3,1,4,ehtim/imaging/imager_utils.py
26427893,4,4,8,ehtim/obsdata.py
26427893,40,11,51,ehtim/observing/obs_helpers.py
26427893,0,17,17,ehtim/observing/obs_simulate.py
26427893,3,3,6,ehtim/imaging/dynamical_imaging.py
26427893,74,20,94,ehtim/obsdata.py
26427893,132,130,262,ehtim/image.py
26427893,61,7,68,ehtim/io/load.py
26427893,2,2,4,ehtim/obsdata.py
26427893,1,1,2,ehtim/io/load.py
26427893,1,1,2,ehtim/io/load.py
26427893,6,3,9,ehtim/image.py
26427893,1,1,2,ehtim/observing/obs_helpers.py
26427893,2,2,4,examples/example_calibration.py
26427893,21,8,29,ehtim/obsdata.py
26427893,4,2,6,ehtim/__init__.py
26427893,11,13,24,ehtim/const_def.py
26427893,5,0,5,ehtim/__init__.py
26427893,25,9,34,ehtim/calibrating/cal_helpers.py
26427893,2,2,4,ehtim/calibrating/network_cal.py
26427893,2,5,7,ehtim/calibrating/self_cal.py
26427893,63,0,63,ehtim/const_def.py
26427893,4,4,8,ehtim/obsdata.py
26427893,25,9,34,ehtim/observing/obs_helpers.py
26427893,30,0,30,examples/example_calibration.py
26427893,6,3,9,ehtim/calibrating/network_cal.py
26427893,1,1,2,ehtim/caltable.py
26427893,18,16,34,ehtim/calibrating/self_cal.py
26427893,1,1,2,ehtim/imaging/dynamical_imaging.py
26427893,2,2,4,ehtim/calibrating/self_cal.py
26427893,1,0,1,ehtim/observing/obs_simulate.py
26427893,13,7,20,ehtim/calibrating/network_cal.py
26427893,30,14,44,ehtim/calibrating/self_cal.py
26427893,5,3,8,ehtim/caltable.py
26427893,1,1,2,ehtim/imaging/imager_utils.py
26427893,2,2,4,ehtim/obsdata.py
26427893,10,6,16,examples/example_scattering.py
26427893,2,3,5,examples/example_stochastic_optics.py
26427893,3,3,6,ehtim/scattering/stochastic_optics.py
26427893,41,42,83,ehtim/imaging/dynamical_imaging.py
26427893,5,5,10,ehtim/imager.py
26427893,40,5,45,ehtim/imaging/dynamical_imaging.py
26427893,99,74,173,ehtim/image.py
26427893,10,16,26,ehtim/obsdata.py
26427893,2,2,4,ehtim/statistics/dataframes.py
26427893,7,4,11,ehtim/calibrating/network_cal.py
26427893,11,5,16,ehtim/calibrating/self_cal.py
26427893,232,3,235,ehtim/image.py
26427893,1,1,2,ehtim/io/load.py
26427893,5,3,8,ehtim/obsdata.py
26427893,59,98,157,ehtim/observing/obs_helpers.py
26427893,1,1,2,setup.py
26427893,54,43,97,ehtim/obsdata.py
26427893,20,13,33,ehtim/caltable.py
26427893,1,1,2,ehtim/const_def.py
26427893,38,25,63,ehtim/obsdata.py
26427893,8,6,14,ehtim/caltable.py
26427893,4,0,4,ehtim/const_def.py
26427893,8,5,13,ehtim/obsdata.py
26427893,1,1,2,ehtim/caltable.py
26427893,5,5,10,ehtim/obsdata.py
26427893,117,6,123,ehtim/caltable.py
26427893,45,1,46,ehtim/const_def.py
26427893,168,71,239,ehtim/obsdata.py
26427893,49,23,72,ehtim/plotting/comp_plots.py
26427893,1,1,2,ehtim/imaging/dynamical_imaging.py
26427893,381,7,388,ehtim/imaging/dynamical_imaging.py
26427893,4,4,8,ehtim/obsdata.py
26427893,6,3,9,ehtim/observing/obs_helpers.py
26427893,3,3,6,ehtim/plotting/comp_plots.py
26427893,1,1,2,ehtim/calibrating/network_cal.py
26427893,1,1,2,ehtim/calibrating/self_cal.py
26427893,27,5,32,ehtim/obsdata.py
26427893,1,0,1,ehtim/observing/obs_helpers.py
26427893,0,1,1,ehtim/observing/obs_simulate.py
26427893,0,3,3,ehtim/caltable.py
26427893,6,6,12,ehtim/imaging/starwarps.py
26427893,19,18,37,ehtim/imaging/starwarps.py
26427893,1,0,1,ehtim/observing/obs_helpers.py
26427893,168,137,305,ehtim/imaging/starwarps.py
26427893,1,1,2,examples/example_starwarps.py
26427893,17,16,33,ehtim/obsdata.py
26427893,48,0,48,ehtim/observing/obs_helpers.py
26427893,169,0,169,ehtim/calibrating/cal_helpers.py
26427893,12,109,121,ehtim/calibrating/network_cal.py
26427893,16,32,48,ehtim/calibrating/self_cal.py
26427893,17,13,30,ehtim/imager.py
26427893,7,7,14,ehtim/io/load.py
26427893,2,3,5,ehtim/obsdata.py
26427893,10,0,10,ehtim/imager.py
26427893,1,0,1,ehtim/calibrating/network_cal.py
26427893,0,1,1,ehtim/calibrating/self_cal.py
26427893,3,0,3,ehtim/imager.py
26427893,7,1,8,ehtim/io/load.py
26427893,28,24,52,ehtim/obsdata.py
26427893,42,12,54,ehtim/calibrating/network_cal.py
26427893,65,20,85,ehtim/calibrating/self_cal.py
26427893,0,1,1,ehtim/imager.py
26427893,16,1,17,ehtim/io/load.py
26427893,24,85,109,ehtim/obsdata.py
26427893,3,0,3,ehtim/observing/obs_helpers.py
26427893,3,1,4,ehtim/__init__.py
26427893,1,1,2,ehtim/obsdata.py
26427893,1,1,2,ehtim/imager.py
26427893,1,1,2,ehtim/imaging/imager_utils.py
26427893,8,18,26,ehtim/plotting/comp_plots.py
26427893,1,1,2,ehtim/plotting/comp_plots.py
26427893,0,296,296,docs/conf.py
26427893,1,1,2,ehtim/caltable.py
26427893,310,68,378,ehtim/plotting/comp_plots.py
26427893,66,26,92,ehtim/calibrating/network_cal.py
26427893,61,11,72,ehtim/calibrating/self_cal.py
26427893,5,5,10,ehtim/diagnostics.py
26427893,3,3,6,ehtim/image.py
26427893,367,0,367,ehtim/calibrating/network_cal.py
26427893,12,0,12,ehtim/statistics/__init__.py
26427893,333,0,333,ehtim/statistics/dataframes.py
26427893,216,0,216,ehtim/statistics/stats.py
26427893,225,88,313,ehtim/caltable.py
26427893,4,2,6,ehtim/imaging/dynamical_imaging.py
26427893,6,0,6,ehtim/__init__.py
26427893,2,1,3,ehtim/calibrating/__init__.py
26427893,0,326,326,ehtim/calibrating/self_cal.py
26427893,69,70,139,ehtim/imaging/imager_utils.py
26427893,129,63,192,ehtim/obsdata.py
26427893,0,12,12,ehtim/stats/__init__.py
26427893,0,333,333,ehtim/stats/dataframes.py
26427893,0,216,216,ehtim/stats/statistics.py
26427893,5,4,9,scripts/calibrate.py
26427893,1,1,2,setup.py
26427893,1,1,2,ehtim/imager.py
26427893,136,8,144,ehtim/imaging/imager_utils.py
26427893,85,88,173,ehtim/obsdata.py
26427893,20,0,20,ehtim/obsdata.py
26427893,4,4,8,examples/example_im_closure.py
26427893,88,0,88,examples/example_im_closure.py
26427893,20,10,30,ehtim/imager.py
26427893,19,0,19,ehtim/imaging/dynamical_imaging.py
26427893,182,28,210,ehtim/imaging/imager_utils.py
26427893,3,78,81,ehtim/io/load.py
26427893,240,104,344,ehtim/obsdata.py
26427893,190,0,190,ehtim/observing/obs_helpers.py
26427893,23,16,39,ehtim/stats/dataframes.py
26427893,1,1,2,ehtim/imaging/imager_utils.py
26427893,4,3,7,ehtim/io/load.py
26427893,3,3,6,ehtim/caltable.py
26427893,4,2,6,ehtim/image.py
26427893,15,28,43,ehtim/imaging/imager_utils.py
26427893,23,18,41,ehtim/plotting/comp_plots.py
26427893,6,6,12,examples/example.py
26427893,27,33,60,ehtim/imager.py
26427893,6,11,17,ehtim/const_def.py
26427893,197,197,394,ehtim/imaging/dynamical_imaging.py
26427893,6,3,9,ehtim/imaging/imager_utils.py
26427893,35,35,70,ehtim/io/load.py
26427893,29,28,57,ehtim/obsdata.py
26427893,2,2,4,ehtim/observing/obs_simulate.py
26427893,1,1,2,setup.py
26427893,17,13,30,ehtim/observing/obs_helpers.py
26427893,4,1,5,ehtim/observing/obs_simulate.py
26427893,1,1,2,ehtim/io/load.py
26427893,3,4,7,examples/example.py
26427893,8,8,16,ehtim/caltable.py
26427893,3,2,5,ehtim/imager.py
26427893,82,111,193,ehtim/imaging/clean.py
26427893,9,14,23,ehtim/imaging/imager_utils.py
26427893,1,4,5,ehtim/obsdata.py
26427893,35,37,72,ehtim/observing/obs_simulate.py
26427893,6,2,8,ehtim/imager.py
26427893,8,3,11,ehtim/imaging/imager_utils.py
26427893,4,3,7,ehtim/plotting/comp_plots.py
26427893,1,1,2,ehtim/imaging/imager_utils.py
26427893,9,6,15,ehtim/imager.py
26427893,73,98,171,ehtim/imager.py
26427893,6,4,10,ehtim/obsdata.py
26427893,56,13,69,ehtim/plotting/comp_plots.py
26427893,23,0,23,ehtim/plotting/comp_plots.py
26427893,2,2,4,ehtim/__init__.py
26427893,25,17,42,ehtim/closure.py
26427893,114,15,129,ehtim/image.py
26427893,1,1,2,ehtim/imaging/imager_utils.py
26427893,248,219,467,ehtim/obsdata.py
26427893,1,0,1,ehtim/observing/obs_simulate.py
26427893,4,2,6,ehtim/{statistics => stats}/__init__.py
26427893,6,3,9,ehtim/{statistics => stats}/statistics.py
26427893,2,2,4,setup.py
26427893,1,0,1,ehtim/imaging/imager_utils.py
26427893,0,1,1,ehtim/imaging/imager_utils.py
26427893,0,27,27,build/lib/ehtim/__init__.py
26427893,0,107,107,build/lib/ehtim/array.py
26427893,0,12,12,build/lib/ehtim/calibrating/__init__.py
26427893,0,117,117,build/lib/ehtim/calibrating/self_cal.py
26427893,0,71,71,build/lib/ehtim/const_def.py
26427893,0,764,764,build/lib/ehtim/image.py
26427893,0,742,742,build/lib/ehtim/imager.py
26427893,0,366,366,build/lib/ehtim/movie.py
26427893,0,1357,1357,build/lib/ehtim/obsdata.py
26427893,0,12,12,build/lib/ehtim/plotting/__init__.py
26427893,0,193,193,build/lib/ehtim/plotting/comp_plots.py
26427893,0,233,233,build/lib/ehtim/vex.py
26427893,0,860,860,ehtim/imaging/clean2.py
26427893,0,1817,1817,ehtim/imaging/dynamical_imaging_tmp.py
26427893,164,0,164,scripts/calibrate.py
26427893,102,103,205,ehtim/imaging/imager_utils.py
26427893,27,0,27,build/lib/ehtim/__init__.py
26427893,107,0,107,build/lib/ehtim/array.py
26427893,12,0,12,build/lib/ehtim/calibrating/__init__.py
26427893,117,0,117,build/lib/ehtim/calibrating/self_cal.py
26427893,71,0,71,build/lib/ehtim/const_def.py
26427893,764,0,764,build/lib/ehtim/image.py
26427893,742,0,742,build/lib/ehtim/imager.py
26427893,366,0,366,build/lib/ehtim/movie.py
26427893,1357,0,1357,build/lib/ehtim/obsdata.py
26427893,12,0,12,build/lib/ehtim/plotting/__init__.py
26427893,193,0,193,build/lib/ehtim/plotting/comp_plots.py
26427893,233,0,233,build/lib/ehtim/vex.py
26427893,1,0,1,ehtim/calibrating/self_cal.py
26427893,4,14,18,ehtim/caltable.py
26427893,45,1,46,ehtim/image.py
26427893,860,0,860,ehtim/imaging/clean2.py
26427893,21,106,127,ehtim/imaging/dynamical_imaging.py
26427893,1817,0,1817,ehtim/imaging/dynamical_imaging_tmp.py
26427893,6,102,108,ehtim/imaging/imager_utils.py
26427893,941,0,941,ehtim/imaging/pol_imager_utils.py
26427893,11,6,17,ehtim/image.py
26427893,11,6,17,ehtim/image.py
26427893,156,0,156,ehtim/obsdata.py
26427893,285,0,285,ehtim/statistics/DataFrames.py
26427893,10,0,10,ehtim/statistics/__init__.py
26427893,213,0,213,ehtim/statistics/statistics.py
26427893,6,6,12,ehtim/image.py
26427893,20,9,29,ehtim/imaging/dynamical_imaging.py
26427893,3,20,23,ehtim/imaging/imager_utils.py
26427893,1,0,1,ehtim/obsdata.py
26427893,40,8,48,ehtim/plotting/comp_plots.py
26427893,4,4,8,examples/example.py
26427893,20,12,32,ehtim/image.py
26427893,20,12,32,ehtim/image.py
26427893,1,29,30,ehtim/image.py
26427893,1,29,30,ehtim/image.py
26427893,9,13,22,ehtim/image.py
26427893,9,13,22,ehtim/image.py
26427893,88,27,115,ehtim/image.py
26427893,88,27,115,ehtim/image.py
26427893,12,29,41,ehtim/imaging/imager_utils.py
26427893,12,29,41,ehtim/imaging/imager_utils.py
26427893,47,14,61,ehtim/imaging/imager_utils.py
26427893,47,14,61,ehtim/imaging/imager_utils.py
26427893,8,5,13,scripts/calibrate.py
26427893,5,4,9,ehtim/io/load.py
26427893,5,4,9,ehtim/io/load.py
26427893,37,12,49,ehtim/io/load.py
26427893,37,12,49,ehtim/io/load.py
26427893,12,40,52,ehtim/imaging/imager_utils.py
26427893,2,2,4,ehtim/io/save.py
26427893,12,40,52,ehtim/imaging/imager_utils.py
26427893,2,2,4,ehtim/io/save.py
26427893,1,1,2,scripts/calibrate.py
26427893,11,7,18,ehtim/io/load.py
26427893,111,27,138,ehtim/io/save.py
26427893,1,0,1,ehtim/obsdata.py
26427893,11,7,18,ehtim/io/load.py
26427893,111,27,138,ehtim/io/save.py
26427893,1,0,1,ehtim/obsdata.py
26427893,4,1,5,ehtim/imaging/clean.py
26427893,4,1,5,ehtim/imaging/imager_utils.py
26427893,5,1,6,ehtim/observing/obs_simulate.py
26427893,1,1,2,setup.py
26427893,4,1,5,ehtim/imaging/clean.py
26427893,4,1,5,ehtim/imaging/imager_utils.py
26427893,5,1,6,ehtim/observing/obs_simulate.py
26427893,1,1,2,setup.py
26427893,1,1,2,ehtim/imaging/imager_utils.py
26427893,1,1,2,ehtim/imaging/imager_utils.py
26427893,1,1,2,ehtim/image.py
26427893,2,2,4,ehtim/imager.py
26427893,120,22,142,ehtim/imaging/dynamical_imaging.py
26427893,125,11,136,ehtim/imaging/imager_utils.py
26427893,1,1,2,ehtim/obsdata.py
26427893,1,1,2,ehtim/image.py
26427893,2,2,4,ehtim/imager.py
26427893,120,22,142,ehtim/imaging/dynamical_imaging.py
26427893,125,11,136,ehtim/imaging/imager_utils.py
26427893,1,1,2,ehtim/obsdata.py
26427893,1,1,2,ehtim/scattering/stochastic_optics.py
26427893,1,1,2,ehtim/scattering/stochastic_optics.py
26427893,29,2,31,ehtim/image.py
26427893,29,2,31,ehtim/image.py
26427893,6,1,7,ehtim/obsdata.py
26427893,6,1,7,ehtim/obsdata.py
26427893,17,0,17,ehtim/obsdata.py
26427893,17,0,17,ehtim/obsdata.py
26427893,109,4,113,ehtim/imaging/imager_utils.py
26427893,109,4,113,ehtim/imaging/imager_utils.py
26427893,23,0,23,ehtim/caltable.py
26427893,24,0,24,ehtim/imaging/imager_utils.py
26427893,23,0,23,ehtim/caltable.py
26427893,24,0,24,ehtim/imaging/imager_utils.py
26427893,3,2,5,ehtim/calibrating/self_cal.py
26427893,16,16,32,ehtim/obsdata.py
26427893,1,0,1,examples/example.py
26427893,1,1,2,examples/example_dd_clean.py
26427893,3,2,5,ehtim/calibrating/self_cal.py
26427893,16,16,32,ehtim/obsdata.py
26427893,1,0,1,examples/example.py
26427893,1,1,2,examples/example_dd_clean.py
26427893,22,78,100,ehtim/imaging/clean.py
26427893,6,43,49,examples/example_dd_clean.py
26427893,22,78,100,ehtim/imaging/clean.py
26427893,6,43,49,examples/example_dd_clean.py
26427893,1,1,2,ehtim/imaging/imager_utils.py
26427893,1,1,2,ehtim/imaging/imager_utils.py
26427893,1,1,2,ehtim/imaging/imager_utils.py
26427893,1,1,2,ehtim/imaging/imager_utils.py
26427893,9,0,9,ehtim/image.py
26427893,9,0,9,ehtim/image.py
26427893,6,6,12,ehtim/movie.py
26427893,6,6,12,ehtim/movie.py
26427893,1,2,3,ehtim/imaging/dynamical_imaging.py
26427893,1,2,3,ehtim/imaging/dynamical_imaging.py
26427893,2,2,4,ehtim/movie.py
26427893,2,2,4,ehtim/movie.py
26427893,7,2,9,ehtim/io/load.py
26427893,7,2,9,ehtim/io/load.py
26427893,1,1,2,ehtim/imager.py
26427893,70,333,403,ehtim/imaging/clean.py
26427893,5,1,6,ehtim/io/load.py
26427893,1,1,2,ehtim/imager.py
26427893,70,333,403,ehtim/imaging/clean.py
26427893,5,1,6,ehtim/io/load.py
26427893,23,0,23,ehtim/imaging/dynamical_imaging.py
26427893,23,0,23,ehtim/imaging/dynamical_imaging.py
26427893,7,1,8,ehtim/imaging/dynamical_imaging.py
26427893,7,1,8,ehtim/imaging/dynamical_imaging.py
26427893,4,1,5,ehtim/imaging/imager_utils.py
26427893,3,1,4,ehtim/observing/obs_simulate.py
26427893,4,1,5,ehtim/imaging/imager_utils.py
26427893,3,1,4,ehtim/observing/obs_simulate.py
26427893,1765,0,1765,ehtim/imaging/dynamical_imaging.py
26427893,1765,0,1765,ehtim/imaging/dynamical_imaging.py
26427893,67,0,67,examples/example_lA_ring.py
26427893,67,0,67,examples/example_lA_ring.py
26427893,2,2,4,ehtim/imaging/imager_utils.py
26427893,2,2,4,ehtim/imaging/imager_utils.py
26427893,1,1,2,ehtim/imaging/imager_utils.py
26427893,1,1,2,ehtim/imaging/imager_utils.py
26427893,5,17,22,ehtim/tests/test_regularizers.py
26427893,5,17,22,ehtim/tests/test_regularizers.py
26427893,55,1,56,ehtim/imaging/imager_utils.py
26427893,55,1,56,ehtim/imaging/imager_utils.py
26427893,8,8,16,ehtim/imaging/imager_utils.py
26427893,8,8,16,ehtim/imaging/imager_utils.py
26427893,64,0,64,ehtim/tests/test_regularizers.py
26427893,64,0,64,ehtim/tests/test_regularizers.py
26427893,44,7,51,ehtim/image.py
26427893,76,43,119,ehtim/imager.py
26427893,8,5,13,ehtim/imaging/clean.py
26427893,39,37,76,ehtim/observing/obs_simulate.py
26427893,9,4,13,examples/example_dd_clean.py
26427893,44,7,51,ehtim/image.py
26427893,76,43,119,ehtim/imager.py
26427893,8,5,13,ehtim/imaging/clean.py
26427893,39,37,76,ehtim/observing/obs_simulate.py
26427893,9,4,13,examples/example_dd_clean.py
26427893,2,2,4,ehtim/imager.py
26427893,2,2,4,ehtim/imager.py
26427893,1584,0,1584,ehtim/imaging/clean.py
26427893,60,0,60,examples/example_dd_clean.py
26427893,1584,0,1584,ehtim/imaging/clean.py
26427893,60,0,60,examples/example_dd_clean.py
26427893,90,66,156,ehtim/imager.py
26427893,715,580,1295,ehtim/imaging/imager_utils.py
26427893,90,66,156,ehtim/imager.py
26427893,715,580,1295,ehtim/imaging/imager_utils.py
26427893,11,2,13,ehtim/io/load.py
26427893,11,2,13,ehtim/io/load.py
26427893,9,1,10,ehtim/io/load.py
26427893,9,1,10,ehtim/io/load.py
26427893,40,4,44,ehtim/obsdata.py
26427893,40,4,44,ehtim/obsdata.py
26427893,12,12,24,ehtim/imaging/imager_utils.py
26427893,10,10,20,ehtim/obsdata.py
26427893,2,3,5,ehtim/observing/obs_helpers.py
26427893,14,10,24,ehtim/observing/obs_simulate.py
26427893,12,12,24,ehtim/imaging/imager_utils.py
26427893,10,10,20,ehtim/obsdata.py
26427893,2,3,5,ehtim/observing/obs_helpers.py
26427893,14,10,24,ehtim/observing/obs_simulate.py
26427893,18,0,18,ehtim/array.py
26427893,21,2,23,ehtim/calibrating/self_cal.py
26427893,32,14,46,ehtim/caltable.py
26427893,22,0,22,ehtim/closure.py
26427893,18,0,18,ehtim/const_def.py
26427893,19,0,19,ehtim/diagnostics.py
26427893,18,0,18,ehtim/image.py
26427893,19,1,20,ehtim/imager.py
26427893,18,3,21,ehtim/imaging/imager_utils.py
26427893,29,11,40,ehtim/io/load.py
26427893,23,5,28,ehtim/io/save.py
26427893,4,0,4,ehtim/io/writeData.py
26427893,24,2,26,ehtim/movie.py
26427893,23,2,25,ehtim/obsdata.py
26427893,20,3,23,ehtim/observing/obs_helpers.py
26427893,21,3,24,ehtim/observing/obs_simulate.py
26427893,18,3,21,ehtim/observing/pulses.py
26427893,20,1,21,ehtim/plotting/comp_plots.py
26427893,18,1,19,ehtim/vex.py
26427893,18,0,18,ehtim/array.py
26427893,21,2,23,ehtim/calibrating/self_cal.py
26427893,32,14,46,ehtim/caltable.py
26427893,22,0,22,ehtim/closure.py
26427893,18,0,18,ehtim/const_def.py
26427893,19,0,19,ehtim/diagnostics.py
26427893,18,0,18,ehtim/image.py
26427893,19,1,20,ehtim/imager.py
26427893,18,3,21,ehtim/imaging/imager_utils.py
26427893,29,11,40,ehtim/io/load.py
26427893,23,5,28,ehtim/io/save.py
26427893,4,0,4,ehtim/io/writeData.py
26427893,24,2,26,ehtim/movie.py
26427893,23,2,25,ehtim/obsdata.py
26427893,20,3,23,ehtim/observing/obs_helpers.py
26427893,21,3,24,ehtim/observing/obs_simulate.py
26427893,18,3,21,ehtim/observing/pulses.py
26427893,20,1,21,ehtim/plotting/comp_plots.py
26427893,18,1,19,ehtim/vex.py
26427893,1,1,2,setup.py
26427893,1,1,2,setup.py
26427893,1,1,2,setup.py
26427893,1,1,2,setup.py
26427893,6,6,12,ehtim/imaging/imager_utils.py
26427893,4,2,6,ehtim/io/load.py
26427893,9,27,36,ehtim/observing/obs_helpers.py
26427893,6,6,12,ehtim/imaging/imager_utils.py
26427893,4,2,6,ehtim/io/load.py
26427893,9,27,36,ehtim/observing/obs_helpers.py
26427893,1,0,1,ehtim/obsdata.py
26427893,1,0,1,ehtim/obsdata.py
26427893,1,1,2,ehtim/obsdata.py
26427893,1,1,2,ehtim/obsdata.py
26427893,4,1,5,scripts/calibrate.py
26427893,1,1,2,ehtim/obsdata.py
26427893,1,1,2,ehtim/obsdata.py
26427893,1,3,4,ehtim/obsdata.py
26427893,1,3,4,ehtim/obsdata.py
26427893,100,100,200,ehtim/obsdata.py
26427893,100,100,200,ehtim/obsdata.py
26427893,8,5,13,scripts/calibrate.py
26427893,2,2,4,scripts/calibrate.py
26427893,29,23,52,ehtim/caltable.py
26427893,29,23,52,ehtim/caltable.py
26427893,1,1,2,ehtim/calibrating/self_cal.py
26427893,1,1,2,ehtim/calibrating/self_cal.py
26427893,8,4,12,ehtim/calibrating/self_cal.py
26427893,8,4,12,ehtim/calibrating/self_cal.py
26427893,3,3,6,ehtim/imager.py
26427893,1,1,2,ehtim/imaging/imager_utils.py
26427893,14,5,19,ehtim/io/load.py
26427893,3,3,6,ehtim/imager.py
26427893,1,1,2,ehtim/imaging/imager_utils.py
26427893,14,5,19,ehtim/io/load.py
26427893,4,4,8,scripts/calibrate.py
26427893,2,2,4,ehtim/obsdata.py
26427893,2,2,4,ehtim/obsdata.py
26427893,3,3,6,ehtim/io/writeData.py
26427893,3,3,6,ehtim/io/writeData.py
26427893,1,1,2,setup.py
26427893,1,1,2,setup.py
26427893,33,1,34,ehtim/imaging/imager_utils.py
26427893,33,1,34,ehtim/imaging/imager_utils.py
26427893,1,1,2,ehtim/imaging/imager_utils.py
26427893,1,1,2,ehtim/imaging/imager_utils.py
26427893,1,1,2,ehtim/imager.py
26427893,1,1,2,ehtim/imager.py
26427893,0,1,1,ehtim/imaging/imager_utils.py
26427893,0,1,1,ehtim/imaging/imager_utils.py
26427893,4,0,4,ehtim/imaging/imager_utils.py
26427893,4,0,4,ehtim/imaging/imager_utils.py
26427893,7,6,13,ehtim/imager.py
26427893,1,1,2,ehtim/imaging/imager_utils.py
26427893,36,0,36,ehtim/obsdata.py
26427893,7,6,13,ehtim/imager.py
26427893,1,1,2,ehtim/imaging/imager_utils.py
26427893,36,0,36,ehtim/obsdata.py
26427893,7,2,9,ehtim/image.py
26427893,7,2,9,ehtim/image.py
26427893,1,1,2,ehtim/image.py
26427893,1,1,2,ehtim/image.py
26427893,1,1,2,ehtim/image.py
26427893,1,1,2,ehtim/image.py
26427893,5,1,6,ehtim/image.py
26427893,5,1,6,ehtim/image.py
26427893,4,3,7,ehtim/image.py
26427893,4,3,7,ehtim/image.py
26427893,14,5,19,ehtim/imaging/imager_utils.py
26427893,14,5,19,ehtim/imaging/imager_utils.py
26427893,31,1,32,ehtim/imaging/imager_utils.py
26427893,31,1,32,ehtim/imaging/imager_utils.py
26427893,104,0,104,ehtim/tests/test_fft_chisquared.py
26427893,104,0,104,ehtim/tests/test_fft_chisquared.py
26427893,2,2,4,ehtim/calibrating/self_cal.py
26427893,17,0,17,ehtim/const_def.py
26427893,2,2,4,ehtim/imager.py
26427893,61,62,123,ehtim/imaging/imager_utils.py
26427893,1,1,2,ehtim/movie.py
26427893,8,4,12,ehtim/obsdata.py
26427893,36,22,58,ehtim/observing/obs_simulate.py
26427893,1,1,2,setup.py
26427893,2,2,4,ehtim/calibrating/self_cal.py
26427893,17,0,17,ehtim/const_def.py
26427893,2,2,4,ehtim/imager.py
26427893,61,62,123,ehtim/imaging/imager_utils.py
26427893,1,1,2,ehtim/movie.py
26427893,8,4,12,ehtim/obsdata.py
26427893,36,22,58,ehtim/observing/obs_simulate.py
26427893,1,1,2,setup.py
26427893,10,10,20,ehtim/image.py
26427893,30,11,41,ehtim/imager.py
26427893,822,96,918,ehtim/imaging/imager_utils.py
26427893,2,2,4,ehtim/movie.py
26427893,2,2,4,ehtim/obsdata.py
26427893,107,7,114,ehtim/observing/obs_simulate.py
26427893,10,10,20,ehtim/image.py
26427893,30,11,41,ehtim/imager.py
26427893,822,96,918,ehtim/imaging/imager_utils.py
26427893,2,2,4,ehtim/movie.py
26427893,2,2,4,ehtim/obsdata.py
26427893,107,7,114,ehtim/observing/obs_simulate.py
26427893,1,1,2,ehtim/observing/obs_helpers.py
26427893,1,1,2,ehtim/observing/obs_helpers.py
26427893,2,2,4,ehtim/io/save.py
26427893,2,2,4,ehtim/io/save.py
26427893,22,1,23,ehtim/io/save.py
26427893,3,2,5,ehtim/obsdata.py
26427893,22,1,23,ehtim/io/save.py
26427893,3,2,5,ehtim/obsdata.py
26427893,3,3,6,ehtim/movie.py
26427893,3,3,6,ehtim/movie.py
26427893,4,4,8,ehtim/observing/obs_helpers.py
26427893,4,4,8,ehtim/observing/obs_helpers.py
26427893,1,1,2,ehtim/array.py
26427893,3,5,8,ehtim/const_def.py
26427893,39,21,60,ehtim/image.py
26427893,5,7,12,ehtim/movie.py
26427893,67,16,83,ehtim/obsdata.py
26427893,321,356,677,ehtim/observing/obs_simulate.py
26427893,1,1,2,ehtim/array.py
26427893,3,5,8,ehtim/const_def.py
26427893,39,21,60,ehtim/image.py
26427893,5,7,12,ehtim/movie.py
26427893,67,16,83,ehtim/obsdata.py
26427893,321,356,677,ehtim/observing/obs_simulate.py
26427893,1,0,1,ehtim/observing/obs_helpers.py
26427893,1,0,1,ehtim/observing/obs_helpers.py
26427893,3,1,4,ehtim/imaging/starwarps.py
26427893,3,1,4,ehtim/imaging/starwarps.py
26427893,47,18,65,ehtim/image.py
26427893,47,18,65,ehtim/image.py
26427893,6,0,6,ehtim/image.py
26427893,33,18,51,ehtim/observing/obs_simulate.py
26427893,6,0,6,ehtim/image.py
26427893,33,18,51,ehtim/observing/obs_simulate.py
26427893,40,15,55,ehtim/image.py
26427893,40,15,55,ehtim/image.py
26427893,15,4,19,ehtim/image.py
26427893,15,4,19,ehtim/image.py
26427893,16,3,19,ehtim/imaging/starwarps.py
26427893,16,3,19,ehtim/imaging/starwarps.py
26427893,36,25,61,ehtim/image.py
26427893,36,25,61,ehtim/image.py
26427893,15,0,15,ehtim/image.py
26427893,15,0,15,ehtim/image.py
26427893,1,1,2,setup.py
26427893,1,1,2,setup.py
26427893,14,7,21,scripts/calibrate.py
26427893,3,3,6,scripts/calibrate.py
26427893,5,5,10,scripts/calibrate.py
26427893,3,3,6,scripts/calibrate.py
26427893,1,1,2,scripts/calibrate.py
26427893,12,0,12,ehtim/obsdata.py
26427893,12,0,12,ehtim/obsdata.py
26427893,2,2,4,scripts/calibrate.py
26427893,1,2,3,scripts/calibrate.py
26427893,0,2,2,scripts/calibrate.py
26427893,2,2,4,scripts/calibrate.py
26427893,42,12,54,scripts/calibrate.py
26427893,4,1,5,scripts/calibrate.py
26427893,81,2,83,ehtim/caltable.py
26427893,1,1,2,ehtim/obsdata.py
26427893,81,2,83,ehtim/caltable.py
26427893,1,1,2,ehtim/obsdata.py
26427893,19,10,29,scripts/calibrate.py
26427893,26,14,40,ehtim/obsdata.py
26427893,26,14,40,ehtim/obsdata.py
26427893,56,23,79,ehtim/obsdata.py
26427893,0,55,55,ehtim/vex.py
26427893,56,23,79,ehtim/obsdata.py
26427893,0,55,55,ehtim/vex.py
26427893,0,9,9,__init__.py
26427893,0,71,71,cross_validation.py
26427893,0,104,104,example.py
26427893,0,79,79,example_closure_only.py
26427893,0,117,117,example_cross-validation.py
26427893,0,48,48,example_movie.py
26427893,0,63,63,example_scattering.py
26427893,0,88,88,example_vex.py
26427893,0,139,139,example_workshop.py
26427893,0,216,216,fft_utils.py
26427893,0,853,853,imager_dft.py
26427893,0,446,446,maxen_dyanmic.py
26427893,0,264,264,maxen_utils.py
26427893,0,422,422,movie_utils.py
26427893,0,72,72,self_cal.py
26427893,0,493,493,stochastic_optics.py
26427893,0,4522,4522,vlbi_imaging_utils.py
26427893,0,9,9,__init__.py
26427893,0,71,71,cross_validation.py
26427893,0,104,104,example.py
26427893,0,79,79,example_closure_only.py
26427893,0,117,117,example_cross-validation.py
26427893,0,48,48,example_movie.py
26427893,0,63,63,example_scattering.py
26427893,0,88,88,example_vex.py
26427893,0,139,139,example_workshop.py
26427893,0,216,216,fft_utils.py
26427893,0,853,853,imager_dft.py
26427893,0,446,446,maxen_dyanmic.py
26427893,0,264,264,maxen_utils.py
26427893,0,422,422,movie_utils.py
26427893,0,72,72,self_cal.py
26427893,0,493,493,stochastic_optics.py
26427893,0,4522,4522,vlbi_imaging_utils.py
26427893,1,1,2,examples/example_starwarps.py
26427893,1,1,2,examples/example_starwarps.py
26427893,1,1,2,ehtim/imaging/imager_utils.py
26427893,1,1,2,ehtim/imaging/imager_utils.py
26427893,2,2,4,ehtim/observing/obs_helpers.py
26427893,2,2,4,ehtim/observing/obs_helpers.py
26427893,2,2,4,ehtim/obsdata.py
26427893,2,2,4,ehtim/obsdata.py
26427893,22,15,37,ehtim/imaging/imager_utils.py
26427893,22,15,37,ehtim/imaging/imager_utils.py
26427893,3,2,5,ehtim/imager.py
26427893,3,2,5,ehtim/imager.py
26427893,43,3,46,ehtim/image.py
26427893,43,3,46,ehtim/image.py
26427893,6,2,8,ehtim/image.py
26427893,6,2,8,ehtim/image.py
26427893,8,1,9,ehtim/imaging/starwarps.py
26427893,8,1,9,ehtim/imaging/starwarps.py
26427893,1,1,2,ehtim/image.py
26427893,2,0,2,ehtim/io/load.py
26427893,1,1,2,ehtim/image.py
26427893,2,0,2,ehtim/io/load.py
26427893,1,1,2,ehtim/io/load.py
26427893,4,4,8,ehtim/observing/obs_helpers.py
26427893,1,1,2,ehtim/io/load.py
26427893,4,4,8,ehtim/observing/obs_helpers.py
26427893,1,1,2,ehtim/observing/obs_helpers.py
26427893,1,1,2,ehtim/observing/obs_helpers.py
26427893,2,2,4,ehtim/array.py
26427893,2,2,4,ehtim/image.py
26427893,4,4,8,ehtim/movie.py
26427893,3,2,5,ehtim/observing/obs_helpers.py
26427893,2,2,4,ehtim/observing/obs_simulate.py
26427893,2,2,4,ehtim/array.py
26427893,2,2,4,ehtim/image.py
26427893,4,4,8,ehtim/movie.py
26427893,3,2,5,ehtim/observing/obs_helpers.py
26427893,2,2,4,ehtim/observing/obs_simulate.py
26427893,3,2,5,ehtim/io/load.py
26427893,3,2,5,ehtim/io/load.py
26427893,2,1,3,ehtim/imaging/imager_utils.py
26427893,6,4,10,ehtim/obsdata.py
26427893,106,38,144,ehtim/observing/obs_helpers.py
26427893,2,1,3,ehtim/imaging/imager_utils.py
26427893,6,4,10,ehtim/obsdata.py
26427893,106,38,144,ehtim/observing/obs_helpers.py
26427893,8,0,8,ehtim/calibrating/self_cal.py
26427893,8,0,8,ehtim/calibrating/self_cal.py
26427893,6,1,7,ehtim/imager.py
26427893,57,49,106,ehtim/imaging/imager_utils.py
26427893,4,2,6,ehtim/io/load.py
26427893,8,8,16,ehtim/movie.py
26427893,0,16,16,ehtim/observing/obs_helpers.py
26427893,6,1,7,ehtim/imager.py
26427893,57,49,106,ehtim/imaging/imager_utils.py
26427893,4,2,6,ehtim/io/load.py
26427893,8,8,16,ehtim/movie.py
26427893,0,16,16,ehtim/observing/obs_helpers.py
26427893,79,0,79,ehtim/obsdata.py
26427893,79,0,79,ehtim/obsdata.py
26427893,1,1,2,ehtim/observing/obs_helpers.py
26427893,1,1,2,ehtim/observing/obs_helpers.py
26427893,4,5,9,ehtim/caltable.py
26427893,9,10,19,ehtim/image.py
26427893,1,1,2,ehtim/movie.py
26427893,14,7,21,ehtim/observing/obs_simulate.py
26427893,4,5,9,ehtim/caltable.py
26427893,9,10,19,ehtim/image.py
26427893,1,1,2,ehtim/movie.py
26427893,14,7,21,ehtim/observing/obs_simulate.py
26427893,23,8,31,ehtim/caltable.py
26427893,23,8,31,ehtim/caltable.py
26427893,13,2,15,examples/example_stochastic_optics.py
26427893,13,2,15,examples/example_stochastic_optics.py
26427893,23,5,28,ehtim/scattering/stochastic_optics.py
26427893,23,5,28,ehtim/scattering/stochastic_optics.py
26427893,7,5,12,ehtim/observing/obs_simulate.py
26427893,7,5,12,ehtim/observing/obs_simulate.py
26427893,30,5,35,ehtim/imager.py
26427893,30,5,35,ehtim/imager.py
26427893,1,1,2,ehtim/plotting/comp_plots.py
26427893,1,1,2,ehtim/plotting/comp_plots.py
26427893,6,2,8,ehtim/observing/obs_simulate.py
26427893,6,2,8,ehtim/observing/obs_simulate.py
26427893,3,0,3,ehtim/image.py
26427893,3,0,3,ehtim/image.py
26427893,0,1,1,ehtim/obsdata.py
26427893,1,0,1,ehtim/observing/obs_simulate.py
26427893,0,1,1,ehtim/vex.py
26427893,0,1,1,ehtim/obsdata.py
26427893,1,0,1,ehtim/observing/obs_simulate.py
26427893,0,1,1,ehtim/vex.py
26427893,8,4,12,ehtim/io/load.py
26427893,8,4,12,ehtim/io/load.py
26427893,30,12,42,ehtim/io/load.py
26427893,2,2,4,ehtim/obsdata.py
26427893,30,12,42,ehtim/io/load.py
26427893,2,2,4,ehtim/obsdata.py
26427893,52,25,77,ehtim/calibrating/self_cal.py
26427893,52,25,77,ehtim/calibrating/self_cal.py
26427893,9,0,9,ehtim/obsdata.py
26427893,9,0,9,ehtim/obsdata.py
26427893,0,1,1,ehtim/caltable.py
26427893,21,0,21,ehtim/obsdata.py
26427893,4,4,8,ehtim/observing/__init__.py
26427893,4,4,8,ehtim/observing/__init__.py
26427893,1,1,2,scripts/calibrate.py
26427893,1,0,1,scripts/calibrate.py
26427893,4,1,5,ehtim/calibrating/self_cal.py
26427893,10,2,12,scripts/calibrate.py
26427893,2,2,4,scripts/calibrate.py
26427893,8,0,8,ehtim/caltable.py
26427893,1,0,1,scripts/calibrate.py
26427893,9,7,16,scripts/calibrate.py
26427893,7,5,12,ehtim/caltable.py
26427893,7,5,12,ehtim/caltable.py
26427893,4,0,4,scripts/calibrate.py
26427893,2,2,4,ehtim/caltable.py
26427893,31,26,57,scripts/calibrate.py
26427893,6,0,6,ehtim/caltable.py
26427893,1,1,2,ehtim/caltable.py
26427893,12,4,16,ehtim/caltable.py
26427893,18,9,27,ehtim/caltable.py
26427893,24,0,24,ehtim/caltable.py
26427893,0,6,6,ehtim/observing/obs_simulate.py
26427893,2,1,3,ehtim/calibrating/self_cal.py
26427893,2,1,3,ehtim/calibrating/self_cal.py
26427893,48,48,96,ehtim/calibrating/self_cal.py
26427893,48,48,96,ehtim/calibrating/self_cal.py
26427893,40,49,89,scripts/calibrate.py
26427893,15,16,31,scripts/calibrate.py
26427893,17,17,34,scripts/calibrate.py
26427893,48,27,75,scripts/calibrate.py
26427893,86,96,182,scripts/calibrate.py
26427893,99,0,99,scripts/calibrate.py
26427893,4,6,10,ehtim/obsdata.py
26427893,1,1,2,ehtim/caltable.py
26427893,19,1,20,ehtim/obsdata.py
26427893,1,1,2,ehtim/imaging/imager_utils.py
26427893,9,1,10,ehtim/caltable.py
26427893,12,7,19,ehtim/obsdata.py
26427893,21,0,21,ehtim/obsdata.py
26427893,1,1,2,ehtim/array.py
26427893,24,5,29,ehtim/obsdata.py
26427893,4,4,8,ehtim/observing/__init__.py
26427893,110,0,110,ehtim/observing/obs_helpers.py
26427893,94,0,94,ehtim/observing/obs_simulate.py
26427893,2,0,2,ehtim/const_def.py
26427893,22,1,23,ehtim/io/load.py
26427893,3,2,5,ehtim/obsdata.py
26427893,0,2,2,ehtim/caltable.py
26427893,17,5,22,ehtim/obsdata.py
26427893,8,8,16,ehtim/plotting/comp_plots.py
26427893,5,0,5,ehtim/calibrating/self_cal.py
26427893,17,11,28,ehtim/caltable.py
26427893,3,3,6,ehtim/io/load.py
26427893,10,3,13,ehtim/caltable.py
26427893,27,32,59,ehtim/caltable.py
26427893,3,2,5,ehtim/calibrating/self_cal.py
26427893,6,2,8,ehtim/caltable.py
26427893,1,0,1,ehtim/__init__.py
26427893,68,56,124,ehtim/calibrating/self_cal.py
26427893,31,17,48,ehtim/caltable.py
26427893,3,0,3,ehtim/const_def.py
26427893,9,4,13,ehtim/diagnostics.py
26427893,3,0,3,ehtim/calibrating/self_cal.py
26427893,27,5,32,ehtim/calibrating/self_cal.py
26427893,1,1,2,ehtim/calibrating/self_cal.py
26427893,2,3,5,ehtim/calibrating/self_cal.py
26427893,0,10,10,examples/example_diagnostics.py
26427893,6,18,24,ehtim/calibrating/self_cal.py
26427893,168,0,168,ehtim/caltable.py
26427893,13,16,29,examples/example_diagnostics.py
26427893,17,37,54,ehtim/calibrating/self_cal.py
26427893,60,13,73,ehtim/calibrating/self_cal.py
26427893,10,0,10,ehtim/diagnostics.py
26427893,11,6,17,examples/example_diagnostics.py
26427893,42,0,42,examples/example_diagnostics.py
26427893,43,0,43,ehtim/tests/test_diagnostics.py
26427893,6,0,6,ehtim/diagnostics.py
26427893,5,3,8,ehtim/diagnostics.py
26427893,25,0,25,ehtim/diagnostics.py
26427893,18,0,18,ehtim/diagnostics.py
26427893,10,3,13,ehtim/calibrating/self_cal.py
26427893,3,3,6,ehtim/observing/obs_helpers.py
26427893,3,3,6,ehtim/observing/obs_helpers.py
26427893,6,3,9,ehtim/calibrating/self_cal.py
26427893,5,13,18,ehtim/calibrating/self_cal.py
26427893,7,1,8,ehtim/calibrating/self_cal.py
26427893,24,8,32,ehtim/calibrating/self_cal.py
26427893,1,1,2,ehtim/calibrating/self_cal.py
26427893,12,10,22,ehtim/calibrating/self_cal.py
26427893,2,2,4,ehtim/movie.py
26427893,14,7,21,ehtim/calibrating/self_cal.py
26427893,17,0,17,ehtim/io/load.py
26427893,4,0,4,ehtim/movie.py
26427893,35,34,69,ehtim/calibrating/self_cal.py
26427893,232,0,232,ehtim/calibrating/self_cal.py
26427893,11,1,12,ehtim/closure.py
26427893,0,1,1,ehtim/obsdata.py
26427893,1,1,2,ehtim/__init__.py
26427893,2,2,4,ehtim/observing/obs_simulate.py
26427893,9,9,18,ehtim/image.py
26427893,1,1,2,ehtim/imaging/imager_utils.py
26427893,6,6,12,ehtim/observing/obs_simulate.py
26427893,14,1,15,ehtim/imaging/imager_utils.py
26427893,2,1,3,ehtim/observing/obs_simulate.py
26427893,14,8,22,ehtim/obsdata.py
26427893,11,5,16,ehtim/plotting/comp_plots.py
26427893,21,10,31,ehtim/calibrating/self_cal.py
26427893,1,1,2,ehtim/imaging/imager_utils.py
26427893,1,1,2,ehtim/obsdata.py
26427893,8,1,9,ehtim/obsdata.py
26427893,8,4,12,ehtim/calibrating/self_cal.py
26427893,8,8,16,ehtim/plotting/comp_plots.py
26427893,40,0,40,ehtim/imaging/imager_utils.py
26427893,11,5,16,ehtim/obsdata.py
26427893,1,1,2,ehtim/obsdata.py
26427893,1,1,2,ehtim/obsdata.py
26427893,4,4,8,ehtim/plotting/comp_plots.py
26427893,11,6,17,ehtim/obsdata.py
26427893,1,1,2,ehtim/plotting/comp_plots.py
26427893,20,16,36,ehtim/plotting/comp_plots.py
26427893,45,45,90,ehtim/plotting/comp_plots.py
26427893,6,3,9,ehtim/obsdata.py
26427893,8,8,16,ehtim/plotting/comp_plots.py
26427893,59,34,93,ehtim/obsdata.py
26427893,2,1,3,ehtim/const_def.py
26427893,88,33,121,ehtim/obsdata.py
26427893,11,0,11,ehtim/observing/obs_helpers.py
26427893,1,1,2,ehtim/image.py
26427893,1,1,2,ehtim/image.py
26427893,1,1,2,ehtim/image.py
26427893,1,1,2,ehtim/vex.py
26427893,4,0,4,ehtim/imaging/imager_utils.py
26427893,5,5,10,ehtim/observing/obs_helpers.py
26427893,8,8,16,ehtim/imaging/imager_utils.py
26427893,3,4,7,ehtim/image.py
26427893,105,62,167,ehtim/imaging/starwarps.py
26427893,1,1,2,ehtim/image.py
26427893,188,47,235,ehtim/image.py
26427893,4,3,7,ehtim/obsdata.py
26427893,1,1,2,ehtim/observing/obs_simulate.py
26427893,6,6,12,ehtim/calibrating/self_cal.py
26427893,1,1,2,ehtim/image.py
26427893,34,8,42,ehtim/imaging/imager_utils.py
26427893,1,1,2,ehtim/observing/obs_helpers.py
26427893,3,3,6,ehtim/observing/obs_simulate.py
26427893,1,1,2,ehtim/io/save.py
26427893,24,24,48,ehtim/io/load.py
26427893,25,30,55,ehtim/io/load.py
26427893,16,27,43,ehtim/scattering/stochastic_optics.py
26427893,44,8,52,ehtim/io/load.py
26427893,1,1,2,ehtim/vex.py
26427893,1,2,3,ehtim/scattering/stochastic_optics.py
26427893,3,3,6,ehtim/scattering/stochastic_optics.py
26427893,2,2,4,ehtim/io/save.py
26427893,1,1,2,examples/example_starwarps.py
26427893,1683,0,1683,ehtim/imaging/starwarps.py
26427893,186,0,186,examples/example_starwarps.py
26427893,68,68,136,ehtim/image.py
26427893,7,7,14,ehtim/imaging/patch_prior.py
26427893,3,0,3,ehtim/imager.py
26427893,8,1,9,ehtim/imaging/imager_utils.py
26427893,2,2,4,docs/source/conf.py
26427893,0,1,1,ehtim/image.py
26427893,38,6,44,ehtim/imager.py
26427893,0,1,1,ehtim/observing/obs_simulate.py
26427893,10,27,37,ehtim/scattering/stochastic_optics.py
26427893,4,1,5,ehtim/movie.py
26427893,22,3,25,ehtim/array.py
26427893,33,25,58,ehtim/image.py
26427893,50,1,51,ehtim/imager.py
26427893,152,128,280,ehtim/io/load.py
26427893,86,53,139,ehtim/io/save.py
26427893,147,24,171,ehtim/movie.py
26427893,44,29,73,ehtim/obsdata.py
26427893,20,1,21,ehtim/vex.py
26427893,128,106,234,ehtim/scattering/stochastic_optics.py
26427893,27,1,28,ehtim/image.py
26427893,39,6,45,ehtim/obsdata.py
26427893,4,7,11,ehtim/image.py
26427893,24,21,45,ehtim/scattering/stochastic_optics.py
26427893,1,1,2,ehtim/calibrating/self_cal.py
26427893,1,1,2,ehtim/const_def.py
26427893,353,117,470,ehtim/image.py
26427893,448,376,824,ehtim/imaging/imager_utils.py
26427893,1,1,2,ehtim/io/save.py
26427893,3,3,6,ehtim/movie.py
26427893,407,175,582,ehtim/obsdata.py
26427893,65,59,124,ehtim/observing/obs_simulate.py
26427893,64,0,64,ehtim/obsdata.py
26427893,67,0,67,ehtim/closure.py
26427893,41,12,53,ehtim/vex.py
26427893,5,1,6,ehtim/scattering/stochastic_optics.py
26427893,1,1,2,ehtim/image.py
26427893,89,12,101,ehtim/movie.py
26427893,10,4,14,ehtim/io/load.py
26427893,16,15,31,ehtim/observing/obs_simulate.py
26427893,1,1,2,ehtim/movie.py
26427893,1,1,2,ehtim/movie.py
26427893,6,6,12,ehtim/obsdata.py
26427893,23,0,23,ehtim/observing/obs_helpers.py
26427893,45,1,46,ehtim/movie.py
26427893,4,1,5,ehtim/vex.py
26427893,52,28,80,ehtim/imaging/imager_utils.py
26427893,5,5,10,ehtim/imaging/imager_utils.py
26427893,1,1,2,ehtim/obsdata.py
26427893,3,5,8,ehtim/imaging/imager_utils.py
26427893,13,7,20,ehtim/imaging/imager_utils.py
26427893,2,7,9,ehtim/__init__.py
26427893,4,0,4,ehtim/imager.py
26427893,720,648,1368,ehtim/imaging/imager_utils.py
26427893,1,1,2,ehtim/scattering/__init__.py
26427893,1,1,2,examples/example.py
26427893,34,19,53,ehtim/imaging/imager_utils.py
26427893,1,1,2,ehtim/imaging/imager_utils.py
26427893,377,34,411,ehtim/imaging/imager_utils.py
26427893,83,65,148,ehtim/imaging/imager_utils.py
26427893,114,59,173,ehtim/imaging/imager_utils.py
26427893,87,18,105,ehtim/imaging/imager_utils.py
26427893,7,4,11,ehtim/observing/obs_simulate.py
26427893,9,9,18,ehtim/image.py
26427893,3,2,5,ehtim/observing/obs_simulate.py
26427893,3,3,6,fft_utils.py
26427893,18,18,36,fft_utils.py
26427893,216,0,216,fft_utils.py
26427893,188,183,371,ehtim/image.py
26427893,1,1,2,ehtim/imager.py
26427893,53,13,66,ehtim/imaging/imager_utils.py
26427893,3,3,6,examples/example.py
26427893,191,196,387,ehtim/image.py
26427893,0,2,2,ehtim/io/load.py
26427893,492,313,805,ehtim/obsdata.py
26427893,17,10,27,ehtim/__init__.py
26427893,5,1,6,ehtim/const_def.py
26427893,2,0,2,ehtim/io/load.py
26427893,29,12,41,ehtim/obsdata.py
26427893,72,3,75,ehtim/observing/obs_helpers.py
26427893,0,0,0,__init__.py
26427893,0,0,0,cross_validation.py
26427893,0,0,0,docs/conf.py
26427893,0,0,0,example.py
26427893,0,0,0,example_closure_only.py
26427893,0,0,0,example_cross-validation.py
26427893,0,0,0,example_movie.py
26427893,0,0,0,example_scattering.py
26427893,0,0,0,example_vex.py
26427893,0,0,0,example_workshop.py
26427893,0,0,0,imager_dft.py
26427893,0,0,0,jdcal.py
26427893,0,0,0,linearize_energy.py
26427893,0,0,0,maxen_dyanmic.py
26427893,0,0,0,maxen_utils.py
26427893,0,0,0,movie_utils.py
26427893,0,0,0,self_cal.py
26427893,0,0,0,setup.py
26427893,0,0,0,stochastic_optics.py
26427893,0,0,0,vex_reader.py
26427893,1,1,2,vlbi_imaging_utils.py
26427893,0,0,0,vlbi_plots.py
26427893,0,0,0,writeData.py
26427893,3,3,6,ehtim/obsdata.py
26427893,5,5,10,ehtim/observing/obs_helpers.py
26427893,5,5,10,ehtim/observing/obs_helpers.py
26427893,0,4,4,ehtim/obsdata.py
26427893,1,3,4,ehtim/observing/obs_helpers.py
26427893,4,4,8,ehtim/obsdata.py
26427893,3,0,3,ehtim/observing/obs_helpers.py
26427893,2,2,4,ehtim/imaging/imager_utils.py
26427893,7,7,14,ehtim/obsdata.py
26427893,7,7,14,ehtim/observing/obs_helpers.py
26427893,2,2,4,examples/example.py
26427893,1,1,2,ehtim/imager.py
26427893,65,7,72,ehtim/imaging/imager_utils.py
26427893,76,315,391,ehtim/obsdata.py
26427893,138,14,152,ehtim/observing/obs_helpers.py
26427893,3,6,9,ehtim/scattering/stochastic_optics.py
26427893,14,2,16,ehtim/obsdata.py
26427893,7,3,10,ehtim/image.py
26427893,1,1,2,ehtim/plotting/comp_plots.py
26427893,1,1,2,ehtim/array.py
26427893,1,0,1,setup.py
26427893,0,0,0,ehtim/imaging/patch_prior.py
26427893,0,0,0,docs/source/conf.py
26427893,0,0,0,ehtim/__init__.py
26427893,0,0,0,ehtim/array.py
26427893,0,0,0,ehtim/calibrating/__init__.py
26427893,0,0,0,ehtim/calibrating/self_cal.py
26427893,0,0,0,ehtim/const_def.py
26427893,0,0,0,ehtim/image.py
26427893,0,0,0,ehtim/imager.py
26427893,0,0,0,ehtim/imaging/__init__.py
26427893,0,0,0,ehtim/imaging/imager_utils.py
26427893,0,0,0,ehtim/imaging/linearize_energy.py
26427893,0,0,0,ehtim/io/__init__.py
26427893,0,0,0,ehtim/io/load.py
26427893,0,0,0,ehtim/io/oifits.py
26427893,0,0,0,ehtim/io/save.py
26427893,0,0,0,ehtim/io/writeData.py
26427893,0,0,0,ehtim/movie.py
26427893,0,0,0,ehtim/obsdata.py
26427893,0,0,0,ehtim/observing/__init__.py
26427893,0,0,0,ehtim/observing/jdcal.py
26427893,0,0,0,ehtim/observing/obs_helpers.py
26427893,0,0,0,ehtim/observing/obs_simulate.py
26427893,0,0,0,ehtim/observing/pulses.py
26427893,0,0,0,ehtim/plotting/__init__.py
26427893,0,0,0,ehtim/plotting/comp_plots.py
26427893,0,0,0,ehtim/scattering/__init__.py
26427893,0,0,0,ehtim/scattering/stochastic_optics.py
26427893,0,0,0,ehtim/tests/__init__.py
26427893,0,0,0,ehtim/tests/test_io.py
26427893,0,0,0,ehtim/vex.py
26427893,0,0,0,examples/example.py
26427893,0,0,0,examples/example_scattering.py
26427893,0,0,0,examples/example_stochastic_optics.py
26427893,0,0,0,setup.py
26427893,0,0,0,docs/source/conf.py
26427893,0,0,0,ehtim/__init__.py
26427893,0,0,0,ehtim/array.py
26427893,0,0,0,ehtim/calibrating/__init__.py
26427893,0,0,0,ehtim/calibrating/self_cal.py
26427893,0,0,0,ehtim/const_def.py
26427893,0,0,0,ehtim/image.py
26427893,0,0,0,ehtim/imager.py
26427893,0,0,0,ehtim/imaging/__init__.py
26427893,0,0,0,ehtim/imaging/imager_utils.py
26427893,0,0,0,ehtim/imaging/linearize_energy.py
26427893,0,0,0,ehtim/io/__init__.py
26427893,1,1,2,ehtim/io/load.py
26427893,0,0,0,ehtim/io/oifits.py
26427893,0,3,3,ehtim/io/save.py
26427893,0,0,0,ehtim/io/writeData.py
26427893,0,0,0,ehtim/movie.py
26427893,0,0,0,ehtim/obsdata.py
26427893,0,0,0,ehtim/observing/__init__.py
26427893,0,0,0,ehtim/observing/jdcal.py
26427893,0,0,0,ehtim/observing/obs_helpers.py
26427893,0,0,0,ehtim/observing/obs_simulate.py
26427893,61,0,61,ehtim/observing/pulses.py
26427893,0,0,0,ehtim/plotting/__init__.py
26427893,0,0,0,ehtim/plotting/comp_plots.py
26427893,0,0,0,ehtim/scattering/__init__.py
26427893,0,0,0,ehtim/scattering/stochastic_optics.py
26427893,0,0,0,ehtim/tests/__init__.py
26427893,0,0,0,ehtim/tests/test_io.py
26427893,0,0,0,ehtim/vex.py
26427893,0,0,0,examples/example.py
26427893,0,0,0,examples/example_scattering.py
26427893,0,0,0,examples/example_stochastic_optics.py
26427893,3,3,6,setup.py
26427893,3,3,6,ehtim/imager.py
26427893,2,2,4,ehtim/scattering/stochastic_optics.py
26427893,1,1,2,ehtim/io/load.py
26427893,0,3,3,ehtim/io/save.py
26427893,61,0,61,ehtim/observing/pulses.py
26427893,3,3,6,setup.py
26427893,2,2,4,setup.py
26427893,80,66,146,ehtim/io/save.py
26427893,5,1,6,ehtim/observing/obs_simulate.py
26427893,1,1,2,ehtim/observing/pulses.py
26427893,258,0,258,vlbi_imaging_utils.py
26427893,124,76,200,ehtim/io/load.py
26427893,1,1,2,examples/example.py
26427893,0,21,21,ehtim/observing/obs_helpers.py
26427893,5,1,6,ehtim/observing/obs_simulate.py
26427893,3,3,6,ehtim/array.py
26427893,35,0,35,ehtim/calibrating/self_cal.py
26427893,1,1,2,ehtim/const_def.py
26427893,1,1,2,ehtim/imager.py
26427893,83,20,103,ehtim/io/load.py
26427893,22,14,36,ehtim/observing/obs_simulate.py
26427893,6,8,14,examples/example.py
26427893,2,2,4,ehtim/scattering/stochastic_optics.py
26427893,1,1,2,ehtim/scattering/stochastic_optics.py
26427893,4,5,9,ehtim/scattering/stochastic_optics.py
26427893,3,3,6,ehtim/scattering/stochastic_optics.py
26427893,5,10,15,ehtim/scattering/stochastic_optics.py
26427893,8,16,24,ehtim/scattering/stochastic_optics.py
26427893,1,1,2,ehtim/scattering/stochastic_optics.py
26427893,3,1,4,ehtim/scattering/stochastic_optics.py
26427893,4,5,9,ehtim/scattering/stochastic_optics.py
26427893,22,22,44,ehtim/array.py
26427893,6,6,12,ehtim/calibrating/self_cal.py
26427893,5,5,10,ehtim/const_def.py
26427893,174,174,348,ehtim/image.py
26427893,145,145,290,ehtim/imager.py
26427893,114,114,228,ehtim/imaging/imager_utils.py
26427893,25,25,50,ehtim/imaging/linearize_energy.py
26427893,3,3,6,ehtim/imaging/patch_prior.py
26427893,135,135,270,ehtim/io/load.py
26427893,28,28,56,ehtim/io/oifits.py
26427893,85,85,170,ehtim/io/save.py
26427893,14,14,28,ehtim/io/writeData.py
26427893,79,79,158,ehtim/movie.py
26427893,363,363,726,ehtim/obsdata.py
26427893,59,59,118,ehtim/observing/obs_helpers.py
26427893,217,217,434,ehtim/observing/obs_simulate.py
26427893,20,20,40,ehtim/observing/pulses.py
26427893,68,68,136,ehtim/plotting/comp_plots.py
26427893,134,134,268,ehtim/scattering/stochastic_optics.py
26427893,22,22,44,ehtim/vex.py
26427893,15,15,30,examples/example.py
26427893,1,1,2,examples/example_scattering.py
26427893,1,1,2,examples/example_stochastic_optics.py
26427893,51,6,57,ehtim/scattering/stochastic_optics.py
26427893,58,0,58,examples/example_stochastic_optics.py
26427893,294,7,301,ehtim/imager.py
26427893,2,1,3,ehtim/__init__.py
26427893,1,1,2,ehtim/image.py
26427893,455,0,455,ehtim/imager.py
26427893,1,1,2,ehtim/imaging/__init__.py
26427893,4,4,8,examples/example.py
26427893,111,110,221,ehtim/scattering/stochastic_optics.py
26427893,1,0,1,examples/example_scattering.py
26427893,1,1,2,ehtim/image.py
26427893,10,9,19,ehtim/io/load.py
26427893,1,0,1,ehtim/vex.py
26427893,9,16,25,ehtim/__init__.py
26427893,2,3,5,ehtim/calibrating/__init__.py
26427893,2,3,5,ehtim/imaging/__init__.py
26427893,2,3,5,ehtim/io/__init__.py
26427893,4,5,9,ehtim/observing/__init__.py
26427893,2,3,5,ehtim/plotting/__init__.py
26427893,2,2,4,ehtim/scattering/__init__.py
26427893,21,21,42,examples/example.py
26427893,1,1,2,examples/example.py
26427893,11,0,11,ehtim/scattering/__init__.py
26427893,733,0,733,ehtim/scattering/stochastic_optics.py
26427893,47,0,47,examples/example_scattering.py
26427893,12,15,27,ehtim/io/load.py
26427893,1,1,2,ehtim/obsdata.py
26427893,9,4,13,ehtim/io/load.py
26427893,2,2,4,ehtim/obsdata.py
26427893,8,3,11,examples/example.py
26427893,2,2,4,ehtim/obsdata.py
26427893,2,2,4,ehtim/imaging/imager.py
26427893,3,3,6,ehtim/io/load.py
26427893,3,3,6,ehtim/obsdata.py
26427893,5,6,11,ehtim/imaging/patch_prior.py
26427893,56,57,113,ehtim/obsdata.py
26427893,39,40,79,ehtim/image.py
26427893,56,57,113,ehtim/imaging/imager.py
26427893,35,36,71,ehtim/observing/obs_simulate.py
26427893,23,24,47,ehtim/observing/obs_helpers.py
26427893,22,23,45,ehtim/io/save.py
26427893,20,21,41,ehtim/io/load.py
26427893,6,7,13,ehtim/io/oifits.py
26427893,4,5,9,ehtim/io/writeData.py
26427893,5,6,11,ehtim/observing/pulses.py
26427893,1,2,3,examples/example.py
26427893,4,0,4,ehtim/__init__.py
26427893,28,28,56,examples/example.py
26427893,2,3,5,ehtim/imaging/linearize_energy.py
26427893,3,4,7,ehtim/movie.py
26427893,2,2,4,docs/source/conf.py
26427893,1,1,2,ehtim/{calib => calibrating}/__init__.py
26427893,0,0,0,ehtim/{calib => calibrating}/self_cal.py
26427893,2,1,3,ehtim/imaging/__init__.py
26427893,5,5,10,ehtim/imaging/imager.py
26427893,1,2,3,ehtim/vex.py
26427893,3,4,7,ehtim/const_def.py
26427893,3,4,7,ehtim/calib/self_cal.py
26427893,1,0,1,ehtim/array.py
26427893,1,0,1,ehtim/calib/self_cal.py
26427893,1,0,1,ehtim/const_def.py
26427893,1,0,1,ehtim/image.py
26427893,4,3,7,ehtim/imaging/imager.py
26427893,2,2,4,ehtim/imaging/patch_prior.py
26427893,1,0,1,ehtim/io/load.py
26427893,1,1,2,ehtim/io/oifits.py
26427893,1,0,1,ehtim/io/save.py
26427893,1,1,2,ehtim/io/writeData.py
26427893,1,0,1,ehtim/movie.py
26427893,1,0,1,ehtim/obsdata.py
26427893,1,0,1,ehtim/observing/jdcal.py
26427893,1,0,1,ehtim/observing/obs_helpers.py
26427893,1,0,1,ehtim/observing/obs_simulate.py
26427893,2,1,3,ehtim/observing/pulses.py
26427893,3,2,5,ehtim/vex.py
26427893,3,2,5,examples/example.py
26427893,1,1,2,ehtim/io/load.py
26427893,2,2,4,ehtim/io/oifits.py
26427893,2,2,4,ehtim/observing/obs_simulate.py
26427893,14,14,28,ehtim/vex.py
26427893,3,0,3,ehtim/array.py
26427893,7,4,11,ehtim/calib/self_cal.py
26427893,5,3,8,ehtim/const_def.py
26427893,50,44,94,ehtim/image.py
26427893,2,1,3,ehtim/imaging/__init__.py
26427893,74,69,143,ehtim/imaging/imager.py
26427893,3,1,4,ehtim/imaging/linearize_energy.py
26427893,11,7,18,ehtim/imaging/patch_prior.py
26427893,63,58,121,ehtim/io/load.py
26427893,101,96,197,ehtim/io/oifits.py
26427893,28,24,52,ehtim/io/save.py
26427893,10,6,16,ehtim/io/writeData.py
26427893,24,18,42,ehtim/movie.py
26427893,68,62,130,ehtim/obsdata.py
26427893,2,0,2,ehtim/observing/jdcal.py
26427893,34,29,63,ehtim/observing/obs_helpers.py
26427893,88,83,171,ehtim/observing/obs_simulate.py
26427893,7,5,12,ehtim/observing/pulses.py
26427893,1,0,1,ehtim/plotting/comp_plots.py
26427893,10,5,15,ehtim/vex.py
26427893,6,3,9,examples/example.py
26427893,1,0,1,ehtim/tests/__init__.py
26427893,7,0,7,ehtim/tests/test_io.py
26427893,8,0,8,ehtim/tests/__init__.py
26427893,1,0,1,vex_reader.py
26427893,2,3,5,cross_validation.py
26427893,33,18,51,ehtim/array.py
26427893,4,2,6,ehtim/calib/self_cal.py
26427893,179,88,267,ehtim/image.py
26427893,29,20,49,ehtim/imaging/imager.py
26427893,0,1,1,ehtim/io/load.py
26427893,148,63,211,ehtim/movie.py
26427893,137,68,205,ehtim/obsdata.py
26427893,16,8,24,ehtim/plotting/comp_plots.py
26427893,10,2,12,ehtim/vex.py
26427893,0,296,296,docs/conf.py
26427893,170,0,170,docs/source/conf.py
26427893,4,2,6,ehtim/image.py
26427893,11,2,13,imager_dft.py
26427893,84,44,128,vlbi_imaging_utils.py
26427893,22,0,22,ehtim/__init__.py
26427893,92,0,92,ehtim/array.py
26427893,12,0,12,ehtim/calib/__init__.py
26427893,80,0,80,ehtim/calib/self_cal.py
26427893,71,0,71,ehtim/const_def.py
26427893,671,0,671,ehtim/image.py
26427893,12,0,12,ehtim/imaging/__init__.py
26427893,848,0,848,ehtim/imaging/imager.py
26427893,100,0,100,ehtim/imaging/linearize_energy.py
26427893,147,0,147,ehtim/imaging/patch_prior.py
26427893,12,0,12,ehtim/io/__init__.py
26427893,795,0,795,ehtim/io/load.py
26427893,1357,0,1357,ehtim/io/oifits.py
26427893,543,0,543,ehtim/io/save.py
26427893,73,0,73,ehtim/io/writeData.py
26427893,281,0,281,ehtim/movie.py
26427893,1288,0,1288,ehtim/obsdata.py
26427893,13,0,13,ehtim/observing/__init__.py
26427893,525,0,525,ehtim/observing/jdcal.py
26427893,376,0,376,ehtim/observing/obs_helpers.py
26427893,930,0,930,ehtim/observing/obs_simulate.py
26427893,64,0,64,ehtim/observing/pulses.py
26427893,12,0,12,ehtim/plotting/__init__.py
26427893,185,0,185,ehtim/plotting/comp_plots.py
26427893,224,0,224,ehtim/vex.py
26427893,122,0,122,examples/example.py
26427893,0,9,9,__init__.py
26427893,0,72,72,cross_validation.py
26427893,0,104,104,example.py
26427893,0,96,96,example_chirp.py
26427893,0,79,79,example_closure_only.py
26427893,0,117,117,example_cross-validation.py
26427893,0,48,48,example_movie.py
26427893,0,63,63,example_scattering.py
26427893,0,88,88,example_vex.py
26427893,0,139,139,example_workshop.py
26427893,0,844,844,imager_dft.py
26427893,0,525,525,jdcal.py
26427893,0,96,96,linearize_energy.py
26427893,0,16,16,make_data.py
26427893,0,1777,1777,maxen.py
26427893,0,446,446,maxen_dyanmic.py
26427893,0,264,264,maxen_utils.py
26427893,0,422,422,movie_utils.py
26427893,0,1357,1357,oifits_new.py
26427893,0,147,147,patch_prior.py
26427893,0,65,65,pulses.py
26427893,0,72,72,self_cal.py
26427893,11,6,17,setup.py
26427893,0,493,493,stochastic_optics.py
26427893,0,311,311,vex_reader.py
26427893,0,4218,4218,vlbi_imaging_utils.py
26427893,0,198,198,vlbi_plots.py
26427893,0,74,74,writeData.py
26427893,15,9,24,vlbi_imaging_utils.py
26427893,63,0,63,example_scattering.py
26427893,493,0,493,stochastic_optics.py
26427893,72,0,72,cross_validation.py
26427893,117,0,117,example_cross-validation.py
26427893,0,63,63,example_scattering.py
26427893,0,493,493,stochastic_optics.py
26427893,1,1,2,imager_dft.py
26427893,13,4,17,vlbi_imaging_utils.py
26427893,15,2,17,vlbi_imaging_utils.py
26427893,81,1,82,imager_dft.py
26427893,4,4,8,vlbi_imaging_utils.py
26427893,129,42,171,vlbi_imaging_utils.py
26427893,1,1,2,vlbi_plots.py
26427893,26,15,41,stochastic_optics.py
26427893,102,0,102,maxen.py
26427893,2,11,13,movie_utils.py
26427893,1,1,2,vlbi_imaging_utils.py
26427893,1,1,2,vex_reader.py
26427893,29,31,60,movie_utils.py
26427893,64,1,65,vex_reader.py
26427893,2,2,4,vlbi_imaging_utils.py
26427893,23,2,25,vex_reader.py
26427893,91,92,183,vlbi_imaging_utils.py
26427893,114,149,263,movie_utils.py
26427893,193,132,325,vlbi_imaging_utils.py
26427893,66,56,122,vlbi_imaging_utils.py
26427893,14,14,28,imager_dft.py
26427893,2,0,2,movie_utils.py
26427893,10,0,10,vlbi_imaging_utils.py
26427893,56,20,76,vlbi_imaging_utils.py
26427893,39,27,66,vlbi_imaging_utils.py
26427893,2,7,9,example.py
26427893,15,19,34,imager_dft.py
26427893,11,3,14,maxen.py
26427893,9,9,18,vlbi_imaging_utils.py
26427893,768,0,768,imager_dft.py
26427893,10,10,20,maxen.py
26427893,63,0,63,example_scattering.py
26427893,0,63,63,Scattering_Examples.py
26427893,88,0,88,example_vex.py
26427893,525,0,525,jdcal.py
26427893,227,0,227,vex_reader.py
26427893,9,6,15,maxen.py
26427893,27,0,27,vlbi_imaging_utils.py
26427893,8,8,16,vlbi_plots.py
26427893,2,2,4,maxen.py
26427893,5,4,9,self_cal.py
26427893,2,3,5,maxen.py
26427893,2,2,4,maxen.py
26427893,1,1,2,example.py
26427893,138,0,138,maxen.py
26427893,5,1,6,vlbi_imaging_utils.py
26427893,1,1,2,maxen.py
26427893,13,7,20,vlbi_imaging_utils.py
26427893,5,5,10,maxen.py
26427893,36,3,39,stochastic_optics.py
26427893,28,11,39,stochastic_optics.py
26427893,38,3,41,vlbi_imaging_utils.py
26427893,1,1,2,Scattering_Examples.py
26427893,114,89,203,stochastic_optics.py
26427893,34,10,44,vlbi_imaging_utils.py
26427893,52,29,81,vlbi_imaging_utils.py
26427893,4,4,8,maxen.py
26427893,6,6,12,vlbi_imaging_utils.py
26427893,9,1,10,__init__.py
26427893,1,1,2,vlbi_imaging_utils.py
26427893,7,5,12,maxen.py
26427893,6,0,6,maxen.py
26427893,22,22,44,vlbi_imaging_utils.py
26427893,20,20,40,vlbi_imaging_utils.py
26427893,1,1,2,maxen.py
26427893,114,141,255,vlbi_imaging_utils.py
26427893,4,4,8,vlbi_plots.py
26427893,1,0,1,vlbi_imaging_utils.py
26427893,54,0,54,vlbi_imaging_utils.py
26427893,478,739,1217,vlbi_imaging_utils.py
26427893,6,3,9,vlbi_imaging_utils.py
26427893,739,478,1217,vlbi_imaging_utils.py
26427893,10,5,15,vlbi_imaging_utils.py
26427893,24,14,38,vlbi_imaging_utils.py
26427893,357,260,617,vlbi_imaging_utils.py
26427893,25,15,40,vlbi_imaging_utils.py
26427893,15,7,22,maxen.py
26427893,1,1,2,self_cal.py
26427893,1182,650,1832,vlbi_imaging_utils.py
26427893,2,8,10,vlbi_plots.py
26427893,4,7,11,example_workshop.py
26427893,0,1,1,example.py
26427893,3176,3176,6352,vlbi_imaging_utils.py
26427893,2,2,4,example.py
26427893,142,0,142,example_workshop.py
26427893,20,5,25,maxen.py
26427893,69,13,82,vlbi_imaging_utils.py
26427893,1,3,4,example.py
26427893,1,1,2,vlbi_imaging_utils.py
26427893,2,1,3,maxen.py
26427893,1,1,2,vlbi_imaging_utils.py
26427893,68,23,91,vlbi_imaging_utils.py
26427893,1,1,2,vlbi_imaging_utils.py
26427893,13,0,13,maxen.py
26427893,187,60,247,vlbi_imaging_utils.py
26427893,1,0,1,vlbi_plots.py
26427893,3,1,4,Scattering_Examples.py
26427893,61,0,61,Scattering_Examples.py
26427893,407,0,407,stochastic_optics.py
26427893,187,0,187,vlbi_imaging_utils.py
26427893,31,0,31,vlbi_imaging_utils.py
26427893,1,1,2,vlbi_imaging_utils.py
26427893,1,1,2,example.py
26427893,96,49,145,vlbi_imaging_utils.py
26427893,203,0,203,vlbi_plots.py
26427893,1,1,2,example.py
26427893,16,3,19,self_cal.py
26427893,1,1,2,vlbi_imaging_utils.py
26427893,1,0,1,__init__.py
26427893,4,1,5,oifits_new.py
26427893,4,1,5,example_movie.py
26427893,8,2,10,vlbi_imaging_utils.py
26427893,14,7,21,example.py
26427893,2,2,4,vlbi_imaging_utils.py
26427893,9,7,16,movie_utils.py
26427893,2,2,4,self_cal.py
26427893,10,4,14,vlbi_imaging_utils.py
26427893,14,10,24,self_cal.py
26427893,54,0,54,self_cal.py
26427893,45,0,45,example_movie.py
26427893,454,0,454,movie_utils.py
26427893,11,6,17,vlbi_imaging_utils.py
26427893,1,1,2,vlbi_imaging_utils.py
26427893,18,5,23,maxen.py
26427893,0,1,1,vlbi_imaging_utils.py
26427893,149,4,153,maxen.py
26427893,34,25,59,vlbi_imaging_utils.py
26427893,4,4,8,vlbi_imaging_utils.py
26427893,5,3,8,maxen.py
26427893,1,0,1,maxen.py
26427893,23,14,37,vlbi_imaging_utils.py
26427893,0,416,416,maxen.py
26427893,446,0,446,maxen_dyanmic.py
26427893,2,2,4,pulses.py
26427893,45,45,90,vlbi_imaging_utils.py
26427893,42,25,67,vlbi_imaging_utils.py
26427893,1,0,1,example.py
26427893,35,192,227,maxen.py
26427893,2,2,4,vlbi_imaging_utils.py
26427893,4,4,8,example.py
26427893,14,20,34,vlbi_imaging_utils.py
26427893,416,0,416,maxen.py
26427893,2,2,4,vlbi_imaging_utils.py
26427893,4,4,8,example.py
26427893,1,1,2,example_chirp.py
26427893,1,1,2,linearize_energy.py
26427893,6,3,9,vlbi_imaging_utils.py
26427893,1,1,2,vlbi_imaging_utils.py
26427893,81,38,119,vlbi_imaging_utils.py
26427893,9,6,15,vlbi_imaging_utils.py
26427893,11,11,22,maxen.py
26427893,49,74,123,vlbi_imaging_utils.py
26427893,28,4,32,vlbi_imaging_utils.py
26427893,2,2,4,vlbi_imaging_utils.py
26427893,4,4,8,vlbi_imaging_utils.py
26427893,28,28,56,vlbi_imaging_utils.py
26427893,14,13,27,vlbi_imaging_utils.py
26427893,12,4,16,vlbi_imaging_utils.py
26427893,84,134,218,oifits_new.py
26427893,96,0,96,example_chirp.py
26427893,96,0,96,linearize_energy.py
26427893,70,35,105,maxen.py
26427893,147,0,147,patch_prior.py
26427893,65,0,65,pulses.py
26427893,80,27,107,vlbi_imaging_utils.py
26427893,6,10,16,vlbi_imaging_utils.py
26427893,3,2,5,vlbi_imaging_utils.py
26427893,11,5,16,vlbi_imaging_utils.py
26427893,10,7,17,oifits.py => oifits_new.py
26427893,102,6,108,vlbi_imaging_utils.py
26427893,2,1,3,writeData.py
26427893,2,2,4,vlbi_imaging_utils.py
26427893,79,0,79,example_closure_only.py
26427893,210,5,215,maxen.py
26427893,10,4,14,vlbi_imaging_utils.py
26427893,6,5,11,vlbi_imaging_utils.py
26427893,80,7,87,vlbi_imaging_utils.py
26427893,32,9,41,vlbi_imaging_utils.py
26427893,1401,0,1401,oifits.py
26427893,178,10,188,vlbi_imaging_utils.py
26427893,73,0,73,writeData.py
26427893,1,1,2,vlbi_imaging_utils.py
26427893,1,1,2,example.py
26427893,1,1,2,vlbi_imaging_utils.py
26427893,1,1,2,vlbi_imaging_utils.py
26427893,2,2,4,maxen.py
26427893,2,2,4,vlbi_imaging_utils.py
26427893,18,11,29,vlbi_imaging_utils.py
26427893,7,8,15,vlbi_imaging_utils.py
26427893,0,2056,2056,vlbi_imaging_utils_v2.py
26427893,5,5,10,vlbi_imaging_utils.py
26427893,0,1234,1234,maxen_v2.py
26427893,16,0,16,make_data.py
26427893,11,3,14,vlbi_imaging_utils.py
26427893,10,8,18,example.py
26427893,11,9,20,vlbi_imaging_utils.py
26427893,2,2,4,example.py
26427893,59,139,198,maxen.py
26427893,843,447,1290,vlbi_imaging_utils.py
26427893,32,16,48,example.py
26427893,1234,0,1234,maxen_v2.py
26427893,1,1,2,vlbi_imaging_utils.py
26427893,2056,0,2056,vlbi_imaging_utils_v2.py
26427893,17,17,34,vlbi_imaging_utils.py
26427893,7,5,12,example.py
26427893,1,35,36,vlbi_imaging_utils.py
26427893,25,8,33,example.py
26427893,47,15,62,maxen.py
26427893,258,20,278,vlbi_imaging_utils.py
26427893,296,0,296,docs/conf.py
26427893,177,178,355,maxen.py
26427893,16,0,16,setup.py
26427893,67,0,67,example.py
26427893,1283,0,1283,maxen.py
26427893,264,0,264,maxen_utils.py
26427893,1572,0,1572,vlbi_imaging_utils.py
28884786,1,1,2,setup.py
28884786,24,1,25,cltk/corpus/swadesh.py
28884786,28,0,28,cltk/tests/test_languages/test_coptic.py
28884786,1,1,2,setup.py
28884786,7,1,8,cltk/tests/test_nlp/test_tokenize.py
28884786,3,0,3,cltk/tokenize/latin/params.py
28884786,15,6,21,cltk/tokenize/latin/sentence.py
28884786,0,8,8,cltk/tokenize/sentence.py
28884786,1,1,2,setup.py
28884786,6,0,6,cltk/corpus/greek/corpora.py
28884786,29,17,46,cltk/tokenize/word.py
28884786,156,60,216,cltk/tests/test_nlp/test_tokenize.py
28884786,100,89,189,cltk/tokenize/latin/word.py
28884786,38,44,82,cltk/tokenize/word.py
28884786,0,0,0,cltk/lemmatize/old_english/__init__.py
28884786,25,0,25,cltk/lemmatize/old_english/lemma.py
28884786,35,32,67,cltk/prosody/latin/clausulae_analysis.py
28884786,5,5,10,cltk/prosody/latin/scanner.py
28884786,14,0,14,cltk/prosody/latin/scanner.py
28884786,6,0,6,cltk/prosody/latin/scanner.py
28884786,1,1,2,setup.py
28884786,1,0,1,cltk/prosody/latin/syllabifier.py
28884786,2,2,4,cltk/prosody/latin/scansion_constants.py
28884786,1,1,2,cltk/prosody/latin/syllabifier.py
28884786,2,1,3,cltk/prosody/latin/clausulae_analysis.py
28884786,5,4,9,cltk/prosody/latin/clausulae_analysis.py
28884786,0,26,26,cltk/tests/test_nlp/test_prosody.py
28884786,22,18,40,cltk/prosody/latin/clausulae_analysis.py
28884786,28,12,40,cltk/prosody/latin/scanner.py
28884786,0,39,39,cltk/tests/test_nlp/test_prosody.py
28884786,11,19,30,cltk/prosody/latin/scanner.py
28884786,44,18,62,cltk/prosody/latin/scanner.py
28884786,46,55,101,cltk/prosody/latin/scanner.py
28884786,13,26,39,cltk/prosody/latin/scanner.py
28884786,223,323,546,cltk/prosody/latin/scanner.py
28884786,208,215,423,cltk/phonology/old_english/orthophonology.py
28884786,860,835,1695,cltk/phonology/orthophonology.py
28884786,334,337,671,cltk/tests/test_nlp/test_orthophonology.py
28884786,128,0,128,cltk/phonology/old_norse/orthophonology.py
28884786,12,0,12,cltk/tests/test_languages/test_old_norse.py
28884786,334,337,671,cltk/tests/test_nlp/test_orthophonology.py
28884786,860,835,1695,cltk/phonology/orthophonology.py
28884786,208,215,423,cltk/phonology/old_english/orthophonology.py
28884786,1,1,2,setup.py
28884786,16,19,35,cltk/corpus/readers.py
28884786,4,0,4,cltk/prosody/latin/hexameter_scanner.py
28884786,2,0,2,cltk/prosody/latin/string_utils.py
28884786,31,12,43,cltk/utils/matrix_corpus_fun.py
28884786,2,2,4,cltk/__init__.py
28884786,7,7,14,cltk/tests/test_corpus/test_corpus.py
28884786,3,3,6,cltk/tests/test_nlp/test_phonology.py
28884786,1,1,2,cltk/tests/test_nlp/test_stem.py
28884786,15,0,15,cltk/tests/test_nlp/test_utils.py
28884786,1,1,2,setup.py
28884786,32,0,32,cltk/__init__.py
28884786,5,5,10,cltk/corpus/greek/tei.py
28884786,8,8,16,cltk/corpus/greek/tlgu.py
28884786,1,1,2,cltk/corpus/readers.py
28884786,4,4,8,cltk/corpus/utils/formatter.py
28884786,4,4,8,cltk/corpus/utils/importer.py
28884786,7,7,14,cltk/ir/boolean.py
28884786,2,3,5,cltk/lemmatize/french/lemma.py
28884786,1,1,2,cltk/lemmatize/greek/backoff.py
28884786,1,1,2,cltk/lemmatize/latin/backoff.py
28884786,1,1,2,cltk/prosody/latin/macronizer.py
28884786,1,1,2,cltk/semantics/latin/lookup.py
28884786,1,1,2,cltk/stem/latin/declension.py
28884786,2,2,4,cltk/stem/lemma.py
28884786,1,2,3,cltk/stem/sanskrit/indian_syllabifier.py
28884786,3,3,6,cltk/tag/ner.py
28884786,1,1,2,cltk/tag/pos.py
28884786,10,10,20,cltk/tests/test_corpus/test_corpus.py
28884786,5,5,10,cltk/tests/test_languages/test_old_english.py
28884786,1,1,2,cltk/tests/test_languages/test_old_norse.py
28884786,1,1,2,cltk/tests/test_nlp/test_lemmatize.py
28884786,1,1,2,cltk/tests/test_nlp/test_stem.py
28884786,2,2,4,cltk/tests/test_nlp/test_stop.py
28884786,9,9,18,cltk/tests/test_nlp/test_tag.py
28884786,8,9,17,cltk/tests/test_nlp/test_utils.py
28884786,1,1,2,cltk/tokenize/greek/sentence.py
28884786,1,1,2,cltk/tokenize/latin/sentence.py
28884786,1,1,2,cltk/tokenize/sentence.py
28884786,1,1,2,cltk/utils/cltk_logger.py
28884786,4,5,9,cltk/utils/file_operations.py
28884786,3,3,6,cltk/utils/philology.py
28884786,2,2,4,cltk/vector/word2vec.py
28884786,1,1,2,cltk/corpus/old_norse/syllabifier.py
28884786,1,1,2,cltk/corpus/punjabi/alphabet.py
28884786,1,1,2,cltk/phonology/gothic/transcription.py
28884786,1,1,2,cltk/phonology/middle_english/transcription.py
28884786,1,1,2,cltk/phonology/old_norse/transcription.py
28884786,1,1,2,cltk/phonology/old_swedish/transcription.py
28884786,710,684,1394,cltk/phonology/orthophonology.py
28884786,1,1,2,cltk/phonology/utils.py
28884786,1,1,2,cltk/stem/sanskrit/indian_syllabifier.py
28884786,1,1,2,cltk/stop/middle_high_german/stops.py
28884786,2,2,4,cltk/stop/punjabi/stops.py
28884786,4,4,8,cltk/tests/test_akkadian/test_akkadian.py
28884786,1,1,2,cltk/tests/test_nlp/test_orthophonology.py
28884786,1,1,2,cltk/tests/test_nlp/test_semantics.py
28884786,2,2,4,cltk/tests/test_nlp/test_stem.py
28884786,1,1,2,cltk/text_reuse/comparison.py
28884786,1,1,2,cltk/tokenize/akkadian/word.py
28884786,1,1,2,cltk/tokenize/arabic/word.py
28884786,2,3,5,cltk/tokenize/middle_english/params.py
28884786,3,2,5,cltk/tokenize/middle_english/word.py
28884786,3,4,7,cltk/tokenize/middle_high_german/params.py
28884786,3,2,5,cltk/tokenize/middle_high_german/word.py
28884786,1,1,2,cltk/tokenize/old_french/params.py
28884786,1,1,2,cltk/tokenize/old_french/word.py
28884786,2,2,4,cltk/tokenize/old_norse/params.py
28884786,1,1,2,cltk/tokenize/sentence.py
28884786,2,1,3,cltk/tokenize/word.py
28884786,1,1,2,cltk/utils/contributors.py
28884786,1,1,2,cltk/utils/file_operations.py
28884786,3,2,5,cltk/lemmatize/old_english/lemma.py
28884786,8,6,14,cltk/prosody/old_norse/verse.py
28884786,1,1,2,cltk/stem/lemma.py
28884786,1,1,2,cltk/tests/test_corpus/test_corpus.py
28884786,3,2,5,cltk/tests/test_languages/test_old_norse.py
28884786,3,2,5,cltk/tests/test_nlp/test_phonology.py
28884786,1,2,3,cltk/tests/test_nlp/test_stop.py
28884786,277,160,437,cltk/tests/test_nlp/test_tokenize.py
28884786,0,0,0,cltk/tokenize/akkadian/__init__.py
28884786,131,0,131,cltk/tokenize/akkadian/word.py
28884786,0,0,0,cltk/tokenize/arabic/__init__.py
28884786,23,0,23,cltk/tokenize/arabic/word.py
28884786,39,0,39,cltk/tokenize/greek/word.py
28884786,133,0,133,cltk/tokenize/latin/params.py
28884786,105,0,105,cltk/tokenize/latin/word.py
28884786,0,0,0,cltk/tokenize/middle_english/__init__.py
28884786,13,0,13,cltk/tokenize/middle_english/params.py
28884786,25,0,25,cltk/tokenize/middle_english/word.py
28884786,0,0,0,cltk/tokenize/middle_high_german/__init__.py
28884786,14,0,14,cltk/tokenize/middle_high_german/params.py
28884786,25,0,25,cltk/tokenize/middle_high_german/word.py
28884786,0,0,0,cltk/tokenize/old_french/__init__.py
28884786,11,0,11,cltk/tokenize/old_french/params.py
28884786,24,0,24,cltk/tokenize/old_french/word.py
28884786,0,0,0,cltk/tokenize/old_norse/__init__.py
28884786,11,0,11,cltk/tokenize/old_norse/params.py
28884786,30,0,30,cltk/tokenize/old_norse/word.py
28884786,0,0,0,cltk/tokenize/sanskrit/__init__.py
28884786,11,0,11,cltk/tokenize/sanskrit/params.py
28884786,37,0,37,cltk/tokenize/sanskrit/sentence.py
28884786,37,0,37,cltk/tokenize/sanskrit/word.py
28884786,19,75,94,cltk/tokenize/sentence.py
28884786,132,380,512,cltk/tokenize/word.py
28884786,3,3,6,cltk/vector/word2vec.py
28884786,0,5,5,cltk/tag/ner.py
28884786,1,0,1,cltk/tests/test_corpus/test_corpus.py
28884786,1,1,2,cltk/tag/ner.py
28884786,7,1,8,cltk/corpus/latin/corpora.py
28884786,12,2,14,cltk/corpus/readers.py
28884786,4,4,8,cltk/corpus/odia/alphabet.py
28884786,82,85,167,cltk/tests/test_corpus/test_corpus.py
28884786,13,11,24,cltk/tests/test_nlp/test_phonology.py
28884786,1,1,2,docs/conf.py
28884786,1,1,2,setup.py
28884786,2,2,4,cltk/lemmatize/old_english/lemma.py
28884786,215,0,215,cltk/phonology/old_english/orthophonology.py
28884786,809,0,809,cltk/phonology/orthophonology.py
28884786,70,3,73,cltk/phonology/utils.py
28884786,8,8,16,cltk/tests/test_languages/test_old_english.py
28884786,60,0,60,cltk/tests/test_languages/test_old_english_orthophonology.py
28884786,337,0,337,cltk/tests/test_nlp/test_orthophonology.py
28884786,38,2,40,cltk/inflection/old_norse/phonemic_rules.py
28884786,1199,0,1199,cltk/inflection/old_norse/verbs.py
28884786,12,0,12,cltk/phonology/old_norse/transcription.py
28884786,2,1,3,cltk/phonology/syllabify.py
28884786,1,1,2,cltk/corpus/odia/alphabet.py
28884786,58,1,59,cltk/prosody/old_norse/verse.py
28884786,11,1,12,cltk/tests/test_languages/test_old_norse.py
28884786,21,1,22,cltk/corpus/hindi/alphabet.py
28884786,83,10,93,cltk/corpus/odia/alphabet.py
28884786,1,1,2,setup.py
28884786,302,0,302,cltk/corpus/ottoman/alphabet.py
28884786,1,1,2,cltk/phonology/old_english/orthophonology.py
28884786,79,11,90,cltk/phonology/orthophonology.py
28884786,2,0,2,cltk/tests/test_nlp/test_orthophonology.py
28884786,4,4,8,cltk/phonology/old_english/orthophonology.py
28884786,3,1,4,cltk/phonology/orthophonology.py
28884786,6,7,13,cltk/phonology/old_english/orthophonology.py
28884786,36,7,43,cltk/phonology/orthophonology.py
28884786,9,1,10,cltk/tests/test_languages/test_old_english_orthophonology.py
28884786,43,0,43,cltk/tests/test_nlp/test_orthophonology.py
28884786,12,7,19,cltk/phonology/old_english/orthophonology.py
28884786,2,1,3,cltk/phonology/orthophonology.py
28884786,6,0,6,cltk/tests/test_languages/test_old_english_orthophonology.py
28884786,74,1,75,cltk/phonology/orthophonology.py
28884786,5,2,7,cltk/phonology/old_english/orthophonology.py
28884786,3,0,3,cltk/tests/test_languages/test_old_english_orthophonology.py
28884786,3,2,5,cltk/phonology/old_english/orthophonology.py
28884786,7,6,13,cltk/phonology/old_english/orthophonology.py
28884786,40,7,47,cltk/phonology/orthophonology.py
28884786,6,1,7,cltk/tests/test_nlp/test_orthophonology.py
28884786,20,28,48,cltk/phonology/old_english/orthophonology.py
28884786,60,100,160,cltk/phonology/orthophonology.py
28884786,22,14,36,cltk/tests/test_nlp/test_orthophonology.py
28884786,4,1,5,cltk/phonology/orthophonology.py
28884786,61,21,82,cltk/phonology/orthophonology.py
28884786,10,15,25,cltk/phonology/orthophonology.py
28884786,24,8,32,cltk/phonology/orthophonology.py
28884786,15,12,27,cltk/phonology/old_english/orthophonology.py
28884786,14,3,17,cltk/phonology/orthophonology.py
28884786,8,6,14,cltk/phonology/orthophonology.py
28884786,19,13,32,cltk/phonology/old_english/orthophonology.py
28884786,118,19,137,cltk/phonology/orthophonology.py
28884786,70,3,73,cltk/phonology/utils.py
28884786,0,2,2,cltk/tests/test_languages/test_old_english_orthophonology.py
28884786,26,13,39,cltk/tests/test_nlp/test_orthophonology.py
28884786,2,2,4,cltk/lemmatize/old_english/lemma.py
28884786,1,1,2,cltk/phonology/old_english/orthophonology.py
28884786,4,0,4,cltk/tests/test_nlp/test_orthophonology.py
28884786,4,4,8,cltk/phonology/old_english/orthophonology.py
28884786,3,0,3,cltk/phonology/orthophonology.py
28884786,6,5,11,cltk/phonology/old_english/orthophonology.py
28884786,36,7,43,cltk/phonology/orthophonology.py
28884786,262,0,262,cltk/tests/test_nlp/test_orthophonology.py
28884786,2,1,3,cltk/phonology/old_english/orthophonology.py
28884786,156,30,186,cltk/phonology/orthophonology.py
28884786,36,0,36,cltk/tests/test_languages/test_old_english_phonology.py
28884786,1,1,2,cltk/lemmatize/old_english/lemma.py
28884786,3,3,6,cltk/phonology/orthophonology.py
28884786,8,8,16,cltk/tests/test_languages/test_old_english.py
28884786,4,1,5,cltk/phonology/old_english/orthophonology.py
28884786,20,7,27,cltk/phonology/orthophonology.py
28884786,0,1,1,cltk/tokenize/sentence.py
28884786,2,10,12,cltk/phonology/old_english/orthophonology.py
28884786,7,3,10,cltk/phonology/orthophonology.py
28884786,10,8,18,cltk/phonology/old_english/orthophonology.py
28884786,11,0,11,cltk/phonology/orthophonology.py
28884786,10,11,21,cltk/tokenize/sentence.py
28884786,118,132,250,cltk/tokenize/sentence.py
28884786,30,1,31,cltk/phonology/old_english/orthophonology.py
28884786,20,4,24,cltk/phonology/orthophonology.py
28884786,103,14,117,cltk/tests/test_nlp/test_tokenize.py
28884786,0,0,0,cltk/tokenize/greek/__init__.py
28884786,12,2,14,cltk/phonology/old_english/orthophonology.py
28884786,13,5,18,cltk/phonology/orthophonology.py
28884786,1,3,4,cltk/tokenize/sentence.py
28884786,22,0,22,cltk/tests/test_nlp/test_tokenize.py
28884786,1,7,8,cltk/tokenize/utils.py
28884786,7,0,7,cltk/tests/test_nlp/test_tokenize.py
28884786,3,2,5,cltk/tokenize/greek/sentence.py
28884786,1,1,2,cltk/tokenize/latin/sentence.py
28884786,5,5,10,cltk/tokenize/latin/utils.py
28884786,1,0,1,cltk/tokenize/sentence.py
28884786,1,1,2,cltk/tokenize/utils.py
28884786,1,1,2,cltk/phonology/old_english/orthophonology.py
28884786,4,4,8,cltk/tokenize/sentence.py
28884786,37,4,41,cltk/tests/test_nlp/test_tokenize.py
28884786,18,8,26,cltk/tokenize/utils.py
28884786,26,0,26,cltk/tests/test_nlp/test_tokenize.py
28884786,3,2,5,cltk/phonology/old_english/orthophonology.py
28884786,166,0,166,cltk/phonology/old_english/orthophonology.py
28884786,267,0,267,cltk/phonology/orthophonology.py
28884786,7,6,13,cltk/tests/{test_nlp => test_corpus}/test_corpus.py
28884786,15,14,29,cltk/tests/test_nlp/test_tokenize.py
28884786,4,1,5,cltk/tokenize/greek/params.py
28884786,1,4,5,cltk/tokenize/greek/sentence.py
28884786,5,0,5,cltk/tokenize/latin/params.py
28884786,1,5,6,cltk/tokenize/latin/sentence.py
28884786,5,3,8,cltk/tokenize/sentence.py
28884786,1,1,2,cltk/tokenize/greek/sentence.py
28884786,3,2,5,cltk/tokenize/sentence.py
28884786,2,1,3,cltk/tokenize/latin/sentence.py
28884786,43,49,92,cltk/tests/test_nlp/test_tokenize.py
28884786,1,1,2,cltk/tokenize/latin/utils.py
28884786,74,85,159,cltk/tests/test_nlp/test_tokenize.py
28884786,3,3,6,cltk/tokenize/greek/sentence.py
28884786,3,32,35,cltk/tokenize/sentence.py
28884786,12,12,24,cltk/tokenize/sentence.py
28884786,3,4,7,cltk/tokenize/latin/sentence.py
28884786,24,25,49,cltk/tokenize/sentence.py
28884786,1,1,2,cltk/tokenize/sentence.py
28884786,3,3,6,cltk/tokenize/sentence.py
28884786,1,3,4,cltk/tokenize/sentence.py
28884786,16,18,34,cltk/tests/test_nlp/test_tokenize.py
28884786,30,13,43,cltk/tokenize/sentence.py
28884786,2,2,4,cltk/tokenize/greek/sentence.py
28884786,1,1,2,cltk/tokenize/latin/sentence.py
28884786,0,1,1,cltk/tokenize/sentence.py
28884786,5,3,8,cltk/tokenize/greek/sentence.py
28884786,2,2,4,cltk/tokenize/latin/sentence.py
28884786,37,27,64,cltk/tokenize/sentence.py
28884786,3,14,17,cltk/tokenize/greek/sentence.py
28884786,1,10,11,cltk/tokenize/latin/sentence.py
28884786,0,12,12,cltk/tokenize/latin/utils.py
28884786,1,5,6,cltk/tokenize/sentence.py
28884786,2,2,4,cltk/tokenize/utils.py
28884786,1,1,2,cltk/tokenize/latin/utils.py
28884786,1,1,2,cltk/tokenize/utils.py
28884786,2,1,3,cltk/tokenize/latin/utils.py
28884786,1,1,2,cltk/tokenize/utils.py
28884786,4,2,6,cltk/tokenize/latin/utils.py
28884786,35,23,58,cltk/tokenize/utils.py
28884786,20,18,38,cltk/tokenize/utils.py
28884786,5,3,8,cltk/tokenize/latin/utils.py
28884786,3,3,6,cltk/tokenize/utils.py
28884786,12,21,33,cltk/tokenize/utils.py
28884786,0,4,4,cltk/tokenize/utils.py
28884786,9,8,17,cltk/tokenize/greek/sentence.py
28884786,15,10,25,cltk/tokenize/latin/sentence.py
28884786,3,3,6,cltk/tokenize/latin/utils.py
28884786,68,0,68,cltk/tokenize/utils.py
28884786,0,12,12,cltk/tokenize/greek/sentence.py
28884786,3,4,7,cltk/tokenize/sentence.py
28884786,28,8,36,cltk/tokenize/greek/sentence.py
28884786,1,1,2,setup.py
28884786,891,2,893,cltk/inflection/old_norse/nouns.py
28884786,391,0,391,cltk/inflection/old_norse/phonemic_rules.py
28884786,39,13,52,cltk/inflection/utils.py
28884786,31,11,42,cltk/phonology/old_norse/transcription.py
28884786,9,4,13,cltk/phonology/syllabify.py
28884786,40,32,72,cltk/phonology/utils.py
28884786,0,13,13,cltk/lemmatize/greek/backoff.py
28884786,0,19,19,cltk/corpus/readers.py
28884786,1,0,1,cltk/tests/test_nlp/test_corpus.py
28884786,47,1,48,cltk/corpus/readers.py
28884786,1,0,1,cltk/tests/test_nlp/test_corpus.py
28884786,20,10,30,cltk/tests/test_nlp/test_stem.py
28884786,3,0,3,cltk/tests/test_nlp/test_corpus.py
28884786,1,0,1,cltk/tests/test_nlp/test_corpus.py
28884786,2,2,4,cltk/corpus/readers.py
28884786,1,1,2,cltk/corpus/readers.py
28884786,9,8,17,cltk/tests/test_nlp/test_corpus.py
28884786,1,1,2,cltk/corpus/readers.py
28884786,13,0,13,cltk/tests/test_nlp/test_corpus.py
28884786,55,31,86,cltk/corpus/readers.py
28884786,107,1,108,cltk/corpus/readers.py
28884786,1,1,2,cltk/corpus/greek/corpora.py
28884786,6,1,7,cltk/corpus/greek/corpora.py
28884786,7,5,12,cltk/tokenize/latin/utils.py
28884786,35,0,35,cltk/tokenize/latin/utils.py
28884786,5,3,8,cltk/tests/test_nlp/test_lemmatize.py
28884786,2,2,4,cltk/lemmatize/greek/backoff.py
28884786,8,1,9,cltk/lemmatize/latin/backoff.py
28884786,24,6,30,cltk/tests/test_nlp/test_lemmatize.py
28884786,1,1,2,cltk/lemmatize/greek/greek.py
28884786,1,1,2,cltk/lemmatize/greek/greek.py
28884786,1,3,4,cltk/lemmatize/greek/greek.py
28884786,1,1,2,cltk/lemmatize/greek/greek.py
28884786,12,7,19,cltk/lemmatize/greek/backoff.py
28884786,1,0,1,cltk/lemmatize/greek/greek.py
28884786,1,1,2,cltk/lemmatize/greek/backoff.py
28884786,4,0,4,cltk/lemmatize/greek/greek.py
28884786,271,1,272,cltk/lemmatize/backoff.py
28884786,0,3,3,cltk/lemmatize/greek/backoff.py
28884786,1,0,1,cltk/lemmatize/backoff.py
28884786,85,0,85,cltk/lemmatize/greek/backoff.py
28884786,3,270,273,cltk/lemmatize/latin/backoff.py
28884786,31,44,75,cltk/lemmatize/latin/backoff.py
28884786,1,1,2,cltk/tests/test_nlp/test_lemmatize.py
28884786,51,8,59,cltk/lemmatize/latin/backoff.py
28884786,10,3,13,cltk/tests/test_nlp/test_lemmatize.py
28884786,21,253,274,cltk/lemmatize/latin/backoff.py
28884786,14,70,84,cltk/tests/test_nlp/test_lemmatize.py
28884786,8,8,16,cltk/lemmatize/latin/backoff.py
28884786,8,15,23,cltk/lemmatize/latin/backoff.py
28884786,1,1,2,cltk/lemmatize/latin/backoff.py
28884786,9,9,18,cltk/lemmatize/latin/backoff.py
28884786,13,8,21,cltk/lemmatize/latin/backoff.py
28884786,29,29,58,cltk/lemmatize/latin/backoff.py
28884786,3,3,6,cltk/tests/test_nlp/test_lemmatize.py
28884786,9,20,29,cltk/tokenize/sentence.py
28884786,1,1,2,cltk/tokenize/sentence.py
28884786,4,1,5,cltk/tokenize/sentence.py
28884786,39,13,52,cltk/tokenize/sentence.py
28884786,2,1,3,cltk/tokenize/sentence.py
28884786,8,8,16,cltk/tests/test_nlp/test_tokenize.py
28884786,1,1,2,cltk/tokenize/sentence.py
28884786,9,8,17,cltk/tests/test_nlp/test_tokenize.py
28884786,1,1,2,cltk/tokenize/sentence.py
28884786,22,14,36,cltk/tests/test_nlp/test_tokenize.py
28884786,10,57,67,cltk/tokenize/greek/sentence.py
28884786,0,32,32,cltk/tokenize/latin/sentence.py
28884786,0,4,4,cltk/tokenize/sentence.py
28884786,3,3,6,cltk/tokenize/latin/sentence.py
28884786,2,2,4,cltk/tokenize/sentence.py
28884786,35,29,64,cltk/tokenize/latin/sentence.py
28884786,43,0,43,cltk/tokenize/sentence.py
28884786,28,23,51,cltk/tokenize/greek/sentence.py
28884786,11,3,14,cltk/tokenize/latin/sentence.py
28884786,28,1,29,cltk/tokenize/sentence.py
28884786,1,1,2,cltk/vector/word2vec.py
28884786,12,6,18,cltk/stem/lemma.py
28884786,1,4,5,cltk/lemmatize/latin/backoff.py
28884786,9,2,11,cltk/tests/test_nlp/test_lemmatize.py
28884786,3,1,4,cltk/lemmatize/latin/backoff.py
28884786,22,48,70,cltk/lemmatize/latin/backoff.py
28884786,3,2,5,cltk/lemmatize/latin/backoff.py
28884786,3,2,5,cltk/tests/test_nlp/test_lemmatize.py
28884786,14,0,14,cltk/tests/test_nlp/test_lemmatize.py
28884786,23,8,31,cltk/stem/sanskrit/indian_syllabifier.py
28884786,1,1,2,cltk/tests/test_nlp/test_corpus.py
28884786,5,5,10,cltk/tests/test_nlp/test_stem.py
28884786,1,2,3,cltk/lemmatize/latin/backoff.py
28884786,84,64,148,cltk/tests/test_nlp/test_lemmatize.py
28884786,2,5,7,cltk/lemmatize/latin/backoff.py
28884786,17,3,20,cltk/lemmatize/latin/backoff.py
28884786,18,0,18,cltk/lemmatize/latin/backoff.py
28884786,105,162,267,cltk/lemmatize/latin/backoff.py
28884786,132,87,219,cltk/lemmatize/latin/backoff.py
28884786,5,0,5,cltk/tokenize/greek/sentence.py
28884786,22,16,38,cltk/lemmatize/latin/backoff.py
28884786,1,1,2,cltk/prosody/greek/scanner.py
28884786,1,1,2,setup.py
28884786,0,1,1,cltk/corpus/latin/corpora.py
28884786,1,1,2,cltk/corpus/readers.py
28884786,7,0,7,cltk/tests/test_nlp/test_corpus.py
28884786,9,9,18,cltk/prosody/old_norse/verse.py
28884786,1,0,1,cltk/corpus/old_norse/syllabifier.py
28884786,3,9,12,cltk/phonology/old_norse/transcription.py
28884786,2,1,3,cltk/phonology/syllabify.py
28884786,12,5,17,cltk/phonology/old_norse/transcription.py
28884786,7,0,7,cltk/phonology/syllabify.py
28884786,15,1,16,cltk/phonology/utils.py
28884786,1,0,1,cltk/phonology/old_norse/transcription.py
28884786,14,0,14,cltk/inflection/utils.py
28884786,40,22,62,cltk/phonology/old_norse/transcription.py
28884786,1,1,2,cltk/phonology/syllabify.py
28884786,1,1,2,cltk/tests/test_nlp/test_phonology.py
28884786,3,0,3,cltk/phonology/syllabify.py
28884786,3,0,3,cltk/tests/test_nlp/test_phonology.py
28884786,3,3,6,cltk/tests/test_nlp/test_phonology.py
28884786,3,3,6,cltk/prosody/old_norse/verse.py
28884786,84,63,147,cltk/tests/test_nlp/test_phonology.py
28884786,23,6,29,cltk/phonology/syllabify.py
28884786,0,3,3,cltk/phonology/utils.py
28884786,6,6,12,cltk/phonology/syllabify.py
28884786,3,3,6,cltk/phonology/utils.py
28884786,4,4,8,cltk/prosody/old_norse/verse.py
28884786,2,2,4,cltk/tests/test_languages/test_old_norse.py
28884786,4,4,8,cltk/tests/test_nlp/test_phonology.py
28884786,67,4,71,cltk/phonology/syllabify.py
28884786,12,4,16,cltk/phonology/utils.py
28884786,84,7,91,cltk/phonology/old_norse/transcription.py
28884786,3,0,3,cltk/inflection/old_norse/pronouns.py
28884786,7,0,7,cltk/inflection/utils.py
28884786,40,0,40,cltk/corpus/old_norse/syllabifier.py
28884786,1,1,2,setup.py
28884786,130,0,130,cltk/lemmatize/old_english/lemma.py
28884786,50,0,50,cltk/tests/test_languages/test_old_english.py
28884786,15,4,19,cltk/lemmatize/old_english/lemma.py
28884786,13,0,13,cltk/tests/test_languages/test_old_english.py
28884786,18,0,18,cltk/tests/test_languages/test_old_english.py
28884786,2,2,4,cltk/lemmatize/old_english/lemma.py
28884786,0,1,1,cltk/lemmatize/old_english/lemma.py
28884786,120,0,120,cltk/lemmatize/old_english/lemma.py
28884786,19,0,19,cltk/tests/test_languages/test_old_english.py
28884786,1,1,2,setup.py
28884786,39,41,80,cltk/corpus/latin/latin_library_corpus_types.py
28884786,314,0,314,cltk/corpus/latin/perseus_corpus_types.py
28884786,191,37,228,cltk/corpus/readers.py
28884786,11,11,22,cltk/prosody/latin/hendecasyllable_scanner.py
28884786,13,13,26,cltk/prosody/latin/hexameter_scanner.py
28884786,12,12,24,cltk/prosody/latin/pentameter_scanner.py
28884786,26,26,52,cltk/prosody/latin/syllabifier.py
28884786,25,25,50,cltk/prosody/latin/verse_scanner.py
28884786,0,18,18,cltk/tests/download_test_corpora.py
28884786,46,9,55,cltk/tests/test_nlp/test_corpus.py
28884786,74,73,147,cltk/utils/matrix_corpus_fun.py
28884786,1,1,2,setup.py
28884786,2,2,4,setup.py
28884786,6,39,45,cltk/corpus/latin/__init__.py
28884786,303,0,303,cltk/corpus/latin/latin_library_corpus_types.py
28884786,209,0,209,cltk/corpus/readers.py
28884786,0,64,64,cltk/prosody/latin/Verse.py
28884786,66,0,66,cltk/prosody/latin/verse.py
28884786,18,0,18,cltk/tests/download_test_corpora.py
28884786,115,13,128,cltk/tests/test_nlp/test_corpus.py
28884786,4,4,8,cltk/tests/test_nlp/test_scansion.py
28884786,31,0,31,cltk/utils/featurization.py
28884786,21,1,22,cltk/utils/file_operations.py
28884786,401,0,401,cltk/utils/matrix_corpus_fun.py
28884786,21,18,39,cltk/lemmatize/latin/backoff.py
28884786,17,0,17,cltk/lemmatize/latin/backoff.py
28884786,1,36,37,cltk/lemmatize/latin/backoff.py
28884786,172,175,347,cltk/lemmatize/latin/backoff.py
28884786,65,58,123,cltk/lemmatize/latin/backoff.py
28884786,18,24,42,cltk/lemmatize/latin/backoff.py
28884786,24,12,36,cltk/lemmatize/latin/backoff.py
28884786,87,20,107,cltk/lemmatize/latin/backoff.py
28884786,29,39,68,cltk/lemmatize/latin/backoff.py
28884786,33,6,39,cltk/tokenize/greek/sentence.py
28884786,52,0,52,cltk/tokenize/sentence.py
28884786,7,0,7,cltk/tokenize/greek/params.py
28884786,62,0,62,cltk/tokenize/greek/sentence.py
28884786,2,4,6,cltk/tokenize/latin/sentence.py
28884786,0,49,49,cltk/tokenize/sentence2.py
28884786,0,39,39,cltk/tokenize/latin/utils.py
28884786,0,68,68,cltk/tokenize/utils.py
28884786,39,39,78,cltk/tokenize/latin/utils.py
28884786,68,70,138,cltk/tokenize/utils.py
28884786,6,6,12,cltk/tokenize/latin/utils.py
28884786,1,1,2,cltk/tokenize/latin/sentence.py
28884786,1,1,2,cltk/tests/test_nlp/test_tokenize.py
28884786,16,6,22,cltk/tests/test_nlp/test_tokenize.py
28884786,21,22,43,cltk/tokenize/latin/sentence.py
28884786,6,7,13,cltk/tokenize/sentence2.py
28884786,1,1,2,cltk/lemmatize/latin/backoff.py
28884786,1,1,2,cltk/stem/latin/stem.py
28884786,39,0,39,cltk/stop/classical_chinese.py
28884786,62,0,62,cltk/stop/latin.py
28884786,0,0,0,cltk/stop/latin/__init__.py
28884786,0,102,102,cltk/stop/latin/stops.py
28884786,84,164,248,cltk/stop/stop.py
28884786,79,51,130,cltk/tests/test_nlp/test_stop.py
28884786,1,1,2,cltk/vector/word2vec.py
28884786,1,0,1,cltk/prosody/middle_high_german/__init__.py
28884786,53,0,53,cltk/prosody/middle_high_german/verse.py
28884786,1,1,2,setup.py
28884786,2,1,3,cltk/tests/test_languages/test_old_norse.py
28884786,2,1,3,cltk/tests/test_nlp/test_phonology.py
28884786,1,2,3,cltk/tests/test_nlp/test_phonology.py
28884786,6,6,12,cltk/phonology/syllabify.py
28884786,2,2,4,cltk/stem/sanskrit/indian_syllabifier.py
28884786,5,0,5,cltk/tests/test_languages/test_old_english.py
28884786,7,0,7,cltk/corpus/old_norse/corpora.py
28884786,1,1,2,cltk/phonology/syllabify.py
28884786,1,1,2,cltk/tests/test_nlp/test_phonology.py
28884786,4,3,7,cltk/tests/test_nlp/test_phonology.py
28884786,8,6,14,cltk/phonology/syllabify.py
28884786,1,2,3,cltk/phonology/syllabify.py
28884786,39,10,49,cltk/phonology/syllabify.py
28884786,2,2,4,cltk/stem/sanskrit/indian_syllabifier.py
28884786,5,0,5,cltk/tests/test_languages/test_old_english.py
28884786,1,1,2,cltk/tests/test_test_middle_high_german.py
28884786,5,5,10,cltk/phonology/syllabify.py
28884786,1,0,1,cltk/corpus/swadesh.py
28884786,0,1,1,cltk/tests/test_languages/test_old_norse.py
28884786,1,3,4,cltk/phonology/old_norse/transcription.py
28884786,10,3,13,cltk/tests/test_languages/test_old_norse.py
28884786,1,1,2,cltk/tests/test_languages/test_old_norse.py
28884786,6,4,10,cltk/phonology/old_norse/transcription.py
28884786,20,1,21,cltk/tests/test_languages/test_old_norse.py
28884786,5,0,5,cltk/corpus/old_norse/syllabifier.py
28884786,8,6,14,cltk/phonology/syllabify.py
28884786,1,1,2,cltk/corpus/old_norse/syllabifier.py
28884786,3,1,4,cltk/phonology/old_norse/transcription.py
28884786,36,4,40,cltk/phonology/old_norse/transcription.py
28884786,8,4,12,cltk/corpus/akkadian/cdli_corpus.py
28884786,1,1,2,setup.py
28884786,7,0,7,cltk/prosody/old_norse/verse.py
28884786,101,23,124,cltk/prosody/old_norse/verse.py
28884786,8,3,11,cltk/tests/test_languages/test_old_norse.py
28884786,5,4,9,cltk/prosody/old_norse/verse.py
28884786,1,1,2,cltk/tests/test_languages/test_old_norse.py
28884786,0,10,10,cltk/prosody/old_norse/verse.py
28884786,21,2,23,cltk/prosody/old_norse/verse.py
28884786,10,1,11,cltk/tests/test_languages/test_old_norse.py
28884786,1,1,2,setup.py
28884786,151,0,151,cltk/corpus/akkadian/cdli_corpus.py
28884786,49,0,49,cltk/corpus/akkadian/file_importer.py
28884786,144,0,144,cltk/corpus/akkadian/pretty_print.py
28884786,104,0,104,cltk/corpus/akkadian/tokenizer.py
28884786,1,1,2,cltk/corpus/sanskrit/itrans/itrans_transliterator.py
28884786,148,0,148,cltk/stem/akkadian/atf_converter.py
28884786,1096,0,1096,cltk/tests/test_akkadian/test_akkadian.py
28884786,0,59,59,cltk/tests/test_languages/test_akkadian.py
28884786,53,1,54,cltk/tests/test_nlp/test_stem.py
28884786,25,1,26,cltk/tests/test_nlp/test_tokenize.py
28884786,3,3,6,cltk/tokenize/line.py
28884786,142,6,148,cltk/tokenize/word.py
28884786,23,3,26,cltk/tests/test_languages/test_old_norse.py
28884786,5,2,7,cltk/phonology/syllabify.py
28884786,28,24,52,cltk/prosody/old_norse/verse.py
28884786,28,19,47,cltk/tests/test_nlp/test_phonology.py
28884786,29,147,176,cltk/prosody/old_norse/verse.py
28884786,0,1,1,cltk/phonology/syllabify.py
28884786,241,167,408,cltk/prosody/old_norse/verse.py
28884786,175,74,249,cltk/prosody/old_norse/verse.py
28884786,5,0,5,cltk/prosody/old_norse/verse.py
28884786,46,18,64,cltk/prosody/old_norse/verse.py
28884786,32,4,36,cltk/phonology/syllabify.py
28884786,145,7,152,cltk/prosody/old_norse/verse.py
28884786,2,2,4,cltk/prosody/latin/ScansionConstants.py
28884786,0,10,10,cltk/prosody/latin/Syllabifier.py
28884786,57,57,114,cltk/phonology/gothic/transcription.py
28884786,50,50,100,cltk/phonology/old_norse/transcription.py
28884786,38,38,76,cltk/phonology/old_swedish/transcription.py
28884786,75,30,105,cltk/phonology/utils.py
28884786,121,121,242,cltk/tests/test_nlp/test_phonology.py
28884786,1,1,2,setup.py
28884786,4,0,4,cltk/corpus/swadesh.py
28884786,0,0,0,cltk/inflection/__init__.py
28884786,0,0,0,cltk/inflection/old_norse/__init__.py
28884786,9,0,9,cltk/inflection/old_norse/nouns.py
28884786,42,0,42,cltk/inflection/old_norse/pronouns.py
28884786,108,0,108,cltk/inflection/utils.py
28884786,0,0,0,cltk/tests/__init__.py
28884786,22,6,28,cltk/tests/test_languages/test_old_norse.py
28884786,41,0,41,cltk/tests/test_nlp/test_inflection.py
28884786,37,38,75,cltk/tests/test_nlp/test_stop.py
28884786,0,0,0,cltk/tests/{ => test_languages}/test_akkadian.py
28884786,0,0,0,cltk/tests/{ => test_languages}/test_arabic_utils.py
28884786,56,0,56,cltk/tests/test_languages/test_middle_english.py
28884786,68,0,68,cltk/tests/test_languages/test_old_english.py
28884786,0,0,0,cltk/tests/{ => test_languages}/test_old_norse.py
28884786,1,1,2,cltk/tests/{ => test_nlp}/test_corpus.py
28884786,0,0,0,cltk/tests/{ => test_nlp}/test_ir.py
28884786,0,0,0,cltk/tests/{ => test_nlp}/test_lemmatize.py
28884786,0,0,0,cltk/tests/{ => test_nlp}/test_phonology.py
28884786,0,0,0,cltk/tests/{ => test_nlp}/test_prosody.py
28884786,0,0,0,cltk/tests/{ => test_nlp}/test_scansion.py
28884786,0,0,0,cltk/tests/{ => test_nlp}/test_semantics.py
28884786,0,0,0,cltk/tests/{ => test_nlp}/test_stem.py
28884786,0,0,0,cltk/tests/{ => test_nlp}/test_stop.py
28884786,0,0,0,cltk/tests/{ => test_nlp}/test_tag.py
28884786,0,0,0,cltk/tests/{ => test_nlp}/test_text_reuse.py
28884786,0,0,0,cltk/tests/{ => test_nlp}/test_tokenize.py
28884786,2,2,4,cltk/tests/{ => test_nlp}/test_utils.py
28884786,1,1,2,cltk/tests/test_nlp/test_corpus.py
28884786,2,2,4,cltk/tests/test_nlp/test_utils.py
28884786,0,0,0,cltk/tests/{languages => test_languages}/test_akkadian.py
28884786,0,0,0,cltk/tests/{languages => test_languages}/test_arabic_utils.py
28884786,0,0,0,cltk/tests/{languages => test_languages}/test_middle_english.py
28884786,0,0,0,cltk/tests/{languages => test_languages}/test_old_english.py
28884786,0,0,0,cltk/tests/{languages => test_languages}/test_old_norse.py
28884786,0,0,0,cltk/tests/{nlp => test_nlp}/test_corpus.py
28884786,0,0,0,cltk/tests/{nlp => test_nlp}/test_ir.py
28884786,0,0,0,cltk/tests/{nlp => test_nlp}/test_lemmatize.py
28884786,0,0,0,cltk/tests/{nlp => test_nlp}/test_phonology.py
28884786,0,0,0,cltk/tests/{nlp => test_nlp}/test_prosody.py
28884786,0,0,0,cltk/tests/{nlp => test_nlp}/test_scansion.py
28884786,0,0,0,cltk/tests/{nlp => test_nlp}/test_semantics.py
28884786,0,0,0,cltk/tests/{nlp => test_nlp}/test_stem.py
28884786,0,0,0,cltk/tests/{nlp => test_nlp}/test_stop.py
28884786,0,0,0,cltk/tests/{nlp => test_nlp}/test_tag.py
28884786,0,0,0,cltk/tests/{nlp => test_nlp}/test_text_reuse.py
28884786,0,0,0,cltk/tests/{nlp => test_nlp}/test_tokenize.py
28884786,0,0,0,cltk/tests/{nlp => test_nlp}/test_utils.py
28884786,56,0,56,cltk/tests/languages/test_middle_english.py
28884786,68,0,68,cltk/tests/languages/test_old_english.py
28884786,0,0,0,cltk/tests/{ => languages}/test_akkadian.py
28884786,0,0,0,cltk/tests/{ => languages}/test_arabic_utils.py
28884786,0,0,0,cltk/tests/{ => languages}/test_old_norse.py
28884786,1,1,2,cltk/tests/{ => nlp}/test_corpus.py
28884786,0,0,0,cltk/tests/{ => nlp}/test_ir.py
28884786,0,0,0,cltk/tests/{ => nlp}/test_lemmatize.py
28884786,0,0,0,cltk/tests/{ => nlp}/test_phonology.py
28884786,0,0,0,cltk/tests/{ => nlp}/test_prosody.py
28884786,0,0,0,cltk/tests/{ => nlp}/test_scansion.py
28884786,0,0,0,cltk/tests/{ => nlp}/test_semantics.py
28884786,0,0,0,cltk/tests/{ => nlp}/test_stem.py
28884786,0,0,0,cltk/tests/{ => nlp}/test_stop.py
28884786,0,0,0,cltk/tests/{ => nlp}/test_tag.py
28884786,0,0,0,cltk/tests/{ => nlp}/test_text_reuse.py
28884786,0,0,0,cltk/tests/{ => nlp}/test_tokenize.py
28884786,2,2,4,cltk/tests/{ => nlp}/test_utils.py
28884786,1,1,2,cltk/tests/test_test_middle_high_german.py
28884786,134,0,134,cltk/tests/test_test_middle_high_german.py
28884786,102,0,102,cltk/tests/test_old_norse.py
28884786,0,1,1,cltk/tests/test_tokenize.py
28884786,0,0,0,cltk/prosody/old_norse/__init__.py
28884786,264,0,264,cltk/prosody/old_norse/verse.py
28884786,1,0,1,cltk/lemmatize/latin/backoff.py
28884786,39,12,51,cltk/semantics/latin/lookup.py
28884786,2,2,4,cltk/corpus/multilingual/corpora.py
28884786,1,1,2,setup.py
28884786,85,0,85,cltk/tag/treebanks.py
28884786,6,5,11,cltk/tokenize/latin_exceptions.py
28884786,1,1,2,setup.py
28884786,6,1,7,cltk/corpus/old_english/corpora.py
28884786,22,3,25,cltk/tag/pos.py
28884786,43,0,43,cltk/tests/test_tag.py
28884786,6,1,7,cltk/corpus/old_english/corpora.py
28884786,22,3,25,cltk/tag/pos.py
28884786,43,0,43,cltk/tests/test_tag.py
28884786,1,1,2,cltk/phonology/syllabify.py
28884786,15,0,15,cltk/phonology/syllabify.py
28884786,20,0,20,cltk/corpus/old_norse/syllabifier.py
28884786,2,0,2,cltk/phonology/old_norse/transcription.py
28884786,8,8,16,cltk/phonology/syllabify.py
28884786,18,1,19,cltk/tests/test_phonology.py
28884786,23,2,25,cltk/phonology/syllabify.py
28884786,1,1,2,setup.py
28884786,139,13,152,cltk/corpus/persian/alphabet.py
28884786,91,0,91,cltk/corpus/persian/persian_utils.py
28884786,1,1,2,setup.py
28884786,34,4,38,cltk/phonology/syllabify.py
28884786,35,0,35,cltk/corpus/middle_english/Syllabifier.py
28884786,1,1,2,cltk/phonology/syllabify.py
28884786,33,0,33,cltk/phonology/syllabify.py
28884786,1,1,2,cltk/phonology/syllabify.py
28884786,1,1,2,cltk/phonology/syllabify.py
28884786,1,0,1,cltk/phonology/syllabify.py
28884786,1,3,4,cltk/phonology/syllabify.py
28884786,54,0,54,cltk/phonology/syllabify.py
28884786,1,1,2,setup.py
28884786,31,19,50,cltk/corpus/old_norse/corpora.py
28884786,8,0,8,cltk/phonology/syllabify.py
28884786,1,1,2,cltk/phonology/syllabify.py
28884786,2,0,2,cltk/phonology/syllabify.py
28884786,1,1,2,cltk/phonology/syllabify.py
28884786,1,1,2,setup.py
28884786,0,0,0,cltk/corpus/old_swedish/__init__.py
28884786,8,0,8,cltk/corpus/old_swedish/corpora.py
28884786,52,27,79,cltk/phonology/syllabify.py
28884786,243,156,399,cltk/phonology/middle_high_german/transcription.py
28884786,156,243,399,cltk/phonology/middle_high_german/transcription.py
28884786,4,3,7,cltk/corpus/middle_high_german/syllabifier.py
28884786,195,0,195,cltk/corpus/old_norse/runes.py
28884786,15,0,15,cltk/tests/test_corpus.py
28884786,40,0,40,cltk/corpus/middle_high_german/syllabifier.py
28884786,1,1,2,setup.py
28884786,167,0,167,cltk/phonology/syllabify.py
28884786,6,5,11,cltk/phonology/utils.py
28884786,1,1,2,setup.py
28884786,1,0,1,cltk/phonology/middle_high_german/transcription.py
28884786,497,0,497,cltk/phonology/utils.py
28884786,0,8,8,cltk/phonology/gothic/transcription.py
28884786,0,9,9,cltk/phonology/old_norse/transcription.py
28884786,19,11,30,cltk/phonology/gothic/transcription.py
28884786,22,13,35,cltk/phonology/old_norse/transcription.py
28884786,1,1,2,cltk/phonology/old_swedish/transcription.py
28884786,8,8,16,cltk/phonology/old_norse/transcription.py
28884786,3,2,5,cltk/tests/test_phonology.py
28884786,1,340,341,cltk/phonology/old_norse/transcription.py
28884786,1,0,1,cltk/phonology/gothic/transcription.py
28884786,0,11,11,cltk/phonology/old_swedish/transcription.py
28884786,4,2,6,cltk/tests/test_phonology.py
28884786,0,7,7,cltk/phonology/gothic/transcription.py
28884786,2,2,4,cltk/phonology/utils.py
28884786,1,1,2,cltk/tests/test_phonology.py
28884786,39,5,44,cltk/phonology/old_swedish/transcription.py
28884786,2,2,4,cltk/tests/test_phonology.py
28884786,3,3,6,cltk/phonology/gothic/transcription.py
28884786,117,9,126,cltk/phonology/gothic/transcription.py
28884786,2,2,4,cltk/phonology/utils.py
28884786,1,1,2,cltk/tests/test_phonology.py
28884786,1,1,2,setup.py
28884786,1,1,2,cltk/phonology/old_norse/transcription.py
28884786,497,0,497,cltk/phonology/utils.py
28884786,226,0,226,cltk/tests/test_phonology.py
28884786,2,0,2,cltk/corpus/swadesh.py
28884786,254,169,423,cltk/phonology/middle_high_german/transcription.py
28884786,0,0,0,cltk/corpus/akkadian/__init__.py
28884786,11,0,11,cltk/corpus/akkadian/corpora.py
28884786,5,3,8,cltk/corpus/utils/importer.py
28884786,0,0,0,cltk/phonology/gothic/__init__.py
28884786,179,0,179,cltk/phonology/gothic/transcription.py
28884786,350,0,350,cltk/phonology/utils.py
28884786,11,0,11,cltk/tests/test_phonology.py
28884786,0,0,0,cltk/phonology/old_swedish/__init__.py
28884786,163,0,163,cltk/phonology/old_swedish/transcription.py
28884786,350,0,350,cltk/phonology/utils.py
28884786,9,0,9,cltk/tests/test_phonology.py
28884786,1,1,2,setup.py
28884786,0,0,0,cltk/phonology/old_norse/__init__.py
28884786,517,0,517,cltk/phonology/old_norse/transcription.py
28884786,75,63,138,cltk/tests/test_phonology.py
28884786,1,1,2,setup.py
28884786,1,1,2,cltk/corpus/greek/beta_to_unicode.py
28884786,5,0,5,cltk/tests/test_corpus.py
28884786,2,4,6,cltk/phonology/old_english/phonology.py
28884786,1,1,2,cltk/phonology/old_english/phonology.py
28884786,135,3,138,cltk/phonology/old_english/phonology.py
28884786,1,1,2,setup.py
28884786,0,0,0,cltk/semantics/__init__.py
28884786,0,0,0,cltk/semantics/latin/__init__.py
28884786,104,0,104,cltk/semantics/latin/lookup.py
28884786,72,0,72,cltk/tests/test_semantics.py
28884786,1,1,2,cltk/tests/test_tag.py
28884786,1,1,2,cltk/corpus/utils/importer.py
28884786,3,2,5,cltk/corpus/utils/importer.py
28884786,0,0,0,cltk/{ => corpus}/middle_low_german/corpora.py
28884786,0,0,0,cltk/{ => corpus}/middle_low_german/__init__.py
28884786,0,0,0,cltk/{middle_old_german => middle_low_german}/corpora.py
28884786,0,0,0,cltk/{middle_old_german => middle_low_german}/__init__.py
28884786,2,2,4,cltk/tests/test_tag.py
28884786,1,1,2,cltk/middle_old_german/corpora.py
28884786,14,1,15,cltk/tests/test_tag.py
28884786,17,2,19,cltk/tag/pos.py
28884786,6,0,6,cltk/middle_old_german/corpora.py
28884786,1,0,1,cltk/middle_old_german/__init__.py
28884786,107,48,155,cltk/phonology/old_english/phonology.py
28884786,1,1,2,setup.py
28884786,0,0,0,cltk/stop/akkadian/__init__.py
28884786,24,0,24,cltk/stop/akkadian/stops.py
28884786,15,0,15,cltk/tests/test_stop.py
28884786,8,2,10,cltk/corpus/persian/alphabet.py
28884786,1,0,1,cltk/phonology/middle_high_german/__init__.py
28884786,193,0,193,cltk/phonology/middle_high_german/transcription.py
28884786,31,0,31,cltk/tests/test_phonology.py
28884786,6,0,6,cltk/phonology/old_english/phonology.py
28884786,113,0,113,cltk/phonology/old_english/phonology.py
28884786,1,0,1,cltk/phonology/old_english/__init__.py
28884786,219,9,228,cltk/corpus/swadesh.py
28884786,17,8,25,cltk/tests/test_corpus.py
28884786,1,2,3,cltk/text_reuse/automata.py
28884786,73,0,73,cltk/text_reuse/automata.py
28884786,5,3,8,cltk/tests/test_tokenize.py
28884786,85,20,105,cltk/tokenize/latin_exceptions.py
28884786,34,34,68,cltk/tokenize/word.py
28884786,19,18,37,cltk/text_reuse/automata.py
28884786,19,18,37,cltk/text_reuse/automata.py
28884786,46,10,56,cltk/text_reuse/automata.py
28884786,17,17,34,cltk/text_reuse/automata.py
28884786,4,1,5,cltk/exceptions.py
28884786,3,0,3,cltk/exceptions.py
28884786,48,4,52,cltk/text_reuse/automata.py
28884786,0,41,41,cltk/text_reuse/automata.py
28884786,91,2,93,cltk/text_reuse/automata.py
28884786,1,1,2,cltk/text_reuse/automata.py
28884786,2,2,4,cltk/text_reuse/automata.py
28884786,11,11,22,cltk/text_reuse/automata.py
28884786,27,22,49,cltk/text_reuse/automata.py
28884786,1,1,2,cltk/text_reuse/automata.py
28884786,1,1,2,cltk/text_reuse/automata.py
28884786,1,1,2,cltk/text_reuse/automata.py
28884786,3,4,7,cltk/text_reuse/automata.py
28884786,198,9,207,cltk/text_reuse/automata.py
28884786,2,2,4,cltk/text_reuse/comparison.py
28884786,1,1,2,cltk/tests/test_text_reuse.py
28884786,74,43,117,cltk/text_reuse/levenshtein.py
28884786,75,35,110,cltk/text_reuse/comparison.py
28884786,118,21,139,cltk/phonology/middle_english/transcription.py
28884786,11,15,26,cltk/tests/test_utils.py
28884786,8,6,14,cltk/tokenize/latin_exceptions.py
28884786,40,33,73,cltk/utils/contributors.py
28884786,129,131,260,cltk/utils/philology.py
28884786,0,1,1,cltk/vector/word2vec.py
28884786,6,6,12,cltk/phonology/middle_english/transcription.py
28884786,9,6,15,cltk/stem/middle_english/stem.py
28884786,121,23,144,cltk/phonology/middle_english/transcription.py
28884786,42,28,70,cltk/stem/middle_english/stem.py
28884786,4,4,8,cltk/phonology/middle_english/transcription.py
28884786,60,22,82,cltk/phonology/middle_english/transcription.py
28884786,4,5,9,cltk/phonology/middle_english/transcription.py
28884786,1,1,2,cltk/tests/test_phonology.py
28884786,16,0,16,cltk/tests/test_phonology.py
28884786,25,12,37,cltk/phonology/middle_english/transcription.py
28884786,15,8,23,cltk/phonology/middle_english/transcription.py
28884786,2,0,2,cltk/phonology/middle_english/transcription.py
28884786,1,0,1,cltk/phonology/middle_english/__init__.py
28884786,83,0,83,cltk/phonology/middle_english/transcription.py
28884786,6,1,7,cltk/tokenize/word.py
28884786,1,1,2,cltk/stem/middle_english/stem.py
28884786,29,4,33,cltk/stem/middle_english/stem.py
28884786,14,2,16,cltk/corpus/middle_english/alphabet.py
28884786,1,1,2,cltk/tests/test_corpus.py
28884786,1,1,2,cltk/corpus/middle_english/alphabet.py
28884786,2,2,4,cltk/corpus/middle_english/alphabet.py
28884786,1,1,2,cltk/tests/test_stem.py
28884786,8,0,8,cltk/tests/test_tokenize.py
28884786,16,0,16,cltk/tokenize/word.py
28884786,9,3,12,cltk/tests/test_stem.py
28884786,2,2,4,cltk/stem/middle_english/stem.py
28884786,76,0,76,cltk/stem/middle_english/stem.py
28884786,1,0,1,cltk/stem/middle_english/__init__.py
28884786,9,2,11,cltk/tests/test_corpus.py
28884786,25,0,25,cltk/corpus/middle_english/alphabet.py
28884786,43,0,43,cltk/corpus/middle_english/alphabet.py
28884786,1,0,1,cltk/corpus/middle_english/__init__.py
28884786,2,2,4,cltk/corpus/greek/beta_to_unicode.py
28884786,12,12,24,cltk/lemmatize/latin/backoff.py
28884786,2,0,2,cltk/prosody/latin/ScansionConstants.py
28884786,27,1,28,cltk/prosody/latin/Syllabifier.py
28884786,1,1,2,cltk/prosody/latin/ScansionConstants.py
28884786,2,1,3,cltk/prosody/latin/Syllabifier.py
28884786,3,1,4,cltk/prosody/latin/ScansionConstants.py
28884786,25,0,25,cltk/prosody/latin/Syllabifier.py
28884786,16,0,16,cltk/corpus/telugu/alphabet.py
28884786,2,2,4,cltk/text_reuse/levenshtein.py
28884786,4,4,8,cltk/text_reuse/levenshtein.py
28884786,8,2,10,cltk/tests/test_text_reuse.py
28884786,50,0,50,cltk/text_reuse/levenshtein.py
28884786,2,2,4,cltk/tests/test_text_reuse.py
28884786,2,2,4,cltk/text_reuse/levenshtein.py
28884786,1,1,2,cltk/text_reuse/levenshtein.py
28884786,6,1,7,cltk/tests/test_text_reuse.py
28884786,1,1,2,cltk/tests/test_text_reuse.py
28884786,7,0,7,cltk/text_reuse/comparison.py
28884786,7,0,7,cltk/tests/test_text_reuse.py
28884786,56,1,57,cltk/text_reuse/comparison.py
28884786,6,0,6,cltk/tests/test_text_reuse.py
28884786,40,12,52,cltk/text_reuse/levenshtein.py
28884786,2,1,3,cltk/corpus/swadesh.py
28884786,3,2,5,cltk/tokenize/word.py
28884786,6,6,12,cltk/lemmatize/latin/backoff.py
28884786,11,11,22,cltk/lemmatize/latin/backoff.py
28884786,3,4,7,cltk/tokenize/latin/sentence.py
28884786,18,0,18,cltk/tokenize/latin/params.py
28884786,29,40,69,cltk/tokenize/latin/utils.py
28884786,70,0,70,cltk/tokenize/utils.py
28884786,0,0,0,cltk/tokenize/latin/__init__.py
28884786,65,0,65,cltk/tokenize/latin/sentence.py
28884786,50,0,50,cltk/tokenize/latin/utils.py
28884786,50,0,50,cltk/tokenize/sentence2.py
28884786,40,1,41,cltk/tests/test_tokenize.py
28884786,1,1,2,cltk/corpus/utils/importer.py
28884786,260,139,399,cltk/stop/stop.py
28884786,123,2,125,cltk/tests/test_stop.py
28884786,0,1,1,cltk/corpus/swadesh.py
28884786,3,2,5,cltk/tests/test_stop.py
28884786,0,34,34,cltk/tokenize/indian_tokenizer.py
28884786,27,5,32,cltk/tokenize/sentence.py
28884786,12,0,12,cltk/corpus/old_english/alphabet.py
28884786,12,0,12,cltk/tests/test_corpus.py
28884786,1,0,1,cltk/corpus/middle_high_german/__init__.py
28884786,59,0,59,cltk/corpus/middle_high_german/alphabet.py
28884786,1,1,2,cltk/corpus/utils/importer.py
28884786,1,0,1,cltk/stem/middle_high_german/__init__.py
28884786,98,0,98,cltk/stem/middle_high_german/stem.py
28884786,1,0,1,cltk/stop/middle_high_german/__init__.py
28884786,229,0,229,cltk/stop/middle_high_german/stops.py
28884786,1,2,3,cltk/tests/test_corpus.py
28884786,13,0,13,cltk/tests/test_stop.py
28884786,7,0,7,cltk/tests/test_tokenize.py
28884786,18,1,19,cltk/tokenize/word.py
28884786,1,2,3,cltk/corpus/swadesh.py
28884786,0,2,2,cltk/corpus/swadesh.py
28884786,4,4,8,cltk/corpus/swadesh.py
28884786,12,8,20,cltk/corpus/swadesh.py
28884786,1,1,2,cltk/stop/classical_hindi/stops.py
28884786,6,0,6,cltk/tests/test_corpus.py
28884786,12,1,13,cltk/tests/test_stop.py
28884786,5,0,5,cltk/corpus/swadesh.py
28884786,18,0,18,cltk/tokenize/latin/params.py
28884786,29,40,69,cltk/tokenize/latin/utils.py
28884786,70,0,70,cltk/tokenize/utils.py
28884786,0,0,0,cltk/tokenize/latin/__init__.py
28884786,65,0,65,cltk/tokenize/latin/sentence.py
28884786,50,0,50,cltk/tokenize/latin/utils.py
28884786,50,0,50,cltk/tokenize/sentence2.py
28884786,6,2,8,cltk/corpus/swadesh.py
28884786,4,0,4,cltk/corpus/swadesh.py
28884786,6,0,6,cltk/tests/test_corpus.py
28884786,6,0,6,cltk/corpus/swadesh.py
28884786,3,0,3,cltk/corpus/swadesh.py
28884786,1,1,2,setup.py
28884786,4,1,5,cltk/corpus/swadesh.py
28884786,6,0,6,cltk/tests/test_corpus.py
28884786,6,2,8,cltk/corpus/swadesh.py
28884786,6,0,6,cltk/tests/test_corpus.py
28884786,1,1,2,cltk/stop/sanskrit/stops.py
28884786,12,0,12,cltk/prosody/latin/Syllabifier.py
28884786,10,0,10,cltk/corpus/gujarati/corpora.py
28884786,10,6,16,cltk/corpus/utils/importer.py
28884786,7,28,35,cltk/tokenize/word.py
28884786,0,0,0,cltk/stop/classical_hindi/__init__.py
28884786,108,0,108,cltk/stop/classical_hindi/stops.py
28884786,1,1,2,cltk/tests/test_corpus.py
28884786,0,0,0,cltk/book/__init__.py
28884786,0,0,0,cltk/stop/classical_hindi/__init__.py
28884786,106,0,106,cltk/stop/classical_hindi/stops.py
28884786,0,0,0,cltk/stop/classical_hindi/__init__.py
28884786,108,0,108,cltk/stop/classical_hindi/stops.py
28884786,1,1,2,setup.py
28884786,19,0,19,cltk/corpus/swadesh.py
28884786,15,0,15,cltk/tests/test_corpus.py
28884786,3,3,6,cltk/corpus/kannada/alphabet.py
28884786,1,1,2,setup.py
28884786,5,3,8,cltk/phonology/akkadian/stress.py
28884786,14,5,19,cltk/stem/akkadian/syllabifier.py
28884786,59,0,59,cltk/tests/test_akkadian.py
28884786,4,3,7,cltk/lemmatize/latin/backoff.py
28884786,2,2,4,cltk/stop/marathi/stops.py
28884786,18,1,19,cltk/tests/test_tokenize.py
28884786,66,39,105,cltk/tokenize/word.py
28884786,1,1,2,setup.py
28884786,3,3,6,cltk/corpus/kannada/alphabet.py
28884786,2,2,4,cltk/stop/marathi/stops.py
28884786,1,1,2,setup.py
28884786,4,3,7,cltk/lemmatize/latin/backoff.py
28884786,18,1,19,cltk/tests/test_tokenize.py
28884786,66,39,105,cltk/tokenize/word.py
28884786,1,1,2,setup.py
28884786,0,0,0,cltk/corpus/odia/__init__.py
28884786,21,0,21,cltk/corpus/odia/alphabet.py
28884786,5,10,15,cltk/corpus/odia/alphabet.py
28884786,1,1,2,setup.py
28884786,15,5,20,cltk/corpus/old_norse/corpora.py
28884786,10,10,20,cltk/corpus/utils/importer.py
28884786,1,1,2,setup.py
28884786,1,0,1,cltk/corpus/gujarati/__init__.py
28884786,35,0,35,cltk/corpus/gujarati/alphabet.py
28884786,39,30,69,cltk/tests/test_tokenize.py
28884786,34,8,42,cltk/tokenize/word.py
28884786,1,1,2,setup.py
28884786,24,0,24,cltk/prosody/latin/Syllabifier.py
28884786,1,1,2,setup.py
28884786,1,1,2,cltk/stop/marathi/stops.py
28884786,0,0,0,cltk/stop/marathi/__init__.py
28884786,100,0,100,cltk/stop/marathi/stops.py
28884786,0,0,0,cltk/stop/marathi/__init__.py
28884786,101,0,101,cltk/stop/marathi/stops.py
28884786,101,0,101,cltk/stop/Marathi/stops.py
28884786,1,1,2,setup.py
28884786,1,0,1,cltk/stem/latin/syllabifier.py
28884786,13,0,13,cltk/tests/test_stem.py
28884786,1,0,1,cltk/stem/latin/syllabifier.py
28884786,13,0,13,cltk/tests/test_stem.py
28884786,1,1,2,setup.py
28884786,5,1,6,cltk/corpus/old_norse/corpora.py
28884786,7,3,10,cltk/tag/pos.py
28884786,15,1,16,cltk/tests/test_tag.py
28884786,1,1,2,cltk/corpus/odia/alphabet.py
28884786,0,0,0,cltk/stop/Marathi/__init__.py
28884786,0,0,0,cltk/stop/Marathi/stops.py
28884786,0,0,0,cltk/corpus/odia/__init__.py
28884786,26,0,26,cltk/corpus/odia/alphabet.py
28884786,1,1,2,setup.py
28884786,0,0,0,cltk/stop/old_norse/__init__.py
28884786,17,0,17,cltk/tests/test_stop.py
28884786,220,0,220,cltk/stop/stop.py
28884786,11,0,11,cltk/tests/test_stop.py
28884786,104,0,104,cltk/stop/old_norse/stops.py
28884786,1,1,2,setup.py
28884786,8,8,16,cltk/tests/test_lemmatize.py
28884786,0,0,0,cltk/corpus/kannada/__init__.py
28884786,43,0,43,cltk/corpus/kannada/alphabet.py
28884786,9,1,10,cltk/vector/word2vec.py
28884786,0,9,9,cltk/vector/word2vec.py
28884786,3,3,6,cltk/vector/word2vec.py
28884786,1,1,2,setup.py
28884786,1,1,2,cltk/corpus/marathi/alphabet.py
28884786,1,1,2,cltk/corpus/marathi/alphabet.py
28884786,68,0,68,cltk/corpus/marathi/alphabet.py
28884786,3,2,5,cltk/corpus/marathi/alphabet.py
28884786,15,15,30,cltk/corpus/marathi/alphabet.py
28884786,1,0,1,docs/conf.py
28884786,67,0,67,cltk/corpus/marathi/alphabet.py
28884786,273,277,550,cltk/corpus/arabic/alphabet.py
28884786,8,4,12,cltk/corpus/tamil/alphabet.py
28884786,1,1,2,setup.py
28884786,5,4,9,cltk/corpus/arabic/utils/pyarabic/stack.py
28884786,5,7,12,cltk/corpus/arabic/utils/pyarabic/araby.py
28884786,0,0,0,cltk/corpus/arabic/utils/__init__.py
28884786,0,0,0,cltk/corpus/arabic/utils/pyarabic/__init__.py
28884786,1107,0,1107,cltk/corpus/arabic/utils/pyarabic/araby.py
28884786,45,0,45,cltk/corpus/arabic/utils/pyarabic/stack.py
28884786,1,7,8,cltk/stop/arabic/stopword_filter.py
28884786,211,0,211,cltk/tests/test_arabic_utils.py
28884786,2,17,19,cltk/tokenize/word.py
28884786,2,2,4,setup.py
28884786,3,3,6,cltk/corpus/pali/alphabet.py
28884786,1,1,2,setup.py
28884786,11,0,11,cltk/corpus/pali/alphabet.py
28884786,1,1,2,cltk/corpus/marathi/corpora.py
28884786,1,1,2,cltk/phonology/arabic/romanization.py
28884786,10,1,11,cltk/utils/contributors.py
28884786,1,1,2,setup.py
28884786,8,0,8,cltk/corpus/marathi/corpora.py
28884786,0,0,0,cltk/corpus/marathi/init.py
28884786,3,1,4,cltk/corpus/utils/importer.py
28884786,1,1,2,cltk/corpus/marathi/corpora.py
28884786,1,0,1,cltk/corpus/utils/importer.py
28884786,1,1,2,setup.py
28884786,1,0,1,cltk/corpus/utils/importer.py
28884786,8,0,8,cltk/corpus/marathi/corpora.py
28884786,0,0,0,cltk/corpus/marathi/init.py
28884786,3,2,5,cltk/corpus/utils/importer.py
28884786,1,1,2,setup.py
28884786,1,0,1,cltk/corpus/french/__init__.py
28884786,22,0,22,cltk/corpus/french/corpora.py
28884786,78,1,79,cltk/corpus/utils/formatter.py
28884786,8,5,13,cltk/corpus/utils/importer.py
28884786,0,0,0,cltk/lemmatize/french/__init__.py
28884786,89,0,89,cltk/lemmatize/french/french.py
28884786,75,0,75,cltk/lemmatize/french/lemma.py
28884786,1,0,1,cltk/stem/__init__.py
28884786,1,0,1,cltk/stem/french/__init__.py
28884786,3,0,3,cltk/stem/french/exceptions.py
28884786,74,0,74,cltk/stem/french/stem.py
28884786,0,0,0,cltk/stop/french/__init__.py
28884786,213,0,213,cltk/stop/french/stops.py
28884786,54,2,56,cltk/tag/ner.py
28884786,10,0,10,cltk/tests/test_corpus.py
28884786,24,4,28,cltk/tests/test_lemmatize.py
28884786,9,0,9,cltk/tests/test_stem.py
28884786,12,0,12,cltk/tests/test_stop.py
28884786,16,0,16,cltk/tests/test_tag.py
28884786,33,1,34,cltk/tests/test_tokenize.py
28884786,45,7,52,cltk/tokenize/word.py
28884786,1,1,2,setup.py
28884786,187,0,187,cltk/prosody/latin/HendecasyllableScanner.py
28884786,0,59,59,cltk/prosody/latin/Hexameter.py
28884786,177,437,614,cltk/prosody/latin/HexameterScanner.py
28884786,138,27,165,cltk/prosody/latin/MetricalValidator.py
28884786,211,0,211,cltk/prosody/latin/PentameterScanner.py
28884786,19,4,23,cltk/prosody/latin/ScansionConstants.py
28884786,16,10,26,cltk/prosody/latin/ScansionFormatter.py
28884786,41,8,49,cltk/prosody/latin/Syllabifier.py
28884786,64,0,64,cltk/prosody/latin/Verse.py
28884786,341,0,341,cltk/prosody/latin/VerseScanner.py
28884786,209,7,216,cltk/tests/test_scansion.py
28884786,1,1,2,setup.py
28884786,70,0,70,cltk/stem/akkadian/bound_form.py
28884786,66,0,66,cltk/stem/akkadian/cv_pattern.py
28884786,54,0,54,cltk/stem/akkadian/declension.py
28884786,79,0,79,cltk/stem/akkadian/stem.py
28884786,42,0,42,cltk/tests/test_stem.py
28884786,10,0,10,cltk/corpus/tamil/alphabet.py
28884786,72,100,172,cltk/lemmatize/latin/backoff.py
28884786,373,0,373,cltk/lemmatize/latin/latin.py
28884786,32,2,34,cltk/tests/test_lemmatize.py
28884786,40,3,43,cltk/corpus/greek/tei.py
28884786,1,1,2,setup.py
28884786,0,0,0,cltk/phonology/arabic/__init__.py
28884786,385,0,385,cltk/phonology/arabic/romanization.py
28884786,28,0,28,cltk/tests/test_phonology.py
28884786,1,1,2,setup.py
28884786,48,0,48,cltk/corpus/greek/tei.py
28884786,4,0,4,cltk/corpus/greek/corpora.py
28884786,1,1,2,cltk/corpus/arabic/alphabet.py
28884786,0,0,0,cltk/stop/arabic/__init__.py
28884786,258,0,258,cltk/stop/arabic/stops.py
28884786,23,0,23,cltk/stop/arabic/stopword_filter.py
28884786,7,0,7,cltk/tests/test_stop.py
28884786,2,1,3,cltk/tokenize/word.py
28884786,68,1,69,cltk/corpus/greek/alphabet.py
28884786,11,0,11,cltk/tests/test_corpus.py
28884786,2,2,4,cltk/phonology/latin/transcription.py
28884786,0,1,1,cltk/prosody/latin/ScansionFormatter.py
28884786,5,5,10,cltk/vector/word2vec.py
28884786,2,1,3,cltk/tokenize/word.py
28884786,9,8,17,cltk/ir/boolean.py
28884786,1,1,2,cltk/prosody/latin/HexameterScanner.py
28884786,1,0,1,cltk/prosody/latin/ScansionFormatter.py
28884786,2,3,5,cltk/tag/ner.py
28884786,8,9,17,cltk/tests/test_scansion.py
28884786,11,7,18,cltk/tokenize/word.py
28884786,59,0,59,cltk/prosody/latin/Hexameter.py
28884786,679,0,679,cltk/prosody/latin/HexameterScanner.py
28884786,148,0,148,cltk/prosody/latin/MetricalValidator.py
28884786,85,0,85,cltk/prosody/latin/ScansionConstants.py
28884786,92,0,92,cltk/prosody/latin/ScansionFormatter.py
28884786,282,0,282,cltk/prosody/latin/StringUtils.py
28884786,255,0,255,cltk/prosody/latin/Syllabifier.py
28884786,19,0,19,cltk/tests/test_scansion.py
28884786,2,1,3,cltk/stop/greek/stops.py
28884786,6,1,7,cltk/stop/greek/stops.py
28884786,8,5,13,cltk/corpus/utils/importer.py
28884786,1,1,2,setup.py
28884786,17,4,21,cltk/tokenize/word.py
28884786,2,11,13,cltk/tokenize/word.py
28884786,26,0,26,cltk/tests/test_tokenize.py
28884786,30,1,31,cltk/tokenize/word.py
28884786,5,14,19,cltk/corpus/arabic/alphabet.py
28884786,7,5,12,cltk/corpus/arabic/corpora.py
28884786,12,0,12,cltk/corpus/multilingual/corpora.py
28884786,1,1,2,setup.py
28884786,79,0,79,cltk/corpus/greek/alphabet.py
28884786,15,0,15,cltk/tests/test_corpus.py
28884786,3,2,5,cltk/phonology/greek/transcription.py
28884786,3,2,5,cltk/phonology/latin/transcription.py
28884786,1,1,2,setup.py
28884786,16,2,18,cltk/corpus/utils/formatter.py
28884786,17,0,17,cltk/tests/test_corpus.py
28884786,1,1,2,setup.py
28884786,6,0,6,cltk/tests/test_tag.py
28884786,1,0,1,setup.py
28884786,145,1,146,cltk/stop/sanskrit/stops.py
28884786,1,1,2,setup.py
28884786,1,1,2,cltk/corpus/punjabi/numerifier.py
28884786,0,592,592,cltk/tests/test_tmp.py
28884786,1,1,2,cltk/corpus/punjabi/alphabet.py
28884786,1,1,2,setup.py
28884786,47,43,90,cltk/corpus/punjabi/alphabet.py
28884786,2,2,4,cltk/corpus/arabic/corpora.py
28884786,0,0,0,cltk/corpus/arabic/__init__.py
28884786,466,7,473,cltk/corpus/arabic/alphabet.py
28884786,25,0,25,cltk/corpus/arabic/corpora.py
28884786,4,3,7,cltk/corpus/utils/importer.py
28884786,4,14,18,cltk/text_reuse/levenshtein.py
28884786,1,3,4,setup.py
28884786,3,0,3,cltk/corpus/hindi/alphabet.py
28884786,92,104,196,cltk/tests/test_utils.py
28884786,0,1,1,cltk/utils/contributors.py
28884786,1,2,3,cltk/corpus/greek/beta_to_unicode.py
28884786,1,3,4,cltk/corpus/greek/tlg/parse_tlg_indices.py
28884786,1,2,3,cltk/corpus/greek/tlgu.py
28884786,1,1,2,cltk/corpus/sanskrit/itrans/itrans_transliterator.py
28884786,1,1,2,cltk/corpus/sanskrit/itrans/langinfo.py
28884786,1,1,2,cltk/corpus/sanskrit/itrans/sinhala_transliterator.py
28884786,1,1,2,cltk/corpus/sanskrit/itrans/unicode_transliterate.py
28884786,1,2,3,cltk/corpus/utils/formatter.py
28884786,1,2,3,cltk/corpus/utils/importer.py
28884786,1,2,3,cltk/prosody/latin/scanner.py
28884786,1,2,3,cltk/tokenize/word.py
28884786,1,2,3,cltk/utils/cltk_logger.py
28884786,19,17,36,cltk/utils/contributors.py
28884786,1,2,3,cltk/utils/file_operations.py
28884786,135,110,245,cltk/tests/test_utils.py
28884786,15,11,26,cltk/utils/contributors.py
28884786,0,2,2,cltk/__init__.py
28884786,1,1,2,cltk/corpus/egyptian/transliterate_mdc.py
28884786,1,1,2,cltk/corpus/latin/__init__.py
28884786,1,1,2,cltk/corpus/punjabi/alphabet.py
28884786,1,1,2,cltk/corpus/punjabi/numerifier.py
28884786,1,1,2,cltk/ir/boolean.py
28884786,1,1,2,cltk/ir/query.py
28884786,1,1,2,cltk/lemmatize/latin/backoff.py
28884786,1,1,2,cltk/phonology/akkadian/stress.py
28884786,1,1,2,cltk/phonology/greek/transcription.py
28884786,1,1,2,cltk/phonology/latin/transcription.py
28884786,1,1,2,cltk/prosody/greek/scanner.py
28884786,1,1,2,cltk/prosody/latin/clausulae_analysis.py
28884786,1,1,2,cltk/prosody/latin/macronizer.py
28884786,1,1,2,cltk/stem/akkadian/syllabifier.py
28884786,3,3,6,cltk/stem/latin/declension.py
28884786,1,1,2,cltk/stem/latin/j_v.py
28884786,1,1,2,cltk/stem/latin/stem.py
28884786,1,1,2,cltk/stem/latin/syllabifier.py
28884786,1,1,2,cltk/stem/lemma.py
28884786,1,1,2,cltk/stem/sanskrit/indian_syllabifier.py
28884786,1,1,2,cltk/stop/greek/stops.py
28884786,1,1,2,cltk/stop/latin/stops.py
28884786,1,1,2,cltk/stop/old_english/stops.py
28884786,1,1,2,cltk/stop/punjabi/stops.py
28884786,1,1,2,cltk/stop/sanskrit/stops.py
28884786,1,1,2,cltk/tag/pos.py
28884786,1,1,2,cltk/tests/test_lemmatize.py
28884786,1,1,2,cltk/tests/test_phonology.py
28884786,1,1,2,cltk/tests/test_text_reuse.py
28884786,1,1,2,cltk/text_reuse/comparison.py
28884786,1,1,2,cltk/text_reuse/levenshtein.py
28884786,1,1,2,cltk/text_reuse/text_reuse.py
28884786,1,1,2,cltk/tokenize/indian_tokenizer.py
28884786,1,1,2,cltk/tokenize/line.py
28884786,1,1,2,cltk/tokenize/sentence.py
28884786,0,1,1,cltk/utils/__init__.py
28884786,67,97,164,cltk/utils/contributors.py
28884786,1,1,2,cltk/utils/frequency.py
28884786,1,1,2,setup.py
28884786,12,4,16,cltk/corpus/greek/tlgu.py
28884786,1,1,2,setup.py
28884786,1,1,2,cltk/corpus/greek/tlgu.py
28884786,6,6,12,cltk/tests/test_tokenize.py
28884786,1,1,2,cltk/tokenize/sentence.py
28884786,1,1,2,setup.py
28884786,26,2,28,cltk/tests/test_tokenize.py
28884786,34,0,34,cltk/tokenize/line.py
28884786,16,0,16,cltk/corpus/arabic/alphabet.py
28884786,55,1,56,cltk/stop/sanskrit/stops.py
28884786,5,4,9,cltk/corpus/old_norse/corpora.py
28884786,2,2,4,cltk/tokenize/indian_tokenizer.py
28884786,3,1,4,cltk/tokenize/indian_tokenizer.py
28884786,4,4,8,cltk/corpus/persian/alphabet.py
28884786,4,5,9,cltk/corpus/urdu/alphabet.py
28884786,67,3,70,cltk/stop/sanskrit/stops.py
28884786,112,49,161,cltk/stop/sanskrit/stops.py
28884786,16,0,16,cltk/corpus/persian/alphabet.py
28884786,17,0,17,cltk/corpus/urdu/alphabet.py
28884786,7,1,8,cltk/corpus/utils/importer.py
28884786,0,0,0,cltk/corpus/old_norse/__init__.py
28884786,4,0,4,cltk/corpus/old_norse/corpora.py
28884786,52,1,53,cltk/stop/sanskrit/stops.py
28884786,1,1,2,cltk/tokenize/indian_tokenizer.py
28884786,0,0,0,cltk/phonology/akkadian/__init__.py
28884786,164,0,164,cltk/phonology/akkadian/stress.py
28884786,9,0,9,cltk/tests/test_phonology.py
28884786,0,0,0,cltk/stem/akkadian/__init__.py
28884786,82,0,82,cltk/stem/akkadian/syllabifier.py
28884786,9,0,9,cltk/tests/test_stem.py
28884786,30,0,30,cltk/corpus/hindi/alphabet.py
28884786,2,4,6,setup.py
28884786,2,1,3,cltk/tests/test_utils.py
28884786,3,0,3,cltk/utils/file_operations.py
28884786,6,4,10,cltk/lemmatize/latin/backoff.py
28884786,7,5,12,cltk/corpus/hindi/corpora.py
28884786,1,1,2,cltk/corpus/utils/importer.py
28884786,0,3,3,cltk/corpus/greek/corpora.py
28884786,5,5,10,cltk/corpus/javanese/corpora.py
28884786,4,4,8,cltk/corpus/malayalam/corpora.py
28884786,11,3,14,cltk/corpus/utils/importer.py
28884786,0,0,0,cltk/corpus/javanese/__init__.py
28884786,11,0,11,cltk/corpus/javanese/corpora.py
28884786,0,0,0,cltk/corpus/malayalam/__init__.py
28884786,11,0,11,cltk/corpus/malayalam/corpora.py
28884786,397,52,449,cltk/corpus/greek/alphabet.py
28884786,0,0,0,cltk/corpus/old_church_slavonic/__init__.py
28884786,7,0,7,cltk/corpus/old_church_slavonic/corpora.py
28884786,5,2,7,cltk/corpus/utils/importer.py
28884786,0,0,0,cltk/corpus/hindi/__init__.py
28884786,6,0,6,cltk/corpus/hindi/corpora.py
28884786,6,2,8,cltk/corpus/utils/importer.py
28884786,1,0,1,cltk/corpus/egyptian/__init__.py
28884786,66,0,66,cltk/corpus/egyptian/transliterate_mdc.py
28884786,46,0,46,cltk/tests/test_corpus.py
28884786,2,6,8,setup.py
28884786,1,1,2,setup.py
28884786,0,6,6,cltk/corpus/latin/corpora.py
28884786,5,1,6,cltk/corpus/pali/corpora.py
28884786,0,0,0,cltk/corpus/prakrit/__init__.py
28884786,11,0,11,cltk/corpus/prakrit/corpora.py
28884786,5,3,8,cltk/corpus/utils/importer.py
28884786,25,18,43,cltk/lemmatize/latin/backoff.py
28884786,0,0,0,cltk/lemmatize/__init__.py
28884786,0,0,0,cltk/lemmatize/greek/__init__.py
28884786,0,0,0,cltk/lemmatize/latin/__init__.py
28884786,589,0,589,cltk/lemmatize/latin/backoff.py
28884786,138,0,138,cltk/tests/test_lemmatize.py
28884786,6,5,11,cltk/tests/test_text_reuse.py
28884786,0,0,0,cltk/stop/middle_english/__init__.py
28884786,284,0,284,cltk/stop/middle_english/stops.py
28884786,7,1,8,setup.py
28884786,0,0,0,cltk/phonology/__init__.py
28884786,0,0,0,cltk/phonology/greek/__init__.py
28884786,481,0,481,cltk/phonology/greek/transcription.py
28884786,0,0,0,cltk/phonology/latin/__init__.py
28884786,612,0,612,cltk/phonology/latin/transcription.py
28884786,395,0,395,cltk/tests/test_phonology.py
28884786,5,1,6,cltk/corpus/latin/corpora.py
28884786,1,0,1,cltk/stop/old_english/__init__.py
28884786,232,0,232,cltk/stop/old_english/stops.py
28884786,0,1,1,cltk/tests/test_corpus.py
28884786,0,1,1,cltk/tests/test_ir.py
28884786,0,1,1,cltk/tests/test_prosody.py
28884786,0,1,1,cltk/tests/test_stem.py
28884786,0,1,1,cltk/tests/test_stop.py
28884786,0,1,1,cltk/tests/test_tag.py
28884786,0,1,1,cltk/tests/test_tmp.py
28884786,0,1,1,cltk/tests/test_tokenize.py
28884786,0,1,1,cltk/tests/test_utils.py
28884786,1,0,1,cltk/corpus/greek/tlg/parse_tlg_indices.py
28884786,5,4,9,cltk/corpus/utils/importer.py
28884786,22,19,41,cltk/tests/test_corpus.py
28884786,4,1,5,cltk/corpus/latin/__init__.py
28884786,1,0,1,cltk/corpus/utils/importer.py
28884786,9,9,18,cltk/tests/test_corpus.py
28884786,144,144,288,cltk/tests/test_tmp.py
28884786,1,1,2,setup.py
28884786,1,0,1,cltk/corpus/bengali/corpora.py
28884786,6,0,6,cltk/corpus/chinese/corpora.py
28884786,1,0,1,cltk/corpus/classical_hindi/corpora.py
28884786,1,0,1,cltk/corpus/coptic/corpora.py
28884786,11,0,11,cltk/corpus/greek/corpora.py
28884786,1,0,1,cltk/corpus/hebrew/corpora.py
28884786,23,7,30,cltk/corpus/latin/corpora.py
28884786,1,0,1,cltk/corpus/multilingual/corpora.py
28884786,4,3,7,cltk/corpus/old_english/corpora.py
28884786,1,0,1,cltk/corpus/pali/corpora.py
28884786,4,3,7,cltk/corpus/punjabi/corpora.py
28884786,12,3,15,cltk/corpus/sanskrit/corpora.py
28884786,2,1,3,cltk/corpus/telugu/corpora.py
28884786,2,0,2,cltk/corpus/tibetan/corpora.py
28884786,7,7,14,cltk/corpus/utils/importer.py
28884786,562,560,1122,cltk/stop/sanskrit/stops.py
28884786,7,0,7,cltk/corpus/bengali/corpora.py
28884786,4,2,6,cltk/corpus/utils/importer.py
28884786,1,1,2,setup.py
28884786,1,1,2,cltk/tokenize/latin_exceptions.py
28884786,7,0,7,cltk/exceptions.py
28884786,189,0,189,cltk/stem/latin/declension.py
28884786,204,0,204,cltk/tests/test_stem.py
28884786,0,0,0,cltk/stop/sanskrit/__init__.py
28884786,566,0,566,cltk/stop/sanskrit/stops.py
28884786,563,516,1079,cltk/stop/sanskrit/stops.py
28884786,511,510,1021,cltk/stop/sanskrit/stops.py
28884786,0,0,0,cltk/stop/sanskrit/__init__.py
28884786,517,0,517,cltk/stop/sanskrit/stops.py
28884786,0,0,0,cltk/corpus/hebrew/__init__.py
28884786,7,0,7,cltk/corpus/hebrew/corpora.py
28884786,11,0,11,cltk/tokenize/word.py
28884786,0,3,3,cltk/corpus/multilingual/corpora.py
28884786,0,123,123,cltk/tag/lapos.py
28884786,0,33,33,cltk/tests/test_tag.py
28884786,20,106,126,cltk/tokenize/latin_exceptions.py
28884786,1,1,2,cltk/corpus/latin/__init__.py
28884786,1,1,2,cltk/prosody/latin/macronizer.py
28884786,0,7,7,cltk/corpus/bengali/corpora.py
28884786,0,0,0,cltk/corpus/bengali/__init__.py
28884786,23,0,23,cltk/corpus/bengali/alphabet.py
28884786,7,0,7,cltk/corpus/bengali/corpora.py
28884786,0,108,108,cltk/tests/test_corpus.py
28884786,1,1,2,setup.py
28884786,7,2,9,cltk/prosody/latin/macronizer.py
28884786,0,0,0,cltk/corpus/old_english/__init__.py
28884786,1,1,2,setup.py
28884786,20,1,21,cltk/corpus/latin/__init__.py
28884786,6,0,6,cltk/tokenize/sentence.py
28884786,15,12,27,cltk/tokenize/word.py
28884786,1,1,2,setup.py
28884786,16,19,35,cltk/prosody/latin/macronizer.py
28884786,32,0,32,cltk/tests/test_prosody.py
28884786,6,0,6,cltk/corpus/old_english/corpora.py
28884786,4,2,6,cltk/corpus/utils/importer.py
28884786,7,0,7,cltk/tests/test_text_reuse.py
28884786,22,0,22,cltk/text_reuse/comparison.py
28884786,6,0,6,cltk/corpus/punjabi/corpora.py
28884786,3,1,4,cltk/corpus/utils/importer.py
28884786,8,0,8,cltk/tests/test_corpus.py
28884786,1,1,2,setup.py
28884786,5,2,7,cltk/corpus/greek/tlg/parse_tlg_indices.py
28884786,138,8,146,cltk/corpus/utils/importer.py
28884786,158,73,231,cltk/tests/test_corpus.py
28884786,593,0,593,cltk/tests/test_tmp.py
28884786,1,0,1,setup.py
28884786,156,0,156,cltk/prosody/latin/macronizer.py
28884786,6,1,7,cltk/tests/test_text_reuse.py
28884786,18,0,18,cltk/text_reuse/comparison.py
28884786,0,0,0,cltk/stop/punjabi/__init__.py
28884786,146,0,146,cltk/stop/punjabi/stops.py
28884786,0,86,86,cltk/tests/test_indian_syllabifier.py
28884786,72,0,72,cltk/corpus/sanskrit/alphabet.py
28884786,1,2,3,cltk/stem/sanskrit/indian_syllabifier.py
28884786,1,4,5,cltk/tokenize/indian_tokenizer.py
28884786,4,1,5,cltk/corpus/punjabi/alphabet.py
28884786,15,13,28,cltk/corpus/punjabi/numerifier.py
28884786,3,25,28,cltk/corpus/punjabi/alphabet.py
28884786,1,1,2,cltk/tests/test_corpus.py
28884786,26,0,26,cltk/corpus/punjabi/numerifier.py
28884786,1,2,3,cltk/corpus/utils/importer.py
28884786,11,2,13,cltk/tests/test_corpus.py
28884786,0,0,0,cltk/corpus/punjabi/__init__.py
28884786,66,0,66,cltk/corpus/punjabi/alphabet.py
28884786,2,2,4,cltk/tests/test_stem.py
28884786,1,1,2,cltk/tests/test_stem.py
28884786,13,13,26,cltk/tests/test_stem.py
28884786,14,0,14,cltk/tests/test_stem.py
28884786,4,1,5,cltk/tests/test_tokenize.py
28884786,0,86,86,cltk/tests/test_indian_syllabifier.py
28884786,81,2,83,cltk/tests/test_stem.py
28884786,1,1,2,setup.py
28884786,0,0,0,cltk/stem/sanskrit/__init__.py
28884786,252,0,252,cltk/stem/sanskrit/indian_syllabifier.py
28884786,86,0,86,cltk/tests/test_indian_syllabifier.py
28884786,36,0,36,cltk/tokenize/indian_tokenizer.py
28884786,0,0,0,cltk/stem/sanskrit/__init__.py
28884786,252,0,252,cltk/stem/sanskrit/indian_syllabifier.py
28884786,86,0,86,cltk/tests/test_indian_syllabifier.py
28884786,36,0,36,cltk/tokenize/indian_tokenizer.py
28884786,3,3,6,cltk/corpus/greek/beta_to_unicode.py
28884786,1,1,2,cltk/tests/test_corpus.py
28884786,2,1,3,cltk/tests/test_corpus.py
28884786,20,14,34,cltk/corpus/utils/formatter.py
28884786,14,7,21,cltk/tests/test_corpus.py
28884786,1,1,2,setup.py
28884786,3,0,3,cltk/corpus/sanskrit/corpora.py
28884786,1,1,2,setup.py
28884786,3,1,4,cltk/tests/test_tag.py
28884786,2,0,2,cltk/corpus/utils/formatter.py
28884786,1,1,2,cltk/stem/lemma.py
28884786,20,5,25,cltk/tag/lapos.py
28884786,103,63,166,cltk/tokenize/word.py
28884786,5,5,10,cltk/tests/test_tokenize.py
28884786,138,0,138,cltk/tokenize/latin_exceptions.py
28884786,12,151,163,cltk/tokenize/word.py
28884786,1,1,2,cltk/stem/lemma.py
28884786,6,6,12,cltk/tests/test_tokenize.py
28884786,46,25,71,cltk/tokenize/word.py
28884786,9,2,11,cltk/prosody/latin/scanner.py
28884786,22,0,22,cltk/corpus/latin/__init__.py
28884786,3,2,5,cltk/prosody/greek/scanner.py
28884786,13,6,19,cltk/tests/test_utils.py
28884786,17,7,24,cltk/utils/file_operations.py
28884786,12,1,13,cltk/tests/test_utils.py
28884786,10,0,10,cltk/utils/file_operations.py
28884786,10,10,20,cltk/tests/test_tag.py
28884786,1,1,2,cltk/tag/lapos.py
28884786,17,18,35,cltk/tests/test_tag.py
28884786,2,6,8,cltk/tests/test_tag.py
28884786,4,0,4,cltk/tests/test_tag.py
28884786,13,11,24,cltk/tests/test_tag.py
28884786,18,1,19,cltk/tests/test_tag.py
28884786,1,0,1,cltk/tests/test_corpus.py
28884786,14,0,14,cltk/tests/test_tag.py
28884786,0,180,180,cltk/corpus/multilingual/lapos.py
28884786,108,0,108,cltk/tag/lapos.py
28884786,44,17,61,cltk/corpus/multilingual/lapos.py
28884786,5,2,7,cltk/corpus/multilingual/corpora.py
28884786,153,0,153,cltk/corpus/multilingual/lapos.py
28884786,3,2,5,cltk/corpus/utils/importer.py
28884786,11,1,12,cltk/corpus/greek/tlg/parse_tlg_indices.py
28884786,1,0,1,cltk/corpus/greek/tlg/work_numbers.py
28884786,19,0,19,cltk/corpus/utils/formatter.py
28884786,21,0,21,cltk/tests/test_corpus.py
28884786,8,8,16,cltk/tag/pos.py
28884786,19,1,20,cltk/tag/pos.py
28884786,6,4,10,cltk/stem/lemma.py
28884786,0,0,0,cltk/corpus/telugu/__init__.py
28884786,5,0,5,cltk/corpus/telugu/corpora.py
28884786,4,4,8,cltk/tokenize/word.py
28884786,12,1,13,cltk/tests/test_tokenize.py
28884786,10,4,14,cltk/tokenize/word.py
28884786,1,5,6,cltk/corpus/sanskrit/itrans/itrans_transliterator.py
28884786,1,4,5,cltk/corpus/sanskrit/itrans/unicode_transliterate.py
28884786,24,8,32,cltk/tests/test_corpus.py
28884786,0,0,0,cltk/corpus/classical_hindi/__init__.py
28884786,11,0,11,cltk/corpus/classical_hindi/corpora.py
28884786,0,0,0,cltk/corpus/sanskrit/itrans/__init__.py
28884786,1012,0,1012,cltk/corpus/sanskrit/itrans/itrans_transliterator.py
28884786,237,0,237,cltk/corpus/sanskrit/itrans/langinfo.py
28884786,166,0,166,cltk/corpus/sanskrit/itrans/sinhala_transliterator.py
28884786,156,0,156,cltk/corpus/sanskrit/itrans/unicode_transliterate.py
28884786,106,0,106,cltk/tests/test_corpus.py
28884786,32,29,61,cltk/stem/latin/syllabifier.py
28884786,4,4,8,cltk/stem/lemma.py
28884786,16,16,32,cltk/tests/test_stem.py
28884786,6,0,6,cltk/corpus/sanskrit/corpora.py
28884786,7,9,16,cltk/tests/test_corpus.py
28884786,3,0,3,cltk/corpus/sanskrit/corpora.py
28884786,3,0,3,cltk/corpus/sanskrit/corpora.py
28884786,3,3,6,cltk/corpus/utils/formatter.py
28884786,2,2,4,cltk/tests/test_corpus.py
28884786,1,1,2,cltk/corpus/utils/formatter.py
28884786,4,1,5,cltk/corpus/sanskrit/corpora.py
28884786,31,24,55,cltk/corpus/utils/importer.py
28884786,1,1,2,setup.py
28884786,1,1,2,setup.py
28884786,10,3,13,cltk/tests/test_corpus.py
28884786,29,22,51,cltk/corpus/utils/importer.py
28884786,19,3,22,cltk/corpus/utils/importer.py
28884786,1,1,2,setup.py
28884786,1,1,2,setup.py
28884786,1,3,4,cltk/__init__.py
28884786,3,0,3,cltk/corpus/sanskrit/corpora.py
28884786,1,1,2,cltk/corpus/latin/corpora.py
28884786,3,0,3,cltk/corpus/latin/corpora.py
28884786,8,0,8,cltk/tests/test_corpus.py
28884786,7,4,11,cltk/tests/test_corpus.py
28884786,5,5,10,setup.py
28884786,3,0,3,cltk/corpus/greek/beta_to_unicode.py
28884786,4,3,7,cltk/corpus/greek/beta_to_unicode.py
28884786,3,2,5,cltk/tokenize/word.py
28884786,5,2,7,cltk/tests/test_tokenize.py
28884786,9,2,11,cltk/tokenize/word.py
28884786,1,1,2,cltk/tests/test_tokenize.py
28884786,4,4,8,cltk/tokenize/word.py
28884786,5,2,7,cltk/tests/test_tokenize.py
28884786,3,0,3,cltk/tokenize/word.py
28884786,10,2,12,cltk/tests/test_tokenize.py
28884786,15,7,22,cltk/tokenize/word.py
28884786,0,4,4,cltk/prosody/latin/clausulae_analysis.py
28884786,13,3,16,cltk/prosody/latin/clausulae_analysis.py
28884786,26,0,26,cltk/tests/test_prosody.py
28884786,1,2,3,cltk/corpus/sanskrit/corpora.py
28884786,9,0,9,cltk/tests/test_corpus.py
28884786,4,0,4,cltk/corpus/sanskrit/corpora.py
28884786,5,0,5,cltk/corpus/latin/corpora.py
28884786,18,0,18,cltk/tests/test_corpus.py
28884786,6,0,6,cltk/corpus/utils/formatter.py
28884786,43,0,43,cltk/prosody/latin/clausulae_analysis.py
28884786,3,2,5,cltk/prosody/latin/scanner.py
28884786,0,1,1,cltk/corpus/greek/tlg/parse_tlg_indices.py
28884786,4,0,4,cltk/corpus/greek/corpora.py
28884786,4,1,5,cltk/corpus/chinese/corpora.py
28884786,55,0,55,cltk/corpus/greek/alphabet.py
28884786,17,58,75,cltk/__init__.py
28884786,1,6,7,cltk/corpus/greek/beta_to_unicode.py
28884786,2,2,4,setup.py
28884786,9,0,9,cltk/tests/test_corpus.py
28884786,6,1,7,cltk/corpus/chinese/corpora.py
28884786,0,0,0,cltk/corpus/sanskrit/__init__.py
28884786,5,0,5,cltk/corpus/sanskrit/corpora.py
28884786,4,2,6,cltk/corpus/utils/importer.py
28884786,0,0,0,cltk/corpus/sanskrit/__init__.py
28884786,0,5,5,cltk/corpus/sanskrit/corpora.py
28884786,2,4,6,cltk/corpus/utils/importer.py
28884786,19,28,47,cltk/corpus/greek/tlg/parse_tlg_indices.py
28884786,92,30,122,cltk/tests/test_corpus.py
28884786,0,0,0,cltk/corpus/sanskrit/__init__.py
28884786,5,0,5,cltk/corpus/sanskrit/corpora.py
28884786,4,2,6,cltk/corpus/utils/importer.py
28884786,2,1,3,setup.py
28884786,3,1,4,cltk/utils/philology.py
28884786,24,27,51,cltk/corpus/greek/tlg/parse_tlg_indices.py
28884786,21,16,37,cltk/corpus/greek/tlg/parse_tlg_indices.py
28884786,0,2,2,cltk/text_reuse/text_reuse.py
28884786,44,27,71,cltk/text_reuse/comparison.py
28884786,36,13,49,cltk/text_reuse/text_reuse.py
28884786,69,0,69,cltk/__init__.py
28884786,5,0,5,cltk/corpus/chinese/corpora.py
28884786,1,1,2,cltk/corpus/utils/formatter.py
28884786,1,1,2,cltk/prosody/greek/scanner.py
28884786,2,0,2,cltk/prosody/latin/scanner.py
28884786,1,1,2,cltk/tests/test_prosody.py
28884786,7,3,10,cltk/tests/test_text_reuse.py
28884786,0,41,41,cltk/tests/test_resuse.py
28884786,1,0,1,cltk/tests/test_text_reuse.py
28884786,44,0,44,cltk/tests/test_text_reuse.py
28884786,59,1,60,cltk/text_reuse/comparison.py
28884786,1,1,2,cltk/text_reuse/text_reuse.py
28884786,0,41,41,test_reuse.py
28884786,24,0,24,cltk/text_reuse/comparison.py
28884786,4,44,48,cltk/text_reuse/levenshtein.py
28884786,209,0,209,cltk/text_reuse/text_reuse.py
28884786,41,0,41,test_reuse.py
28884786,16,0,16,cltk/tests/test_text_reuse.py
28884786,0,0,0,cltk/{reuse => text_reuse}/__init__.py
28884786,3,3,6,cltk/{reuse => text_reuse}/levenshtein.py
28884786,4,1,5,setup.py
28884786,1,1,2,cltk/tests/test_tokenize.py
28884786,1,0,1,cltk/tokenize/word.py
28884786,1,0,1,cltk/tests/test_tokenize.py
28884786,4,2,6,cltk/tests/test_tokenize.py
28884786,1,1,2,cltk/tokenize/word.py
28884786,3,1,4,cltk/tokenize/word.py
28884786,3,1,4,setup.py
28884786,29,22,51,cltk/reuse/levenshtein.py
28884786,41,0,41,cltk/tests/test_resuse.py
28884786,1,0,1,cltk/tests/test_tokenize.py
28884786,22,6,28,cltk/tests/test_tokenize.py
28884786,15,16,31,cltk/tokenize/word.py
28884786,1,2,3,cltk/tokenize/word.py
28884786,2,2,4,cltk/tests/test_tokenize.py
28884786,6,5,11,cltk/tokenize/word.py
28884786,1,5,6,setup.py
28884786,1,1,2,setup.py
28884786,2,1,3,cltk/tests/test_tokenize.py
28884786,3,4,7,cltk/tests/test_tokenize.py
28884786,131,121,252,cltk/tokenize/word.py
28884786,121,131,252,cltk/tokenize/word.py
28884786,0,0,0,cltk/reuse/__init__.py
28884786,67,0,67,cltk/reuse/levenshtein.py
28884786,1,1,2,cltk/stem/latin/syllabifier.py
28884786,69,70,139,cltk/stem/latin/syllabifier.py
28884786,1,1,2,cltk/tests/test_prosody.py
28884786,130,120,250,cltk/tokenize/word.py
28884786,1,1,2,cltk/prosody/latin/scanner.py
28884786,3,1,4,cltk/tests/test_utils.py
28884786,1,1,2,cltk/prosody/greek/scanner.py
28884786,10,6,16,cltk/prosody/latin/scanner.py
28884786,5,6,11,cltk/prosody/greek/scanner.py
28884786,1,1,2,docs/conf.py
28884786,1,1,2,setup.py
28884786,49,9,58,cltk/ir/boolean.py
28884786,67,39,106,cltk/ir/boolean.py
28884786,4,1,5,cltk/tests/test_ir.py
28884786,0,1,1,cltk/ir/query.py
28884786,0,1,1,cltk/tests/test_utils.py
28884786,0,80,80,cltk/utils/build_contribs_index.py
28884786,0,2,2,cltk/tests/test_utils.py
28884786,25,13,38,cltk/utils/contributors.py
28884786,2,3,5,cltk/vector/word2vec.py
28884786,3,2,5,cltk/vector/word2vec.py
28884786,2,0,2,cltk/tests/test_utils.py
28884786,4,1,5,cltk/utils/contributors.py
28884786,30,7,37,cltk/tests/test_utils.py
28884786,15,30,45,cltk/utils/contributors.py
28884786,1,1,2,setup.py
28884786,32,18,50,cltk/utils/contributors.py
28884786,0,8,8,setup.py
28884786,10,3,13,cltk/utils/contributors.py
28884786,89,0,89,cltk/utils/contributors.py
28884786,9,0,9,setup.py
28884786,10,10,20,cltk/ir/boolean.py
28884786,12,4,16,cltk/ir/boolean.py
28884786,16,1,17,cltk/ir/boolean.py
28884786,4,0,4,cltk/ir/boolean.py
28884786,4,4,8,cltk/utils/cltk_logger.py
28884786,20,17,37,cltk/ir/boolean.py
28884786,8,3,11,cltk/ir/boolean.py
28884786,31,7,38,cltk/ir/boolean.py
28884786,14,5,19,cltk/ir/boolean.py
28884786,82,7,89,cltk/ir/boolean.py
28884786,53,0,53,cltk/ir/boolean.py
28884786,3,2,5,setup.py
28884786,1,1,2,setup.py
28884786,1,1,2,cltk/vector/word2vec.py
28884786,1,1,2,cltk/utils/build_contribs_index.py
28884786,0,1,1,cltk/tests/test_utils.py
28884786,5,1,6,cltk/utils/build_contribs_index.py
28884786,1,1,2,cltk/vector/word2vec.py
28884786,2,1,3,cltk/vector/word2vec.py
28884786,3,0,3,cltk/corpus/greek/corpora.py
28884786,3,0,3,cltk/corpus/latin/corpora.py
28884786,60,10,70,cltk/ir/query.py
28884786,4,1,5,cltk/tests/test_corpus.py
28884786,2,0,2,cltk/tests/test_ir.py
28884786,64,44,108,cltk/vector/word2vec.py
28884786,1,1,2,setup.py
28884786,1,1,2,cltk/vector/gensim_w2v.py
28884786,0,0,0,cltk/vector/__init__.py
28884786,148,0,148,cltk/vector/gensim_w2v.py
28884786,3,0,3,cltk/ir/query.py
28884786,42,19,61,cltk/ir/query.py
28884786,9,9,18,cltk/tests/test_ir.py
28884786,13,13,26,cltk/ir/query.py
28884786,19,0,19,cltk/tests/test_ir.py
28884786,7,4,11,cltk/ir/query.py
28884786,41,1,42,cltk/tests/test_ir.py
28884786,4,0,4,cltk/ir/query.py
28884786,1,1,2,cltk/tests/test_ir.py
28884786,29,5,34,cltk/ir/query.py
28884786,57,7,64,cltk/ir/query.py
28884786,17,1,18,cltk/tests/test_ir.py
28884786,21,3,24,cltk/ir/query.py
28884786,12,0,12,cltk/tests/test_ir.py
28884786,6,1,7,cltk/ir/query.py
28884786,45,27,72,cltk/ir/query.py
28884786,13,2,15,cltk/tests/test_ir.py
28884786,0,0,0,cltk/ir/__init__.py
28884786,54,0,54,cltk/ir/query.py
28884786,25,0,25,cltk/tests/test_ir.py
28884786,1,1,2,setup.py
28884786,1,1,2,setup.py
28884786,8,20,28,cltk/tests/test_utils.py
28884786,1,1,2,cltk/tests/test_tag.py
28884786,21,0,21,cltk/tests/test_utils.py
28884786,1,14,15,cltk/tag/ner.py
28884786,16,4,20,cltk/tests/test_tag.py
28884786,73,0,73,cltk/tests/test_tag.py
28884786,0,73,73,cltk/tests/test_tokenize.py
28884786,1,1,2,setup.py
28884786,0,3,3,cltk/corpus/utils/formatter.py
28884786,26,0,26,cltk/tests/test_corpus.py
28884786,13,19,32,cltk/corpus/greek/beta_to_unicode.py
28884786,3,3,6,cltk/corpus/greek/beta_to_unicode.py
28884786,1,1,2,cltk/corpus/greek/tlg/parse_tlg_indices.py
28884786,1,1,2,cltk/corpus/utils/formatter.py
28884786,2,1,3,setup.py
28884786,2,2,4,cltk/corpus/greek/tlg/parse_tlg_indices.py
28884786,8,8,16,cltk/corpus/utils/formatter.py
28884786,14,5,19,cltk/corpus/greek/beta_to_unicode.py
28884786,8,8,16,cltk/corpus/greek/beta_to_unicode.py
28884786,1,0,1,cltk/stem/lemma.py
28884786,5,1,6,cltk/corpus/greek/tlgu.py
28884786,1,1,2,setup.py
28884786,0,0,0,cltk/ner/__init__.py
28884786,1,1,2,setup.py
28884786,1,1,2,cltk/tag/ner.py
28884786,0,88,88,cltk/tests/test_ner.py
28884786,73,0,73,cltk/tests/test_tokenize.py
28884786,0,0,0,cltk/{ner => tag}/ner.py
28884786,3,2,5,cltk/tests/test_ner.py
28884786,1,1,2,setup.py
28884786,1,1,2,cltk/tests/test_tokenize.py
28884786,22,3,25,cltk/tests/test_tokenize.py
28884786,163,35,198,cltk/tokenize/word.py
28884786,0,3,3,cltk/utils/frequency.py
28884786,8,6,14,cltk/ner/ner.py
28884786,28,0,28,cltk/tests/test_ner.py
28884786,3,3,6,cltk/ner/ner.py
28884786,8,9,17,cltk/tests/test_ner.py
28884786,19,0,19,cltk/tests/test_ner.py
28884786,5,4,9,cltk/tests/test_ner.py
28884786,3,3,6,cltk/tests/test_ner.py
28884786,1,1,2,cltk/ner/ner.py
28884786,40,0,40,cltk/tests/test_ner.py
28884786,1,1,2,setup.py
28884786,0,0,0,cltk/ner/__init__.py
28884786,97,0,97,cltk/ner/ner.py
28884786,1,1,2,setup.py
28884786,0,3,3,cltk/corpus/greek/tlg/parse_tlg_indices.py
28884786,7,3,10,cltk/utils/build_contribs_index.py
28884786,0,2,2,cltk/tests/test_corpus.py
28884786,1,1,2,cltk/tests/test_corpus.py
28884786,6,5,11,cltk/tests/test_corpus.py
28884786,0,2,2,cltk/tests/test_corpus.py
28884786,1,0,1,cltk/corpus/greek/tlg/author_date.py
28884786,1,0,1,cltk/corpus/greek/tlg/author_epithet.py
28884786,1,0,1,cltk/corpus/greek/tlg/author_female.py
28884786,1,0,1,cltk/corpus/greek/tlg/author_geo.py
28884786,1,0,1,cltk/corpus/greek/tlg/id_author.py
28884786,1,0,1,cltk/corpus/greek/tlg/index_lists.py
28884786,31,63,94,cltk/corpus/greek/tlg/parse_tlg_indices.py
28884786,69,7,76,cltk/tests/test_corpus.py
28884786,78,1,79,cltk/corpus/greek/tlg/parse_tlg_indices.py
28884786,23,3,26,cltk/corpus/greek/tlg/parse_tlg_indices.py
28884786,106,54,160,cltk/corpus/greek/tlg/parse_tlg_indices.py
28884786,23,12,35,cltk/corpus/greek/tlg/parse_tlg_indices.py
28884786,0,0,0,cltk/corpus/greek/tlg/__init__.py
28884786,100,0,100,cltk/corpus/greek/tlg/parse_tlg_indices.py
28884786,13,0,13,cltk/tests/test_corpus.py
28884786,3,12,15,cltk/tests/test_corpus.py
28884786,1,1,2,cltk/corpus/greek/tlgu.py
28884786,1,3,4,cltk/tests/test_corpus.py
28884786,3,2,5,cltk/tests/test_corpus.py
28884786,3,1,4,cltk/corpus/greek/tlgu.py
28884786,11,1,12,cltk/tests/test_corpus.py
28884786,6,5,11,cltk/corpus/greek/tlgu.py
28884786,5,5,10,cltk/tests/test_corpus.py
28884786,2,0,2,cltk/corpus/greek/tlgu.py
28884786,1,1,2,cltk/tokenize/word.py
28884786,1,1,2,cltk/prosody/greek/scanner.py
28884786,9,11,20,cltk/tests/test_prosody.py
28884786,1,1,2,setup.py
28884786,0,0,0,cltk/prosody/greek/__init__.py
28884786,265,0,265,cltk/prosody/greek/scanner.py
28884786,37,0,37,cltk/tests/test_prosody.py
28884786,1,1,2,cltk/tokenize/word.py
28884786,1,1,2,setup.py
28884786,1,1,2,setup.py
28884786,1,1,2,cltk/tests/test_tokenize.py
28884786,39,14,53,cltk/tokenize/word.py
28884786,2,0,2,cltk/corpus/utils/formatter.py
28884786,42,19,61,cltk/corpus/utils/formatter.py
28884786,3,3,6,cltk/tests/test_corpus.py
28884786,25,3,28,cltk/corpus/utils/formatter.py
28884786,2,2,4,cltk/tests/test_corpus.py
28884786,1,1,2,setup.py
28884786,1,1,2,setup.py
28884786,7,35,42,cltk/tests/test_utils.py
28884786,9,58,67,cltk/utils/frequency.py
28884786,31,24,55,cltk/utils/frequency.py
28884786,0,18,18,cltk/tests/test_corpus.py
28884786,0,19,19,cltk/tests/test_prosody.py
28884786,0,18,18,cltk/tests/test_stem.py
28884786,5,5,10,cltk/tests/test_stop.py
28884786,0,1,1,cltk/tests/test_tag.py
28884786,0,1,1,cltk/tests/test_tokenize.py
28884786,114,2,116,cltk/tests/test_utils.py
28884786,2,7,9,cltk/stop/greek/stops.py
28884786,6,8,14,cltk/utils/cltk_logger.py
28884786,0,116,116,cltk/tests/test_cltk.py
28884786,0,2,2,cltk/utils/cltk_logger.py
28884786,0,30,30,cltk/tests/test_cltk.py
28884786,27,0,27,cltk/tests/test_tokenize.py
28884786,1,63,64,cltk/tests/test_cltk.py
28884786,59,0,59,cltk/tests/test_tag.py
28884786,0,25,25,cltk/tests/test_cltk.py
28884786,24,0,24,cltk/tests/test_stop.py
28884786,0,171,171,cltk/tests/test_cltk.py
28884786,165,1,166,cltk/tests/test_stem.py
28884786,0,313,313,cltk/tests/test_cltk.py
28884786,289,0,289,cltk/tests/test_corpus.py
28884786,73,0,73,cltk/tests/test_prosody.py
28884786,39,0,39,cltk/tests/test_stem.py
28884786,37,0,37,cltk/tests/test_stop.py
28884786,36,0,36,cltk/tests/test_tag.py
28884786,37,0,37,cltk/tests/test_tokenize.py
28884786,22,0,22,cltk/tests/test_utils.py
28884786,11,5,16,cltk/tests/test_cltk.py
28884786,3,3,6,cltk/utils/frequency.py
28884786,10,11,21,cltk/tests/test_cltk.py
28884786,242,252,494,cltk/stem/latin/syllabifier.py
28884786,8,4,12,cltk/tests/test_cltk.py
28884786,2,0,2,cltk/prosody/latin/scanner.py
28884786,0,8,8,cltk/tests/test_cltk.py
28884786,0,5,5,cltk/prosody/latin/scanner.py
28884786,14,3,17,cltk/tests/test_cltk.py
28884786,6,3,9,cltk/prosody/latin/scanner.py
28884786,3,9,12,cltk/prosody/latin/scanner.py
28884786,9,1,10,cltk/tests/test_cltk.py
28884786,7,0,7,cltk/tests/test_cltk.py
28884786,12,2,14,cltk/tests/test_cltk.py
28884786,8,7,15,cltk/tests/test_cltk.py
28884786,0,0,0,cltk/prosody/__init__.py
28884786,0,0,0,cltk/prosody/latin/__init__.py
28884786,342,0,342,cltk/prosody/latin/scanner.py
28884786,6,2,8,cltk/tests/test_cltk.py
28884786,19,19,38,cltk/tests/test_cltk.py
28884786,2,2,4,cltk/stem/lemma.py
28884786,0,11,11,cltk/tests/test_prosody.py
28884786,0,1,1,cltk/corpus/utils/importer.py
28884786,0,0,0,cltk/prosody/__init__.py
28884786,0,0,0,cltk/prosody/latin/__init__.py
28884786,354,0,354,cltk/prosody/latin/scanner.py
28884786,6,0,6,cltk/tests/test_cltk.py
28884786,11,0,11,cltk/tests/test_prosody.py
28884786,1,1,2,setup.py
28884786,1,1,2,setup.py
28884786,2,2,4,cltk/stem/lemma.py
28884786,2,2,4,cltk/tests/test_cltk.py
28884786,0,8,8,cltk/tests/test_cltk.py
28884786,16,7,23,cltk/stem/lemma.py
28884786,76,0,76,cltk/tests/test_cltk.py
28884786,7,0,7,cltk/tests/test_cltk.py
28884786,2,1,3,cltk/tests/test_cltk.py
28884786,48,52,100,cltk/stem/lemma.py
28884786,71,6,77,cltk/tests/test_cltk.py
28884786,39,22,61,cltk/stem/lemma.py
28884786,50,15,65,cltk/stem/lemma.py
28884786,2,2,4,cltk/corpus/greek/beta_to_unicode.py
28884786,2,4,6,cltk/tests/test_cltk.py
28884786,1,1,2,cltk/tokenize/word.py
28884786,6,0,6,cltk/tokenize/word.py
28884786,2,0,2,cltk/tests/test_cltk.py
28884786,4,1,5,cltk/tokenize/word.py
28884786,1,0,1,cltk/tokenize/word.py
28884786,1,3,4,cltk/tokenize/word.py
28884786,5,0,5,cltk/stop/make_stopwords_list.py
28884786,1,2,3,cltk/tests/test_cltk.py
28884786,4,3,7,cltk/tests/test_cltk.py
28884786,12,8,20,cltk/tokenize/word.py
28884786,0,10,10,cltk/tests/test_cltk.py
28884786,2,4,6,cltk/tokenize/word.py
28884786,19,0,19,cltk/tests/test_cltk.py
28884786,41,0,41,cltk/tokenize/word.py
28884786,1,1,2,setup.py
28884786,1,1,2,setup.py
28884786,37,0,37,cltk/tests/test_cltk.py
28884786,1,1,2,cltk/stop/make_stopwords_list.py
28884786,0,2,2,cltk/stop/make_stopwords_list.py
28884786,11,13,24,cltk/stop/make_stopwords_list.py
28884786,2,4,6,cltk/corpus/greek/tlgu.py
28884786,1,3,4,cltk/stem/lemma.py
28884786,58,9,67,cltk/stop/build_stopwords_list.py
28884786,41,0,41,cltk/stop/build_stopwords_list.py
28884786,1,6,7,cltk/stop/greek/stops.py
28884786,2,3,5,cltk/stop/latin/stops.py
28884786,3,5,8,cltk/tag/pos.py
28884786,4,6,10,cltk/utils/file_operations.py
28884786,4,2,6,cltk/utils/cltk_logger.py
28884786,2,3,5,cltk/utils/build_contribs_index.py
28884786,5,5,10,cltk/tests/test_cltk.py
28884786,1,72,73,cltk/utils/cltk_logger.py
28884786,71,68,139,cltk/tests/test_cltk.py
28884786,14,17,31,cltk/tokenize/sentence.py
28884786,0,4,4,cltk/tests/test_cltk.py
28884786,3,1,4,cltk/tests/test_cltk.py
28884786,2,0,2,cltk/tests/test_cltk.py
28884786,3,4,7,cltk/tests/test_cltk.py
28884786,1,1,2,cltk/corpus/utils/importer.py
28884786,1,1,2,cltk/corpus/utils/importer.py
28884786,5,2,7,cltk/corpus/greek/tlgu.py
28884786,5,4,9,cltk/tests/test_cltk.py
28884786,6,0,6,cltk/utils/file_operations.py
28884786,4,7,11,cltk/corpus/greek/tlgu.py
28884786,0,100,100,cltk/corpus/utils/importer.py
28884786,2,2,4,cltk/utils/file_operations.py
28884786,1,7,8,docs/conf.py
28884786,8,4,12,docs/conf.py
28884786,5,24,29,docs/conf.py
28884786,26,2,28,docs/conf.py
28884786,0,12,12,docs/conf.py
28884786,13,0,13,docs/conf.py
28884786,1,1,2,setup.py
28884786,2,2,4,cltk/tests/test_cltk.py
28884786,0,4,4,cltk/corpus/utils/importer.py
28884786,0,4,4,cltk/tests/test_cltk.py
28884786,9,0,9,cltk/corpus/utils/importer.py
28884786,1,1,2,cltk/corpus/greek/corpora.py
28884786,1,1,2,cltk/corpus/latin/corpora.py
28884786,0,2,2,setup.py
28884786,3,2,5,setup.py
28884786,4,2,6,cltk/corpus/utils/importer.py
28884786,20,1,21,cltk/tests/test_cltk.py
28884786,0,0,0,cltk/corpus/tibetan/__init__.py
28884786,17,0,17,cltk/corpus/tibetan/corpora.py
28884786,0,1,1,docs/conf.py
28884786,1,1,2,docs/conf.py
28884786,5,5,10,docs/conf.py
28884786,2,0,2,docs/conf.py
28884786,1,1,2,setup.py
28884786,17,2,19,cltk/tests/test_cltk.py
28884786,1,0,1,cltk/corpus/greek/tlgu.py
28884786,1,1,2,cltk/corpus/utils/importer.py
28884786,21,2,23,cltk/utils/philology.py
28884786,0,27,27,concordance_dev.py
28884786,7,3,10,cltk/utils/philology.py
28884786,38,75,113,cltk/utils/philology.py
28884786,15,15,30,concordance_dev.py
28884786,34,20,54,cltk/utils/philology.py
28884786,11,2,13,concordance_dev.py
28884786,149,4,153,cltk/utils/philology.py
28884786,18,0,18,concordance_dev.py
28884786,66,0,66,cltk/utils/philology.py
28884786,1,3,4,cltk/stem/lemma.py
28884786,0,3,3,cltk/tests/test_cltk.py
28884786,9,0,9,cltk/tests/test_cltk.py
28884786,2,3,5,cltk/tests/test_cltk.py
28884786,0,86,86,docs/_themes/flask_theme_support.py
28884786,0,5,5,docs/conf.py
28884786,86,0,86,docs/_themes/flask_theme_support.py
28884786,6,1,7,docs/conf.py
28884786,0,2,2,cltk/tests/test_cltk.py
28884786,9,9,18,cltk/tests/test_cltk.py
28884786,11,12,23,cltk/tests/test_cltk.py
28884786,2,2,4,cltk/corpus/greek/tlgu.py
28884786,2,8,10,cltk/tests/test_cltk.py
28884786,18,12,30,cltk/tests/test_cltk.py
28884786,11,5,16,cltk/tests/test_cltk.py
28884786,3,1,4,cltk/stem/lemma.py
28884786,1,1,2,cltk/tag/pos.py
28884786,32,69,101,cltk/tests/test_cltk.py
28884786,1,1,2,cltk/tokenize/sentence.py
28884786,2,1,3,cltk/corpus/utils/importer.py
28884786,1,1,2,cltk/corpus/utils/importer.py
28884786,2,1,3,cltk/corpus/utils/importer.py
28884786,2,2,4,cltk/tests/test_cltk.py
28884786,2,2,4,cltk/corpus/utils/importer.py
28884786,23,14,37,cltk/tests/test_cltk.py
28884786,6,0,6,cltk/utils/build_contribs_index.py
28884786,33,38,71,cltk/tests/test_cltk.py
28884786,44,16,60,cltk/tests/test_cltk.py
28884786,29,17,46,cltk/corpus/utils/importer.py
28884786,7,0,7,cltk/tests/test_cltk.py
28884786,0,0,0,cltk/corpus/coptic/__init__.py
28884786,12,0,12,cltk/corpus/coptic/corpora.py
28884786,10,0,10,cltk/corpus/greek/corpora.py
28884786,15,0,15,cltk/corpus/latin/corpora.py
28884786,0,0,0,cltk/corpus/multilingual/__init__.py
28884786,12,0,12,cltk/corpus/multilingual/corpora.py
28884786,2,2,4,cltk/corpus/greek/corpora.py
28884786,3,3,6,cltk/corpus/latin/corpora.py
28884786,0,0,0,cltk/corpus/chinese/__init__.py
28884786,22,0,22,cltk/corpus/chinese/corpora.py
28884786,0,0,0,cltk/corpus/pali/__init__.py
28884786,12,0,12,cltk/corpus/pali/corpora.py
28884786,12,25,37,cltk/corpus/greek/corpora.py
28884786,14,29,43,cltk/corpus/latin/corpora.py
28884786,16,20,36,cltk/corpus/utils/importer.py
28884786,4,1,5,cltk/tests/test_cltk.py
28884786,2,9,11,cltk/corpus/greek/corpora.py
28884786,2,11,13,cltk/corpus/latin/corpora.py
28884786,2,9,11,cltk/corpus/utils/importer.py
28884786,2,2,4,docs/conf.py
28884786,9,8,17,cltk/corpus/utils/importer.py
28884786,16,12,28,cltk/corpus/utils/importer.py
28884786,0,1,1,cltk/tests/test_cltk.py
28884786,3,24,27,cltk/tests/test_cltk.py
28884786,1,1,2,cltk/tests/test_cltk.py
28884786,9,14,23,cltk/tests/test_cltk.py
28884786,3,3,6,cltk/tests/test_cltk.py
28884786,62,75,137,cltk/tests/test_cltk.py
28884786,44,36,80,cltk/tests/test_cltk.py
28884786,6,5,11,cltk/corpus/greek/corpora.py
28884786,5,5,10,cltk/corpus/latin/corpora.py
28884786,1,1,2,cltk/corpus/latin/corpora.py
28884786,1,1,2,cltk/corpus/latin/corpora.py
28884786,1,1,2,setup.py
28884786,10,1,11,cltk/corpus/utils/importer.py
28884786,138,108,246,cltk/tests/test_cltk.py
28884786,16,1,17,cltk/corpus/utils/importer.py
28884786,2,1,3,setup.py
28884786,8,4,12,cltk/corpus/greek/corpora.py
28884786,14,7,21,cltk/corpus/latin/corpora.py
28884786,5,1,6,cltk/tests/test_cltk.py
28884786,6,4,10,cltk/utils/build_contribs_index.py
28884786,2,1,3,cltk/utils/build_contribs_index.py
28884786,0,41,41,cltk/tests/test_cltk.py
28884786,9,0,9,cltk/tests/test_cltk.py
28884786,265,0,265,cltk/stem/latin/syllabifier.py
28884786,2,2,4,cltk/corpus/utils/formatter.py
28884786,1,0,1,cltk/corpus/utils/formatter.py
28884786,15,21,36,cltk/corpus/utils/formatter.py
28884786,1,2,3,cltk/tests/test_cltk.py
28884786,3,1,4,cltk/corpus/greek/tlg_indices.py
28884786,5,1,6,cltk/corpus/latin/phi5_index.py
28884786,18,14,32,cltk/corpus/greek/tlgu.py
28884786,0,1,1,cltk/tests/test_cltk.py
28884786,59,9,68,cltk/tests/test_cltk.py
28884786,5,9,14,cltk/corpus/utils/formatter.py
28884786,4,1,5,cltk/corpus/utils/formatter.py
28884786,1,1,2,setup.py
28884786,1,3,4,cltk/corpus/latin/phi5_index.py
28884786,101,3,104,cltk/corpus/utils/formatter.py
28884786,0,88,88,cltk/corpus/utils/formatter.py
28884786,1,1,2,cltk/tests/test_cltk.py
28884786,2,2,4,cltk/corpus/utils/formatter.py
28884786,36,19,55,cltk/corpus/utils/importer.py
28884786,5,2,7,cltk/tag/pos.py
28884786,5,3,8,cltk/tests/test_cltk.py
28884786,5,2,7,cltk/tokenize/sentence.py
28884786,0,0,0,cltk/{corpus => }/utils/file_operations.py
28884786,8,0,8,cltk/corpus/greek/tlg_indices.py
28884786,31,19,50,cltk/corpus/greek/tlgu.py
28884786,2,0,2,cltk/corpus/latin/phi5_index.py
28884786,2,2,4,cltk/corpus/utils/file_operations.py
28884786,3,3,6,cltk/corpus/utils/formatter.py
28884786,6,5,11,cltk/corpus/utils/importer.py
28884786,3,1,4,cltk/stem/lemma.py
28884786,1,0,1,cltk/utils/__init__.py
28884786,0,0,0,cltk/{corpus => }/utils/cltk_logger.py
28884786,1,2,3,setup.py
28884786,1,2,3,setup.py
28884786,1,1,2,setup.py
28884786,1,1,2,setup.py
28884786,2,1,3,cltk/corpus/greek/tlgu.py
28884786,16,9,25,cltk/corpus/greek/tlgu.py
28884786,1,1,2,setup.py
28884786,11,13,24,cltk/corpus/greek/tlgu.py
28884786,1,1,2,cltk/corpus/latin/phi5_index.py
28884786,2,2,4,cltk/corpus/utils/formatter.py
28884786,17,21,38,cltk/corpus/utils/importer.py
28884786,5,5,10,cltk/stem/latin/stem.py
28884786,1,1,2,cltk/stem/lemma.py
28884786,2,2,4,cltk/tag/pos.py
28884786,2,2,4,cltk/tokenize/sentence.py
28884786,1,1,2,cltk/utils/build_contribs_index.py
28884786,0,6,6,cltk/tests/test_cltk.py
28884786,7,3,10,cltk/tests/test_cltk.py
28884786,1,1,2,setup.py
28884786,7,1,8,cltk/tests/test_cltk.py
28884786,3,3,6,cltk/tests/test_cltk.py
28884786,1,1,2,cltk/corpus/greek/tlgu.py
28884786,0,1,1,cltk/corpus/greek/tlg_index.py
28884786,0,1,1,cltk/corpus/greek/tlg_index_works.py
28884786,6,490,496,cltk/corpus/utils/formatter.py
28884786,21,0,21,cltk/corpus/greek/tlgu.py
28884786,1,1,2,cltk/corpus/greek/tlg_index_works.py
28884786,1,1,2,cltk/corpus/utils/formatter.py
28884786,1,0,1,cltk/corpus/greek/tlg_index_works.py
28884786,1,1,2,cltk/corpus/greek/tlg_master_index.py
28884786,22,1,23,cltk/corpus/utils/formatter.py
28884786,1,1,2,cltk/corpus/greek/tlg_master_index.py
28884786,77,65,142,cltk/corpus/utils/formatter.py
28884786,2,0,2,cltk/tests/test_cltk.py
28884786,179,5,184,cltk/corpus/utils/formatter.py
28884786,28,3,31,cltk/corpus/utils/formatter.py
28884786,20,2,22,cltk/corpus/utils/formatter.py
28884786,1,1,2,cltk/corpus/greek/tlg_index.py
28884786,1,0,1,cltk/corpus/greek/tlg_master_index.py
28884786,127,13,140,cltk/corpus/utils/formatter.py
28884786,104,5,109,cltk/corpus/utils/formatter.py
28884786,1,1,2,cltk/corpus/greek/tlg_index.py
28884786,45,0,45,cltk/corpus/utils/formatter.py
28884786,0,67,67,cltk/corpus/utils/formatter.py
28884786,1,1,2,cltk/corpus/utils/formatter.py
28884786,16,16,32,cltk/corpus/utils/formatter.py
28884786,5,0,5,cltk/tests/test_cltk.py
28884786,53,1,54,cltk/corpus/utils/formatter.py
28884786,13,20,33,cltk/tests/test_cltk.py
28884786,0,2,2,cltk/tests/test_cltk.py
28884786,5,0,5,cltk/tests/test_cltk.py
28884786,0,2,2,cltk/corpus/utils/importer.py
28884786,0,1,1,cltk/corpus/utils/file_operations.py
28884786,1,0,1,cltk/tests/test_cltk.py
28884786,5,5,10,cltk/corpus/utils/file_operations.py
28884786,12,1,13,cltk/tests/test_cltk.py
28884786,1,3,4,cltk/corpus/greek/tlgu.py
28884786,20,0,20,cltk/tests/test_cltk.py
28884786,0,2,2,cltk/tests/test_cltk.py
28884786,1,1,2,setup.py
28884786,3,0,3,cltk/corpus/utils/formatter.py
28884786,14,0,14,cltk/tests/test_cltk.py
28884786,2,4,6,cltk/corpus/utils/formatter.py
28884786,10,17,27,cltk/tests/test_cltk.py
28884786,1,1,2,setup.py
28884786,1,0,1,cltk/corpus/greek/tlg_index.py
28884786,30,0,30,cltk/corpus/utils/formatter.py
28884786,12,1,13,cltk/tests/test_cltk.py
28884786,1,1,2,setup.py
28884786,1,0,1,cltk/corpus/latin/phi5_index.py
28884786,35,1,36,cltk/corpus/utils/formatter.py
28884786,12,0,12,cltk/tests/test_cltk.py
28884786,1,1,2,setup.py
28884786,0,1,1,cltk/utils/build_contribs_index.py
28884786,1,1,2,cltk/utils/build_contribs_index.py
28884786,2,2,4,cltk/utils/build_contribs_index.py
28884786,1,1,2,cltk/utils/build_contribs_index.py
28884786,17,4,21,cltk/utils/build_contribs_index.py
28884786,1,1,2,cltk/tag/pos.py
28884786,5,1,6,cltk/corpus/utils/importer.py
28884786,0,7,7,cltk/tests/test_cltk.py
28884786,2,0,2,cltk/tests/test_cltk.py
28884786,2,0,2,cltk/tests/test_cltk.py
28884786,2,0,2,cltk/tests/test_cltk.py
28884786,52,0,52,cltk/utils/build_contribs_index.py
28884786,0,93,93,setup.py
28884786,79,32,111,setup.py
28884786,1,1,2,setup.py
28884786,2,2,4,setup.py
28884786,2,3,5,setup.py
28884786,2,3,5,setup.py
28884786,47,0,47,setup.py
28884786,1,1,2,cltk/corpus/latin/corpora.py
28884786,1,1,2,setup.py
28884786,3,1,4,cltk/tests/test_cltk.py
28884786,1,3,4,setup.py
28884786,3,0,3,cltk/corpus/utils/file_operations.py
28884786,7,3,10,cltk/corpus/greek/tlgu.py
28884786,21,9,30,cltk/corpus/greek/tlgu.py
28884786,5,1,6,cltk/corpus/greek/tlgu.py
28884786,1,1,2,setup.py
28884786,33,2,35,cltk/corpus/greek/tlgu.py
28884786,1,0,1,cltk/corpus/utils/importer.py
28884786,0,15,15,cltk/corpus/utils/file_operations.py
28884786,1,1,2,cltk/tests/test_cltk.py
28884786,16,6,22,cltk/tests/test_cltk.py
28884786,3,0,3,cltk/corpus/utils/importer.py
28884786,15,9,24,cltk/corpus/greek/tlgu.py
28884786,1,1,2,setup.py
28884786,67,69,136,cltk/corpus/greek/tlgu.py
28884786,26,45,71,cltk/corpus/greek/tlgu.py
28884786,3,4,7,cltk/corpus/greek/tlgu.py
28884786,2,2,4,cltk/corpus/greek/tlgu.py
28884786,9,0,9,cltk/corpus/greek/tlgu.py
28884786,6,1,7,cltk/tests/test_cltk.py
28884786,6,4,10,cltk/corpus/greek/tlgu.py
28884786,9,4,13,cltk/tests/test_cltk.py
28884786,4,2,6,cltk/corpus/greek/tlgu.py
28884786,1,1,2,cltk/corpus/greek/corpora.py
28884786,45,44,89,cltk/corpus/greek/tlgu.py
28884786,5,30,35,cltk/corpus/greek/tlgu.py
28884786,1,1,2,cltk/corpus/greek/corpora.py
28884786,1,1,2,setup.py
28884786,1,4,5,setup.py
28884786,3,3,6,setup.py
28884786,1,1,2,setup.py
28884786,7,6,13,cltk/corpus/utils/importer.py
28884786,1,4,5,cltk/corpus/latin/corpora.py
28884786,7,0,7,cltk/corpus/latin/corpora.py
28884786,1,0,1,cltk/corpus/greek/tlgu.py
28884786,4,0,4,cltk/corpus/utils/cltk_logger.py
28884786,2,1,3,cltk/stem/lemma.py
28884786,21,43,64,cltk/corpus/utils/cltk_logger.py
28884786,23,21,44,cltk/corpus/utils/importer.py
28884786,6,0,6,cltk/tests/test_cltk.py
28884786,1,1,2,cltk/corpus/utils/cltk_logger.py
28884786,1,1,2,cltk/corpus/utils/importer.py
28884786,0,0,0,cltk/__init__.py
28884786,0,0,0,cltk/corpus/__init__.py
28884786,0,77,77,cltk/corpus/cltk_logging.py
28884786,0,1017,1017,cltk/corpus/common/compiler.py
28884786,0,0,0,cltk/corpus/greek/__init__.py
28884786,0,0,0,cltk/corpus/latin/__init__.py
28884786,0,0,0,cltk/corpus/utils/__init__.py
28884786,0,0,0,cltk/corpus/{common => utils}/cltk_logger.py
28884786,0,0,0,cltk/corpus/{common => utils}/file_operations.py
28884786,5,3,8,cltk/corpus/{ => utils}/formatter.py
28884786,2,2,4,cltk/corpus/{ => utils}/importer.py
28884786,0,0,0,cltk/stem/__init__.py
28884786,0,0,0,cltk/stem/latin/__init__.py
28884786,0,0,0,cltk/stop/__init__.py
28884786,0,0,0,cltk/stop/greek/__init__.py
28884786,0,0,0,cltk/stop/latin/__init__.py
28884786,0,0,0,cltk/tag/__init__.py
28884786,1,1,2,cltk/tag/pos.py
28884786,20,19,39,cltk/tests/test_cltk.py
28884786,0,0,0,cltk/tokenize/__init__.py
28884786,1,1,2,cltk/tokenize/sentence.py
28884786,0,15,15,cltk/tests/test_cltk.py
28884786,11,4,15,cltk/tests/test_cltk.py
28884786,8,4,12,cltk/tests/test_cltk.py
28884786,5,2,7,setup.py
28884786,2,2,4,setup.py
28884786,0,0,0,cltk/__init__.py
28884786,0,1,1,cltk/corpus/__init__.py
28884786,0,0,0,cltk/corpus/common/__init__.py
28884786,0,0,0,cltk/corpus/greek/__init__.py
28884786,0,0,0,cltk/corpus/latin/__init__.py
28884786,0,0,0,cltk/parse/__init__.py
28884786,0,0,0,cltk/stem/__init__.py
28884786,0,0,0,cltk/stem/latin/__init__.py
28884786,0,0,0,cltk/stop/__init__.py
28884786,0,0,0,cltk/stop/greek/__init__.py
28884786,0,0,0,cltk/stop/latin/__init__.py
28884786,0,0,0,cltk/tag/__init__.py
28884786,0,0,0,cltk/tokenize/__init__.py
28884786,113,0,113,cltk/corpus/common/cltk_logger.py
28884786,1,2,3,cltk/tests/test_cltk.py
28884786,31,5,36,cltk/tests/test_cltk.py
28884786,1,0,1,cltk/corpus/importer.py
28884786,23,7,30,cltk/tests/test_cltk.py
28884786,7,0,7,cltk/corpus/greek/corpora.py
28884786,22,12,34,cltk/tests/test_cltk.py
28884786,0,305938,305938,cltk/stem/latin/lemma_list.py
28884786,1,1,2,cltk/corpus/greek/corpora.py
28884786,1,1,2,cltk/corpus/importer.py
28884786,1,1,2,cltk/corpus/latin/corpora.py
28884786,38,0,38,cltk/tests/test_cltk.py
28884786,1,1,2,cltk/stem/lemma.py
28884786,11,4,15,cltk/stem/lemma.py
28884786,11,1,12,cltk/tests/test_cltk.py
28884786,14,1,15,cltk/tests/test_cltk.py
28884786,10,0,10,cltk/tests/test_cltk.py
28884786,4,2,6,cltk/corpus/importer.py
28884786,1,0,1,cltk/stem/latin/stem.py
28884786,1,1,2,cltk/stem/lemma.py
28884786,0,24,24,cltk/stem/latin/lemma.py
28884786,41,0,41,cltk/stem/lemma.py
28884786,5,5,10,cltk/tests/test_cltk.py
28884786,3,1,4,cltk/tests/test_cltk.py
28884786,1,1,2,cltk/stem/latin/lemma.py
28884786,1,1,2,cltk/tests/test_cltk.py
28884786,3,5,8,cltk/tests/test_cltk.py
28884786,2,2,4,cltk/tests/test_cltk.py
28884786,2,0,2,cltk/stem/latin/lemmata_list.py
28884786,7,5,12,cltk/stem/latin/lemmatizer.py
28884786,9,0,9,cltk/tests/test_cltk.py
28884786,5,4,9,cltk/tests/test_cltk.py
28884786,201,200,401,cltk/corpus/importer.py
28884786,1,1,2,cltk/tag/pos.py
28884786,1,1,2,cltk/tokenize/sentence.py
28884786,1,1,2,cltk/corpus/formatter.py
28884786,0,1,1,cltk/corpus/importer.py
28884786,6,7,13,cltk/tag/pos.py
28884786,1,1,2,cltk/tokenize/sentence.py
28884786,2,2,4,cltk/tests/test_cltk.py
28884786,6,8,14,cltk/tokenize/sentence.py
28884786,48,65,113,cltk/tests/test_cltk.py
28884786,40,28,68,cltk/tests/test_cltk.py
28884786,3,4,7,cltk/tokenize/sentence.py
28884786,97,71,168,cltk/tag/pos.py
28884786,1,2,3,cltk/tokenize/sentence.py
28884786,3,2,5,cltk/corpus/common/file_operations.py
28884786,39,0,39,cltk/corpus/common/file_operations.py
28884786,3,18,21,cltk/tokenize/sentence.py
28884786,38,27,65,cltk/tokenize/sentence.py
28884786,78,38,116,cltk/tokenize/sentence.py
28884786,2,2,4,cltk/tag/pos.py
28884786,14,5,19,cltk/tokenize/sentence.py
28884786,1,0,1,docs/conf.py
28884786,38,27,65,cltk/tokenize/sentence.py
28884786,3,3,6,cltk/tests/test_cltk.py
28884786,1,2,3,cltk/corpus/formatter.py
28884786,2,0,2,cltk/corpus/importer.py
28884786,3,3,6,setup.py
28884786,32,9,41,cltk/corpus/importer.py
28884786,6,3,9,cltk/corpus/importer.py
28884786,4,5,9,cltk/corpus/importer.py
28884786,39,5,44,cltk/corpus/importer.py
28884786,0,1,1,cltk/corpus/importer.py
28884786,1,0,1,cltk/corpus/importer.py
28884786,2,1,3,cltk/corpus/importer.py
28884786,0,1,1,cltk/corpus/greek/tlgu.py
28884786,26,18,44,cltk/corpus/importer.py
28884786,1,1,2,cltk/tests/test_cltk.py
28884786,2,0,2,cltk/tests/test_cltk.py
28884786,5,0,5,cltk/corpus/importer.py
28884786,3,1,4,cltk/tests/test_cltk.py
28884786,88,0,88,cltk/tag/pos.py
28884786,0,0,0,cltk/tag/pos/__init__.py
28884786,0,90,90,cltk/tag/pos/pos_tagger.py
28884786,13,22,35,cltk/tests/test_cltk.py
28884786,5,1,6,cltk/corpus/importer.py
28884786,4,5,9,cltk/tests/test_cltk.py
28884786,38,0,38,cltk/tokenize/sentence.py
28884786,0,0,0,cltk/tokenize/sentence/__init__.py
28884786,0,44,44,cltk/tokenize/sentence/tokenize_sentences.py
28884786,4,3,7,cltk/corpus/formatter.py
28884786,16,1,17,cltk/tests/test_cltk.py
28884786,0,2,2,cltk/corpus/formatter.py
28884786,16,12,28,cltk/tests/test_cltk.py
28884786,21,0,21,cltk/corpus/formatter.py
28884786,15,0,15,cltk/corpus/formatter.py
28884786,7,0,7,cltk/corpus/greek/corpora.py
28884786,178,0,178,cltk/corpus/greek/tlgu.py
28884786,4,2,6,cltk/corpus/importer.py
28884786,1,1,2,cltk/corpus/importer.py
28884786,42,0,42,cltk/corpus/greek/corpora.py
28884786,14,0,14,cltk/tests/test_cltk.py
28884786,5,0,5,cltk/corpus/importer.py
28884786,11,8,19,cltk/corpus/greek/beta_to_unicode.py
28884786,1,0,1,cltk/corpus/__init__.py
28884786,77,0,77,cltk/corpus/cltk_logging.py
28884786,137,0,137,cltk/corpus/importer.py
28884786,0,0,0,cltk/corpus/latin/__init__.py
28884786,1,1,2,setup.py
28884786,63,0,63,cltk/corpus/latin/available_corpora.py
28884786,2,0,2,cltk/corpus/greek/beta_to_unicode.py
28884786,6,3,9,cltk/tests/test_cltk.py
28884786,15,0,15,cltk/tag/pos/pos_tagger.py
28884786,12,0,12,cltk/tests/test_cltk.py
28884786,2,2,4,docs/conf.py
28884786,1,1,2,setup.py
28884786,11,0,11,cltk/tests/test_cltk.py
28884786,2,2,4,docs/conf.py
28884786,1,1,2,setup.py
28884786,12,0,12,cltk/tests/test_cltk.py
28884786,15,0,15,cltk/tag/pos/pos_tagger.py
28884786,2,2,4,docs/conf.py
28884786,1,1,2,setup.py
28884786,2,2,4,docs/conf.py
28884786,1,1,2,setup.py
28884786,1,1,2,cltk/tests/test_cltk.py
28884786,0,4,4,cltk/tests/test_cltk.py
28884786,0,2,2,cltk/corpus/common/compiler.py
28884786,2,4,6,cltk/tests/test_cltk.py
28884786,2,0,2,cltk/tests/test_cltk.py
28884786,2,2,4,docs/conf.py
28884786,1,1,2,setup.py
28884786,1,1,2,cltk/corpus/common/compiler.py
28884786,4,5,9,cltk/tests/test_cltk.py
28884786,3,6,9,cltk/tests/test_cltk.py
28884786,8,2,10,cltk/tests/test_cltk.py
28884786,2,0,2,cltk/tests/test_cltk.py
28884786,2,0,2,cltk/tests/test_cltk.py
28884786,0,5,5,cltk/tests/test_cltk.py
28884786,21,16,37,cltk/tests/test_cltk.py
28884786,2,2,4,docs/conf.py
28884786,1,1,2,setup.py
28884786,18,0,18,cltk/tests/test_cltk.py
28884786,2,2,4,docs/conf.py
28884786,1,1,2,setup.py
28884786,37,2,39,cltk/tests/test_cltk.py
28884786,1,2,3,cltk/tests/test_cltk.py
28884786,30,0,30,cltk/tag/pos/pos_tagger.py
28884786,2,2,4,cltk/tag/pos/pos_tagger.py
28884786,2,2,4,cltk/tokenize/sentence/tokenize_sentences.py
28884786,35,5,40,cltk/corpus/common/compiler.py
28884786,51,6,57,cltk/corpus/common/compiler.py
28884786,2,2,4,docs/conf.py
28884786,1,1,2,setup.py
28884786,10,10,20,cltk/corpus/common/compiler.py
28884786,21,4,25,cltk/corpus/common/compiler.py
28884786,0,0,0,cltk/tag/pos/greek/__init__.py
28884786,0,0,0,cltk/tag/pos/latin/__init__.py
28884786,0,0,0,cltk/tokenize/sentence/greek/__init__.py
28884786,0,0,0,cltk/tokenize/sentence/latin/__init__.py
28884786,2,2,4,docs/conf.py
28884786,1,1,2,setup.py
28884786,2,2,4,cltk/tag/pos/pos_tagger.py
28884786,2,2,4,cltk/tokenize/sentence/tokenize_sentences.py
28884786,2,2,4,docs/conf.py
28884786,1,1,2,setup.py
28884786,0,0,0,cltk/tag/pos/greek/__init__.py
28884786,0,0,0,cltk/tag/pos/latin/__init__.py
28884786,2,0,2,cltk/tests/test_cltk.py
28884786,0,1,1,cltk/tokenize/sentence/__init__.py
28884786,0,1,1,cltk/tokenize/sentence/greek/__init__.py
28884786,0,1,1,cltk/tokenize/sentence/latin/__init__.py
28884786,1,0,1,cltk/tokenize/sentence/greek/__init__.py
28884786,1,0,1,cltk/tokenize/sentence/latin/__init__.py
28884786,13,44,57,cltk/tests/test_cltk.py
28884786,0,1,1,cltk/tokenize/sentence/greek/__init__.py
28884786,0,45,45,cltk/tokenize/sentence/greek/sentence_tokenizer.py
28884786,0,1,1,cltk/tokenize/sentence/latin/__init__.py
28884786,0,45,45,cltk/tokenize/sentence/latin/sentence_tokenizer.py
28884786,44,0,44,cltk/tokenize/sentence/tokenize_sentences.py
28884786,2,2,4,docs/conf.py
28884786,1,1,2,setup.py
28884786,2,2,4,cltk/tests/test_cltk.py
28884786,5,4,9,cltk/tests/test_cltk.py
28884786,1,0,1,cltk/tokenize/sentence/__init__.py
28884786,1,0,1,cltk/tokenize/sentence/greek/__init__.py
28884786,0,0,0,cltk/tokenize/{ => sentence/greek}/sentence_tokenizer_greek.py
28884786,1,0,1,cltk/tokenize/sentence/latin/__init__.py
28884786,0,0,0,cltk/tokenize/{ => sentence/latin}/sentence_tokenizer_latin.py
28884786,2,2,4,docs/conf.py
28884786,1,1,2,setup.py
28884786,0,0,0,cltk/tag/__init__.py
28884786,0,0,0,cltk/tag/pos/__init__.py
28884786,30,0,30,cltk/tag/pos/pos_tagger.py
28884786,2,2,4,cltk/corpus/common/compiler.py
28884786,2,2,4,docs/conf.py
28884786,1,1,2,setup.py
28884786,2,2,4,cltk/corpus/common/compiler.py
28884786,2,2,4,docs/conf.py
28884786,1,1,2,setup.py
28884786,1,1,2,cltk/corpus/common/compiler.py
28884786,2,2,4,docs/conf.py
28884786,1,1,2,setup.py
28884786,2,2,4,docs/conf.py
28884786,1,1,2,setup.py
28884786,2,2,4,cltk/corpus/common/compiler.py
28884786,2,2,4,docs/conf.py
28884786,1,1,2,setup.py
28884786,2,4,6,cltk/corpus/common/compiler.py
28884786,0,0,0,cltk/corpus_api/__init__.py
28884786,0,0,0,cltk/corpus_api/common/__init__.py
28884786,0,939,939,cltk/corpus_api/common/compiler.py
28884786,0,85,85,cltk/corpus_api/common/corpora_attributes.py
28884786,0,18,18,cltk/corpus_api/config.py
28884786,0,265,265,cltk/corpus_api/corpus.py
28884786,0,37,37,cltk/corpus_api/doc.py
28884786,0,0,0,cltk/corpus_api/greek/__init__.py
28884786,0,390,390,cltk/corpus_api/greek/beta_to_unicode.py
28884786,0,135,135,cltk/corpus_api/greek/perseus_greek.py
28884786,0,191,191,cltk/corpus_api/greek/tlg.py
28884786,0,0,0,cltk/corpus_api/latin/__init__.py
28884786,0,22,22,cltk/corpus_api/latin/perseus_latin.py
28884786,0,63,63,cltk/corpus_api/latin/phi5.py
28884786,0,61,61,cltk/corpus_api/main.py
28884786,0,18,18,cltk/corpus_api/wrappers/diogenes.py
28884786,0,313,313,cltk/corpus_api/wrappers/iso9660.py
28884786,0,66,66,cltk/corpus_api/wrappers/logger.py
28884786,0,14,14,cltk/corpus_api/wrappers/soup_utils.py
28884786,0,144,144,cltk/corpus_api/wrappers/wrapper.py
28884786,18,0,18,cltk/corpus_api/wrappers/diogenes.py
28884786,313,0,313,cltk/corpus_api/wrappers/iso9660.py
28884786,66,0,66,cltk/corpus_api/wrappers/logger.py
28884786,14,0,14,cltk/corpus_api/wrappers/soup_utils.py
28884786,144,0,144,cltk/corpus_api/wrappers/wrapper.py
28884786,18,0,18,cltk/corpus_api/config.py
28884786,191,0,191,cltk/corpus_api/greek/tlg.py
28884786,0,0,0,cltk/corpus_api/latin/__init__.py
28884786,22,0,22,cltk/corpus_api/latin/perseus_latin.py
28884786,63,0,63,cltk/corpus_api/latin/phi5.py
28884786,61,0,61,cltk/corpus_api/main.py
28884786,0,0,0,cltk/stem/latin/__init__.py
28884786,22,0,22,cltk/stem/latin/j_and_v_converter.py
28884786,305936,0,305936,cltk/stem/latin/lemmata_list.py
28884786,22,0,22,cltk/stem/latin/lemmatizer.py
28884786,205,0,205,cltk/stem/latin/stemmer.py
28884786,0,0,0,cltk/stop/latin/__init__.py
28884786,103,0,103,cltk/stop/latin/stops.py
28884786,2,2,4,docs/conf.py
28884786,1,1,2,setup.py
28884786,0,0,0,cltk/corpus_api/__init__.py
28884786,0,0,0,cltk/corpus_api/common/__init__.py
28884786,939,0,939,cltk/corpus_api/common/compiler.py
28884786,85,0,85,cltk/corpus_api/common/corpora_attributes.py
28884786,265,0,265,cltk/corpus_api/corpus.py
28884786,37,0,37,cltk/corpus_api/doc.py
28884786,0,0,0,cltk/corpus_api/greek/__init__.py
28884786,390,0,390,cltk/corpus_api/greek/beta_to_unicode.py
28884786,135,0,135,cltk/corpus_api/greek/perseus_greek.py
28884786,2,2,4,docs/conf.py
28884786,1,1,2,setup.py
28884786,1,1,2,cltk/corpus/common/compiler.py
28884786,0,0,0,cltk/corpus/{classical_greek => greek}/__init__.py
28884786,0,0,0,cltk/corpus/{classical_greek => greek}/beta_to_unicode.py
28884786,0,22,22,cltk/stem/classical_latin/j_and_v_converter.py
28884786,0,305936,305936,cltk/stem/classical_latin/lemmata_list.py
28884786,0,22,22,cltk/stem/classical_latin/lemmatizer.py
28884786,0,205,205,cltk/stem/classical_latin/stemmer.py
28884786,0,0,0,cltk/stop/classical_greek/__init__.py
28884786,0,0,0,cltk/stop/classical_latin/__init__.py
28884786,0,103,103,cltk/stop/classical_latin/stops.py
28884786,0,0,0,cltk/{stem/classical_latin => stop/greek}/__init__.py
28884786,0,0,0,cltk/stop/{classical_greek => greek}/stops_unicode.py
28884786,4,4,8,cltk/tests/test_cltk.py
28884786,0,0,0,cltk/lexicon/__init__.py
28884786,0,0,0,cltk/lexicon/classical_greek/__init__.py
28884786,0,0,0,cltk/lexicon/classical_latin/__init__.py
28884786,305936,0,305936,cltk/stem/classical_latin/lemmata_list.py
28884786,2,4,6,cltk/corpus/common/compiler.py
28884786,2,2,4,docs/conf.py
28884786,1,1,2,setup.py
28884786,106,106,212,cltk/stem/classical_latin/stemmer.py
28884786,2,0,2,cltk/tests/test_cltk.py
28884786,15,3,18,cltk/corpus/common/compiler.py
28884786,2,2,4,docs/conf.py
28884786,2,1,3,setup.py
28884786,1,1,2,setup.py
28884786,2,2,4,docs/conf.py
28884786,9,1,10,cltk/corpus/common/compiler.py
28884786,0,0,0,cltk/tag/__init__.py
28884786,0,0,0,cltk/tag/classical_latin/__init__.py
28884786,0,433,433,cltk/tag/classical_latin/pos_latin.py
28884786,2,2,4,docs/conf.py
28884786,9,2,11,setup.py
28884786,1,2,3,setup.py
28884786,7,3,10,cltk/tokenize/sentence_tokenizer_greek.py
28884786,7,3,10,cltk/tokenize/sentence_tokenizer_latin.py
28884786,3,2,5,cltk/tests/test_cltk.py
28884786,22,0,22,cltk/tests/test_cltk.py
28884786,2,2,4,cltk/tokenize/sentence_tokenizer_greek.py
28884786,41,0,41,cltk/tokenize/sentence_tokenizer_latin.py
28884786,2,2,4,docs/conf.py
28884786,1,1,2,setup.py
28884786,2,2,4,cltk/tests/test_cltk.py
28884786,14,17,31,cltk/tests/test_cltk.py
28884786,1,1,2,cltk/tokenize/sentence_tokenizer_greek.py
28884786,2,2,4,docs/conf.py
28884786,2,3,5,setup.py
28884786,21,4,25,cltk/tests/test_cltk.py
28884786,3,2,5,cltk/tokenize/sentence_tokenizer_greek.py
28884786,2,3,5,cltk/tokenize/sentence_tokenizer_greek.py
28884786,11,1,12,cltk/tests/test_cltk.py
28884786,2,2,4,setup.py
28884786,0,0,0,cltk/{tokenizers => tokenize}/__init__.py
28884786,41,0,41,cltk/tokenize/sentence_tokenizer_greek.py
28884786,0,94,94,cltk/tokenizers/sentence_tokenizer.py
28884786,2,0,2,cltk/corpus/classical_greek/beta_to_unicode.py
28884786,2,0,2,cltk/corpus/common/compiler.py
28884786,3,0,3,cltk/stem/classical_latin/j_and_v_converter.py
28884786,3,0,3,cltk/stem/classical_latin/lemmatizer.py
28884786,8,1,9,cltk/stem/classical_latin/stemmer.py
28884786,32,33,65,cltk/stop/classical_greek/stops_unicode.py
28884786,4,0,4,cltk/stop/classical_latin/stops.py
28884786,4,0,4,cltk/tag/classical_latin/pos_latin.py
28884786,4,2,6,cltk/tests/test_cltk.py
28884786,3,0,3,cltk/tokenizers/sentence_tokenizer.py
28884786,1,1,2,cltk/tests/test_cltk.py
28884786,2,2,4,docs/conf.py
28884786,1,1,2,setup.py
28884786,36,24,60,cltk/corpus/classical_greek/beta_to_unicode.py
28884786,2,2,4,docs/conf.py
28884786,1,1,2,setup.py
28884786,15,9,24,cltk/stem/classical_latin/stemmer.py
28884786,4,5,9,cltk/stem/classical_latin/stemmer.py
28884786,177,62,239,cltk/stem/classical_latin/stemmer.py
28884786,78,0,78,cltk/stem/classical_latin/stemmer.py
28884786,2,2,4,docs/conf.py
28884786,1,1,2,setup.py
28884786,6,2,8,cltk/tokenizers/sentence_tokenizer.py
28884786,2,2,4,docs/conf.py
28884786,1,1,2,setup.py
28884786,4,2,6,cltk/tokenizers/sentence_tokenizer.py
28884786,2,2,4,cltk/tokenizers/sentence_tokenizer.py
28884786,10,15,25,cltk/tokenizers/sentence_tokenizer.py
28884786,46,2,48,cltk/tokenizers/sentence_tokenizer.py
28884786,45,0,45,cltk/corpus/common/compiler.py
28884786,123,74,197,cltk/tag/classical_latin/pos_latin.py
28884786,98,8,106,cltk/stop/classical_latin/stops.py
28884786,0,79,79,cltk/stop/classical_greek/stops_beta_code_lower.py
28884786,0,79,79,cltk/stop/classical_greek/stops_beta_code_upper.py
28884786,23,12,35,cltk/stop/classical_greek/stops_unicode.py
28884786,1,1,2,docs/conf.py
28884786,1,1,2,setup.py
28884786,15,7,22,cltk/stem/classical_latin/lemmatizer.py
28884786,14,14,28,cltk/stem/classical_latin/j_and_v_converter.py
28884786,21,25,46,cltk/corpus/classical_greek/beta_to_unicode.py
28884786,293,205,498,cltk/corpus/common/compiler.py
28884786,20,12,32,cltk/tests/test_cltk.py
28884786,2,2,4,cltk/tests/test_cltk.py
28884786,1,1,2,setup.py
28884786,1,1,2,cltk/stop/classical_greek/stops_unicode.py
28884786,1,1,2,cltk/stop/classical_latin/stops.py
28884786,3,5,8,cltk/tests/test_cltk.py
28884786,5,3,8,cltk/tests/test_cltk.py
28884786,1,1,2,setup.py
28884786,2,6,8,cltk/tests/test_cltk.py
28884786,3,1,4,cltk/tests/test_cltk.py
28884786,1,1,2,cltk/tests/test_cltk.py
28884786,2,0,2,cltk/tests/test_cltk.py
28884786,4,4,8,cltk/tests/test_cltk.py
28884786,1,0,1,setup.py
28884786,1,1,2,cltk/stop/classical_greek/stops_unicode.py
28884786,1,1,2,cltk/stop/classical_latin/stops.py
28884786,12,2,14,cltk/tests/test_cltk.py
28884786,1,1,2,setup.py
28884786,2,4,6,cltk/tests/test_ex.py
28884786,2,0,2,cltk/tests/test_ex.py
28884786,12,1,13,cltk/tests/test_ex.py
28884786,12,1,13,cltk/tests/test_ex.py
28884786,2,2,4,cltk/tests/test_ex.py
28884786,10,2,12,cltk/tests/test_ex.py
28884786,2,2,4,docs/conf.py
28884786,4,2,6,setup.py
28884786,26,58,84,cltk/tokenizers/sentence_tokenizer.py
28884786,3,0,3,cltk/tests/test_ex.py
28884786,8,0,8,cltk/stop/classical_latin/stops.py
28884786,0,23,23,cltk/stop/classical_latin/tmp_stopword_filter.py
28884786,12,0,12,cltk/corpus/classical_greek/beta_to_unicode.py
28884786,12,0,12,cltk/stop/classical_greek/stops_unicode.py
28884786,1,1,2,setup.py
28884786,0,65,65,cltk/tokenizers/transformer.py
28884786,0,2,2,cltk/tokenizers/sentence_tokenizer.py
28884786,42,13,55,cltk/tokenizers/sentence_tokenizer.py
28884786,2,2,4,setup.py
28884786,34,0,34,cltk/corpus/common/compiler.py
28884786,51,0,51,cltk/tokenizers/sentence_tokenizer.py
28884786,65,0,65,cltk/tokenizers/transformer.py
28884786,0,31,31,cltk/tokenizers/sentence_tokenizer.py
28884786,0,33,33,cltk/tokenizers/build_tokenizer.py
28884786,31,0,31,cltk/tokenizers/sentence_tokenizer.py
28884786,0,121,121,cltk/tokenizers/sentence_tokenizer_notes.py
28884786,4,4,8,cltk/tokenizers/build_tokenizer.py
28884786,0,0,0,cltk/tokenizers/__init__.py
28884786,33,0,33,cltk/tokenizers/build_tokenizer.py
28884786,43,1,44,cltk/tokenizers/sentence_tokenizer_notes.py
28884786,79,0,79,cltk/tokenizers/sentence_tokenizer_notes.py
28884786,46,0,46,cltk/tag/classical_latin/tagger_notes.py
28884786,10,10,20,cltk/corpus/common/compiler.py
28884786,0,266,266,cltk/tag/classical_latin/pos_latin_manual.py
28884786,0,1,1,cltk/tag/classical_latin/pos_latin.py
28884786,0,1,1,cltk/tag/classical_latin/pos_latin.py
28884786,1,1,2,setup.py
28884786,2,2,4,cltk/tag/classical_latin/pos_latin.py
28884786,1,1,2,cltk/tag/classical_latin/pos_latin.py
28884786,1,1,2,cltk/tag/classical_latin/pos_latin.py
28884786,4,16,20,cltk/tag/classical_latin/pos_latin.py
28884786,1,1,2,cltk/tag/classical_latin/pos_latin.py
28884786,16,2,18,cltk/tag/classical_latin/pos_latin.py
28884786,14,7,21,cltk/tag/classical_latin/pos_latin.py
28884786,8,6,14,cltk/tag/classical_latin/pos_latin.py
28884786,9,5,14,cltk/tag/classical_latin/pos_latin.py
28884786,8,7,15,cltk/tag/classical_latin/pos_latin.py
28884786,24,10,34,cltk/tag/classical_latin/pos_latin.py
28884786,16,3,19,cltk/tag/classical_latin/pos_latin.py
28884786,0,1,1,cltk/tag/classical_latin/pos_latin.py
28884786,16,13,29,cltk/tag/classical_latin/pos_latin.py
28884786,37,34,71,cltk/tag/classical_latin/pos_latin.py
28884786,13,9,22,cltk/tag/classical_latin/pos_latin.py
28884786,14,13,27,cltk/tag/classical_latin/pos_latin.py
28884786,11,7,18,cltk/tag/classical_latin/pos_latin.py
28884786,39,44,83,cltk/tag/classical_latin/pos_latin.py
28884786,0,0,0,cltk/tag/__init__.py
28884786,288,224,512,cltk/tag/classical_latin/pos_latin.py
28884786,266,0,266,cltk/tag/classical_latin/pos_latin_manual.py
28884786,0,0,0,cltk/parse/classical_latin/__init__.py
28884786,0,266,266,cltk/parse/classical_latin/parse_latin_analyses.py
28884786,0,0,0,cltk/tag/classical_latin/__init__.py
28884786,266,0,266,cltk/tag/classical_latin/parse_latin_analyses.py
28884786,35,0,35,cltk/corpus/common/compiler.py
28884786,1,1,2,cltk/parse/classical_latin/parse_latin_analyses.py
28884786,1,1,2,cltk/corpus/common/compiler.py
28884786,1,1,2,setup.py
28884786,36,0,36,cltk/corpus/common/compiler.py
28884786,0,0,0,cltk/corpus/classical_latin/treebank/__init__.py
28884786,1,2,3,cltk/corpus/common/compiler.py
28884786,1,1,2,setup.py
28884786,12,2,14,cltk/corpus/common/compiler.py
28884786,2,0,2,cltk/corpus/common/compiler.py
28884786,1,1,2,cltk/corpus/common/compiler.py
28884786,32,3,35,cltk/corpus/common/compiler.py
28884786,34,37,71,cltk/corpus/common/compiler.py
28884786,1,1,2,setup.py
28884786,1,1,2,setup.py
28884786,0,0,0,cltk/corpus/classical_greek/treebank/__init__.py
28884786,0,0,0,cltk/corpus/classical_greek/plaintext/__init__.py
28884786,0,40,40,cltk/corpus/classical_greek/perseus_compiler.py
28884786,0,22,22,cltk/corpus/classical_greek/perseus_compiler_print_text.py
28884786,40,5,45,cltk/corpus/common/compiler.py
28884786,31,5,36,cltk/corpus/common/compiler.py
28884786,0,0,0,cltk/corpus/classical_latin/__init__.py
28884786,0,0,0,cltk/corpus/classical_latin/plaintext/__init__.py
28884786,4,3,7,cltk/corpus/common/compiler.py
28884786,1,1,2,cltk/corpus/common/compiler.py
28884786,1,1,2,setup.py
28884786,1,1,2,setup.py
28884786,43,2,45,cltk/corpus/common/compiler.py
28884786,1,1,2,cltk/corpus/common/compiler.py
28884786,6,0,6,cltk/corpus/common/compiler.py
28884786,1,1,2,cltk/corpus/common/compiler.py
28884786,36,19,55,cltk/corpus/common/compiler.py
28884786,10,0,10,cltk/corpus/common/compiler.py
28884786,1,1,2,setup.py
28884786,3,0,3,cltk/corpus/common/compiler.py
28884786,1,1,2,cltk/corpus/common/compiler.py
28884786,1,1,2,setup.py
28884786,6,9,15,cltk/corpus/common/compiler.py
28884786,131,2,133,cltk/corpus/common/compiler.py
28884786,37,2,39,cltk/corpus/common/compiler.py
28884786,100,1,101,cltk/corpus/common/compiler.py
28884786,1,6,7,cltk/corpus/common/compiler.py
28884786,1,1,2,setup.py
28884786,1,1,2,setup.py
28884786,9,8,17,cltk/corpus/common/compiler.py
28884786,6,9,15,cltk/corpus/common/compiler.py
28884786,1,3,4,cltk/corpus/common/compiler.py
28884786,2,34,36,cltk/corpus/common/compiler.py
28884786,48,12,60,cltk/corpus/common/compiler.py
28884786,16,8,24,cltk/corpus/common/compiler.py
28884786,62,7,69,cltk/corpus/common/compiler.py
28884786,63,474,537,cltk/corpus/common/compiler.py
28884786,2,2,4,docs/conf.py
28884786,19,22,41,cltk/corpus/common/compiler.py
28884786,75,36,111,cltk/corpus/common/compiler.py
28884786,1,1,2,setup.py
28884786,51,3,54,cltk/corpus/common/compiler.py
28884786,3,1,4,cltk/corpus/common/compiler.py
28884786,4,2,6,cltk/corpus/common/compiler.py
28884786,9,6,15,cltk/corpus/common/compiler.py
28884786,1,1,2,cltk/parse/classical_latin/parse_latin_analyses.py
28884786,2,67,69,cltk/parse/classical_latin/parse_latin_analyses.py
28884786,19,2,21,cltk/parse/classical_latin/parse_latin_analyses.py
28884786,3,1,4,cltk/parse/classical_latin/parse_latin_analyses.py
28884786,0,7,7,cltk/parse/classical_latin/parse_latin_analyses.py
28884786,46,19,65,cltk/parse/classical_latin/parse_latin_analyses.py
28884786,46,19,65,cltk/parse/classical_latin/parse_latin_analyses.py
28884786,27,24,51,cltk/parse/classical_latin/parse_latin_analyses.py
28884786,27,24,51,cltk/parse/classical_latin/parse_latin_analyses.py
28884786,11,2,13,cltk/parse/classical_latin/parse_latin_analyses.py
28884786,11,2,13,cltk/parse/classical_latin/parse_latin_analyses.py
28884786,21,15,36,cltk/parse/classical_latin/parse_latin_analyses.py
28884786,21,15,36,cltk/parse/classical_latin/parse_latin_analyses.py
28884786,6,3,9,cltk/parse/classical_latin/parse_latin_analyses.py
28884786,6,3,9,cltk/parse/classical_latin/parse_latin_analyses.py
28884786,4,2,6,cltk/parse/classical_latin/parse_latin_analyses.py
28884786,4,2,6,cltk/parse/classical_latin/parse_latin_analyses.py
28884786,20,4,24,cltk/parse/classical_latin/parse_latin_analyses.py
28884786,13,2,15,cltk/parse/classical_latin/parse_latin_analyses.py
28884786,4,2,6,cltk/parse/classical_latin/parse_latin_analyses.py
28884786,9,1,10,cltk/parse/classical_latin/parse_latin_analyses.py
28884786,4,3,7,cltk/parse/classical_latin/parse_latin_analyses.py
28884786,20,2,22,cltk/parse/classical_latin/parse_latin_analyses.py
28884786,14,1,15,cltk/parse/classical_latin/parse_latin_analyses.py
28884786,9,5,14,cltk/parse/classical_latin/parse_latin_analyses.py
28884786,10,2,12,cltk/parse/classical_latin/parse_latin_analyses.py
28884786,10,1,11,cltk/parse/classical_latin/parse_latin_analyses.py
28884786,53,13,66,cltk/parse/classical_latin/parse_latin_analyses.py
28884786,17,5,22,cltk/parse/classical_latin/parse_latin_analyses.py
28884786,6,59,65,cltk/parse/classical_latin/parse_latin_analyses.py
28884786,39,3,42,cltk/parse/classical_latin/parse_latin_analyses.py
28884786,47,2,49,cltk/parse/classical_latin/parse_latin_analyses.py
28884786,17,7,24,cltk/parse/classical_latin/parse_latin_analyses.py
28884786,18,2,20,cltk/parse/classical_latin/parse_latin_analyses.py
28884786,6,0,6,cltk/parse/classical_latin/parse_latin_analyses.py
28884786,0,0,0,cltk/parse/classical_latin/parse_latin_analyses.py
28884786,39,0,39,cltk/corpus/common/compiler.py
28884786,1,1,2,setup.py
28884786,32,35,67,cltk/corpus/common/compiler.py
28884786,17,4,21,cltk/corpus/common/compiler.py
28884786,28,1,29,cltk/corpus/common/compiler.py
28884786,4,3,7,cltk/corpus/common/compiler.py
28884786,1,1,2,setup.py
28884786,4,4,8,cltk/corpus/common/compiler.py
28884786,5,2,7,cltk/corpus/common/compiler.py
28884786,2,1,3,cltk/corpus/common/compiler.py
28884786,8,2,10,cltk/corpus/common/compiler.py
28884786,24,5,29,cltk/corpus/common/compiler.py
28884786,15,3,18,cltk/corpus/common/compiler.py
28884786,0,1,1,cltk/corpus/common/compiler.py
28884786,34,0,34,cltk/corpus/common/compiler.py
28884786,12,6,18,cltk/corpus/common/compiler.py
28884786,27,0,27,cltk/corpus/common/compiler.py
28884786,1,1,2,setup.py
28884786,1,1,2,setup.py
28884786,3,0,3,cltk/corpus/common/compiler.py
28884786,31,0,31,cltk/corpus/common/compiler.py
28884786,7,0,7,cltk/corpus/common/compiler.py
28884786,33,24,57,cltk/corpus/common/compiler.py
28884786,1,1,2,setup.py
28884786,19,21,40,cltk/corpus/common/compiler.py
28884786,4,3,7,cltk/corpus/common/compiler.py
28884786,1,1,2,setup.py
28884786,1,1,2,cltk/corpus/common/compiler.py
28884786,3,1,4,cltk/corpus/common/compiler.py
28884786,7,5,12,cltk/corpus/common/compiler.py
28884786,1,1,2,setup.py
28884786,0,229,229,cltk/corpus/common/compiler_files.py
28884786,31,0,31,cltk/corpus/common/compiler.py
28884786,1,1,2,setup.py
28884786,229,0,229,cltk/corpus/common/compiler_files.py
28884786,0,27,27,cltk/corpus/classical_greek/replacer.py
28884786,84,1,85,cltk/corpus/classical_greek/replacer.py
28884786,1,1,2,setup.py
28884786,3,3,6,docs/conf.py
28884786,1,1,2,setup.py
28884786,19,1,20,cltk/corpus/classical_greek/perseus_compiler.py
28884786,22,0,22,cltk/corpus/classical_greek/perseus_compiler_print_text.py
28884786,6,19,25,cltk/corpus/classical_greek/perseus_compiler.py
28884786,25,8,33,cltk/corpus/classical_greek/perseus_compiler.py
28884786,18,0,18,cltk/corpus/classical_greek/perseus_compiler.py
28884786,13,1,14,cltk/corpus/classical_greek/replacer.py
28884786,0,9,9,example/classical_greek/beta_code_replace.py
28884786,0,6,6,example/classical_greek/compile_tlg.py
28884786,0,16,16,example/classical_greek/filter_stopwords.py
28884786,0,5,5,example/classical_latin/compile_phi.py
28884786,0,14,14,example/classical_latin/filter_stopwords.py
28884786,0,5,5,example/classical_latin/jv_convert.py
28884786,262,0,262,docs/conf.py
28884786,29,0,29,cltk/tests/test_ex.py
28884786,120,1,121,cltk/stop/classical_greek/stops_unicode.py
28884786,1,1,2,setup.py
28884786,16,0,16,example/classical_greek/filter_stopwords.py
28884786,1,0,1,cltk/stop/classical_greek/stops_unicode.py
28884786,0,94,94,cltk/stop/classical_latin/latin.py
28884786,1,93,94,cltk/stop/classical_latin/stops.py
28884786,1,1,2,example/classical_latin/filter_stopwords.py
28884786,1,1,2,setup.py
28884786,14,0,14,example/classical_latin/filter_stopwords.py
28884786,0,7,7,example/classical_greek/compile_example.py
28884786,6,0,6,example/classical_greek/compile_tlg.py
28884786,0,1,1,example/classical_latin/compile_phi.py
28884786,0,0,0,cltk/corpus/common/__init__.py
28884786,1,2,3,cltk/corpus/common/compiler.py
28884786,0,225,225,cltk/corpus/common/compiler_no_trans.py
28884786,4,5,9,example/classical_latin/compile_phi.py
28884786,5,0,5,example/classical_latin/jv_convert.py
28884786,0,0,0,{examples => example/classical_greek}/beta_trans_example.py
28884786,0,0,0,{examples => example/classical_greek}/compile_example.py
28884786,7,0,7,example/classical_latin/compile_example.py
28884786,0,0,0,cltk/corpus/classical_greek/__init__.py
28884786,0,0,0,cltk/corpus/classical_greek/plaintext/__init__.py
28884786,0,0,0,cltk/corpus/classical_greek/treebank/__init__.py
28884786,0,0,0,cltk/lexicon/classical_greek/__init__.py
28884786,0,0,0,cltk/lexicon/classical_latin/__init__.py
28884786,0,0,0,cltk/parse/classical_latin/__init__.py
28884786,0,0,0,cltk/stop/classical_greek/__init__.py
28884786,0,0,0,cltk/stop/classical_latin/__init__.py
28884786,1,1,2,setup.py
28884786,0,0,0,cltk/{ => corpus/classical_greek}/replacer.py
28884786,0,0,0,cltk/corpus/classical_latin/__init__.py
28884786,0,0,0,cltk/{ => corpus/common}/compiler.py
28884786,0,0,0,cltk/{ => corpus/common}/compiler_no_trans.py
28884786,0,0,0,cltk/corpus/__init__.py
28884786,0,0,0,cltk/lexicon/__init__.py
28884786,0,0,0,cltk/parse/__init__.py
28884786,0,0,0,cltk/stem/__init__.py
28884786,0,0,0,cltk/stem/classical_latin/__init__.py
28884786,19,0,19,cltk/stem/classical_latin/j_and_v_converter.py
28884786,11,0,11,cltk/stem/classical_latin/lemmatizer.py
28884786,0,0,0,cltk/stop/__init__.py
28884786,94,0,94,cltk/stop/classical_latin/latin.py
28884786,23,0,23,cltk/stop/classical_latin/stopword_filter.py
28884786,0,0,0,{corpora/classical_latin/linguistic_data/lemma => cltk/corpus/classical_latin/plaintext}/__init__.py
28884786,0,0,0,{corpora/classical_latin/linguistic_data/stop => cltk/corpus/classical_latin/treebank}/__init__.py
28884786,0,19,19,corpora/classical_latin/linguistic_data/lemma/j_and_v_converter.py
28884786,0,11,11,corpora/classical_latin/linguistic_data/lemma/lemmatizer.py
28884786,0,94,94,corpora/classical_latin/linguistic_data/stop/latin.py
28884786,0,23,23,corpora/classical_latin/linguistic_data/stop/stopword_filter.py
28884786,0,0,0,corpora/{Classical Latin => classical_latin}/linguistic_data/lemma/__init__.py
28884786,0,0,0,corpora/{Classical Latin => classical_latin}/linguistic_data/lemma/j_and_v_converter.py
28884786,0,0,0,corpora/{Classical Latin => classical_latin}/linguistic_data/lemma/lemmatizer.py
28884786,0,0,0,corpora/{Classical Latin => classical_latin}/linguistic_data/stop/__init__.py
28884786,0,0,0,corpora/{Classical Latin => classical_latin}/linguistic_data/stop/latin.py
28884786,0,0,0,corpora/{Classical Latin => classical_latin}/linguistic_data/stop/stopword_filter.py
28884786,0,0,0,corpora/Classical Latin/linguistic_data/lemma/__init__.py
28884786,19,0,19,corpora/Classical Latin/linguistic_data/lemma/j_and_v_converter.py
28884786,11,0,11,corpora/Classical Latin/linguistic_data/lemma/lemmatizer.py
28884786,0,0,0,corpora/Classical Latin/linguistic_data/stop/__init__.py
28884786,94,0,94,corpora/Classical Latin/linguistic_data/stop/latin.py
28884786,23,0,23,corpora/Classical Latin/linguistic_data/stop/stopword_filter.py
28884786,2,2,4,cltk/compiler.py
28884786,14,9,23,cltk/compiler.py
28884786,0,7,7,cltk/compiler_ex_3.py
28884786,0,249,249,cltk/corpus_compiler_multiline_insert.py
28884786,0,248,248,cltk/corpus_compiler_multiline_insert_2.py
28884786,0,231,231,cltk/corpus_compiler_multiline_insert_3.py
28884786,0,1,1,examples/beta_convert_ex.py
28884786,3,3,6,examples/compile_example.py
28884786,0,8,8,examples/compiler_ex_3.py
28884786,7,0,7,cltk/compiler_ex_3.py
28884786,1,1,2,setup.py
28884786,8,3,11,cltk/corpus_compiler_multiline_insert_2.py
28884786,1,1,2,setup.py
28884786,231,0,231,cltk/corpus_compiler_multiline_insert_3.py
28884786,249,0,249,cltk/corpus_compiler_multiline_insert.py
28884786,243,0,243,cltk/corpus_compiler_multiline_insert_2.py
28884786,2,1,3,examples/compiler_ex_3.py
28884786,0,3,3,cltk/corpus_compiler.py
28884786,7,0,7,examples/compiler_ex_3.py
28884786,1,1,2,setup.py
28884786,3,0,3,cltk/compiler.py
28884786,7,1,8,cltk/corpus_compiler.py
28884786,0,1,1,cltk/replacer.py
28884786,1,1,2,setup.py
28884786,1,0,1,cltk/corpus_compiler.py
28884786,0,0,0,beta_test_2.py => examples/beta_test_2.py
28884786,1,1,2,setup.py
28884786,0,275,275,cltk/betacode_translations.py
28884786,1,2,3,cltk/beta_convert_test.py => beta_test_2.py
28884786,2,34,36,cltk/corpus_compiler.py
28884786,307,0,307,cltk/replacer.py
28884786,1,0,1,examples/beta_convert_ex.py
28884786,4,4,8,examples/compile_example.py
28884786,1,1,2,setup.py
28884786,5,7,12,cltk/beta_convert_test.py
28884786,256,0,256,cltk/corpus_compiler.py
28884786,11,7,18,cltk/beta_convert.py
28884786,20,292,312,cltk/beta_convert.py
28884786,12,0,12,cltk/beta_convert_test.py
28884786,332,110,442,cltk/beta_convert.py
28884786,2,0,2,cltk/beta_convert.py
28884786,25,23,48,cltk/beta_convert.py
28884786,146,4,150,cltk/beta_convert.py
28884786,3,0,3,cltk/beta_convert.py
28884786,1,0,1,cltk/beta_convert.py
28884786,4,6,10,cltk/beta_convert.py
28884786,16,0,16,cltk/beta_convert.py
28884786,12,4,16,cltk/beta_convert.py
28884786,81,3,84,cltk/beta_convert.py
28884786,107,0,107,cltk/beta_convert.py
28884786,4,0,4,cltk/beta_convert_test.py
28884786,4,4,8,cltk/compiler.py
28884786,4,3,7,examples/compile_example.py
28884786,1,1,2,setup.py
28884786,2,3,5,setup.py
28884786,23,19,42,cltk/compiler.py
28884786,3,1,4,setup.py
28884786,1,3,4,examples/compile_example.py
28884786,3,4,7,examples/try.py
28884786,0,0,0,cltk/__init__.py
28884786,218,0,218,cltk/compiler.py
28884786,9,0,9,examples/try.py
28884786,34,0,34,setup.py
29817913,3,1,4,connector_carepoint/models/carepoint_backend.py
29817913,4,2,6,connector_carepoint/tests/test_carepoint_backend.py
29817913,23,13,36,connector_carepoint/models/carepoint_backend.py
29817913,12,6,18,connector_carepoint/tests/test_carepoint_backend.py
29817913,1,1,2,connector_carepoint/models/carepoint_backend.py
29817913,2,2,4,connector_carepoint/models/fdb_ndc.py
29817913,6,6,12,connector_carepoint/models/medical_patient.py
29817913,1,1,2,connector_carepoint/models/medical_patient_disease.py
29817913,1,1,2,connector_carepoint/models/stock_warehouse.py
29817913,5,5,10,connector_carepoint/tests/models/test_carepoint_store.py
29817913,2,2,4,connector_carepoint/tests/models/test_fdb_ndc.py
29817913,1,1,2,connector_carepoint/tests/models/test_medical_patient.py
29817913,2,2,4,first_databank/__manifest__.py
29817913,2,0,2,connector_carepoint/unit/backend_adapter.py
29817913,1,1,2,connector_carepoint/backend.py
29817913,3,3,6,connector_carepoint/connector.py
29817913,6,6,12,connector_carepoint/consumer.py
29817913,0,23,23,connector_carepoint/migrations/9.0.1.3.0/pre-migrate.py
29817913,9,9,18,connector_carepoint/models/__init__.py
29817913,19,19,38,connector_carepoint/models/account_invoice_line.py
29817913,24,24,48,connector_carepoint/models/address.py
29817913,5,6,11,connector_carepoint/models/address_abstract.py
29817913,21,21,42,connector_carepoint/models/address_organization.py
29817913,21,21,42,connector_carepoint/models/address_patient.py
29817913,21,21,42,connector_carepoint/models/address_physician.py
29817913,20,20,40,connector_carepoint/models/address_store.py
29817913,20,20,40,connector_carepoint/models/carepoint_account.py
29817913,4,4,8,connector_carepoint/models/carepoint_backend.py
29817913,26,26,52,connector_carepoint/models/carepoint_item.py
29817913,21,21,42,connector_carepoint/models/carepoint_organization.py
29817913,18,18,36,connector_carepoint/models/carepoint_person.py
29817913,1,1,2,connector_carepoint/models/carepoint_state.py
29817913,25,25,50,connector_carepoint/models/carepoint_store.py
29817913,22,32,54,connector_carepoint/models/carepoint_vendor.py
29817913,14,14,28,connector_carepoint/models/fdb_form.py
29817913,13,13,26,connector_carepoint/models/fdb_gcn.py
29817913,13,13,26,connector_carepoint/models/fdb_gcn_seq.py
29817913,13,13,26,connector_carepoint/models/fdb_img.py
29817913,14,14,28,connector_carepoint/models/fdb_img_date.py
29817913,15,15,30,connector_carepoint/models/fdb_img_id.py
29817913,14,14,28,connector_carepoint/models/fdb_img_mfg.py
29817913,13,13,26,connector_carepoint/models/fdb_lbl_rid.py
29817913,14,14,28,connector_carepoint/models/fdb_ndc.py
29817913,14,14,28,connector_carepoint/models/fdb_ndc_cs_ext.py
29817913,13,13,26,connector_carepoint/models/fdb_pem_moe.py
29817913,12,12,24,connector_carepoint/models/fdb_pem_mogc.py
29817913,14,14,28,connector_carepoint/models/fdb_route.py
29817913,14,14,28,connector_carepoint/models/fdb_unit.py
29817913,14,14,28,connector_carepoint/models/medical_medicament_attribute.py
29817913,13,13,26,connector_carepoint/models/medical_medicament_attribute_type.py
29817913,18,18,36,connector_carepoint/models/medical_pathology.py
29817913,17,17,34,connector_carepoint/models/medical_pathology_code_type.py
29817913,19,19,38,connector_carepoint/models/medical_patient.py
29817913,22,22,44,connector_carepoint/models/medical_patient_disease.py
29817913,18,18,36,connector_carepoint/models/medical_physician.py
29817913,21,21,42,connector_carepoint/models/medical_prescription_order.py
29817913,21,21,42,connector_carepoint/models/medical_prescription_order_line.py
29817913,22,22,44,connector_carepoint/models/phone.py
29817913,5,6,11,connector_carepoint/models/phone_abstract.py
29817913,21,21,42,connector_carepoint/models/phone_organization.py
29817913,21,21,42,connector_carepoint/models/phone_patient.py
29817913,21,21,42,connector_carepoint/models/phone_physician.py
29817913,20,20,40,connector_carepoint/models/phone_store.py
29817913,18,18,36,connector_carepoint/models/procurement_order.py
29817913,17,17,34,connector_carepoint/models/res_users.py
29817913,16,16,32,connector_carepoint/models/sale_order.py
29817913,18,18,36,connector_carepoint/models/sale_order_line.py
29817913,17,17,34,connector_carepoint/models/sale_order_line_non_rx.py
29817913,18,18,36,connector_carepoint/models/stock_picking.py
29817913,17,17,34,connector_carepoint/models/stock_warehouse.py
29817913,2,2,4,connector_carepoint/related_action.py
29817913,4,4,8,connector_carepoint/tests/common.py
29817913,2,2,4,connector_carepoint/tests/models/test_account_invoice_line.py
29817913,1,1,2,connector_carepoint/tests/models/test_address.py
29817913,1,1,2,connector_carepoint/tests/models/test_address_abstract.py
29817913,2,2,4,connector_carepoint/tests/models/test_address_organization.py
29817913,2,2,4,connector_carepoint/tests/models/test_address_patient.py
29817913,2,2,4,connector_carepoint/tests/models/test_address_physician.py
29817913,2,2,4,connector_carepoint/tests/models/test_address_store.py
29817913,1,1,2,connector_carepoint/tests/models/test_carepoint_account.py
29817913,1,1,2,connector_carepoint/tests/models/test_carepoint_item.py
29817913,1,1,2,connector_carepoint/tests/models/test_carepoint_organization.py
29817913,1,1,2,connector_carepoint/tests/models/test_carepoint_store.py
29817913,1,1,2,connector_carepoint/tests/models/test_carepoint_vendor.py
29817913,2,2,4,connector_carepoint/tests/models/test_fdb_img.py
29817913,2,2,4,connector_carepoint/tests/models/test_fdb_img_date.py
29817913,2,2,4,connector_carepoint/tests/models/test_fdb_img_id.py
29817913,2,2,4,connector_carepoint/tests/models/test_fdb_img_mfg.py
29817913,2,2,4,connector_carepoint/tests/models/test_fdb_ndc.py
29817913,2,2,4,connector_carepoint/tests/models/test_fdb_unit.py
29817913,1,1,2,connector_carepoint/tests/models/test_medical_pathology.py
29817913,1,1,2,connector_carepoint/tests/models/test_medical_pathology_type_code.py
29817913,1,1,2,connector_carepoint/tests/models/test_medical_patient.py
29817913,1,1,2,connector_carepoint/tests/models/test_medical_patient_disease.py
29817913,1,1,2,connector_carepoint/tests/models/test_medical_physician.py
29817913,2,2,4,connector_carepoint/tests/models/test_medical_prescription_order_line.py
29817913,1,1,2,connector_carepoint/tests/models/test_phone.py
29817913,1,1,2,connector_carepoint/tests/models/test_phone_abstract.py
29817913,2,2,4,connector_carepoint/tests/models/test_phone_organization.py
29817913,2,2,4,connector_carepoint/tests/models/test_phone_patient.py
29817913,2,2,4,connector_carepoint/tests/models/test_phone_physician.py
29817913,2,2,4,connector_carepoint/tests/models/test_phone_store.py
29817913,2,2,4,connector_carepoint/tests/models/test_procurement_order.py
29817913,2,2,4,connector_carepoint/tests/models/test_sale_order.py
29817913,2,2,4,connector_carepoint/tests/models/test_sale_order_line.py
29817913,2,2,4,connector_carepoint/tests/models/test_stock_picking.py
29817913,1,1,2,connector_carepoint/tests/models/test_stock_warehouse.py
29817913,2,2,4,connector_carepoint/tests/test_backend_adapter.py
29817913,4,4,8,connector_carepoint/tests/test_base_exporter.py
29817913,2,2,4,connector_carepoint/tests/test_batch_importer.py
29817913,9,9,18,connector_carepoint/tests/test_binder.py
29817913,4,4,8,connector_carepoint/tests/test_carepoint_backend.py
29817913,2,2,4,connector_carepoint/tests/test_carepoint_deleter.py
29817913,3,3,6,connector_carepoint/tests/test_carepoint_exporter.py
29817913,1,1,2,connector_carepoint/tests/test_carepoint_import_mapper.py
29817913,3,3,6,connector_carepoint/tests/test_carepoint_importer.py
29817913,2,2,4,connector_carepoint/tests/test_connector.py
29817913,2,2,4,connector_carepoint/tests/test_consumer.py
29817913,2,2,4,connector_carepoint/tests/test_delayed_batch_importer.py
29817913,2,2,4,connector_carepoint/tests/test_direct_batch_importer.py
29817913,1,1,2,connector_carepoint/tests/test_mapper.py
29817913,1,1,2,connector_carepoint/tests/test_partner_import_mapper.py
29817913,1,1,2,connector_carepoint/tests/test_person_export_mapper.py
29817913,1,1,2,connector_carepoint/tests/test_person_import_mapper.py
29817913,3,3,6,connector_carepoint/tests/test_related_action.py
29817913,1,1,2,connector_carepoint/unit/backend_adapter.py
29817913,7,7,14,connector_carepoint/unit/binder.py
29817913,2,2,4,connector_carepoint/unit/delete_synchronizer.py
29817913,9,9,18,connector_carepoint/unit/export_synchronizer.py
29817913,5,5,10,connector_carepoint/unit/import_synchronizer.py
29817913,5,5,10,connector_carepoint/unit/mapper.py
29817913,1,1,2,first_databank/models/__init__.py
29817913,1,1,2,first_databank/models/fdb_form.py
29817913,1,1,2,first_databank/models/fdb_gcn.py
29817913,1,1,2,first_databank/models/fdb_gcn_seq.py
29817913,1,1,2,first_databank/models/fdb_img.py
29817913,1,1,2,first_databank/models/fdb_img_date.py
29817913,1,1,2,first_databank/models/fdb_img_id.py
29817913,1,1,2,first_databank/models/fdb_img_mfg.py
29817913,1,1,2,first_databank/models/fdb_lbl_rid.py
29817913,1,1,2,first_databank/models/fdb_ndc.py
29817913,1,1,2,first_databank/models/fdb_ndc_cs_ext.py
29817913,1,1,2,first_databank/models/fdb_pem_moe.py
29817913,1,1,2,first_databank/models/fdb_pem_mogc.py
29817913,1,1,2,first_databank/models/fdb_route.py
29817913,1,1,2,first_databank/models/fdb_unit.py
29817913,1,1,2,website_first_databank/models/carepoint_backend.py
29817913,2,2,4,website_first_databank/models/fdb_ndc.py
29817913,2,2,4,website_first_databank/wizards/website_fdb_medicament_description.py
29817913,12,16,28,connector_carepoint/models/medical_prescription_order.py
29817913,10,0,10,connector_carepoint/models/carepoint_account.py
29817913,21,0,21,connector_carepoint/tests/models/test_carepoint_account.py
29817913,14,0,14,connector_carepoint/consumer.py
29817913,2,2,4,connector_carepoint/models/address.py
29817913,12,4,16,connector_carepoint/models/address_abstract.py
29817913,5,0,5,connector_carepoint/models/address_patient.py
29817913,26,5,31,connector_carepoint/models/carepoint_backend.py
29817913,6,3,9,connector_carepoint/models/medical_patient_disease.py
29817913,8,5,13,connector_carepoint/models/medical_prescription_order.py
29817913,10,6,16,connector_carepoint/models/medical_prescription_order_line.py
29817913,17,20,37,connector_carepoint/models/phone.py
29817913,77,57,134,connector_carepoint/models/phone_abstract.py
29817913,24,1,25,connector_carepoint/models/phone_patient.py
29817913,35,0,35,connector_carepoint/tests/models/test_address_patient.py
29817913,2,2,4,connector_carepoint/tests/models/test_carepoint_account.py
29817913,6,6,12,connector_carepoint/tests/models/test_carepoint_store.py
29817913,72,0,72,connector_carepoint/tests/models/test_phone.py
29817913,68,48,116,connector_carepoint/tests/models/test_phone_abstract.py
29817913,55,0,55,connector_carepoint/tests/models/test_phone_patient.py
29817913,15,0,15,connector_carepoint/tests/test_carepoint_backend.py
29817913,9,0,9,connector_carepoint/tests/test_mapper.py
29817913,2,0,2,connector_carepoint/unit/backend_adapter.py
29817913,3,0,3,connector_carepoint/unit/binder.py
29817913,15,0,15,connector_carepoint/unit/mapper.py
29817913,6,0,6,connector_carepoint/tests/common.py
29817913,36,1,37,connector_carepoint/tests/test_backend_adapter.py
29817913,17,2,19,connector_carepoint/unit/backend_adapter.py
29817913,1,1,2,website_first_databank/wizards/website_fdb_medicament_description.py
29817913,16,4,20,connector_carepoint/migrations/9.0.1.3.0/pre-migrate.py
29817913,1,1,2,connector_carepoint/__openerp__.py
29817913,5,2,7,connector_carepoint/connector.py
29817913,14,12,26,connector_carepoint/consumer.py
29817913,11,0,11,connector_carepoint/migrations/9.0.1.3.0/pre-migrate.py
29817913,1,1,2,connector_carepoint/models/address_organization.py
29817913,16,1,17,connector_carepoint/models/carepoint_backend.py
29817913,8,8,16,connector_carepoint/models/carepoint_organization.py
29817913,8,4,12,connector_carepoint/models/fdb_pem_mogc.py
29817913,0,6,6,connector_carepoint/models/medical_prescription_order.py
29817913,208,6,214,connector_carepoint/models/medical_prescription_order_line.py
29817913,4,4,8,connector_carepoint/models/procurement_order.py
29817913,2,2,4,connector_carepoint/models/sale_order_line.py
29817913,1,1,2,connector_carepoint/models/sale_order_line_non_rx.py
29817913,1,1,2,connector_carepoint/models/stock_picking.py
29817913,1,1,2,connector_carepoint/tests/models/test_address_organization.py
29817913,1,1,2,connector_carepoint/tests/models/test_carepoint_organization.py
29817913,1,1,2,connector_carepoint/tests/models/test_medical_prescription_order_line.py
29817913,19,4,23,connector_carepoint/tests/models/test_procurement_order.py
29817913,2,2,4,connector_carepoint/tests/models/test_sale_order_line.py
29817913,1,1,2,connector_carepoint/tests/models/test_stock_picking.py
29817913,1,1,2,connector_carepoint/tests/test_carepoint_backend.py
29817913,34,2,36,connector_carepoint/unit/binder.py
29817913,13,0,13,connector_carepoint/unit/export_synchronizer.py
29817913,4,2,6,connector_carepoint/unit/import_synchronizer.py
29817913,24,15,39,connector_carepoint/models/carepoint_backend.py
29817913,45,0,45,connector_carepoint/tests/test_carepoint_backend.py
29817913,5,2,7,connector_carepoint/models/carepoint_backend.py
29817913,4,1,5,connector_carepoint/tests/common.py
29817913,5,1,6,connector_carepoint/unit/backend_adapter.py
29817913,8,0,8,connector_carepoint/models/__init__.py
29817913,1,0,1,connector_carepoint/models/address.py
29817913,10,1,11,connector_carepoint/models/carepoint_organization.py
29817913,9,0,9,connector_carepoint/models/medical_patient.py
29817913,17,0,17,connector_carepoint/models/medical_physician.py
29817913,183,0,183,connector_carepoint/models/phone.py
29817913,248,0,248,connector_carepoint/models/phone_abstract.py
29817913,143,0,143,connector_carepoint/models/phone_organization.py
29817913,151,0,151,connector_carepoint/models/phone_patient.py
29817913,151,0,151,connector_carepoint/models/phone_physician.py
29817913,113,0,113,connector_carepoint/models/phone_store.py
29817913,7,0,7,connector_carepoint/tests/models/__init__.py
29817913,3,2,5,connector_carepoint/tests/models/test_carepoint_organization.py
29817913,13,4,17,connector_carepoint/tests/models/test_medical_patient.py
29817913,27,2,29,connector_carepoint/tests/models/test_medical_physician.py
29817913,125,0,125,connector_carepoint/tests/models/test_phone.py
29817913,327,0,327,connector_carepoint/tests/models/test_phone_abstract.py
29817913,167,0,167,connector_carepoint/tests/models/test_phone_organization.py
29817913,168,0,168,connector_carepoint/tests/models/test_phone_patient.py
29817913,171,0,171,connector_carepoint/tests/models/test_phone_physician.py
29817913,141,0,141,connector_carepoint/tests/models/test_phone_store.py
29817913,6,1,7,connector_carepoint/unit/binder.py
29817913,31,0,31,connector_carepoint/models/medical_patient_disease.py
29817913,25,0,25,connector_carepoint/tests/models/test_medical_patient_disease.py
29817913,5,4,9,connector_carepoint/models/address.py
29817913,2,2,4,connector_carepoint/models/address_abstract.py
29817913,6,5,11,connector_carepoint/models/carepoint_organization.py
29817913,4,3,7,connector_carepoint/models/carepoint_store.py
29817913,9,8,17,connector_carepoint/models/carepoint_vendor.py
29817913,7,6,13,connector_carepoint/models/medical_patient.py
29817913,7,6,13,connector_carepoint/models/medical_physician.py
29817913,6,5,11,connector_carepoint/models/medical_prescription_order.py
29817913,38,13,51,connector_carepoint/tests/test_backend_adapter.py
29817913,8,13,21,connector_carepoint/unit/backend_adapter.py
29817913,0,23,23,connector_carepoint/tests/test_backend_adapter.py
29817913,6,12,18,connector_carepoint/unit/backend_adapter.py
29817913,1,0,1,connector_carepoint/models/__init__.py
29817913,4,0,4,connector_carepoint/models/medical_patient.py
29817913,136,0,136,connector_carepoint/models/medical_patient_disease.py
29817913,1,0,1,connector_carepoint/tests/models/__init__.py
29817913,7,0,7,connector_carepoint/tests/models/test_medical_patient.py
29817913,197,0,197,connector_carepoint/tests/models/test_medical_patient_disease.py
29817913,1,0,1,connector_carepoint/__openerp__.py
29817913,4,0,4,connector_carepoint/consumer.py
29817913,43,5,48,connector_carepoint/models/address_physician.py
29817913,33,3,36,connector_carepoint/models/medical_physician.py
29817913,1,0,1,connector_carepoint/tests/models/__init__.py
29817913,39,0,39,connector_carepoint/tests/models/test_address_physician.py
29817913,21,0,21,connector_carepoint/tests/models/test_carepoint_organization.py
29817913,100,0,100,connector_carepoint/tests/models/test_medical_physician.py
29817913,1,0,1,connector_carepoint/consumer.py
29817913,1,1,2,connector_carepoint/models/__init__.py
29817913,0,89,89,connector_carepoint/models/account.py
29817913,3,2,5,connector_carepoint/models/address_abstract.py
29817913,164,0,164,connector_carepoint/models/carepoint_account.py
29817913,10,1,11,connector_carepoint/models/medical_patient.py
29817913,7,1,8,connector_carepoint/tests/models/__init__.py
29817913,200,0,200,connector_carepoint/tests/models/test_carepoint_account.py
29817913,50,15,65,connector_carepoint/tests/models/test_medical_patient.py
29817913,4,0,4,connector_carepoint/consumer.py
29817913,30,2,32,connector_carepoint/models/address_organization.py
29817913,8,1,9,connector_carepoint/models/carepoint_organization.py
29817913,38,13,51,connector_carepoint/tests/models/test_address_organization.py
29817913,17,12,29,connector_carepoint/models/fdb_img.py
29817913,36,3,39,connector_carepoint/models/fdb_img_date.py
29817913,53,3,56,connector_carepoint/models/fdb_img_id.py
29817913,15,4,19,connector_carepoint/models/fdb_img_mfg.py
29817913,18,0,18,connector_carepoint/models/fdb_ndc.py
29817913,5,0,5,connector_carepoint/tests/models/__init__.py
29817913,93,0,93,connector_carepoint/tests/models/test_fdb_img.py
29817913,170,0,170,connector_carepoint/tests/models/test_fdb_img_date.py
29817913,185,0,185,connector_carepoint/tests/models/test_fdb_img_id.py
29817913,68,0,68,connector_carepoint/tests/models/test_fdb_img_mfg.py
29817913,46,0,46,connector_carepoint/tests/models/test_fdb_ndc.py
29817913,1,1,2,connector_carepoint/unit/backend_adapter.py
29817913,11,3,14,first_databank/models/fdb_img.py
29817913,32,3,35,first_databank/models/fdb_img_date.py
29817913,16,3,19,first_databank/models/fdb_img_id.py
29817913,4,0,4,first_databank/models/fdb_ndc.py
29817913,2,0,2,connector_carepoint/models/__init__.py
29817913,129,0,129,connector_carepoint/models/medical_pathology.py
29817913,91,0,91,connector_carepoint/models/medical_pathology_code_type.py
29817913,3,0,3,connector_carepoint/tests/models/__init__.py
29817913,154,0,154,connector_carepoint/tests/models/test_medical_pathology.py
29817913,56,0,56,connector_carepoint/tests/models/test_medical_pathology_type_code.py
29817913,6,2,8,connector_carepoint/consumer.py
29817913,39,1,40,connector_carepoint/models/address_patient.py
29817913,32,6,38,connector_carepoint/models/medical_patient.py
29817913,1,0,1,connector_carepoint/tests/models/__init__.py
29817913,37,10,47,connector_carepoint/tests/models/test_address_patient.py
29817913,142,0,142,connector_carepoint/tests/models/test_medical_patient.py
29817913,24,14,38,connector_carepoint/consumer.py
29817913,30,10,40,connector_carepoint/models/address.py
29817913,108,2,110,connector_carepoint/models/address_abstract.py
29817913,137,3,140,connector_carepoint/tests/models/test_address_abstract.py
29817913,43,12,55,connector_carepoint/tests/test_backend_adapter.py
29817913,6,14,20,connector_carepoint/tests/test_base_exporter.py
29817913,22,6,28,connector_carepoint/unit/backend_adapter.py
29817913,1,1,2,connector_carepoint/unit/export_synchronizer.py
29817913,0,1,1,first_databank/models/fdb_pem_mogc.py
29817913,35,43,78,connector_carepoint/models/address_physician.py
29817913,1,0,1,connector_carepoint/tests/models/__init__.py
29817913,132,0,132,connector_carepoint/tests/models/test_address_physician.py
29817913,1,1,2,connector_carepoint/models/carepoint_store.py
29817913,1,1,2,connector_carepoint/__openerp__.py
29817913,4,2,6,connector_carepoint/models/__init__.py
29817913,115,0,115,connector_carepoint/models/address_organization.py
29817913,2,2,4,connector_carepoint/models/carepoint_backend.py
29817913,2,2,4,connector_carepoint/models/carepoint_item.py
29817913,141,0,141,connector_carepoint/models/carepoint_organization.py
29817913,1,1,2,connector_carepoint/models/medical_prescription_order.py
29817913,1,1,2,connector_carepoint/models/sale_order.py
29817913,1,1,2,connector_carepoint/models/stock_warehouse.py
29817913,3,2,5,connector_carepoint/tests/models/__init__.py
29817913,142,0,142,connector_carepoint/tests/models/test_address_organization.py
29817913,1,1,2,connector_carepoint/tests/models/test_carepoint_item.py
29817913,98,0,98,connector_carepoint/tests/models/test_carepoint_organization.py
29817913,1,1,2,connector_carepoint/tests/models/test_sale_order.py
29817913,1,1,2,connector_carepoint/tests/models/test_stock_warehouse.py
29817913,1,1,2,connector_carepoint/tests/test_backend_adapter.py
29817913,1,1,2,connector_carepoint/tests/test_base_exporter.py
29817913,1,1,2,connector_carepoint/tests/test_batch_importer.py
29817913,1,1,2,connector_carepoint/tests/test_binder.py
29817913,3,3,6,connector_carepoint/tests/test_carepoint_backend.py
29817913,1,1,2,connector_carepoint/tests/test_carepoint_deleter.py
29817913,1,1,2,connector_carepoint/tests/test_carepoint_exporter.py
29817913,1,1,2,connector_carepoint/tests/test_carepoint_import_mapper.py
29817913,1,1,2,connector_carepoint/tests/test_carepoint_importer.py
29817913,1,1,2,connector_carepoint/tests/test_connector.py
29817913,2,2,4,connector_carepoint/tests/test_consumer.py
29817913,1,1,2,connector_carepoint/tests/test_delayed_batch_importer.py
29817913,1,1,2,connector_carepoint/tests/test_direct_batch_importer.py
29817913,1,1,2,connector_carepoint/tests/test_related_action.py
29817913,4,2,6,connector_carepoint/unit/binder.py
29817913,35,43,78,connector_carepoint/models/address_pharmacy.py
29817913,1,0,1,connector_carepoint/tests/models/__init__.py
29817913,141,0,141,connector_carepoint/tests/models/test_address_pharmacy.py
29817913,1,0,1,connector_carepoint/models/__init__.py
29817913,43,14,57,connector_carepoint/models/address.py
29817913,141,0,141,connector_carepoint/models/address_abstract.py
29817913,22,44,66,connector_carepoint/models/address_patient.py
29817913,7,6,13,connector_carepoint/models/medical_patient.py
29817913,9,0,9,connector_carepoint/models/medical_pharmacy.py
29817913,3,0,3,connector_carepoint/tests/models/__init__.py
29817913,122,0,122,connector_carepoint/tests/models/test_address.py
29817913,193,0,193,connector_carepoint/tests/models/test_address_abstract.py
29817913,141,0,141,connector_carepoint/tests/models/test_address_patient.py
29817913,1,1,2,connector_carepoint/models/procurement_order.py
29817913,1,1,2,connector_carepoint/tests/models/test_procurement_order.py
29817913,2,2,4,connector_carepoint/connector.py
29817913,3,1,4,connector_carepoint/models/__init__.py
29817913,4,4,8,connector_carepoint/models/carepoint_backend.py
29817913,183,0,183,connector_carepoint/models/carepoint_item.py
29817913,174,0,174,connector_carepoint/models/carepoint_vendor.py
29817913,0,400,400,connector_carepoint/models/medical_medicament.py
29817913,20,0,20,connector_carepoint/models/medical_pharmacy.py
29817913,114,0,114,connector_carepoint/models/stock_warehouse.py
29817913,4,1,5,connector_carepoint/tests/models/__init__.py
29817913,192,0,192,connector_carepoint/tests/models/test_carepoint_item.py
29817913,111,0,111,connector_carepoint/tests/models/test_carepoint_vendor.py
29817913,0,102,102,connector_carepoint/tests/models/test_fdb_pem_mogc.py
29817913,98,4,102,connector_carepoint/tests/models/test_medical_pharmacy.py
29817913,86,0,86,connector_carepoint/tests/models/test_stock_warehouse.py
29817913,1,0,1,connector_carepoint/tests/test_base_exporter.py
29817913,1,0,1,connector_carepoint/tests/test_binder.py
29817913,4,4,8,connector_carepoint/tests/test_carepoint_backend.py
29817913,1,0,1,connector_carepoint/tests/test_carepoint_deleter.py
29817913,1,0,1,connector_carepoint/tests/test_carepoint_exporter.py
29817913,1,0,1,connector_carepoint/tests/test_carepoint_importer.py
29817913,2,2,4,connector_carepoint/tests/test_connector.py
29817913,1,0,1,connector_carepoint/tests/test_consumer.py
29817913,1,0,1,connector_carepoint/tests/test_related_action.py
29817913,3,1,4,connector_carepoint/unit/binder.py
29817913,13,0,13,connector_carepoint/connector.py
29817913,0,8,8,connector_carepoint/models/account.py
29817913,0,15,15,connector_carepoint/models/account_invoice_line.py
29817913,0,15,15,connector_carepoint/models/address.py
29817913,0,15,15,connector_carepoint/models/address_patient.py
29817913,0,15,15,connector_carepoint/models/address_pharmacy.py
29817913,0,15,15,connector_carepoint/models/address_physician.py
29817913,0,15,15,connector_carepoint/models/carepoint_person.py
29817913,0,15,15,connector_carepoint/models/medical_patient.py
29817913,0,15,15,connector_carepoint/models/medical_pharmacy.py
29817913,0,15,15,connector_carepoint/models/medical_physician.py
29817913,0,15,15,connector_carepoint/models/medical_prescription_order.py
29817913,0,15,15,connector_carepoint/models/medical_prescription_order_line.py
29817913,0,15,15,connector_carepoint/models/procurement_order.py
29817913,0,15,15,connector_carepoint/models/res_users.py
29817913,0,15,15,connector_carepoint/models/sale_order.py
29817913,0,15,15,connector_carepoint/models/sale_order_line.py
29817913,0,15,15,connector_carepoint/models/sale_order_line_non_rx.py
29817913,0,15,15,connector_carepoint/models/stock_picking.py
29817913,4,1,5,connector_carepoint/tests/test_connector.py
29817913,1,1,2,connector_carepoint/__openerp__.py
29817913,82,89,171,connector_carepoint/models/fdb_ndc.py
29817913,1,0,1,connector_carepoint/tests/models/__init__.py
29817913,284,0,284,connector_carepoint/tests/models/test_fdb_ndc.py
29817913,13,7,20,connector_carepoint/models/fdb_unit.py
29817913,18,4,22,connector_carepoint/models/fdb_unit.py
29817913,12,0,12,connector_carepoint/tests/models/test_fdb_unit.py
29817913,14,3,17,connector_carepoint/models/fdb_unit.py
29817913,12,0,12,connector_carepoint/tests/models/test_fdb_unit.py
29817913,0,8,8,connector_carepoint/models/account.py
29817913,0,46,46,connector_carepoint/models/account_invoice_line.py
29817913,0,41,41,connector_carepoint/models/address.py
29817913,0,41,41,connector_carepoint/models/address_patient.py
29817913,0,43,43,connector_carepoint/models/address_pharmacy.py
29817913,0,43,43,connector_carepoint/models/address_physician.py
29817913,0,39,39,connector_carepoint/models/carepoint_person.py
29817913,0,27,27,connector_carepoint/models/fdb_form.py
29817913,0,46,46,connector_carepoint/models/fdb_gcn.py
29817913,0,41,41,connector_carepoint/models/fdb_gcn_seq.py
29817913,0,45,45,connector_carepoint/models/fdb_img.py
29817913,0,46,46,connector_carepoint/models/fdb_img_date.py
29817913,0,46,46,connector_carepoint/models/fdb_img_id.py
29817913,0,46,46,connector_carepoint/models/fdb_img_mfg.py
29817913,0,46,46,connector_carepoint/models/fdb_lbl_rid.py
29817913,0,41,41,connector_carepoint/models/fdb_ndc.py
29817913,0,55,55,connector_carepoint/models/fdb_ndc_cs_ext.py
29817913,0,41,41,connector_carepoint/models/fdb_pem_moe.py
29817913,1,48,49,connector_carepoint/models/fdb_pem_mogc.py
29817913,0,25,25,connector_carepoint/models/fdb_route.py
29817913,16,31,47,connector_carepoint/models/fdb_unit.py
29817913,59,92,151,connector_carepoint/models/medical_medicament.py
29817913,0,49,49,connector_carepoint/models/medical_medicament_attribute.py
29817913,0,50,50,connector_carepoint/models/medical_medicament_attribute_type.py
29817913,0,40,40,connector_carepoint/models/medical_patient.py
29817913,0,48,48,connector_carepoint/models/medical_physician.py
29817913,0,42,42,connector_carepoint/models/medical_prescription_order.py
29817913,14,58,72,connector_carepoint/models/medical_prescription_order_line.py
29817913,20,56,76,connector_carepoint/models/procurement_order.py
29817913,0,48,48,connector_carepoint/models/res_users.py
29817913,3,25,28,connector_carepoint/models/sale_order.py
29817913,6,35,41,connector_carepoint/models/sale_order_line.py
29817913,0,30,30,connector_carepoint/models/sale_order_line_non_rx.py
29817913,0,38,38,connector_carepoint/models/stock_picking.py
29817913,2,0,2,connector_carepoint/tests/__init__.py
29817913,7,0,7,connector_carepoint/tests/models/__init__.py
29817913,438,0,438,connector_carepoint/tests/models/test_account_invoice_line.py
29817913,102,0,102,connector_carepoint/tests/models/test_fdb_pem_mogc.py
29817913,210,0,210,connector_carepoint/tests/models/test_fdb_unit.py
29817913,36,26,62,connector_carepoint/tests/models/test_medical_pharmacy.py
29817913,349,0,349,connector_carepoint/tests/models/test_medical_prescription_order_line.py
29817913,350,0,350,connector_carepoint/tests/models/test_procurement_order.py
29817913,206,0,206,connector_carepoint/tests/models/test_sale_order.py
29817913,318,0,318,connector_carepoint/tests/models/test_sale_order_line.py
29817913,183,0,183,connector_carepoint/tests/models/test_stock_picking.py
29817913,46,0,46,connector_carepoint/tests/test_carepoint_deleter.py
29817913,8,10,18,connector_carepoint/unit/delete_synchronizer.py
29817913,1,1,2,connector_carepoint/__init__.py
29817913,1,1,2,connector_carepoint/__openerp__.py
29817913,1,1,2,connector_carepoint/backend.py
29817913,10,8,18,connector_carepoint/connector.py
29817913,14,14,28,connector_carepoint/consumer.py
29817913,1,1,2,connector_carepoint/models/__init__.py
29817913,1,1,2,connector_carepoint/models/account.py
29817913,1,1,2,connector_carepoint/models/account_invoice_line.py
29817913,1,1,2,connector_carepoint/models/address.py
29817913,1,1,2,connector_carepoint/models/address_patient.py
29817913,1,1,2,connector_carepoint/models/address_pharmacy.py
29817913,1,1,2,connector_carepoint/models/address_physician.py
29817913,1,1,2,connector_carepoint/models/carepoint_backend.py
29817913,1,1,2,connector_carepoint/models/carepoint_person.py
29817913,1,1,2,connector_carepoint/models/carepoint_state.py
29817913,1,1,2,connector_carepoint/models/fdb_form.py
29817913,1,1,2,connector_carepoint/models/fdb_gcn.py
29817913,1,1,2,connector_carepoint/models/fdb_gcn_seq.py
29817913,1,1,2,connector_carepoint/models/fdb_img.py
29817913,1,1,2,connector_carepoint/models/fdb_img_date.py
29817913,1,1,2,connector_carepoint/models/fdb_img_id.py
29817913,1,1,2,connector_carepoint/models/fdb_img_mfg.py
29817913,1,1,2,connector_carepoint/models/fdb_lbl_rid.py
29817913,1,1,2,connector_carepoint/models/fdb_ndc.py
29817913,1,1,2,connector_carepoint/models/fdb_ndc_cs_ext.py
29817913,1,1,2,connector_carepoint/models/fdb_pem_moe.py
29817913,1,1,2,connector_carepoint/models/fdb_pem_mogc.py
29817913,1,1,2,connector_carepoint/models/fdb_route.py
29817913,1,1,2,connector_carepoint/models/fdb_unit.py
29817913,1,1,2,connector_carepoint/models/medical_medicament.py
29817913,1,1,2,connector_carepoint/models/medical_medicament_attribute.py
29817913,1,1,2,connector_carepoint/models/medical_medicament_attribute_type.py
29817913,1,1,2,connector_carepoint/models/medical_patient.py
29817913,2,62,64,connector_carepoint/models/medical_pharmacy.py
29817913,1,1,2,connector_carepoint/models/medical_physician.py
29817913,1,1,2,connector_carepoint/models/medical_prescription_order.py
29817913,1,1,2,connector_carepoint/models/medical_prescription_order_line.py
29817913,1,1,2,connector_carepoint/models/procurement_order.py
29817913,1,1,2,connector_carepoint/models/res_users.py
29817913,1,1,2,connector_carepoint/models/sale_order.py
29817913,1,1,2,connector_carepoint/models/sale_order_line.py
29817913,1,1,2,connector_carepoint/models/sale_order_line_non_rx.py
29817913,1,1,2,connector_carepoint/models/stock_picking.py
29817913,1,1,2,connector_carepoint/related_action.py
29817913,22,1,23,connector_carepoint/tests/__init__.py
29817913,17,11,28,connector_carepoint/tests/common.py
29817913,5,0,5,connector_carepoint/tests/models/__init__.py
29817913,38,0,38,connector_carepoint/tests/models/test_medical_pharmacy.py
29817913,1,1,2,connector_carepoint/tests/test_backend_adapter.py
29817913,319,0,319,connector_carepoint/tests/test_base_exporter.py
29817913,79,0,79,connector_carepoint/tests/test_batch_importer.py
29817913,201,0,201,connector_carepoint/tests/test_binder.py
29817913,2,1,3,connector_carepoint/tests/test_carepoint_backend.py
29817913,484,0,484,connector_carepoint/tests/test_carepoint_exporter.py
29817913,31,0,31,connector_carepoint/tests/test_carepoint_import_mapper.py
29817913,503,0,503,connector_carepoint/tests/test_carepoint_importer.py
29817913,95,0,95,connector_carepoint/tests/test_connector.py
29817913,58,0,58,connector_carepoint/tests/test_consumer.py
29817913,46,0,46,connector_carepoint/tests/test_delayed_batch_importer.py
29817913,44,0,44,connector_carepoint/tests/test_direct_batch_importer.py
29817913,84,0,84,connector_carepoint/tests/test_mapper.py
29817913,73,0,73,connector_carepoint/tests/test_partner_import_mapper.py
29817913,39,0,39,connector_carepoint/tests/test_person_export_mapper.py
29817913,45,0,45,connector_carepoint/tests/test_person_import_mapper.py
29817913,110,0,110,connector_carepoint/tests/test_related_action.py
29817913,1,1,2,connector_carepoint/unit/__init__.py
29817913,1,1,2,connector_carepoint/unit/backend_adapter.py
29817913,6,4,10,connector_carepoint/unit/binder.py
29817913,1,1,2,connector_carepoint/unit/delete_synchronizer.py
29817913,13,26,39,connector_carepoint/unit/export_synchronizer.py
29817913,11,54,65,connector_carepoint/unit/import_synchronizer.py
29817913,21,23,44,connector_carepoint/unit/mapper.py
29817913,14,95,109,connector_carepoint/models/carepoint_backend.py
29817913,1,0,1,connector_carepoint/tests/__init__.py
29817913,21,17,38,connector_carepoint/tests/common.py
29817913,237,0,237,connector_carepoint/tests/test_backend_adapter.py
29817913,169,25,194,connector_carepoint/tests/test_carepoint_backend.py
29817913,10,87,97,connector_carepoint/unit/backend_adapter.py
29817913,3,0,3,first_databank/__openerp__.py
29817913,1,0,1,connector_carepoint/__openerp__.py
29817913,1,1,2,connector_carepoint/tests/__init__.py
29817913,0,5,5,connector_carepoint/tests/models/__init__.py
29817913,1,1,2,connector_carepoint/tests/{models => }/test_carepoint_backend.py
29817913,2,1,3,website_first_databank/models/fdb_ndc.py
29817913,8,2,10,website_first_databank/wizards/website_fdb_medicament_description.py
29817913,0,1,1,first_databank/models/fdb_ndc.py
29817913,0,1,1,first_databank/models/fdb_unit.py
29817913,5,5,10,connector_carepoint/consumer.py
29817913,1,7,8,connector_carepoint/models/account.py
29817913,5,6,11,connector_carepoint/models/account_invoice_line.py
29817913,7,9,16,connector_carepoint/models/address.py
29817913,8,17,25,connector_carepoint/models/address_patient.py
29817913,10,17,27,connector_carepoint/models/address_pharmacy.py
29817913,10,17,27,connector_carepoint/models/address_physician.py
29817913,13,7,20,connector_carepoint/models/carepoint_backend.py
29817913,7,7,14,connector_carepoint/models/fdb_form.py
29817913,3,3,6,connector_carepoint/models/fdb_gcn.py
29817913,2,2,4,connector_carepoint/models/fdb_gcn_seq.py
29817913,3,3,6,connector_carepoint/models/fdb_img.py
29817913,3,3,6,connector_carepoint/models/fdb_img_date.py
29817913,3,3,6,connector_carepoint/models/fdb_img_id.py
29817913,4,3,7,connector_carepoint/models/fdb_img_mfg.py
29817913,2,2,4,connector_carepoint/models/fdb_lbl_rid.py
29817913,16,11,27,connector_carepoint/models/fdb_ndc.py
29817913,8,7,15,connector_carepoint/models/fdb_ndc_cs_ext.py
29817913,3,3,6,connector_carepoint/models/fdb_pem_moe.py
29817913,3,3,6,connector_carepoint/models/fdb_pem_mogc.py
29817913,2,5,7,connector_carepoint/models/fdb_route.py
29817913,2,6,8,connector_carepoint/models/fdb_unit.py
29817913,4,11,15,connector_carepoint/models/medical_medicament.py
29817913,8,6,14,connector_carepoint/models/medical_medicament_attribute.py
29817913,10,8,18,connector_carepoint/models/medical_medicament_attribute_type.py
29817913,27,31,58,connector_carepoint/models/medical_patient.py
29817913,2,2,4,connector_carepoint/models/medical_pharmacy.py
29817913,3,5,8,connector_carepoint/models/medical_physician.py
29817913,6,14,20,connector_carepoint/models/medical_prescription_order.py
29817913,16,54,70,connector_carepoint/models/medical_prescription_order_line.py
29817913,13,44,57,connector_carepoint/models/procurement_order.py
29817913,1,2,3,connector_carepoint/models/res_users.py
29817913,2,45,47,connector_carepoint/models/sale_order.py
29817913,2,41,43,connector_carepoint/models/sale_order_line.py
29817913,7,43,50,connector_carepoint/models/sale_order_line_non_rx.py
29817913,1,35,36,connector_carepoint/models/stock_picking.py
29817913,1,2,3,connector_carepoint/tests/__init__.py
29817913,74,141,215,connector_carepoint/tests/common.py
29817913,70,0,70,connector_carepoint/tests/models/test_carepoint_backend.py
29817913,0,91,91,connector_carepoint/tests/test_related_action.py
29817913,0,41,41,connector_carepoint/tests/test_synchronization.py
29817913,38,9,47,connector_carepoint/unit/backend_adapter.py
29817913,0,1,1,connector_carepoint/unit/delete_synchronizer.py
29817913,0,1,1,connector_carepoint/unit/export_synchronizer.py
29817913,0,1,1,connector_carepoint/unit/import_synchronizer.py
29817913,8,3,11,connector_carepoint/unit/mapper.py
29817913,14,8,22,website_first_databank/wizards/website_fdb_medicament_description.py
29817913,7,4,11,connector_carepoint/models/fdb_ndc.py
29817913,0,4,4,website_first_databank/models/carepoint_backend.py
29817913,6,0,6,website_first_databank/__init__.py
29817913,25,0,25,website_first_databank/__openerp__.py
29817913,6,0,6,website_first_databank/models/__init__.py
29817913,23,0,23,website_first_databank/models/carepoint_backend.py
29817913,31,0,31,website_first_databank/models/fdb_ndc.py
29817913,5,0,5,website_first_databank/wizards/__init__.py
29817913,102,0,102,website_first_databank/wizards/website_fdb_medicament_description.py
29817913,2,0,2,connector_carepoint/models/__init__.py
29817913,4,0,4,connector_carepoint/models/fdb_gcn.py
29817913,0,5,5,connector_carepoint/models/fdb_gcn_seq.py
29817913,41,36,77,connector_carepoint/models/fdb_ndc.py
29817913,131,0,131,connector_carepoint/models/fdb_pem_moe.py
29817913,147,0,147,connector_carepoint/models/fdb_pem_mogc.py
29817913,13,4,17,connector_carepoint/unit/backend_adapter.py
29817913,2,0,2,connector_carepoint/unit/binder.py
29817913,2,0,2,first_databank/models/__init__.py
29817913,5,0,5,first_databank/models/fdb_gcn.py
29817913,51,0,51,first_databank/models/fdb_pem_moe.py
29817913,91,0,91,first_databank/models/fdb_pem_mogc.py
29817913,1,2,3,connector_carepoint/models/fdb_ndc.py
29817913,4,2,6,connector_carepoint/models/fdb_ndc.py
29817913,14,0,14,connector_carepoint/models/carepoint_backend.py
29817913,10,7,17,connector_carepoint/models/fdb_ndc.py
29817913,4,4,8,connector_carepoint/models/fdb_ndc.py
29817913,3,2,5,connector_carepoint/models/fdb_form.py
29817913,9,1,10,connector_carepoint/models/fdb_ndc.py
29817913,12,3,15,connector_carepoint/models/fdb_ndc.py
29817913,1,1,2,connector_carepoint/models/fdb_gcn.py
29817913,1,0,1,connector_carepoint/__openerp__.py
29817913,13,2,15,connector_carepoint/models/carepoint_backend.py
29817913,1,0,1,connector_carepoint/models/fdb_ndc.py
29817913,2,2,4,connector_carepoint/models/carepoint_backend.py
29817913,1,1,2,connector_carepoint/models/medical_prescription_order_line.py
29817913,1,1,2,connector_carepoint/models/sale_order.py
29817913,1,1,2,first_databank/__openerp__.py
29817913,0,1,1,connector_carepoint/models/fdb_ndc.py
29817913,1,1,2,connector_carepoint/models/medical_prescription_order_line.py
29817913,9,9,18,connector_carepoint/models/carepoint_backend.py
29817913,8,0,8,connector_carepoint/models/medical_prescription_order_line.py
29817913,8,1,9,connector_carepoint/models/sale_order.py
29817913,1,0,1,connector_carepoint/models/fdb_ndc.py
29817913,5,4,9,connector_carepoint/models/medical_prescription_order_line.py
29817913,1,1,2,connector_carepoint/models/account_invoice_line.py
29817913,12,8,20,connector_carepoint/models/account_invoice_line.py
29817913,29,21,50,connector_carepoint/models/procurement_order.py
29817913,1,1,2,connector_carepoint/models/sale_order.py
29817913,16,1,17,connector_carepoint/models/sale_order_line.py
29817913,3,1,4,connector_carepoint/models/stock_picking.py
29817913,22,20,42,connector_carepoint/models/account_invoice_line.py
29817913,14,0,14,connector_carepoint/models/carepoint_backend.py
29817913,15,3,18,connector_carepoint/models/sale_order_line.py
29817913,1,1,2,connector_carepoint/consumer.py
29817913,1,1,2,connector_carepoint/unit/binder.py
29817913,1,1,2,connector_carepoint/unit/export_synchronizer.py
29817913,9,3,12,connector_carepoint/models/account_invoice_line.py
29817913,3,3,6,connector_carepoint/models/account_invoice_line.py
29817913,2,0,2,connector_carepoint/__openerp__.py
29817913,56,27,83,connector_carepoint/models/account_invoice_line.py
29817913,20,1,21,connector_carepoint/models/carepoint_backend.py
29817913,1,0,1,connector_carepoint/models/carepoint_state.py
29817913,5,0,5,connector_carepoint/models/fdb_ndc.py
29817913,21,10,31,connector_carepoint/models/procurement_order.py
29817913,22,12,34,connector_carepoint/models/sale_order.py
29817913,6,1,7,connector_carepoint/models/sale_order_line.py
29817913,202,0,202,connector_carepoint/models/sale_order_line_non_rx.py
29817913,1,1,2,connector_carepoint/unit/backend_adapter.py
29817913,0,18,18,connector_carepoint/models/fdb_form.py
29817913,0,18,18,connector_carepoint/models/fdb_route.py
29817913,0,18,18,connector_carepoint/models/fdb_unit.py
29817913,4,1,5,connector_carepoint/models/stock_picking.py
29817913,1,0,1,connector_carepoint/models/procurement_order.py
29817913,3,4,7,connector_carepoint/models/stock_picking.py
29817913,4,1,5,connector_carepoint/models/procurement_order.py
29817913,5,3,8,connector_carepoint/models/stock_picking.py
29817913,1,1,2,connector_carepoint/models/fdb_ndc.py
29817913,1,0,1,connector_carepoint/__openerp__.py
29817913,1,0,1,connector_carepoint/models/__init__.py
29817913,13,0,13,connector_carepoint/models/address.py
29817913,4,4,8,connector_carepoint/models/carepoint_backend.py
29817913,1,0,1,connector_carepoint/models/fdb_ndc.py
29817913,1,0,1,connector_carepoint/models/fdb_route.py
29817913,12,4,16,connector_carepoint/models/procurement_order.py
29817913,6,4,10,connector_carepoint/models/sale_order.py
29817913,217,0,217,connector_carepoint/models/stock_picking.py
29817913,1,0,1,connector_carepoint/unit/binder.py
29817913,7,3,10,connector_carepoint/models/address_patient.py
29817913,1,1,2,connector_carepoint/models/fdb_form.py
29817913,13,2,15,connector_carepoint/models/fdb_gcn_seq.py
29817913,67,33,100,connector_carepoint/models/fdb_ndc.py
29817913,0,1,1,connector_carepoint/models/fdb_route.py
29817913,0,2,2,connector_carepoint/models/medical_prescription_order.py
29817913,13,13,26,connector_carepoint/models/medical_prescription_order_line.py
29817913,1,1,2,connector_carepoint/unit/binder.py
29817913,3,1,4,connector_carepoint/unit/import_synchronizer.py
29817913,1,0,1,first_databank/models/fdb_form.py
29817913,10,4,14,first_databank/models/fdb_gcn_seq.py
29817913,2,0,2,connector_carepoint/__openerp__.py
29817913,16,16,32,connector_carepoint/consumer.py
29817913,8,1,9,connector_carepoint/models/__init__.py
29817913,111,0,111,connector_carepoint/models/account.py
29817913,208,0,208,connector_carepoint/models/account_invoice_line.py
29817913,13,9,22,connector_carepoint/models/address.py
29817913,12,1,13,connector_carepoint/models/address_patient.py
29817913,20,5,25,connector_carepoint/models/carepoint_backend.py
29817913,14,0,14,connector_carepoint/models/carepoint_state.py
29817913,21,2,23,connector_carepoint/models/fdb_ndc.py
29817913,4,2,6,connector_carepoint/models/fdb_ndc_cs_ext.py
29817913,1,1,2,connector_carepoint/models/fdb_unit.py
29817913,137,0,137,connector_carepoint/models/medical_medicament_attribute.py
29817913,124,0,124,connector_carepoint/models/medical_medicament_attribute_type.py
29817913,37,35,72,connector_carepoint/models/medical_patient.py
29817913,11,7,18,connector_carepoint/models/medical_physician.py
29817913,204,0,204,connector_carepoint/models/medical_prescription_order.py
29817913,237,0,237,connector_carepoint/models/procurement_order.py
29817913,41,35,76,connector_carepoint/models/sale_order.py
29817913,22,41,63,connector_carepoint/models/sale_order_line.py
29817913,1,3,4,connector_carepoint/unit/backend_adapter.py
29817913,4,0,4,connector_carepoint/unit/binder.py
29817913,3,2,5,connector_carepoint/unit/delete_synchronizer.py
29817913,2,1,3,first_databank/__openerp__.py
29817913,0,1,1,connector_carepoint/models/fdb_ndc.py
29817913,1,1,2,connector_carepoint/models/medical_prescription.py
29817913,0,1,1,first_databank/__openerp__.py
29817913,3,2,5,connector_carepoint/models/medical_prescription.py
29817913,1,1,2,connector_carepoint/models/carepoint_backend.py
29817913,100,119,219,connector_carepoint/models/medical_prescription.py
29817913,1,1,2,connector_carepoint/unit/binder.py
29817913,22,0,22,connector_carepoint/models/carepoint_backend.py
29817913,6,0,6,connector_carepoint/models/fdb_gcn.py
29817913,5,4,9,connector_carepoint/models/fdb_gcn_seq.py
29817913,71,36,107,connector_carepoint/models/fdb_ndc.py
29817913,5,5,10,connector_carepoint/models/fdb_ndc_cs_ext.py
29817913,7,3,10,connector_carepoint/models/fdb_unit.py
29817913,1,1,2,connector_carepoint/models/medical_patient.py
29817913,4,0,4,connector_carepoint/models/medical_pharmacy.py
29817913,2,1,3,connector_carepoint/models/medical_prescription.py
29817913,16,0,16,connector_carepoint/unit/mapper.py
29817913,1,1,2,first_databank/__openerp__.py
29817913,9,1,10,first_databank/models/fdb_gcn.py
29817913,2,2,4,first_databank/models/fdb_ndc.py
29817913,9,9,18,connector_carepoint/models/carepoint_backend.py
29817913,29,14,43,connector_carepoint/models/fdb_ndc.py
29817913,75,4,79,connector_carepoint/models/fdb_ndc_cs_ext.py
29817913,4,1,5,connector_carepoint/models/fdb_route.py
29817913,3,3,6,connector_carepoint/models/fdb_unit.py
29817913,19,13,32,connector_carepoint/models/medical_medicament.py
29817913,9,2,11,connector_carepoint/models/medical_prescription.py
29817913,1,0,1,connector_carepoint/unit/binder.py
29817913,9,2,11,first_databank/models/fdb_ndc_cs_ext.py
29817913,1,0,1,connector_carepoint/models/__init__.py
29817913,191,0,191,connector_carepoint/models/fdb_unit.py
29817913,1,0,1,connector_carepoint/unit/binder.py
29817913,1,0,1,first_databank/models/__init__.py
29817913,22,0,22,first_databank/models/fdb_unit.py
29817913,1,1,2,connector_carepoint/models/address.py
29817913,1,1,2,connector_carepoint/models/address_patient.py
29817913,1,1,2,connector_carepoint/models/address_pharmacy.py
29817913,1,1,2,connector_carepoint/models/address_physician.py
29817913,1,1,2,connector_carepoint/models/carepoint_person.py
29817913,5,1,6,connector_carepoint/models/fdb_form.py
29817913,1,1,2,connector_carepoint/models/fdb_gcn.py
29817913,1,1,2,connector_carepoint/models/fdb_gcn_seq.py
29817913,1,1,2,connector_carepoint/models/fdb_img.py
29817913,1,1,2,connector_carepoint/models/fdb_img_date.py
29817913,1,1,2,connector_carepoint/models/fdb_img_id.py
29817913,1,1,2,connector_carepoint/models/fdb_img_mfg.py
29817913,1,1,2,connector_carepoint/models/fdb_lbl_rid.py
29817913,1,1,2,connector_carepoint/models/fdb_ndc.py
29817913,1,1,2,connector_carepoint/models/fdb_ndc_cs_ext.py
29817913,1,1,2,connector_carepoint/models/fdb_route.py
29817913,1,1,2,connector_carepoint/models/medical_patient.py
29817913,1,1,2,connector_carepoint/models/medical_pharmacy.py
29817913,1,1,2,connector_carepoint/models/medical_physician.py
29817913,3,1,4,connector_carepoint/models/medical_prescription.py
29817913,1,1,2,connector_carepoint/models/res_users.py
29817913,1,1,2,connector_carepoint/models/sale_order_line.py
29817913,16,4,20,connector_carepoint/consumer.py
29817913,6,0,6,connector_carepoint/models/__init__.py
29817913,211,0,211,connector_carepoint/models/address.py
29817913,185,0,185,connector_carepoint/models/address_patient.py
29817913,186,0,186,connector_carepoint/models/address_pharmacy.py
29817913,186,0,186,connector_carepoint/models/address_physician.py
29817913,9,0,9,connector_carepoint/models/carepoint_backend.py
29817913,10,0,10,connector_carepoint/models/medical_pharmacy.py
29817913,4,0,4,connector_carepoint/models/sale_order.py
29817913,5,3,8,connector_carepoint/models/sale_order_line.py
29817913,3,1,4,connector_carepoint/unit/backend_adapter.py
29817913,4,0,4,connector_carepoint/unit/binder.py
29817913,12,7,19,connector_carepoint/models/carepoint_backend.py
29817913,1,1,2,connector_carepoint/models/fdb_form.py
29817913,2,2,4,connector_carepoint/models/fdb_img_mfg.py
29817913,3,7,10,connector_carepoint/models/medical_pharmacy.py
29817913,1,1,2,connector_carepoint/models/medical_prescription.py
29817913,13,1,14,connector_carepoint/unit/mapper.py
29817913,0,1,1,first_databank/models/fdb_form.py
29817913,9,2,11,connector_carepoint/unit/import_synchronizer.py
29817913,2,0,2,connector_carepoint/models/__init__.py
29817913,10,4,14,connector_carepoint/models/carepoint_backend.py
29817913,17,4,21,connector_carepoint/models/fdb_form.py
29817913,1,1,2,connector_carepoint/models/fdb_gcn.py
29817913,2,2,4,connector_carepoint/models/fdb_img_mfg.py
29817913,19,2,21,connector_carepoint/models/fdb_ndc.py
29817913,19,6,25,connector_carepoint/models/fdb_route.py
29817913,4,3,7,connector_carepoint/models/medical_prescription.py
29817913,204,0,204,connector_carepoint/models/sale_order.py
29817913,221,0,221,connector_carepoint/models/sale_order_line.py
29817913,2,0,2,connector_carepoint/unit/binder.py
29817913,2,2,4,connector_carepoint/unit/import_synchronizer.py
29817913,34,3,37,connector_carepoint/unit/mapper.py
29817913,2,1,3,first_databank/__openerp__.py
29817913,7,1,8,first_databank/models/fdb_form.py
29817913,7,1,8,first_databank/models/fdb_gcn.py
29817913,7,1,8,first_databank/models/fdb_img_mfg.py
29817913,1,0,1,first_databank/models/fdb_ndc.py
29817913,7,2,9,first_databank/models/fdb_route.py
29817913,4,0,4,connector_carepoint/__init__.py
29817913,0,7,7,connector_carepoint/__openerp__.py
29817913,14,1,15,connector_carepoint/consumer.py
29817913,8,0,8,connector_carepoint/models/__init__.py
29817913,37,10,47,connector_carepoint/models/carepoint_backend.py
29817913,11,1,12,connector_carepoint/models/fdb_img.py
29817913,1,1,2,connector_carepoint/models/fdb_ndc.py
29817913,40,43,83,connector_carepoint/models/medical_medicament.py
29817913,40,4,44,connector_carepoint/models/medical_patient.py
29817913,121,60,181,connector_carepoint/models/medical_prescription.py
29817913,13,10,23,connector_carepoint/unit/backend_adapter.py
29817913,6,0,6,connector_carepoint/unit/binder.py
29817913,12,21,33,connector_carepoint/unit/export_synchronizer.py
29817913,6,8,14,connector_carepoint/unit/import_synchronizer.py
29817913,24,1,25,connector_carepoint/unit/mapper.py
29817913,10,0,10,first_databank/__openerp__.py
29817913,6,1,7,first_databank/models/fdb_ndc.py
29817913,3,0,3,connector_carepoint/__init__.py
29817913,14,20,34,connector_carepoint/__openerp__.py
29817913,3,19,22,connector_carepoint/backend.py
29817913,2,20,22,connector_carepoint/connector.py
29817913,2,20,22,connector_carepoint/consumer.py
29817913,19,1,20,connector_carepoint/models/__init__.py
29817913,90,48,138,connector_carepoint/models/carepoint_backend.py
29817913,171,0,171,connector_carepoint/models/carepoint_person.py
29817913,121,0,121,connector_carepoint/models/fdb_form.py
29817913,120,0,120,connector_carepoint/models/fdb_gcn.py
29817913,131,0,131,connector_carepoint/models/fdb_gcn_seq.py
29817913,123,0,123,connector_carepoint/models/fdb_img.py
29817913,121,0,121,connector_carepoint/models/fdb_img_date.py
29817913,121,0,121,connector_carepoint/models/fdb_img_id.py
29817913,119,0,119,connector_carepoint/models/fdb_img_mfg.py
29817913,120,0,120,connector_carepoint/models/fdb_lbl_rid.py
29817913,200,0,200,connector_carepoint/models/fdb_ndc.py
29817913,120,0,120,connector_carepoint/models/fdb_ndc_cs_ext.py
29817913,123,0,123,connector_carepoint/models/fdb_route.py
29817913,17,65,82,connector_carepoint/models/medical_medicament.py
29817913,162,0,162,connector_carepoint/models/medical_patient.py
29817913,162,0,162,connector_carepoint/models/medical_physician.py
29817913,193,0,193,connector_carepoint/models/medical_prescription.py
29817913,162,0,162,connector_carepoint/models/res_users.py
29817913,2,19,21,connector_carepoint/related_action.py
29817913,3,0,3,connector_carepoint/tests/__init__.py
29817913,3,20,23,connector_carepoint/tests/common.py
29817913,4,0,4,connector_carepoint/tests/data_base.py
29817913,3,20,23,connector_carepoint/tests/test_related_action.py
29817913,4,21,25,connector_carepoint/tests/test_synchronization.py
29817913,3,0,3,connector_carepoint/unit/__init__.py
29817913,66,44,110,connector_carepoint/unit/backend_adapter.py
29817913,26,36,62,connector_carepoint/unit/binder.py
29817913,2,19,21,connector_carepoint/unit/delete_synchronizer.py
29817913,2,19,21,connector_carepoint/unit/export_synchronizer.py
29817913,9,25,34,connector_carepoint/unit/import_synchronizer.py
29817913,71,19,90,connector_carepoint/unit/mapper.py
29817913,5,0,5,first_databank/__init__.py
29817913,15,0,15,first_databank/__openerp__.py
29817913,15,0,15,first_databank/models/__init__.py
29817913,14,0,14,first_databank/models/fdb_form.py
29817913,13,0,13,first_databank/models/fdb_gcn.py
29817913,25,0,25,first_databank/models/fdb_gcn_seq.py
29817913,14,0,14,first_databank/models/fdb_img.py
29817913,13,0,13,first_databank/models/fdb_img_date.py
29817913,12,0,12,first_databank/models/fdb_img_id.py
29817913,11,0,11,first_databank/models/fdb_img_mfg.py
29817913,13,0,13,first_databank/models/fdb_lbl_rid.py
29817913,116,0,116,first_databank/models/fdb_ndc.py
29817913,56,0,56,first_databank/models/fdb_ndc_cs_ext.py
29817913,16,0,16,first_databank/models/fdb_route.py
29817913,1,0,1,connector_carepoint/__openerp__.py
29817913,4,2,6,connector_carepoint/tests/common.py
29817913,1,0,1,connector_carepoint/tests/data_base.py
29817913,3,1,4,connector_carepoint/tests/test_synchronization.py
29817913,5,0,5,connector_carepoint/__openerp__.py
29817913,1,0,1,connector_carepoint/__openerp__.py
29817913,3,3,6,connector_carepoint/models/medical_medicament.py
29817913,23,25,48,connector_carepoint/models/medical_medicament.py
29817913,3,1,4,connector_carepoint/tests/common.py
29817913,3,1,4,connector_carepoint/tests/test_related_action.py
29817913,3,1,4,connector_carepoint/tests/test_synchronization.py
29817913,14,32,46,connector_carepoint/models/medical_medicament.py
29817913,194,330,524,connector_carepoint/models/medical_medicament.py
29817913,1,0,1,connector_carepoint/tests/__init__.py
29817913,26,21,47,connector_carepoint/tests/common.py
29817913,106,0,106,connector_carepoint/tests/test_related_action.py
29817913,0,3,3,connector_carepoint/models/res_company.py
29817913,2,2,4,connector_carepoint/tests/test_synchronization.py
29817913,641,0,641,connector_carepoint/models/medical_medicament.py
29817913,10,10,20,connector_carepoint/models/res_company.py
29817913,0,1,1,connector_carepoint/tests/common.py
29817913,4,9,13,connector_carepoint/tests/test_synchronization.py
29817913,2,0,2,connector_carepoint/tests/__init__.py
29817913,221,0,221,connector_carepoint/tests/common.py
29817913,59,0,59,connector_carepoint/tests/test_synchronization.py
29817913,1,1,2,connector_carepoint/related_action.py
29817913,1,1,2,connector_carepoint/unit/export_synchronizer.py
29817913,1,5,6,connector_carepoint/models/carepoint_backend.py
29817913,3,7,10,connector_carepoint/models/res_company.py
29817913,2,1,3,connector_carepoint/related_action.py
29817913,3,11,14,connector_carepoint/unit/backend_adapter.py
29817913,4,4,8,connector_carepoint/unit/binder.py
29817913,1,1,2,connector_carepoint/unit/delete_synchronizer.py
29817913,5,4,9,connector_carepoint/unit/export_synchronizer.py
29817913,1,1,2,connector_carepoint/unit/import_synchronizer.py
29817913,0,3,3,connector-carepoint/models/__init__.py
29817913,0,7,7,connector-carepoint/unit/__init__.py
29817913,0,0,0,{connector-carepoint => connector_carepoint}/__init__.py
29817913,0,0,0,{connector-carepoint => connector_carepoint}/__openerp__.py
29817913,0,0,0,{connector-carepoint => connector_carepoint}/backend.py
29817913,0,0,0,{connector-carepoint => connector_carepoint}/connector.py
29817913,0,0,0,{connector-carepoint => connector_carepoint}/consumer.py
29817913,3,0,3,connector_carepoint/models/__init__.py
29817913,0,0,0,{connector-carepoint => connector_carepoint}/models/carepoint_backend.py
29817913,0,0,0,{connector-carepoint => connector_carepoint}/models/res_company.py
29817913,0,0,0,{connector-carepoint => connector_carepoint}/related_action.py
29817913,7,0,7,connector_carepoint/unit/__init__.py
29817913,0,0,0,{connector-carepoint => connector_carepoint}/unit/backend_adapter.py
29817913,0,0,0,{connector-carepoint => connector_carepoint}/unit/binder.py
29817913,0,0,0,{connector-carepoint => connector_carepoint}/unit/delete_synchronizer.py
29817913,0,0,0,{connector-carepoint => connector_carepoint}/unit/export_synchronizer.py
29817913,0,0,0,{connector-carepoint => connector_carepoint}/unit/import_synchronizer.py
29817913,0,0,0,{connector-carepoint => connector_carepoint}/unit/mapper.py
29817913,14,14,28,connector-carepoint/models/carepoint_backend.py
29817913,8,8,16,connector-carepoint/models/res_company.py
29817913,2,2,4,connector-carepoint/unit/backend_adapter.py
29817913,8,3,11,connector-carepoint/unit/import_synchronizer.py
29817913,13,7,20,connector-carepoint/models/carepoint_backend.py
29817913,2,3,5,connector-carepoint/models/res_company.py
29817913,3,4,7,connector-carepoint/models/carepoint_backend.py
29817913,19,10,29,connector-carepoint/models/res_company.py
29817913,0,1,1,connector-carepoint/related_action.py
29817913,2,1,3,connector-carepoint/unit/backend_adapter.py
29817913,2,1,3,connector-carepoint/unit/export_synchronizer.py
29817913,1,3,4,connector-carepoint/unit/export_synchronizer.py
29817913,72,0,72,connector-carepoint/related_action.py
29817913,0,2,2,connector-carepoint/unit/delete_synchronizer.py
29817913,0,2,2,connector-carepoint/unit/import_synchronizer.py
29817913,1,1,2,connector-carepoint/unit/binder.py
29817913,1,1,2,connector-carepoint/backend.py
29817913,2,2,4,connector-carepoint/models/__init__.py
29817913,6,6,12,connector-carepoint/unit/__init__.py
29817913,2,2,4,connector-carepoint/models/carepoint_backend.py
29817913,2,4,6,connector-carepoint/models/carepoint_backend.py
29817913,0,2,2,connector-carepoint/__init__.py
29817913,2,1,3,connector-carepoint/models/__init__.py
29817913,0,0,0,__init__.py => connector-carepoint/__init__.py
29817913,0,0,0,__openerp__.py => connector-carepoint/__openerp__.py
29817913,0,0,0,backend.py => connector-carepoint/backend.py
29817913,0,0,0,connector.py => connector-carepoint/connector.py
29817913,0,0,0,consumer.py => connector-carepoint/consumer.py
29817913,0,0,0,{models => connector-carepoint/models}/__init__.py
29817913,0,0,0,{models => connector-carepoint/models}/carepoint_backend.py
29817913,0,0,0,{models => connector-carepoint/models}/res_company.py
29817913,0,0,0,{unit => connector-carepoint/unit}/__init__.py
29817913,0,0,0,{unit => connector-carepoint/unit}/backend_adapter.py
29817913,0,0,0,{unit => connector-carepoint/unit}/binder.py
29817913,0,0,0,{unit => connector-carepoint/unit}/delete_synchronizer.py
29817913,0,0,0,{unit => connector-carepoint/unit}/export_synchronizer.py
29817913,0,0,0,{unit => connector-carepoint/unit}/import_synchronizer.py
29817913,0,0,0,{unit => connector-carepoint/unit}/mapper.py
29817913,0,2,2,controllers/__init__.py
29817913,0,25,25,controllers/controller.py
29817913,0,2,2,wizards/__init__.py
29817913,0,21,21,wizards/wizard.py
29817913,1,1,2,models/carepoint_backend.py
29817913,1,1,2,models/carepoint_backend.py
29817913,18,333,351,models/carepoint_backend.py
29817913,29,1,30,models/res_company.py
29817913,6,3,9,unit/__init__.py
29817913,3,3,6,models/carepoint_backend.py
29817913,70,70,140,models/carepoint_backend.py
29817913,4,2,6,models/res_company.py
29817913,2,1,3,unit/delete_synchronizer.py
29817913,16,8,24,unit/export_synchronizer.py
29817913,1,0,1,models/res_company.py
29817913,15,25,40,unit/backend_adapter.py
29817913,1,1,2,unit/binder.py
29817913,1,3,4,unit/backend_adapter.py
29817913,82,22,104,unit/backend_adapter.py
29817913,1,1,2,models/carepoint_backend.py
29817913,149,0,149,models/res_company.py
29817913,4,0,4,__init__.py
29817913,35,0,35,__openerp__.py
29817913,25,0,25,backend.py
29817913,80,0,80,connector.py
29817913,63,0,63,consumer.py
29817913,2,0,2,controllers/__init__.py
29817913,25,0,25,controllers/controller.py
29817913,2,0,2,models/__init__.py
29817913,574,0,574,models/carepoint_backend.py
29817913,4,0,4,unit/__init__.py
29817913,114,0,114,unit/backend_adapter.py
29817913,150,0,150,unit/binder.py
29817913,47,0,47,unit/delete_synchronizer.py
29817913,397,0,397,unit/export_synchronizer.py
29817913,361,0,361,unit/import_synchronizer.py
29817913,20,0,20,unit/mapper.py
29817913,2,0,2,wizards/__init__.py
29817913,21,0,21,wizards/wizard.py
47838894,3,0,3,electrumx/lib/coins.py
47838894,1,0,1,electrumx/server/session.py
47838894,4,4,8,electrumx/lib/coins.py
47838894,3,1,4,electrumx/lib/coins.py
47838894,94,65,159,electrumx/lib/coins.py
47838894,95,3,98,tests/lib/test_coins.py
47838894,1,1,2,docs/conf.py
47838894,1,1,2,electrumx/__init__.py
47838894,1,1,2,setup.py
47838894,17,12,29,electrumx/lib/coins.py
47838894,18,0,18,electrumx/lib/coins.py
47838894,4,0,4,electrumx/server/daemon.py
47838894,2,0,2,tests/lib/test_addresses.py
47838894,80,64,144,electrumx/lib/coins.py
47838894,1,1,2,electrumx/server/block_processor.py
47838894,1,1,2,setup.py
47838894,3,2,5,electrumx/lib/coins.py
47838894,29,0,29,tests/lib/test_coins.py
47838894,54,0,54,electrumx/lib/coins.py
47838894,62,12,74,electrumx/lib/tx.py
47838894,1,1,2,electrumx/server/session.py
47838894,1,0,1,tests/test_blocks.py
47838894,6,2,8,tests/test_transactions.py
47838894,35,35,70,electrumx/server/controller.py
47838894,22,17,39,electrumx/server/daemon.py
47838894,95,111,206,tests/server/test_daemon.py
47838894,73,59,132,electrumx/lib/coins.py
47838894,6,6,12,electrumx/server/daemon.py
47838894,1,1,2,tests/server/test_daemon.py
47838894,7,9,16,electrumx/server/daemon.py
47838894,3,3,6,tests/server/test_daemon.py
47838894,2,1,3,electrumx/lib/coins.py
47838894,413,0,413,electrumx/lib/tx_axe.py
47838894,402,0,402,tests/lib/test_tx_axe.py
47838894,10,0,10,electrumx/lib/coins.py
47838894,9,4,13,electrumx/lib/coins.py
47838894,50,31,81,electrumx/lib/coins.py
47838894,25,16,41,electrumx/lib/coins.py
47838894,15,6,21,electrumx/server/session.py
47838894,25,0,25,electrumx/lib/coins.py
47838894,1,0,1,setup.py
47838894,9,3,12,electrumx/lib/coins.py
47838894,26,0,26,electrumx/lib/coins.py
47838894,0,26,26,electrumx/lib/coins.py
47838894,26,0,26,electrumx/lib/coins.py
47838894,29,0,29,electrumx/lib/coins.py
47838894,1,0,1,setup.py
47838894,1,1,2,electrumx/lib/coins.py
47838894,6,7,13,electrumx/server/peers.py
47838894,84,26,110,electrumx/lib/coins.py
47838894,1,1,2,electrumx/lib/coins.py
47838894,60,1,61,electrumx/lib/tx.py
47838894,1,1,2,setup.py
47838894,1,0,1,electrumx/lib/coins.py
47838894,23,0,23,electrumx/lib/tx.py
47838894,54,0,54,tests/lib/test_tx_zcoin.py
47838894,3,5,8,electrumx/lib/coins.py
47838894,1,0,1,setup.py
47838894,1,1,2,docs/conf.py
47838894,1,1,2,electrumx/__init__.py
47838894,1,1,2,electrumx/server/controller.py
47838894,2,2,4,setup.py
47838894,1,1,2,electrumx/server/session.py
47838894,2,0,2,electrumx/server/session.py
47838894,1,1,2,electrumx/server/session.py
47838894,0,20,20,electrumx/lib/env_base.py
47838894,1,0,1,electrumx/lib/util.py
47838894,91,92,183,electrumx/server/env.py
47838894,9,8,17,electrumx/server/peers.py
47838894,61,43,104,electrumx/server/session.py
47838894,111,134,245,tests/server/test_env.py
47838894,2,2,4,electrumx/server/controller.py
47838894,3,2,5,electrumx/server/peers.py
47838894,25,40,65,electrumx/server/session.py
47838894,1,1,2,setup.py
47838894,46,0,46,electrumx/lib/coins.py
47838894,3,4,7,electrumx/lib/coins.py
47838894,0,2,2,electrumx/lib/coins.py
47838894,27,0,27,electrumx/lib/coins.py
47838894,3,3,6,electrumx/lib/coins.py
47838894,5,10,15,electrumx/server/session.py
47838894,1,1,2,electrumx/server/env.py
47838894,5,4,9,electrumx/server/peers.py
47838894,6,6,12,electrumx/server/peers.py
47838894,4,4,8,electrumx/server/session.py
47838894,1,1,2,electrumx/lib/coins.py
47838894,2,2,4,electrumx/server/controller.py
47838894,13,14,27,electrumx/server/peers.py
47838894,14,17,31,electrumx/server/session.py
47838894,1,1,2,setup.py
47838894,0,5,5,electrumx/lib/util.py
47838894,0,1,1,tests/lib/test_util.py
47838894,1,3,4,electrumx/server/env.py
47838894,0,2,2,tests/server/test_env.py
47838894,5,5,10,electrumx/lib/peer.py
47838894,0,16,16,electrumx/lib/util.py
47838894,2,2,4,electrumx/server/controller.py
47838894,10,7,17,electrumx/server/env.py
47838894,1,1,2,setup.py
47838894,0,28,28,tests/lib/test_util.py
47838894,2,2,4,electrumx/server/controller.py
47838894,5,5,10,electrumx/server/session.py
47838894,1,2,3,setup.py
47838894,2,1,3,electrumx/server/session.py
47838894,11,7,18,setup.py
47838894,18,16,34,electrumx/lib/server_base.py
47838894,5,1,6,electrumx/server/session.py
47838894,1,1,2,electrumx/server/session.py
47838894,16,17,33,electrumx/server/session.py
47838894,1,1,2,docs/conf.py
47838894,1,1,2,electrumx/__init__.py
47838894,1,1,2,setup.py
47838894,113,62,175,electrumx/server/session.py
47838894,1,1,2,electrumx/server/env.py
47838894,1,1,2,tests/server/test_env.py
47838894,14,19,33,electrumx/server/session.py
47838894,10,4,14,electrumx/server/session.py
47838894,17,13,30,electrumx/server/session.py
47838894,4,2,6,electrumx/server/block_processor.py
47838894,4,9,13,electrumx/lib/coins.py
47838894,2,3,5,electrumx/server/daemon.py
47838894,3,0,3,electrumx/server/daemon.py
47838894,0,8,8,electrumx/server/daemon.py
47838894,1,1,2,setup.py
47838894,1,1,2,electrumx/server/daemon.py
47838894,3,0,3,electrumx/server/block_processor.py
47838894,8,0,8,electrumx/server/daemon.py
47838894,1,1,2,electrumx/server/session.py
47838894,15,7,22,electrumx/server/session.py
47838894,5,1,6,electrumx/server/session.py
47838894,2,0,2,electrumx/server/peers.py
47838894,4,2,6,electrumx/server/session.py
47838894,5,6,11,electrumx/server/session.py
47838894,23,14,37,electrumx/server/session.py
47838894,1,4,5,electrumx/server/session.py
47838894,3,1,4,electrumx/server/session.py
47838894,2,1,3,electrumx/lib/server_base.py
47838894,1,0,1,electrumx/server/env.py
47838894,9,0,9,tests/server/test_env.py
47838894,2,2,4,electrumx/server/controller.py
47838894,26,16,42,electrumx/server/session.py
47838894,1,1,2,setup.py
47838894,14,7,21,electrumx/lib/tx_dash.py
47838894,31,0,31,tests/lib/test_tx_dash.py
47838894,3,4,7,electrumx/server/peers.py
47838894,2,2,4,electrumx/server/controller.py
47838894,74,33,107,electrumx/server/session.py
47838894,1,1,2,setup.py
47838894,1,1,2,electrumx/server/session.py
47838894,43,17,60,electrumx/server/session.py
47838894,15,14,29,electrumx/server/session.py
47838894,8,13,21,electrumx/server/session.py
47838894,9,5,14,electrumx/server/peers.py
47838894,0,8,8,electrumx/server/session.py
47838894,8,2,10,electrumx/server/session.py
47838894,1,1,2,electrumx/server/session.py
47838894,1,1,2,setup.py
47838894,6,7,13,electrumx/server/session.py
47838894,1,1,2,electrumx/server/env.py
47838894,1,0,1,electrumx/server/env.py
47838894,2,0,2,electrumx/server/session.py
47838894,4,0,4,tests/server/test_env.py
47838894,2,2,4,electrumx/server/controller.py
47838894,2,2,4,electrumx/server/session.py
47838894,10,0,10,electrumx/lib/coins.py
47838894,4,4,8,electrumx/lib/coins.py
47838894,11,15,26,electrumx/lib/tx.py
47838894,1,0,1,electrumx/lib/server_base.py
47838894,2,2,4,electrumx/lib/text.py
47838894,1,1,2,electrumx/lib/peer.py
47838894,0,33,33,electrumx/lib/script.py
47838894,2,1,3,electrumx/lib/merkle.py
47838894,10,55,65,electrumx/lib/coins.py
47838894,3,3,6,electrumx/lib/util.py
47838894,6,2,8,electrumx/server/history.py
47838894,13,3,16,electrumx/server/db.py
47838894,12,9,21,electrumx/server/session.py
47838894,1,1,2,electrumx/server/mempool.py
47838894,3,10,13,electrumx/server/peers.py
47838894,7,5,12,electrumx/server/block_processor.py
47838894,3,2,5,electrumx/server/daemon.py
47838894,1,1,2,docs/conf.py
47838894,1,1,2,electrumx/__init__.py
47838894,1,1,2,setup.py
47838894,2,1,3,electrumx/server/session.py
47838894,2,2,4,electrumx/server/controller.py
47838894,1,0,1,electrumx/server/session.py
47838894,1,1,2,setup.py
47838894,7,7,14,electrumx/lib/coins.py
47838894,3,1,4,electrumx/server/env.py
47838894,5,0,5,electrumx/server/session.py
47838894,9,1,10,tests/server/test_env.py
47838894,1,1,2,electrumx/server/session.py
47838894,13,10,23,electrumx/server/session.py
47838894,2,2,4,electrumx/server/controller.py
47838894,3,3,6,electrumx/server/session.py
47838894,1,1,2,setup.py
47838894,2,2,4,electrumx/server/controller.py
47838894,1,1,2,setup.py
47838894,3,6,9,electrumx/server/session.py
47838894,4,4,8,electrumx/lib/coins.py
47838894,14,17,31,electrumx/server/session.py
47838894,5,6,11,electrumx/server/session.py
47838894,6,5,11,electrumx/server/session.py
47838894,0,56,56,electrumx/lib/coins.py
47838894,11,26,37,electrumx/server/peers.py
47838894,11,119,130,electrumx/server/session.py
47838894,0,24,24,tests/lib/test_coins.py
47838894,0,7,7,tests/test_blocks.py
47838894,2,1,3,tests/server/test_mempool.py
47838894,3,3,6,electrumx/server/block_processor.py
47838894,2,1,3,electrumx/server/mempool.py
47838894,2,2,4,electrumx/server/controller.py
47838894,3,2,5,electrumx/server/session.py
47838894,1,1,2,setup.py
47838894,3,3,6,electrumx/server/session.py
47838894,4,3,7,electrumx/lib/text.py
47838894,54,20,74,electrumx/server/session.py
47838894,3,1,4,electrumx/server/session.py
47838894,6,1,7,electrumx/server/session.py
47838894,2,6,8,tests/server/test_env.py
47838894,2,2,4,electrumx/server/env.py
47838894,9,5,14,electrumx/server/session.py
47838894,1,1,2,electrumx/server/session.py
47838894,10,8,18,electrumx/lib/text.py
47838894,2,2,4,electrumx/server/controller.py
47838894,50,63,113,electrumx/server/session.py
47838894,1,1,2,setup.py
47838894,20,1,21,electrumx/server/db.py
47838894,6,4,10,electrumx/server/session.py
47838894,8,7,15,electrumx/lib/text.py
47838894,2,2,4,electrumx/server/controller.py
47838894,4,5,9,electrumx/server/env.py
47838894,53,39,92,electrumx/server/session.py
47838894,1,1,2,setup.py
47838894,12,16,28,tests/server/test_env.py
47838894,1,1,2,electrumx/server/peers.py
47838894,4,3,7,electrumx/lib/coins.py
47838894,5,7,12,electrumx/server/session.py
47838894,2,2,4,electrumx/server/controller.py
47838894,9,8,17,electrumx/server/session.py
47838894,1,1,2,setup.py
47838894,1,1,2,electrumx/server/peers.py
47838894,19,3,22,electrumx/server/peers.py
47838894,31,0,31,electrumx/lib/coins.py
47838894,19,0,19,electrumx/lib/coins.py
47838894,20,0,20,electrumx/lib/coins.py
47838894,1,1,2,electrumx/lib/coins.py
47838894,17,0,17,electrumx/lib/tx.py
47838894,24,0,24,electrumx/lib/coins.py
47838894,29,3,32,electrumx/lib/peer.py
47838894,44,15,59,electrumx/server/peers.py
47838894,6,0,6,electrumx/server/session.py
47838894,30,0,30,electrumx/lib/coins.py
47838894,26,0,26,electrumx/lib/tx.py
47838894,13,4,17,electrumx/lib/server_base.py
47838894,12,8,20,electrumx/server/env.py
47838894,2,1,3,electrumx/server/peers.py
47838894,1,1,2,electrumx/__init__.py
47838894,1,1,2,setup.py
47838894,9,6,15,electrumx/lib/coins.py
47838894,19,1,20,electrumx/server/session.py
47838894,5,0,5,electrumx/server/peers.py
47838894,3,10,13,electrumx/lib/coins.py
47838894,9,7,16,electrumx/server/peers.py
47838894,1,1,2,electrumx/server/session.py
47838894,27,0,27,electrumx/lib/coins.py
47838894,49,0,49,electrumx/lib/coins.py
47838894,1,1,2,electrumx/lib/peer.py
47838894,47,0,47,electrumx/lib/coins.py
47838894,1,1,2,electrumx/server/session.py
47838894,6,0,6,electrumx/lib/coins.py
47838894,1,0,1,electrumx/lib/coins.py
47838894,6,5,11,electrumx/lib/server_base.py
47838894,148,62,210,electrumx/lib/coins.py
47838894,17,0,17,electrumx/server/daemon.py
47838894,24,0,24,electrumx/lib/coins.py
47838894,1,0,1,electrumx/lib/coins.py
47838894,1,1,2,docs/conf.py
47838894,1,1,2,electrumx/__init__.py
47838894,1,1,2,setup.py
47838894,1,1,2,tests/server/test_env.py
47838894,0,309,309,electrumx/wallet/bip32.py
47838894,0,31,31,electrumx/wallet/env.py
47838894,0,397,397,tests/wallet/test_bip32.py
47838894,3,3,6,electrumx/server/peers.py
47838894,2,2,4,electrumx/server/controller.py
47838894,7,7,14,electrumx/server/session.py
47838894,1,1,2,setup.py
47838894,2,0,2,electrumx/lib/coins.py
47838894,1,4,5,electrumx/server/env.py
47838894,12,25,37,electrumx/server/peers.py
47838894,4,0,4,electrumx/server/env.py
47838894,43,8,51,electrumx/server/peers.py
47838894,3,1,4,electrumx/server/session.py
47838894,1,1,2,docs/conf.py
47838894,1,1,2,electrumx/__init__.py
47838894,1,1,2,setup.py
47838894,2,2,4,electrumx/server/controller.py
47838894,1,1,2,setup.py
47838894,1,1,2,electrumx/server/peers.py
47838894,1,1,2,docs/conf.py
47838894,1,1,2,electrumx/__init__.py
47838894,1,1,2,setup.py
47838894,25,16,41,electrumx/server/peers.py
47838894,1,1,2,electrumx/lib/coins.py
47838894,5,0,5,electrumx/lib/util.py
47838894,1,0,1,tests/lib/test_util.py
47838894,22,0,22,electrumx/lib/coins.py
47838894,1,1,2,docs/conf.py
47838894,1,1,2,electrumx/__init__.py
47838894,1,1,2,setup.py
47838894,11,0,11,electrumx/lib/coins.py
47838894,1,1,2,electrumx/server/session.py
47838894,1,0,1,electrumx/lib/coins.py
47838894,15,0,15,electrumx/lib/coins.py
47838894,12,3,15,electrumx/server/session.py
47838894,63,0,63,electrumx/lib/coins.py
47838894,26,11,37,electrumx/server/peers.py
47838894,106,6,112,electrumx/server/session.py
47838894,24,0,24,tests/lib/test_coins.py
47838894,7,0,7,tests/test_blocks.py
47838894,10,4,14,electrumx/server/session.py
47838894,1,1,2,electrumx/server/session.py
47838894,5,0,5,electrumx/lib/coins.py
47838894,1,1,2,electrumx/server/env.py
47838894,2,1,3,electrumx/lib/coins.py
47838894,46,1,47,electrumx/server/session.py
47838894,1,0,1,electrumx/lib/coins.py
47838894,2,0,2,electrumx/lib/coins.py
47838894,6,0,6,electrumx/lib/tx.py
47838894,6,5,11,electrumx/lib/tx_dash.py
47838894,2,2,4,tests/lib/test_tx_dash.py
47838894,3,1,4,electrumx/server/session.py
47838894,14,0,14,electrumx/lib/coins.py
47838894,4,0,4,tests/lib/test_addresses.py
47838894,7,0,7,electrumx/lib/coins.py
47838894,11,0,11,electrumx/lib/coins.py
47838894,22,0,22,electrumx/lib/coins.py
47838894,0,1,1,electrumx/lib/coins.py
47838894,0,1,1,electrumx/lib/coins.py
47838894,1,1,2,docs/conf.py
47838894,1,1,2,electrumx/__init__.py
47838894,1,1,2,setup.py
47838894,4,10,14,electrumx/server/session.py
47838894,1,1,2,docs/conf.py
47838894,1,1,2,electrumx/__init__.py
47838894,1,1,2,setup.py
47838894,1,1,2,electrumx/lib/util.py
47838894,0,63,63,electrumx/lib/coins.py
47838894,11,26,37,electrumx/server/peers.py
47838894,6,106,112,electrumx/server/session.py
47838894,0,24,24,tests/lib/test_coins.py
47838894,0,7,7,tests/test_blocks.py
47838894,4,0,4,electrumx/server/daemon.py
47838894,39,1,40,electrumx/server/session.py
47838894,0,0,0,tests/server/__init__.py
47838894,14,1,15,tests/server/test_daemon.py
47838894,1,1,2,setup.py
47838894,13,0,13,electrumx/lib/coins.py
47838894,96,0,96,electrumx/lib/tx.py
47838894,2,2,4,electrumx/server/mempool.py
47838894,1,1,2,tests/server/test_mempool.py
47838894,3,0,3,electrumx/server/controller.py
47838894,31,8,39,electrumx/server/mempool.py
47838894,23,7,30,tests/server/test_mempool.py
47838894,1,1,2,electrumx/lib/merkle.py
47838894,1,1,2,electrumx/server/session.py
47838894,1,1,2,tests/lib/test_merkle.py
47838894,12,15,27,electrumx/lib/coins.py
47838894,1,1,2,tests/server/test_compaction.py
47838894,7,7,14,tests/server/test_env.py
47838894,44,0,44,electrumx/lib/coins.py
47838894,57,0,57,electrumx/lib/tx.py
47838894,32,0,32,electrumx/lib/coins.py
47838894,26,0,26,electrumx/lib/coins.py
47838894,1,0,1,setup.py
47838894,17,0,17,electrumx/lib/coins.py
47838894,2,0,2,electrumx/lib/coins.py
47838894,20,0,20,electrumx/lib/coins.py
47838894,271,116,387,electrumx/lib/tx_dash.py
47838894,241,19,260,tests/lib/test_tx_dash.py
47838894,1,1,2,electrumx/lib/coins.py
47838894,15,5,20,electrumx/lib/peer.py
47838894,2,2,4,electrumx/server/peers.py
47838894,3,3,6,electrumx/server/block_processor.py
47838894,2,0,2,electrumx/lib/coins.py
47838894,250,0,250,electrumx/lib/tx_dash.py
47838894,0,0,0,tests/lib/__init__.py
47838894,242,0,242,tests/lib/test_tx_dash.py
47838894,2,1,3,electrumx/lib/coins.py
47838894,13,11,24,electrumx/server/peers.py
47838894,14,0,14,electrumx/lib/coins.py
47838894,14,0,14,electrumx/lib/coins.py
47838894,96,0,96,electrumx/server/block_processor.py
47838894,4,8,12,electrumx/lib/coins.py
47838894,1,0,1,electrumx/lib/coins.py
47838894,19,0,19,electrumx/lib/coins.py
47838894,31,1,32,electrumx/lib/coins.py
47838894,15,0,15,electrumx/lib/tx.py
47838894,15,0,15,electrumx/server/daemon.py
47838894,29,0,29,electrumx/server/session.py
47838894,1,0,1,setup.py
47838894,2,0,2,tests/lib/test_addresses.py
47838894,1,1,2,docs/conf.py
47838894,1,1,2,electrumx/__init__.py
47838894,1,1,2,setup.py
47838894,2,2,4,electrumx/server/block_processor.py
47838894,0,2,2,electrumx/lib/coins.py
47838894,1,1,2,docs/conf.py
47838894,1,1,2,electrumx/__init__.py
47838894,2,2,4,electrumx/server/controller.py
47838894,2,2,4,setup.py
47838894,0,1,1,electrumx/lib/coins.py
47838894,4,10,14,electrumx/server/session.py
47838894,7,5,12,electrumx/server/session.py
47838894,1,1,2,docs/conf.py
47838894,1,1,2,electrumx/__init__.py
47838894,1,1,2,setup.py
47838894,2,2,4,electrumx/server/controller.py
47838894,12,15,27,electrumx/server/session.py
47838894,1,1,2,setup.py
47838894,2,2,4,electrumx/server/controller.py
47838894,1,1,2,setup.py
47838894,3,5,8,electrumx/server/session.py
47838894,5,3,8,electrumx/server/session.py
47838894,17,0,17,electrumx/lib/coins.py
47838894,1,1,2,docs/conf.py
47838894,1,1,2,electrumx/__init__.py
47838894,1,1,2,setup.py
47838894,47,0,47,tests/server/test_notifications.py
47838894,1,2,3,electrumx/server/controller.py
47838894,1,1,2,docs/conf.py
47838894,1,1,2,electrumx/__init__.py
47838894,1,1,2,setup.py
47838894,0,2,2,electrumx/lib/coins.py
47838894,3,3,6,electrumx/server/controller.py
47838894,5,5,10,electrumx/server/peers.py
47838894,4,4,8,electrumx/server/session.py
47838894,1,1,2,setup.py
47838894,51,1,52,electrumx/lib/coins.py
47838894,12,0,12,electrumx/server/daemon.py
47838894,103,0,103,electrumx/lib/coins.py
47838894,30,0,30,electrumx/server/block_processor.py
47838894,15,1,16,tests/test_transactions.py
47838894,27,6,33,electrumx/lib/tx.py
47838894,1,0,1,electrumx/server/session.py
47838894,1,1,2,electrumx/server/session.py
47838894,9,9,18,electrumx/server/controller.py
47838894,2,1,3,electrumx/server/block_processor.py
47838894,0,2,2,electrumx/server/block_processor.py
47838894,20,17,37,electrumx/server/controller.py
47838894,7,7,14,electrumx/server/session.py
47838894,4,0,4,electrumx/lib/tx.py
47838894,1,0,1,electrumx/server/peers.py
47838894,1,1,2,electrumx/server/session.py
47838894,1,1,2,electrumx/server/daemon.py
47838894,1,1,2,tests/server/test_daemon.py
47838894,3,3,6,electrumx/lib/coins.py
47838894,3,0,3,electrumx/server/daemon.py
47838894,1,1,2,docs/conf.py
47838894,1,1,2,electrumx/__init__.py
47838894,2,2,4,electrumx/server/controller.py
47838894,2,2,4,setup.py
47838894,2,2,4,electrumx/server/block_processor.py
47838894,1,1,2,docs/conf.py
47838894,1,1,2,electrumx/__init__.py
47838894,1,1,2,setup.py
47838894,2,2,4,electrumx/server/controller.py
47838894,1,1,2,electrumx/server/mempool.py
47838894,4,4,8,electrumx/server/peers.py
47838894,1,1,2,setup.py
47838894,25,0,25,electrumx/lib/coins.py
47838894,69,0,69,electrumx/lib/tx.py
47838894,3,1,4,tests/lib/test_addresses.py
47838894,4,1,5,tests/server/test_env.py
47838894,4,5,9,electrumx/lib/tx.py
47838894,2,3,5,electrumx/server/block_processor.py
47838894,4,7,11,electrumx/server/mempool.py
47838894,13,12,25,tests/server/test_mempool.py
47838894,1,1,2,setup.py
47838894,2,1,3,electrumx/lib/server_base.py
47838894,1,1,2,docs/conf.py
47838894,1,1,2,electrumx/__init__.py
47838894,1,1,2,setup.py
47838894,2,2,4,electrumx/server/controller.py
47838894,15,3,18,electrumx/server/db.py
47838894,20,0,20,electrumx/lib/coins.py
47838894,9,1,10,tests/lib/test_addresses.py
47838894,8,0,8,tests/server/test_env.py
47838894,8,5,13,tests/server/test_daemon.py
47838894,3,3,6,electrumx/server/session.py
47838894,24,26,50,electrumx/server/session.py
47838894,19,0,19,electrumx/lib/coins.py
47838894,7,0,7,tests/server/test_env.py
47838894,2,1,3,tests/test_blocks.py
47838894,93,52,145,electrumx/lib/coins.py
47838894,4,0,4,tests/lib/test_addresses.py
47838894,46,1,47,tests/server/test_env.py
47838894,0,40,40,electrumx/lib/coins.py
47838894,0,1,1,tests/test_transactions.py
47838894,0,1,1,tests/server/test_mempool.py
47838894,5,2,7,tests/server/test_mempool.py
47838894,11,43,54,electrumx/lib/tx.py
47838894,15,12,27,electrumx/server/block_processor.py
47838894,12,4,16,electrumx/server/mempool.py
47838894,14,1,15,tests/server/test_mempool.py
47838894,1,1,2,electrumx/server/session.py
47838894,1,1,2,electrumx/lib/coins.py
47838894,1,1,2,electrumx/__init__.py
47838894,489,0,489,tests/server/test_daemon.py
47838894,8,7,15,electrumx/server/daemon.py
47838894,0,2,2,electrumx/server/daemon.py
47838894,11,9,20,electrumx/server/daemon.py
47838894,6,7,13,electrumx/lib/server_base.py
47838894,1,4,5,electrumx/server/block_processor.py
47838894,4,1,5,electrumx/server/controller.py
47838894,32,27,59,electrumx/server/daemon.py
47838894,9,5,14,electrumx/server/daemon.py
47838894,1,1,2,electrumx/server/session.py
47838894,2,2,4,electrumx/server/daemon.py
47838894,2,2,4,electrumx/server/session.py
47838894,0,4,4,electrumx/lib/coins.py
47838894,14,14,28,electrumx/server/daemon.py
47838894,1,1,2,electrumx/server/session.py
47838894,5,16,21,electrumx/server/daemon.py
47838894,9,12,21,electrumx/server/daemon.py
47838894,7,8,15,electrumx/server/daemon.py
47838894,4,8,12,electrumx/server/daemon.py
47838894,4,2,6,electrumx/server/controller.py
47838894,4,4,8,electrumx/server/daemon.py
47838894,24,0,24,tests/lib/test_coins.py
47838894,6,4,10,electrumx/lib/script.py
47838894,0,14,14,electrumx/lib/util.py
47838894,3,3,6,electrumx/server/daemon.py
47838894,5,5,10,electrumx/server/history.py
47838894,6,5,11,electrumx/wallet/bip32.py
47838894,16,13,29,tests/lib/test_util.py
47838894,5,6,11,tests/server/test_compaction.py
47838894,70,135,205,electrumx/lib/coins.py
47838894,8,0,8,tests/test_blocks.py
47838894,6,0,6,electrumx/lib/util.py
47838894,7,7,14,electrumx/lib/tx.py
47838894,16,16,32,electrumx/lib/util.py
47838894,2,2,4,electrumx/server/daemon.py
47838894,11,11,22,tests/lib/test_util.py
47838894,1,1,2,electrumx/server/session.py
47838894,17,20,37,electrumx/lib/tx.py
47838894,2,2,4,electrumx/server/block_processor.py
47838894,39,0,39,electrumx/lib/coins.py
47838894,1,3,4,electrumx/server/db.py
47838894,66,70,136,electrumx/server/session.py
47838894,17,17,34,electrumx/server/session.py
47838894,0,102,102,electrumx/server/chain_state.py
47838894,1,3,4,electrumx/server/controller.py
47838894,7,0,7,electrumx/server/db.py
47838894,4,4,8,electrumx/server/peers.py
47838894,94,45,139,electrumx/server/session.py
47838894,1,1,2,docs/conf.py
47838894,1,1,2,electrumx/__init__.py
47838894,1,1,2,setup.py
47838894,1,1,2,docs/conf.py
47838894,1,1,2,electrumx/__init__.py
47838894,1,1,2,setup.py
47838894,502,0,502,tests/server/test_mempool.py
47838894,11,3,14,electrumx/lib/coins.py
47838894,21,12,33,electrumx/server/mempool.py
47838894,18,22,40,electrumx/server/mempool.py
47838894,10,11,21,electrumx/server/mempool.py
47838894,13,12,25,electrumx/server/session.py
47838894,12,2,14,electrumx/server/controller.py
47838894,57,12,69,electrumx/server/mempool.py
47838894,27,6,33,electrumx/lib/tx.py
47838894,37,0,37,tests/lib/test_tx.py
47838894,33,5,38,electrumx/lib/util.py
47838894,19,1,20,tests/lib/test_util.py
47838894,2,0,2,electrumx/server/db.py
47838894,2,0,2,electrumx/wallet/bip32.py
47838894,27,6,33,electrumx/lib/tx.py
47838894,37,0,37,tests/lib/test_tx.py
47838894,33,5,38,electrumx/lib/util.py
47838894,19,1,20,tests/lib/test_util.py
47838894,27,6,33,electrumx/lib/tx.py
47838894,37,0,37,tests/lib/test_tx.py
47838894,33,5,38,electrumx/lib/util.py
47838894,19,1,20,tests/lib/test_util.py
47838894,2,0,2,electrumx/server/db.py
47838894,2,0,2,electrumx/wallet/bip32.py
47838894,13,8,21,electrumx/server/block_processor.py
47838894,32,29,61,electrumx/server/block_processor.py
47838894,10,10,20,electrumx/server/chain_state.py
47838894,6,4,10,electrumx/server/controller.py
47838894,4,4,8,electrumx/server/db.py
47838894,23,36,59,electrumx/server/block_processor.py
47838894,18,8,26,electrumx/server/db.py
47838894,5,17,22,electrumx/server/block_processor.py
47838894,8,2,10,electrumx/server/db.py
47838894,18,34,52,electrumx/server/block_processor.py
47838894,14,1,15,electrumx/server/db.py
47838894,11,41,52,electrumx/server/block_processor.py
47838894,22,0,22,electrumx/server/db.py
47838894,2,3,5,electrumx/server/history.py
47838894,18,37,55,electrumx/server/block_processor.py
47838894,65,24,89,electrumx/server/db.py
47838894,0,10,10,electrumx/server/block_processor.py
47838894,10,0,10,electrumx/server/db.py
47838894,3,36,39,electrumx/server/block_processor.py
47838894,39,0,39,electrumx/server/db.py
47838894,1,1,2,compact_history.py
47838894,1,1,2,contrib/query.py
47838894,3,11,14,electrumx/server/block_processor.py
47838894,14,4,18,electrumx/server/db.py
47838894,6,2,8,electrumx/server/history.py
47838894,3,0,3,electrumx/lib/server_base.py
47838894,3,8,11,electrumx/server/block_processor.py
47838894,4,2,6,electrumx/server/db.py
47838894,8,1,9,electrumx/server/history.py
47838894,5,15,20,electrumx/server/block_processor.py
47838894,37,30,67,electrumx/server/db.py
47838894,1,3,4,electrumx/server/block_processor.py
47838894,7,0,7,electrumx/server/db.py
47838894,6,2,8,electrumx/server/peers.py
47838894,4,2,6,electrumx/server/session.py
47838894,3,3,6,electrumx/lib/server_base.py
47838894,1,1,2,docs/conf.py
47838894,1,1,2,electrumx/__init__.py
47838894,2,2,4,electrumx/server/controller.py
47838894,2,2,4,setup.py
47838894,9,2,11,electrumx/server/block_processor.py
47838894,1,1,2,electrumx/server/peers.py
47838894,1,1,2,setup.py
47838894,1,1,2,docs/conf.py
47838894,1,1,2,electrumx/__init__.py
47838894,1,1,2,setup.py
47838894,4,9,13,electrumx/server/peers.py
47838894,5,0,5,electrumx/lib/merkle.py
47838894,1,14,15,electrumx/server/block_processor.py
47838894,1,3,4,electrumx/server/chain_state.py
47838894,1,0,1,electrumx/server/controller.py
47838894,26,0,26,electrumx/server/db.py
47838894,10,20,30,electrumx/lib/server_base.py
47838894,3,0,3,electrumx/lib/server_base.py
47838894,9,4,13,electrumx/server/peers.py
47838894,15,10,25,electrumx/server/peers.py
47838894,2,2,4,electrumx/server/session.py
47838894,5,4,9,electrumx/server/session.py
47838894,3,5,8,electrumx/server/peers.py
47838894,2,9,11,electrumx/server/session.py
47838894,2,2,4,electrumx/server/controller.py
47838894,3,9,12,electrumx/server/chain_state.py
47838894,5,2,7,electrumx/server/session.py
47838894,7,7,14,electrumx/server/session.py
47838894,50,39,89,electrumx/server/block_processor.py
47838894,23,14,37,electrumx/lib/merkle.py
47838894,5,13,18,electrumx/server/block_processor.py
47838894,2,2,4,electrumx/server/chain_state.py
47838894,16,12,28,electrumx/server/db.py
47838894,7,6,13,electrumx/server/session.py
47838894,52,36,88,tests/lib/test_merkle.py
47838894,1,1,2,electrumx/server/chain_state.py
47838894,1,1,2,electrumx/server/peers.py
47838894,25,23,48,electrumx/server/session.py
47838894,0,4,4,electrumx/server/chain_state.py
47838894,2,2,4,contrib/query.py
47838894,3,16,19,electrumx/server/chain_state.py
47838894,12,8,20,electrumx/server/db.py
47838894,10,4,14,electrumx/server/session.py
47838894,5,2,7,contrib/query.py
47838894,6,9,15,electrumx/server/chain_state.py
47838894,18,21,39,electrumx/server/db.py
47838894,1,1,2,electrumx/server/peers.py
47838894,2,2,4,electrumx/server/session.py
47838894,1,1,2,electrumx/__init__.py
47838894,1,1,2,docs/conf.py
47838894,1,1,2,electrumx/__init__.py
47838894,1,3,4,electrumx/server/session.py
47838894,2,2,4,electrumx/server/peers.py
47838894,11,10,21,electrumx/server/session.py
47838894,3,8,11,electrumx/lib/server_base.py
47838894,1,1,2,electrumx/server/session.py
47838894,2,15,17,electrumx/server/chain_state.py
47838894,1,1,2,electrumx/server/controller.py
47838894,21,2,23,electrumx/server/session.py
47838894,3,4,7,electrumx/server/controller.py
47838894,8,2,10,electrumx/lib/coins.py
47838894,2,0,2,tests/lib/test_addresses.py
47838894,2,2,4,electrumx/server/controller.py
47838894,1,1,2,setup.py
47838894,2,2,4,electrumx/server/block_processor.py
47838894,2,2,4,electrumx/server/session.py
47838894,1,1,2,electrumx/server/peers.py
47838894,20,20,40,electrumx/server/session.py
47838894,1,1,2,docs/conf.py
47838894,1,1,2,electrumx/__init__.py
47838894,1,1,2,setup.py
47838894,2,4,6,electrumx/server/controller.py
47838894,37,46,83,electrumx/server/peers.py
47838894,128,115,243,electrumx/server/session.py
47838894,1,1,2,setup.py
47838894,61,2,63,electrumx/lib/coins.py
47838894,43,18,61,electrumx/lib/tx.py
47838894,21,6,27,electrumx/server/block_processor.py
47838894,88,2,90,electrumx/server/daemon.py
47838894,14,11,25,tests/lib/test_addresses.py
47838894,60,0,60,tests/test_transactions.py
47838894,2,2,4,electrumx/server/chain_state.py
47838894,1,1,2,query.py => contrib/query.py
47838894,49,0,49,electrumx/server/chain_state.py
47838894,9,5,14,electrumx/server/session.py
47838894,1,1,2,electrumx/lib/coins.py
47838894,70,35,105,query.py
47838894,49,0,49,electrumx/lib/coins.py
47838894,5,1,6,electrumx/lib/tx.py
47838894,1,0,1,setup.py
47838894,5,3,8,electrumx/lib/tx.py
47838894,1,1,2,docs/conf.py
47838894,1,1,2,electrumx/__init__.py
47838894,1,1,2,setup.py
47838894,0,2,2,electrumx/server/mempool.py
47838894,3,7,10,electrumx/server/peers.py
47838894,1,1,2,docs/conf.py
47838894,1,1,2,electrumx/__init__.py
47838894,1,1,2,electrumx/server/controller.py
47838894,2,2,4,setup.py
47838894,1,1,2,docs/conf.py
47838894,1,1,2,electrumx/__init__.py
47838894,43,43,86,electrumx/server/peers.py
47838894,2,2,4,setup.py
47838894,110,127,237,electrumx/server/peers.py
47838894,4,5,9,electrumx/server/session.py
47838894,9,7,16,electrumx/lib/server_base.py
47838894,0,68,68,electrumx/lib/tasks.py
47838894,64,72,136,electrumx/server/block_processor.py
47838894,5,8,13,electrumx/server/chain_state.py
47838894,29,38,67,electrumx/server/controller.py
47838894,2,1,3,electrumx/server/db.py
47838894,21,22,43,electrumx/server/mempool.py
47838894,40,45,85,electrumx/server/peers.py
47838894,43,43,86,electrumx/server/session.py
47838894,28,37,65,electrumx/lib/server_base.py
47838894,4,8,12,electrumx/server/controller.py
47838894,6,3,9,electrumx/server/session.py
47838894,3,2,5,electrumx/server/peers.py
47838894,1,0,1,electrumx/lib/coins.py
47838894,3,0,3,electrumx/lib/coins.py
47838894,4,3,7,electrumx/server/block_processor.py
47838894,1,1,2,docs/conf.py
47838894,1,1,2,electrumx/__init__.py
47838894,1,1,2,setup.py
47838894,2,0,2,electrumx/lib/coins.py
47838894,5,4,9,electrumx/server/mempool.py
47838894,1,1,2,electrumx/lib/server_base.py
47838894,4,2,6,electrumx/server/block_processor.py
47838894,1,1,2,electrumx/lib/server_base.py
47838894,13,2,15,electrumx/lib/tasks.py
47838894,2,2,4,electrumx/server/controller.py
47838894,2,1,3,electrumx/server/mempool.py
47838894,4,2,6,electrumx/server/peers.py
47838894,5,5,10,electrumx/server/session.py
47838894,46,49,95,electrumx/server/block_processor.py
47838894,1,1,2,electrumx/__init__.py
47838894,7,8,15,electrumx/server/block_processor.py
47838894,1,1,2,setup.py
47838894,26,30,56,electrumx/server/peers.py
47838894,2,12,14,electrumx/lib/tasks.py
47838894,1,1,2,electrumx/server/mempool.py
47838894,1,1,2,electrumx/server/peers.py
47838894,19,31,50,electrumx/server/peers.py
47838894,1,1,2,electrumx/server/peers.py
47838894,1,1,2,electrumx/__init__.py
47838894,154,222,376,electrumx/server/peers.py
47838894,40,53,93,electrumx/server/peers.py
47838894,2,0,2,electrumx/server/peers.py
47838894,176,178,354,electrumx/server/peers.py
47838894,22,29,51,electrumx/server/mempool.py
47838894,49,0,49,electrumx/lib/coins.py
47838894,3,1,4,electrumx/server/controller.py
47838894,14,16,30,electrumx/server/mempool.py
47838894,24,47,71,electrumx/server/mempool.py
47838894,1,1,2,electrumx/server/mempool.py
47838894,0,1,1,electrumx/server/mempool.py
47838894,33,36,69,electrumx/server/mempool.py
47838894,1,1,2,electrumx/server/controller.py
47838894,153,188,341,electrumx/server/mempool.py
47838894,4,2,6,electrumx/server/session.py
47838894,46,37,83,electrumx/server/mempool.py
47838894,2,1,3,setup.py
47838894,17,12,29,electrumx/server/mempool.py
47838894,1,1,2,electrumx/server/controller.py
47838894,47,41,88,electrumx/server/db.py
47838894,43,58,101,electrumx/server/mempool.py
47838894,4,6,10,electrumx/server/mempool.py
47838894,7,5,12,electrumx/server/mempool.py
47838894,3,17,20,electrumx/server/chain_state.py
47838894,12,4,16,electrumx/server/controller.py
47838894,84,80,164,electrumx/server/mempool.py
47838894,13,14,27,electrumx/server/session.py
47838894,2,5,7,electrumx/server/chain_state.py
47838894,8,9,17,electrumx/server/mempool.py
47838894,8,5,13,electrumx/server/chain_state.py
47838894,6,4,10,electrumx/server/controller.py
47838894,17,27,44,electrumx/server/session.py
47838894,1,1,2,setup.py
47838894,8,8,16,electrumx/server/controller.py
47838894,7,5,12,electrumx/server/block_processor.py
47838894,6,12,18,electrumx/server/chain_state.py
47838894,56,2,58,electrumx/server/controller.py
47838894,0,9,9,electrumx/server/daemon.py
47838894,71,87,158,electrumx/server/mempool.py
47838894,5,5,10,electrumx/server/session.py
47838894,41,40,81,electrumx/server/chain_state.py
47838894,2,2,4,electrumx/server/session.py
47838894,1,10,11,electrumx/server/daemon.py
47838894,1,1,2,setup.py
47838894,4,6,10,electrumx/server/peers.py
47838894,1,1,2,electrumx/server/db.py
47838894,8,4,12,tests/server/test_compaction.py
47838894,0,4,4,electrumx/server/block_processor.py
47838894,1,2,3,electrumx/server/chain_state.py
47838894,1,0,1,electrumx/server/controller.py
47838894,0,1,1,electrumx/server/db.py
47838894,1,1,2,electrumx/server/history.py
47838894,35,32,67,electrumx/server/block_processor.py
47838894,7,2,9,electrumx/server/chain_state.py
47838894,4,4,8,electrumx/server/daemon.py
47838894,16,11,27,electrumx/server/mempool.py
47838894,1,1,2,electrumx/__init__.py
47838894,30,29,59,electrumx/lib/server_base.py
47838894,6,6,12,electrumx/lib/tasks.py
47838894,38,26,64,electrumx/server/block_processor.py
47838894,4,4,8,electrumx/server/chain_state.py
47838894,7,9,16,electrumx/server/controller.py
47838894,3,2,5,electrumx/server/session.py
47838894,3,4,7,electrumx/server/controller.py
47838894,9,8,17,electrumx/server/peers.py
47838894,33,31,64,electrumx/server/session.py
47838894,5,2,7,compact_history.py
47838894,61,47,108,electrumx/server/block_processor.py
47838894,1,2,3,electrumx/server/chain_state.py
47838894,57,54,111,electrumx/server/db.py
47838894,2,1,3,electrumx/server/chain_state.py
47838894,26,0,26,electrumx/lib/coins.py
47838894,1,1,2,electrumx/__init__.py
47838894,22,7,29,electrumx/server/block_processor.py
47838894,39,3,42,electrumx/server/db.py
47838894,1,2,3,electrumx/server/controller.py
47838894,2,2,4,electrumx/server/session.py
47838894,1,1,2,electrumx/__init__.py
47838894,112,0,112,electrumx/server/chain_state.py
47838894,15,40,55,electrumx/server/controller.py
47838894,15,21,36,electrumx/server/mempool.py
47838894,4,5,9,electrumx/server/peers.py
47838894,77,108,185,electrumx/server/session.py
47838894,67,0,67,electrumx/lib/tasks.py
47838894,19,8,27,electrumx/server/block_processor.py
47838894,17,46,63,electrumx/server/controller.py
47838894,8,7,15,electrumx/server/mempool.py
47838894,8,7,15,electrumx/server/peers.py
47838894,17,16,33,electrumx/server/session.py
47838894,2,7,9,electrumx/server/controller.py
47838894,11,12,23,electrumx/server/session.py
47838894,0,7,7,electrumx/server/controller.py
47838894,1,1,2,electrumx/server/peers.py
47838894,11,4,15,electrumx/server/session.py
47838894,0,42,42,electrumx/server/controller.py
47838894,3,2,5,electrumx/server/mempool.py
47838894,37,5,42,electrumx/server/session.py
47838894,5,5,10,electrumx/server/session.py
47838894,34,4,38,electrumx/server/session.py
47838894,24,5,29,electrumx/server/peers.py
47838894,0,9,9,electrumx/server/controller.py
47838894,9,2,11,electrumx/server/session.py
47838894,1,1,2,electrumx/server/session.py
47838894,2,61,63,electrumx/server/controller.py
47838894,69,7,76,electrumx/server/session.py
47838894,4,1,5,tests/server/test_api.py
47838894,1,1,2,electrumx/__init__.py
47838894,82,0,82,electrumx/lib/text.py
47838894,9,457,466,electrumx/server/controller.py
47838894,397,10,407,electrumx/server/session.py
47838894,0,40,40,electrumx/server/controller.py
47838894,33,10,43,electrumx/server/session.py
47838894,4,31,35,electrumx/server/controller.py
47838894,37,8,45,electrumx/server/session.py
47838894,0,20,20,electrumx/server/controller.py
47838894,27,8,35,electrumx/server/session.py
47838894,1,28,29,electrumx/server/controller.py
47838894,35,11,46,electrumx/server/session.py
47838894,1,33,34,electrumx/server/controller.py
47838894,38,10,48,electrumx/server/session.py
47838894,12,20,32,electrumx/lib/util.py
47838894,2,3,5,electrumx/server/controller.py
47838894,14,8,22,electrumx/server/session.py
47838894,13,13,26,tests/lib/test_util.py
47838894,1,0,1,tests/server/test_api.py
47838894,3,31,34,electrumx/server/controller.py
47838894,4,3,7,electrumx/server/peers.py
47838894,29,4,33,electrumx/server/session.py
47838894,1,1,2,electrumx/server/controller.py
47838894,10,10,20,electrumx/server/session.py
47838894,8,8,16,electrumx/server/session.py
47838894,10,1,11,electrumx/lib/util.py
47838894,10,5,15,electrumx/server/controller.py
47838894,0,2,2,electrumx/server/session.py
47838894,21,15,36,tests/lib/test_util.py
47838894,2,1,3,electrumx/lib/merkle.py
47838894,19,0,19,electrumx/server/block_processor.py
47838894,1,14,15,electrumx/server/controller.py
47838894,1,2,3,electrumx/server/session.py
47838894,1,1,2,docs/conf.py
47838894,3,0,3,electrumx/__init__.py
47838894,2,1,3,electrumx/server/block_processor.py
47838894,5,11,16,electrumx/server/controller.py
47838894,4,3,7,electrumx/server/session.py
47838894,0,1,1,electrumx/server/version.py
47838894,1,1,2,setup.py
47838894,33,21,54,electrumx/server/session.py
47838894,13,3,16,electrumx/server/controller.py
47838894,31,9,40,electrumx/server/session.py
47838894,3,3,6,tests/lib/test_merkle.py
47838894,19,6,25,electrumx/server/session.py
47838894,12,0,12,electrumx/lib/merkle.py
47838894,36,1,37,tests/lib/test_merkle.py
47838894,10,14,24,electrumx/lib/merkle.py
47838894,2,1,3,tests/lib/test_merkle.py
47838894,79,2,81,electrumx/lib/merkle.py
47838894,131,46,177,tests/lib/test_merkle.py
47838894,1,1,2,docs/conf.py
47838894,1,1,2,electrumx/server/version.py
47838894,2,2,4,setup.py
47838894,24,24,48,electrumx/lib/coins.py
47838894,0,3,3,electrumx/lib/hash.py
47838894,3,3,6,electrumx/lib/tx.py
47838894,7,6,13,electrumx/server/block_processor.py
47838894,3,3,6,electrumx/server/db.py
47838894,3,3,6,electrumx/server/history.py
47838894,3,3,6,electrumx/server/mempool.py
47838894,2,2,4,electrumx/server/session.py
47838894,3,3,6,query.py
47838894,1,1,2,tests/server/test_compaction.py
47838894,5,5,10,electrumx/lib/merkle.py
47838894,6,4,10,electrumx/server/controller.py
47838894,10,10,20,tests/lib/test_merkle.py
47838894,19,26,45,electrumx/server/controller.py
47838894,154,0,154,electrumx/lib/merkle.py
47838894,143,0,143,tests/lib/test_merkle.py
47838894,1,1,2,electrumx/server/daemon.py
47838894,1,1,2,docs/conf.py
47838894,1,1,2,electrumx/server/version.py
47838894,1,1,2,setup.py
47838894,4,4,8,electrumx/lib/coins.py
47838894,12,11,23,electrumx/server/peers.py
47838894,1,0,1,electrumx/lib/server_base.py
47838894,2,2,4,electrumx/server/peers.py
47838894,1,0,1,electrumx/server/session.py
47838894,0,1,1,docs/conf.py
47838894,1,2,3,setup.py
47838894,9,6,15,setup.py
47838894,1,1,2,docs/conf.py
47838894,1,1,2,electrumx/server/version.py
47838894,3,3,6,electrumx/lib/env_base.py
47838894,3,3,6,electrumx/lib/server_base.py
47838894,8,0,8,electrumx/lib/util.py
47838894,2,4,6,electrumx/server/block_processor.py
47838894,2,4,6,electrumx/server/daemon.py
47838894,1,3,4,electrumx/server/db.py
47838894,1,3,4,electrumx/server/history.py
47838894,2,3,5,electrumx/server/mempool.py
47838894,2,4,6,electrumx/server/peers.py
47838894,15,0,15,electrumx/lib/util.py
47838894,7,2,9,electrumx/server/session.py
47838894,12,5,17,electrumx/server/session.py
47838894,1,1,2,setup.py
47838894,2,1,3,docs/conf.py
47838894,1,1,2,electrumx/server/controller.py
47838894,13,0,13,electrumx/server/session.py
47838894,4,0,4,electrumx/server/controller.py
47838894,12,5,17,electrumx/server/env.py
47838894,4,0,4,tests/server/test_env.py
47838894,1,1,2,compact_history.py
47838894,2,0,2,electrumx/__init__.py
47838894,1,1,2,electrumx_rpc.py
47838894,1,2,3,electrumx_server.py
47838894,1,1,2,query.py
47838894,1,2,3,tests/server/test_api.py
47838894,2,1,3,electrumx/lib/env_base.py
47838894,2,1,3,electrumx/lib/server_base.py
47838894,2,1,3,electrumx/server/block_processor.py
47838894,2,1,3,electrumx/server/daemon.py
47838894,2,1,3,electrumx/server/db.py
47838894,2,1,3,electrumx/server/history.py
47838894,2,1,3,electrumx/server/mempool.py
47838894,2,1,3,electrumx/server/peers.py
47838894,9,0,9,electrumx/lib/coins.py
47838894,2,2,4,compact_history.py
47838894,1,1,2,docs/conf.py
47838894,0,0,0,{lib => electrumx}/__init__.py
47838894,0,0,0,{server => electrumx/lib}/__init__.py
47838894,8,7,15,{lib => electrumx/lib}/coins.py
47838894,0,0,0,{lib => electrumx/lib}/enum.py
47838894,0,0,0,{lib => electrumx/lib}/env_base.py
47838894,1,1,2,{lib => electrumx/lib}/hash.py
47838894,2,2,4,{lib => electrumx/lib}/peer.py
47838894,2,2,4,{lib => electrumx/lib}/script.py
47838894,0,0,0,{lib => electrumx/lib}/server_base.py
47838894,5,4,9,{lib => electrumx/lib}/tx.py
47838894,0,0,0,{lib => electrumx/lib}/util.py
47838894,0,0,0,electrumx/server/__init__.py
47838894,5,5,10,{server => electrumx/server}/block_processor.py
47838894,10,9,19,{server => electrumx/server}/controller.py
47838894,2,2,4,{server => electrumx/server}/daemon.py
47838894,4,4,8,{server => electrumx/server}/db.py
47838894,3,3,6,{server => electrumx/server}/env.py
47838894,2,2,4,{server => electrumx/server}/history.py
47838894,3,3,6,{server => electrumx/server}/mempool.py
47838894,2,2,4,{server => electrumx/server}/peers.py
47838894,3,3,6,{server => electrumx/server}/session.py
47838894,1,1,2,{server => electrumx/server}/storage.py
47838894,0,0,0,{server => electrumx/server}/version.py
47838894,3,3,6,{wallet => electrumx/wallet}/bip32.py
47838894,1,1,2,{wallet => electrumx/wallet}/env.py
47838894,1,1,2,electrumx_rpc.py
47838894,2,2,4,electrumx_server.py
47838894,3,3,6,query.py
47838894,2,2,4,setup.py
47838894,2,2,4,tests/lib/test_addresses.py
47838894,1,1,2,tests/lib/test_env_base.py
47838894,1,1,2,tests/lib/test_hash.py
47838894,1,1,2,tests/lib/test_util.py
47838894,2,2,4,tests/server/test_api.py
47838894,3,3,6,tests/server/test_compaction.py
47838894,2,2,4,tests/server/test_env.py
47838894,2,2,4,tests/server/test_storage.py
47838894,2,2,4,tests/test_blocks.py
47838894,3,3,6,tests/wallet/test_bip32.py
47838894,0,54,54,lib/coins.py
47838894,2,1,3,server/daemon.py
47838894,116,0,116,lib/coins.py
47838894,3,0,3,server/controller.py
47838894,2,2,4,server/daemon.py
47838894,15,0,15,lib/coins.py
47838894,1,0,1,lib/coins.py
47838894,1,1,2,server/db.py
47838894,3,0,3,server/session.py
47838894,47,22,69,lib/coins.py
47838894,3,2,5,lib/hash.py
47838894,19,19,38,lib/tx.py
47838894,9,1,10,lib/util.py
47838894,2,2,4,server/controller.py
47838894,13,11,24,server/daemon.py
47838894,4,2,6,server/env.py
47838894,4,3,7,server/mempool.py
47838894,2,2,4,server/peers.py
47838894,18,13,31,server/session.py
47838894,6,7,13,server/session.py
47838894,17,0,17,lib/coins.py
47838894,1,1,2,setup.py
47838894,9,9,18,lib/coins.py
47838894,45,0,45,lib/coins.py
47838894,2,0,2,server/controller.py
47838894,111,11,122,server/session.py
47838894,7,3,10,server/controller.py
47838894,1,1,2,lib/peer.py
47838894,1,1,2,lib/util.py
47838894,5,5,10,tests/lib/test_util.py
47838894,1,1,2,server/controller.py
47838894,2,2,4,server/peers.py
47838894,4,1,5,server/history.py
47838894,1,30,31,server/controller.py
47838894,17,77,94,server/session.py
47838894,3,3,6,lib/coins.py
47838894,13,0,13,lib/coins.py
47838894,10,1,11,lib/tx.py
47838894,4,11,15,server/db.py
47838894,8,7,15,server/history.py
47838894,1,1,2,server/version.py
47838894,0,1,1,server/block_processor.py
47838894,1,1,2,server/version.py
47838894,27,29,56,tests/server/test_compaction.py
47838894,8,5,13,compact_history.py
47838894,7,0,7,lib/util.py
47838894,21,26,47,server/block_processor.py
47838894,23,294,317,server/db.py
47838894,311,0,311,server/history.py
47838894,1,1,2,tests/server/test_compaction.py
47838894,6,7,13,lib/coins.py
47838894,1,0,1,lib/hash.py
47838894,2,2,4,server/block_processor.py
47838894,2,2,4,server/controller.py
47838894,2,2,4,server/db.py
47838894,3,3,6,tests/server/test_compaction.py
47838894,63,0,63,lib/coins.py
47838894,1,0,1,setup.py
47838894,1,0,1,server/controller.py
47838894,17,0,17,lib/coins.py
47838894,17,0,17,lib/coins.py
47838894,21,0,21,lib/coins.py
47838894,2,2,4,server/session.py
47838894,8,2,10,lib/coins.py
47838894,14,0,14,lib/coins.py
47838894,1,1,2,server/block_processor.py
47838894,1,1,2,server/controller.py
47838894,0,1,1,server/peers.py
47838894,4,4,8,docs/conf.py
47838894,1,1,2,lib/coins.py
47838894,1,0,1,lib/coins.py
47838894,5,5,10,server/peers.py
47838894,3,2,5,server/controller.py
47838894,1,0,1,server/peers.py
47838894,1,0,1,server/version.py
47838894,3,3,6,setup.py
47838894,5,2,7,server/controller.py
47838894,1,0,1,server/peers.py
47838894,1,1,2,setup.py
47838894,1,1,2,server/block_processor.py
47838894,28,36,64,server/controller.py
47838894,26,20,46,server/peers.py
47838894,1,1,2,setup.py
47838894,1,1,2,server/controller.py
47838894,4,4,8,docs/conf.py
47838894,0,1,1,lib/server_base.py
47838894,2,3,5,server/block_processor.py
47838894,35,0,35,server/controller.py
47838894,0,4,4,server/db.py
47838894,4,16,20,server/env.py
47838894,4,5,9,server/peers.py
47838894,6,14,20,server/session.py
47838894,0,5,5,server/version.py
47838894,2,2,4,setup.py
47838894,0,3,3,lib/coins.py
47838894,5,11,16,server/controller.py
47838894,1,1,2,server/version.py
47838894,1,1,2,setup.py
47838894,1,2,3,server/controller.py
47838894,0,1,1,server/session.py
47838894,1,1,2,lib/coins.py
47838894,3,2,5,lib/coins.py
47838894,3,4,7,lib/env_base.py
47838894,0,806,806,lib/jsonrpc.py
47838894,3,4,7,lib/server_base.py
47838894,5,24,29,lib/util.py
47838894,4,3,7,server/block_processor.py
47838894,73,108,181,server/controller.py
47838894,7,7,14,server/daemon.py
47838894,13,11,24,server/db.py
47838894,3,3,6,server/env.py
47838894,3,3,6,server/mempool.py
47838894,32,22,54,server/peers.py
47838894,90,67,157,server/session.py
47838894,1,1,2,server/version.py
47838894,1,1,2,setup.py
47838894,0,45,45,tests/lib/test_util.py
47838894,5,4,9,tests/server/test_api.py
47838894,22,49,71,electrumx_rpc.py
47838894,187,183,370,server/peers.py
47838894,1,2,3,lib/coins.py
47838894,11,0,11,lib/env_base.py
47838894,3,0,3,server/controller.py
47838894,2,0,2,server/env.py
47838894,4,0,4,server/session.py
47838894,11,0,11,tests/server/test_env.py
47838894,33,4,37,lib/coins.py
47838894,0,3,3,server/peers.py
47838894,1,1,2,server/version.py
47838894,23,29,52,server/peers.py
47838894,1,1,2,docs/conf.py
47838894,19,0,19,lib/coins.py
47838894,1,1,2,lib/coins.py
47838894,4,0,4,lib/coins.py
47838894,6,0,6,lib/coins.py
47838894,4,4,8,lib/peer.py
47838894,10,9,19,server/peers.py
47838894,1,1,2,setup.py
47838894,50,5,55,lib/coins.py
47838894,5,1,6,tests/lib/test_addresses.py
47838894,10,0,10,tests/server/test_env.py
47838894,0,1,1,lib/coins.py
47838894,1,1,2,server/db.py
47838894,23,24,47,server/peers.py
47838894,2,3,5,electrumx_server.py
47838894,16,11,27,lib/env_base.py
47838894,24,23,47,server/peers.py
47838894,0,241,241,lib/socks.py
47838894,49,11,60,server/peers.py
47838894,4,2,6,server/session.py
47838894,4,2,6,setup.py
47838894,2,1,3,server/peers.py
47838894,1,1,2,server/version.py
47838894,3,1,4,server/db.py
47838894,1,1,2,lib/coins.py
47838894,0,1,1,lib/tx.py
47838894,52,0,52,lib/coins.py
47838894,103,0,103,lib/tx.py
47838894,1,0,1,setup.py
47838894,4,4,8,lib/coins.py
47838894,6,6,12,docs/conf.py
47838894,1,1,2,server/version.py
47838894,9,5,14,server/controller.py
47838894,19,5,24,server/session.py
47838894,2,2,4,electrumx_server.py
47838894,7,0,7,server/session.py
47838894,15,5,20,docs/conf.py
47838894,155,0,155,docs/conf.py
47838894,3,2,5,server/controller.py
47838894,2,2,4,server/daemon.py
47838894,104,0,104,tests/server/test_api.py
47838894,16,0,16,lib/coins.py
47838894,3,1,4,electrumx_server.py
47838894,1,1,2,server/session.py
47838894,0,7,7,server/session.py
47838894,2,3,5,lib/coins.py
47838894,39,0,39,lib/coins.py
47838894,1,0,1,setup.py
47838894,10,7,17,server/controller.py
47838894,15,8,23,server/session.py
47838894,20,0,20,server/session.py
47838894,7,7,14,server/controller.py
47838894,20,10,30,server/db.py
47838894,1,1,2,lib/coins.py
47838894,6,4,10,lib/coins.py
47838894,4,4,8,lib/hash.py
47838894,1,1,2,tests/lib/test_addresses.py
47838894,17,0,17,tests/lib/test_hash.py
47838894,0,10,10,server/session.py
47838894,40,0,40,lib/coins.py
47838894,11,0,11,lib/tx.py
47838894,3,1,4,server/mempool.py
47838894,1,0,1,server/mempool.py
47838894,6,5,11,server/controller.py
47838894,24,5,29,server/mempool.py
47838894,3,4,7,lib/coins.py
47838894,2,2,4,server/block_processor.py
47838894,1,1,2,server/db.py
47838894,0,1,1,lib/coins.py
47838894,12,0,12,lib/coins.py
47838894,16,0,16,lib/coins.py
47838894,16,0,16,lib/coins.py
47838894,15,0,15,lib/coins.py
47838894,8,0,8,server/controller.py
47838894,55,13,68,server/mempool.py
47838894,6,0,6,server/session.py
47838894,1,1,2,server/version.py
47838894,15,0,15,lib/coins.py
47838894,5,5,10,server/controller.py
47838894,5,13,18,server/mempool.py
47838894,0,10,10,server/session.py
47838894,4,3,7,server/session.py
47838894,4,3,7,lib/tx.py
47838894,41,34,75,lib/tx.py
47838894,1,1,2,server/controller.py
47838894,3,3,6,server/mempool.py
47838894,1,4,5,tests/server/test_storage.py
47838894,16,0,16,lib/coins.py
47838894,19,0,19,lib/coins.py
47838894,19,0,19,lib/coins.py
47838894,4,2,6,server/session.py
47838894,2,0,2,server/controller.py
47838894,2,1,3,server/block_processor.py
47838894,17,21,38,server/controller.py
47838894,14,3,17,server/mempool.py
47838894,47,41,88,server/session.py
47838894,4,4,8,server/mempool.py
47838894,1,1,2,server/version.py
47838894,1,1,2,lib/coins.py
47838894,3,36,39,lib/coins.py
47838894,1,5,6,server/env.py
47838894,0,126,126,server/irc.py
47838894,0,22,22,server/peers.py
47838894,1,2,3,setup.py
47838894,1,13,14,tests/server/test_env.py
47838894,23,49,72,lib/coins.py
47838894,15,0,15,lib/coins.py
47838894,32,0,32,lib/coins.py
47838894,10,0,10,lib/coins.py
47838894,1,0,1,lib/coins.py
47838894,29,0,29,lib/coins.py
47838894,17,0,17,server/env.py
47838894,4,19,23,server/peers.py
47838894,1,1,2,server/session.py
47838894,27,0,27,lib/coins.py
47838894,60,25,85,lib/coins.py
47838894,16,9,25,lib/tx.py
47838894,1,1,2,lib/coins.py
47838894,1,1,2,server/daemon.py
47838894,35,1,36,server/daemon.py
47838894,1,0,1,lib/coins.py
47838894,2,2,4,lib/util.py
47838894,127,1,128,tests/lib/test_util.py
47838894,18,3,21,tests/server/test_env.py
47838894,0,5,5,server/controller.py
47838894,0,1,1,server/session.py
47838894,19,20,39,lib/coins.py
47838894,4,0,4,lib/tx.py
47838894,2,2,4,compact_history.py
47838894,0,1,1,server/controller.py
47838894,1,1,2,setup.py
47838894,39,2,41,lib/coins.py
47838894,36,0,36,lib/tx.py
47838894,3,1,4,tests/lib/test_addresses.py
47838894,2,2,4,server/controller.py
47838894,1,1,2,server/version.py
47838894,6,4,10,lib/coins.py
47838894,0,21,21,lib/script.py
47838894,1,1,2,server/db.py
47838894,1,1,2,server/version.py
47838894,14,6,20,server/controller.py
47838894,32,6,38,server/mempool.py
47838894,13,1,14,server/env.py
47838894,7,6,13,server/peers.py
47838894,11,1,12,tests/server/test_env.py
47838894,22,0,22,lib/coins.py
47838894,8,6,14,lib/coins.py
47838894,2,1,3,lib/env_base.py
47838894,49,0,49,tests/lib/test_env_base.py
47838894,1,0,1,lib/coins.py
47838894,2,1,3,lib/coins.py
47838894,1,1,2,server/version.py
47838894,1,1,2,server/env.py
47838894,1,1,2,wallet/env.py
47838894,128,0,128,lib/server_base.py
47838894,51,110,161,server/controller.py
47838894,82,0,82,lib/env.py
47838894,4,64,68,server/env.py
47838894,31,0,31,wallet/env.py
47838894,1,1,2,server/session.py
47838894,6,3,9,server/controller.py
47838894,1,0,1,server/env.py
47838894,6,3,9,lib/coins.py
47838894,20,0,20,lib/coins.py
47838894,1,1,2,lib/coins.py
47838894,4,3,7,server/controller.py
47838894,15,5,20,server/env.py
47838894,1,1,2,server/peers.py
47838894,19,3,22,tests/server/test_env.py
47838894,10,5,15,lib/hash.py
47838894,10,8,18,lib/tx.py
47838894,9,1,10,lib/util.py
47838894,2,2,4,server/controller.py
47838894,5,5,10,server/daemon.py
47838894,20,0,20,tests/lib/test_util.py
47838894,1,1,2,server/version.py
47838894,0,2,2,lib/peer.py
47838894,0,1,1,server/peers.py
47838894,3,4,7,lib/coins.py
47838894,10,49,59,server/peers.py
47838894,0,4,4,server/peers.py
47838894,2,2,4,server/session.py
47838894,1,1,2,server/version.py
47838894,22,12,34,server/session.py
47838894,1,1,2,server/session.py
47838894,10,20,30,lib/peer.py
47838894,7,0,7,lib/util.py
47838894,6,0,6,tests/lib/test_util.py
47838894,7,3,10,server/peers.py
47838894,3,3,6,tests/lib/test_addresses.py
47838894,1,0,1,tests/server/test_compaction.py
47838894,5,3,8,tests/server/test_env.py
47838894,1,1,2,tests/wallet/test_bip32.py
47838894,1,1,2,server/version.py
47838894,25,26,51,lib/coins.py
47838894,1,1,2,server/env.py
47838894,1,1,2,lib/coins.py
47838894,35,0,35,lib/coins.py
47838894,3,1,4,server/session.py
47838894,1,1,2,server/version.py
47838894,0,19,19,server/controller.py
47838894,22,10,32,server/session.py
47838894,3,2,5,server/controller.py
47838894,9,0,9,server/env.py
47838894,6,1,7,server/peers.py
47838894,6,0,6,tests/server/test_env.py
47838894,6,4,10,server/controller.py
47838894,9,4,13,server/session.py
47838894,18,14,32,server/session.py
47838894,24,0,24,lib/util.py
47838894,10,11,21,server/session.py
47838894,17,0,17,tests/lib/test_util.py
47838894,22,0,22,server/controller.py
47838894,13,0,13,server/session.py
47838894,3,1,4,lib/jsonrpc.py
47838894,9,0,9,lib/util.py
47838894,14,8,22,server/controller.py
47838894,74,35,109,server/session.py
47838894,2,2,4,server/version.py
47838894,10,0,10,tests/lib/test_util.py
47838894,32,0,32,lib/coins.py
47838894,1,0,1,server/peers.py
47838894,1,1,2,setup.py
47838894,3,53,56,electrumx_server.py
47838894,2,2,4,lib/socks.py
47838894,49,1,50,server/controller.py
47838894,10,0,10,server/env.py
47838894,13,0,13,tests/server/test_env.py
47838894,6,7,13,lib/coins.py
47838894,1,2,3,server/controller.py
47838894,11,5,16,server/daemon.py
47838894,10,5,15,lib/coins.py
47838894,2,1,3,server/controller.py
47838894,8,8,16,server/daemon.py
47838894,8,7,15,server/session.py
47838894,0,2,2,lib/coins.py
47838894,2,2,4,lib/coins.py
47838894,1,1,2,server/version.py
47838894,3,3,6,lib/socks.py
47838894,4,3,7,server/peers.py
47838894,2,0,2,lib/coins.py
47838894,1,1,2,server/version.py
47838894,16,11,27,lib/coins.py
47838894,2,1,3,server/controller.py
47838894,3,1,4,server/peers.py
47838894,1,1,2,server/db.py
47838894,21,2,23,lib/coins.py
47838894,12,0,12,server/daemon.py
47838894,1,1,2,server/env.py
47838894,5,0,5,lib/coins.py
47838894,16,0,16,lib/coins.py
47838894,10,0,10,lib/coins.py
47838894,5,1,6,lib/coins.py
47838894,1,1,2,server/controller.py
47838894,1,1,2,lib/coins.py
47838894,0,1,1,query.py
47838894,1,2,3,server/db.py
47838894,19,0,19,lib/coins.py
47838894,1,1,2,server/version.py
47838894,31,4,35,server/peers.py
47838894,5,5,10,lib/coins.py
47838894,2,2,4,lib/tx.py
47838894,10,13,23,lib/coins.py
47838894,18,16,34,server/block_processor.py
47838894,6,6,12,tests/test_blocks.py
47838894,19,0,19,lib/coins.py
47838894,6,6,12,lib/coins.py
47838894,1,1,2,server/version.py
47838894,9,21,30,server/block_processor.py
47838894,11,2,13,server/daemon.py
47838894,12,13,25,server/mempool.py
47838894,1,1,2,server/version.py
47838894,5,0,5,lib/coins.py
47838894,21,9,30,server/block_processor.py
47838894,2,11,13,server/daemon.py
47838894,13,12,25,server/mempool.py
47838894,1,1,2,server/version.py
47838894,3,2,5,lib/coins.py
47838894,3,1,4,lib/util.py
47838894,27,0,27,tests/lib/test_util.py
47838894,14,3,17,server/daemon.py
47838894,30,0,30,tests/wallet/test_bip32.py
47838894,1,2,3,wallet/bip32.py
47838894,16,45,61,lib/coins.py
47838894,367,0,367,tests/wallet/test_bip32.py
47838894,307,0,307,wallet/bip32.py
47838894,4,6,10,lib/hash.py
47838894,68,0,68,tests/lib/test_hash.py
47838894,1,1,2,server/block_processor.py
47838894,103,101,204,server/db.py
47838894,76,0,76,compact_history.py
47838894,6,1,7,server/block_processor.py
47838894,177,3,180,server/db.py
47838894,131,0,131,tests/server/test_compaction.py
47838894,16,8,24,server/db.py
47838894,21,1,22,lib/coins.py
47838894,22,0,22,lib/tx.py
47838894,1,0,1,lib/coins.py
47838894,1,1,2,tests/test_blocks.py
47838894,60,2,62,lib/coins.py
47838894,26,5,31,lib/tx.py
47838894,15,0,15,lib/util.py
47838894,62,0,62,server/daemon.py
47838894,1,1,2,server/version.py
47838894,5,5,10,lib/coins.py
47838894,5,8,13,lib/coins.py
47838894,7,2,9,server/peers.py
47838894,1,1,2,electrumx_server.py
47838894,1,13,14,lib/tx.py
47838894,1,1,2,server/session.py
47838894,2,1,3,server/session.py
47838894,15,22,37,server/session.py
47838894,2,2,4,lib/coins.py
47838894,10,0,10,server/session.py
47838894,4,0,4,lib/coins.py
47838894,9,0,9,server/daemon.py
47838894,56,0,56,server/session.py
47838894,2,0,2,lib/coins.py
47838894,3,3,6,server/controller.py
47838894,14,24,38,lib/coins.py
47838894,5,9,14,server/controller.py
47838894,2,2,4,server/mempool.py
47838894,4,3,7,server/session.py
47838894,1,2,3,server/version.py
47838894,0,0,0,server/session.py
47838894,0,0,0,server/version.py
47838894,3,1,4,server/session.py
47838894,2,1,3,server/version.py
47838894,1,1,2,lib/coins.py
47838894,2,2,4,lib/coins.py
47838894,21,21,42,lib/coins.py
47838894,2,2,4,tests/lib/test_addresses.py
47838894,1,1,2,server/version.py
47838894,6,12,18,lib/coins.py
47838894,4,2,6,server/peers.py
47838894,1,1,2,server/env.py
47838894,1,1,2,server/version.py
47838894,3,0,3,tests/server/test_env.py
47838894,1,1,2,lib/util.py
47838894,4,3,7,server/env.py
47838894,1,1,2,server/peers.py
47838894,4,1,5,server/peers.py
47838894,1,1,2,server/version.py
47838894,0,0,0,tests/{ => lib}/test_addresses.py
47838894,0,0,0,tests/{ => lib}/test_util.py
47838894,0,0,0,tests/{ => server}/test_storage.py
47838894,10,7,17,server/env.py
47838894,3,3,6,server/peers.py
47838894,279,0,279,tests/server/test_env.py
47838894,20,0,20,lib/coins.py
47838894,1,1,2,server/version.py
47838894,7,3,10,lib/peer.py
47838894,2,2,4,server/controller.py
47838894,12,9,21,server/peers.py
47838894,1,1,2,server/version.py
47838894,2,2,4,server/peers.py
47838894,12,6,18,lib/peer.py
47838894,10,5,15,server/peers.py
47838894,4,3,7,server/peers.py
47838894,1,1,2,server/version.py
47838894,3,0,3,lib/socks.py
47838894,1,0,1,server/env.py
47838894,25,19,44,server/peers.py
47838894,2,2,4,server/session.py
47838894,87,30,117,lib/socks.py
47838894,4,13,17,server/peers.py
47838894,0,1,1,lib/coins.py
47838894,3,2,5,server/env.py
47838894,10,4,14,server/peers.py
47838894,1,1,2,server/env.py
47838894,1,1,2,server/version.py
47838894,54,33,87,server/env.py
47838894,15,8,23,server/session.py
47838894,11,2,13,server/daemon.py
47838894,51,0,51,lib/coins.py
47838894,2,4,6,server/env.py
47838894,1,1,2,server/version.py
47838894,24,15,39,server/peers.py
47838894,2,0,2,server/peers.py
47838894,2,0,2,lib/coins.py
47838894,1,1,2,server/version.py
47838894,0,4,4,lib/coins.py
47838894,54,44,98,server/peers.py
47838894,1,1,2,lib/coins.py
47838894,1,1,2,server/peers.py
47838894,1,1,2,server/version.py
47838894,14,29,43,server/peers.py
47838894,1,1,2,server/version.py
47838894,16,1,17,server/env.py
47838894,4,2,6,server/peers.py
47838894,9,4,13,lib/peer.py
47838894,2,2,4,server/controller.py
47838894,6,1,7,server/peers.py
47838894,3,3,6,lib/peer.py
47838894,11,0,11,lib/util.py
47838894,1,1,2,server/peers.py
47838894,0,10,10,server/controller.py
47838894,38,8,46,server/peers.py
47838894,3,7,10,server/session.py
47838894,3,2,5,server/env.py
47838894,68,0,68,tests/test_blocks.py
47838894,67,3,70,lib/coins.py
47838894,64,0,64,lib/tx.py
47838894,5,1,6,tests/test_addresses.py
47838894,31,1,32,server/db.py
47838894,1,1,2,lib/coins.py
47838894,5,5,10,server/block_processor.py
47838894,26,24,50,lib/coins.py
47838894,3,2,5,lib/tx.py
47838894,10,9,19,server/block_processor.py
47838894,17,8,25,server/db.py
47838894,11,1,12,server/controller.py
47838894,1,4,5,server/peers.py
47838894,1,1,2,server/peers.py
47838894,1,3,4,lib/peer.py
47838894,5,3,8,server/controller.py
47838894,11,0,11,server/controller.py
47838894,2,4,6,server/session.py
47838894,1,1,2,server/version.py
47838894,8,6,14,server/block_processor.py
47838894,14,1,15,server/env.py
47838894,1,1,2,lib/coins.py
47838894,2,2,4,lib/coins.py
47838894,34,6,40,lib/coins.py
47838894,11,1,12,server/controller.py
47838894,8,4,12,lib/peer.py
47838894,2,0,2,server/peers.py
47838894,1,1,2,server/version.py
47838894,1,1,2,server/version.py
47838894,19,1,20,lib/coins.py
47838894,9,8,17,lib/jsonrpc.py
47838894,5,3,8,server/peers.py
47838894,1,1,2,server/version.py
47838894,6,2,8,electrumx_server.py
47838894,1,2,3,server/controller.py
47838894,1,2,3,server/env.py
47838894,1,2,3,server/peers.py
47838894,1,1,2,setup.py
47838894,2,2,4,server/peers.py
47838894,1,25,26,server/peers.py
47838894,66,0,66,tests/test_addresses.py
47838894,15,15,30,lib/coins.py
47838894,12,2,14,server/peers.py
47838894,1,1,2,server/session.py
47838894,1,1,2,lib/coins.py
47838894,72,60,132,lib/coins.py
47838894,1,1,2,server/irc.py
47838894,1,1,2,server/version.py
47838894,8,4,12,server/peers.py
47838894,1,1,2,server/session.py
47838894,1,1,2,server/version.py
47838894,18,10,28,server/peers.py
47838894,2,2,4,lib/peer.py
47838894,14,12,26,server/peers.py
47838894,1,1,2,server/session.py
47838894,1,8,9,server/controller.py
47838894,17,0,17,server/session.py
47838894,1,1,2,server/peers.py
47838894,1,1,2,server/peers.py
47838894,1,1,2,server/peers.py
47838894,1,1,2,server/version.py
47838894,57,1,58,lib/coins.py
47838894,1,1,2,lib/tx.py
47838894,3,1,4,server/env.py
47838894,11,3,14,server/peers.py
47838894,1,5,6,electrumx_rpc.py
47838894,12,15,27,lib/jsonrpc.py
47838894,45,75,120,server/controller.py
47838894,40,32,72,server/daemon.py
47838894,8,4,12,server/peers.py
47838894,0,5,5,server/session.py
47838894,4,3,7,lib/jsonrpc.py
47838894,1,1,2,server/version.py
47838894,1,0,1,lib/jsonrpc.py
47838894,25,18,43,server/peers.py
47838894,1,1,2,lib/peer.py
47838894,1,1,2,server/version.py
47838894,1,1,2,server/version.py
47838894,23,16,39,server/controller.py
47838894,28,14,42,server/session.py
47838894,0,3,3,server/controller.py
47838894,0,3,3,server/session.py
47838894,1,1,2,server/version.py
47838894,2,20,22,server/controller.py
47838894,2,1,3,server/mempool.py
47838894,62,15,77,server/session.py
47838894,3,1,4,server/version.py
47838894,1,1,2,setup.py
47838894,3,2,5,server/block_processor.py
47838894,2,2,4,lib/coins.py
47838894,1,1,2,lib/peer.py
47838894,2,2,4,lib/tx.py
47838894,4,2,6,lib/util.py
47838894,1,1,2,server/block_processor.py
47838894,1,1,2,server/controller.py
47838894,1,1,2,server/irc.py
47838894,4,4,8,server/mempool.py
47838894,7,7,14,server/peers.py
47838894,3,6,9,electrumx_rpc.py
47838894,32,11,43,lib/coins.py
47838894,20,2,22,lib/hash.py
47838894,117,30,147,lib/jsonrpc.py
47838894,294,0,294,lib/peer.py
47838894,20,1,21,lib/script.py
47838894,181,0,181,lib/socks.py
47838894,20,1,21,lib/tx.py
47838894,39,3,42,lib/util.py
47838894,56,44,100,server/controller.py
47838894,1,0,1,server/daemon.py
47838894,1,0,1,server/db.py
47838894,28,20,48,server/env.py
47838894,3,9,12,server/irc.py
47838894,475,69,544,server/peers.py
47838894,63,15,78,server/session.py
47838894,3,1,4,server/version.py
47838894,1,1,2,lib/coins.py
47838894,1,1,2,lib/coins.py
47838894,1,1,2,server/version.py
47838894,1,1,2,lib/coins.py
47838894,1,1,2,electrumx_rpc.py
47838894,3,2,5,electrumx_server.py
47838894,1,1,2,lib/coins.py
47838894,2,2,4,lib/jsonrpc.py
47838894,5,4,9,lib/tx.py
47838894,1,0,1,lib/util.py
47838894,1,0,1,query.py
47838894,1,1,2,server/block_processor.py
47838894,3,3,6,server/controller.py
47838894,1,0,1,server/daemon.py
47838894,1,0,1,server/db.py
47838894,1,2,3,server/env.py
47838894,5,5,10,server/mempool.py
47838894,1,0,1,server/storage.py
47838894,2,2,4,tests/test_storage.py
47838894,1,2,3,tests/test_util.py
47838894,1,1,2,server/version.py
47838894,7,1,8,lib/coins.py
47838894,13,18,31,server/block_processor.py
47838894,10,0,10,server/session.py
47838894,3,2,5,lib/coins.py
47838894,1,1,2,server/version.py
47838894,43,32,75,lib/coins.py
47838894,21,15,36,server/block_processor.py
47838894,12,4,16,lib/util.py
47838894,2,7,9,server/controller.py
47838894,2,1,3,server/controller.py
47838894,23,9,32,server/daemon.py
47838894,12,0,12,lib/coins.py
47838894,1,1,2,server/version.py
47838894,1,1,2,lib/jsonrpc.py
47838894,1,1,2,server/version.py
47838894,11,2,13,server/controller.py
47838894,10,6,16,server/daemon.py
47838894,8,0,8,server/env.py
47838894,4,2,6,server/session.py
47838894,1,1,2,server/db.py
47838894,1,1,2,server/irc.py
47838894,1,1,2,server/version.py
47838894,26,1,27,lib/coins.py
47838894,14,0,14,lib/jsonrpc.py
47838894,11,6,17,lib/util.py
47838894,24,21,45,server/controller.py
47838894,1,10,11,server/db.py
47838894,22,12,34,server/env.py
47838894,28,47,75,server/peers.py
47838894,11,33,44,server/session.py
47838894,9,6,15,lib/jsonrpc.py
47838894,1,1,2,lib/jsonrpc.py
47838894,1,1,2,server/version.py
47838894,10,7,17,server/controller.py
47838894,39,21,60,server/peers.py
47838894,34,1,35,server/session.py
47838894,1,1,2,lib/script.py
47838894,1,1,2,query.py
47838894,1,1,2,server/env.py
47838894,8,2,10,server/controller.py
47838894,8,10,18,server/block_processor.py
47838894,58,41,99,server/controller.py
47838894,4,5,9,server/mempool.py
47838894,5,32,37,server/peers.py
47838894,0,1,1,server/session.py
47838894,1,1,2,server/version.py
47838894,4,3,7,server/controller.py
47838894,1,1,2,server/version.py
47838894,56,43,99,electrumx_rpc.py
47838894,515,320,835,lib/jsonrpc.py
47838894,49,64,113,server/controller.py
47838894,1,1,2,server/peers.py
47838894,63,72,135,server/session.py
47838894,1,1,2,server/version.py
47838894,2,2,4,lib/coins.py
47838894,13,17,30,server/controller.py
47838894,1,1,2,server/env.py
47838894,30,92,122,server/irc.py
47838894,139,0,139,server/peers.py
47838894,2,2,4,electrumx_rpc.py
47838894,15,9,24,lib/jsonrpc.py
47838894,12,15,27,server/session.py
47838894,1,1,2,lib/hash.py
47838894,1,1,2,lib/script.py
47838894,1,1,2,lib/tx.py
47838894,1,1,2,lib/util.py
47838894,12,7,19,server/controller.py
47838894,1,1,2,server/version.py
47838894,5,2,7,server/block_processor.py
47838894,12,17,29,server/controller.py
47838894,1,13,14,server/controller.py
47838894,14,0,14,server/session.py
47838894,1,1,2,server/version.py
47838894,2,2,4,server/storage.py
47838894,1,1,2,tests/test_util.py
47838894,1,1,2,server/version.py
47838894,3,5,8,server/storage.py
47838894,7,14,21,lib/util.py
47838894,47,40,87,server/storage.py
47838894,1,1,2,server/controller.py
47838894,4,1,5,server/daemon.py
47838894,1,69,70,server/storage.py
47838894,1,3,4,server/daemon.py
47838894,1,1,2,server/version.py
47838894,7,4,11,server/daemon.py
47838894,6,14,20,server/block_processor.py
47838894,18,14,32,server/controller.py
47838894,3,4,7,server/db.py
47838894,1,1,2,server/version.py
47838894,5,4,9,server/block_processor.py
47838894,3,2,5,server/controller.py
47838894,5,1,6,server/daemon.py
47838894,5,4,9,electrumx_server.py
47838894,1,0,1,server/block_processor.py
47838894,67,50,117,server/controller.py
47838894,2,3,5,server/irc.py
47838894,1,1,2,server/version.py
47838894,2,0,2,server/controller.py
47838894,2,0,2,electrumx_rpc.py
47838894,170,124,294,lib/jsonrpc.py
47838894,362,56,418,server/controller.py
47838894,55,315,370,server/session.py
47838894,16,6,22,server/block_processor.py
47838894,38,30,68,server/db.py
47838894,1,1,2,server/version.py
47838894,175,159,334,server/block_processor.py
47838894,13,4,17,server/controller.py
47838894,5,5,10,server/mempool.py
47838894,1,1,2,server/session.py
47838894,9,8,17,lib/coins.py
47838894,71,64,135,server/block_processor.py
47838894,1,1,2,server/controller.py
47838894,0,2,2,server/env.py
47838894,4,4,8,server/daemon.py
47838894,7,5,12,lib/coins.py
47838894,62,0,62,lib/coins.py
47838894,1,1,2,server/version.py
47838894,2,0,2,lib/coins.py
47838894,2,2,4,server/env.py
47838894,28,13,41,lib/coins.py
47838894,4,2,6,server/block_processor.py
47838894,5,1,6,server/db.py
47838894,24,4,28,lib/coins.py
47838894,70,14,84,lib/tx.py
47838894,14,15,29,server/block_processor.py
47838894,1,2,3,server/db.py
47838894,4,3,7,server/mempool.py
47838894,2,2,4,server/protocol.py
47838894,1,1,2,server/version.py
47838894,24,18,42,server/controller.py
47838894,1,1,2,server/version.py
47838894,4,4,8,tests/test_storage.py
47838894,6,6,12,query.py
47838894,41,75,116,server/block_processor.py
47838894,169,112,281,server/db.py
47838894,1,1,2,server/env.py
47838894,7,9,16,server/storage.py
47838894,18,4,22,lib/coins.py
47838894,5,5,10,server/block_processor.py
47838894,14,10,24,server/db.py
47838894,54,0,54,lib/util.py
47838894,27,46,73,server/db.py
47838894,12,8,20,server/db.py
47838894,31,61,92,lib/coins.py
47838894,2,2,4,lib/jsonrpc.py
47838894,22,0,22,lib/script.py
47838894,11,16,27,query.py
47838894,61,63,124,server/block_processor.py
47838894,13,13,26,server/controller.py
47838894,19,32,51,server/db.py
47838894,8,2,10,server/env.py
47838894,33,33,66,server/mempool.py
47838894,53,44,97,server/protocol.py
47838894,2,0,2,lib/coins.py
47838894,1,1,2,server/mempool.py
47838894,4,0,4,lib/coins.py
47838894,1,1,2,server/block_processor.py
47838894,1,1,2,server/version.py
47838894,1,1,2,server/version.py
47838894,1,1,2,server/block_processor.py
47838894,18,12,30,server/db.py
47838894,8,7,15,server/storage.py
47838894,1,1,2,server/version.py
47838894,28,31,59,server/irc.py
47838894,2,2,4,electrumx_rpc.py
47838894,3,2,5,electrumx_server.py
47838894,555,0,555,server/controller.py
47838894,1,1,2,server/irc.py
47838894,2,546,548,server/protocol.py
47838894,38,37,75,server/block_processor.py
47838894,5,4,9,server/block_processor.py
47838894,1,1,2,server/version.py
47838894,1,1,2,server/version.py
47838894,9,3,12,query.py
47838894,5,2,7,server/protocol.py
47838894,1,1,2,server/version.py
47838894,7,4,11,server/protocol.py
47838894,3,1,4,server/storage.py
47838894,1,0,1,electrumx_rpc.py
47838894,1,1,2,server/version.py
47838894,5,4,9,server/protocol.py
47838894,1,0,1,lib/jsonrpc.py
47838894,11,2,13,lib/util.py
47838894,3,2,5,server/protocol.py
47838894,3,1,4,server/protocol.py
47838894,21,16,37,server/mempool.py
47838894,1,1,2,server/version.py
47838894,3,2,5,server/block_processor.py
47838894,1,1,2,server/version.py
47838894,4,4,8,server/block_processor.py
47838894,12,11,23,server/protocol.py
47838894,1,1,2,server/version.py
47838894,12,8,20,server/protocol.py
47838894,1,1,2,server/version.py
47838894,2,0,2,server/protocol.py
47838894,1,2,3,server/protocol.py
47838894,4,1,5,lib/jsonrpc.py
47838894,3,2,5,server/protocol.py
47838894,1,1,2,server/version.py
47838894,6,6,12,server/protocol.py
47838894,5,4,9,server/block_processor.py
47838894,93,93,186,server/block_processor.py
47838894,3,3,6,server/protocol.py
47838894,5,3,8,server/block_processor.py
47838894,1,1,2,server/version.py
47838894,2,2,4,lib/jsonrpc.py
47838894,4,0,4,server/block_processor.py
47838894,5,3,8,server/protocol.py
47838894,1,1,2,server/protocol.py
47838894,1,1,2,server/version.py
47838894,5,4,9,server/mempool.py
47838894,1,1,2,server/block_processor.py
47838894,15,4,19,server/mempool.py
47838894,6,1,7,server/protocol.py
47838894,8,6,14,server/block_processor.py
47838894,11,5,16,server/daemon.py
47838894,1,1,2,server/mempool.py
47838894,11,10,21,server/block_processor.py
47838894,6,3,9,server/daemon.py
47838894,68,80,148,server/mempool.py
47838894,8,11,19,server/protocol.py
47838894,1,1,2,server/version.py
47838894,6,1,7,server/mempool.py
47838894,2,2,4,server/protocol.py
47838894,1,1,2,server/version.py
47838894,15,18,33,server/protocol.py
47838894,3,2,5,server/protocol.py
47838894,1,1,2,server/version.py
47838894,1,1,2,server/protocol.py
47838894,1,1,2,server/version.py
47838894,1,1,2,server/version.py
47838894,3,3,6,server/block_processor.py
47838894,1,0,1,server/env.py
47838894,54,34,88,server/protocol.py
47838894,1,9,10,server/protocol.py
47838894,3,3,6,server/protocol.py
47838894,2,3,5,server/mempool.py
47838894,1,1,2,server/version.py
47838894,6,5,11,server/mempool.py
47838894,1,1,2,server/version.py
47838894,1,1,2,server/version.py
47838894,0,9,9,lib/util.py
47838894,8,4,12,server/mempool.py
47838894,1,1,2,server/protocol.py
47838894,1,1,2,server/version.py
47838894,1,1,2,server/mempool.py
47838894,1,1,2,server/version.py
47838894,10,0,10,lib/util.py
47838894,6,7,13,server/block_processor.py
47838894,287,0,287,server/mempool.py
47838894,51,216,267,server/protocol.py
47838894,0,1,1,server/protocol.py
47838894,1,1,2,server/version.py
47838894,1,1,2,electrumx_rpc.py
47838894,40,32,72,lib/jsonrpc.py
47838894,42,33,75,server/protocol.py
47838894,1,1,2,server/protocol.py
47838894,0,3,3,lib/jsonrpc.py
47838894,2,8,10,server/protocol.py
47838894,0,1,1,lib/jsonrpc.py
47838894,1,0,1,server/protocol.py
47838894,1,1,2,server/version.py
47838894,8,7,15,server/protocol.py
47838894,7,2,9,server/protocol.py
47838894,1,1,2,server/version.py
47838894,2,1,3,server/protocol.py
47838894,1,1,2,server/version.py
47838894,2,1,3,lib/jsonrpc.py
47838894,30,19,49,server/protocol.py
47838894,3,2,5,server/irc.py
47838894,2,2,4,electrumx_rpc.py
47838894,51,12,63,server/protocol.py
47838894,1,1,2,server/version.py
47838894,4,4,8,server/protocol.py
47838894,1,1,2,server/version.py
47838894,9,2,11,electrumx_rpc.py
47838894,40,16,56,lib/jsonrpc.py
47838894,106,43,149,server/protocol.py
47838894,3,4,7,lib/jsonrpc.py
47838894,73,29,102,server/protocol.py
47838894,1,1,2,server/version.py
47838894,4,1,5,server/block_processor.py
47838894,49,45,94,lib/jsonrpc.py
47838894,34,26,60,server/protocol.py
47838894,2,2,4,electrumx_rpc.py
47838894,80,68,148,lib/jsonrpc.py
47838894,10,11,21,server/protocol.py
47838894,1,1,2,server/version.py
47838894,2,4,6,electrumx_rpc.py
47838894,66,64,130,lib/jsonrpc.py
47838894,4,4,8,server/protocol.py
47838894,4,1,5,electrumx_rpc.py
47838894,1,1,2,lib/jsonrpc.py
47838894,1,1,2,server/version.py
47838894,0,1,1,server/protocol.py
47838894,118,105,223,lib/jsonrpc.py
47838894,3,3,6,server/protocol.py
47838894,34,5,39,lib/jsonrpc.py
47838894,19,42,61,server/protocol.py
47838894,1,1,2,server/version.py
47838894,6,2,8,server/protocol.py
47838894,0,2,2,server/env.py
47838894,11,26,37,server/protocol.py
47838894,1,1,2,electrumx_rpc.py
47838894,1,1,2,lib/jsonrpc.py
47838894,2,2,4,server/protocol.py
47838894,2,0,2,server/env.py
47838894,26,11,37,server/protocol.py
47838894,1,1,2,server/version.py
47838894,29,24,53,server/protocol.py
47838894,2,1,3,server/protocol.py
47838894,1,1,2,server/version.py
47838894,9,3,12,server/block_processor.py
47838894,6,4,10,lib/jsonrpc.py
47838894,1,1,2,server/version.py
47838894,25,17,42,server/protocol.py
47838894,1,1,2,setup.py
47838894,5,0,5,server/irc.py
47838894,1,1,2,electrumx_server.py
47838894,20,9,29,server/protocol.py
47838894,3,6,9,server/protocol.py
47838894,1,1,2,server/version.py
47838894,16,11,27,lib/jsonrpc.py
47838894,10,0,10,lib/util.py
47838894,60,21,81,server/protocol.py
47838894,2,0,2,lib/jsonrpc.py
47838894,1,0,1,server/env.py
47838894,18,0,18,server/protocol.py
47838894,1,1,2,server/version.py
47838894,1,1,2,server/protocol.py
47838894,1,1,2,electrumx_server.py
47838894,4,3,7,lib/jsonrpc.py
47838894,1,1,2,server/version.py
47838894,10,13,23,server/protocol.py
47838894,1,1,2,server/version.py
47838894,15,14,29,server/irc.py
47838894,1,0,1,electrumx_server.py
47838894,13,10,23,server/protocol.py
47838894,10,2,12,server/env.py
47838894,2,2,4,server/irc.py
47838894,4,3,7,server/irc.py
47838894,1,0,1,server/env.py
47838894,56,23,79,server/irc.py
47838894,2,2,4,lib/jsonrpc.py
47838894,1,1,2,server/version.py
47838894,1,1,2,lib/jsonrpc.py
47838894,1,1,2,server/version.py
47838894,2,2,4,server/block_processor.py
47838894,1,1,2,server/version.py
47838894,6,2,8,server/daemon.py
47838894,11,1,12,server/protocol.py
47838894,1,1,2,server/version.py
47838894,24,0,24,lib/jsonrpc.py
47838894,1,0,1,server/env.py
47838894,3,0,3,server/protocol.py
47838894,2,0,2,electrumx_rpc.py
47838894,13,0,13,lib/jsonrpc.py
47838894,1,0,1,server/protocol.py
47838894,1,1,2,server/storage.py
47838894,1,1,2,server/env.py
47838894,1,1,2,server/version.py
47838894,3,23,26,electrumx_rpc.py
47838894,1,0,1,server/env.py
47838894,56,10,66,server/protocol.py
47838894,4,5,9,lib/coins.py
47838894,8,1,9,tests/test_storage.py
47838894,8,0,8,lib/coins.py
47838894,1,1,2,server/version.py
47838894,2,2,4,lib/jsonrpc.py
47838894,1,1,2,server/db.py
47838894,11,6,17,server/block_processor.py
47838894,20,33,53,server/block_processor.py
47838894,89,73,162,server/block_processor.py
47838894,0,2,2,server/db.py
47838894,4,2,6,server/protocol.py
47838894,6,3,9,server/block_processor.py
47838894,39,20,59,server/db.py
47838894,26,9,35,server/storage.py
47838894,2,2,4,tests/test_storage.py
47838894,32,16,48,server/block_processor.py
47838894,2,15,17,server/block_processor.py
47838894,1,1,2,server/version.py
47838894,2,0,2,server/protocol.py
47838894,1,1,2,server/irc.py
47838894,1,1,2,server/block_processor.py
47838894,2,3,5,server/block_processor.py
47838894,1,1,2,server/env.py
47838894,0,12,12,server/block_processor.py
47838894,12,0,12,server/db.py
47838894,1,53,54,server/block_processor.py
47838894,55,0,55,server/db.py
47838894,5,59,64,server/block_processor.py
47838894,47,3,50,server/db.py
47838894,5,4,9,server/protocol.py
47838894,13,18,31,server/block_processor.py
47838894,1,1,2,server/storage.py
47838894,1,1,2,server/protocol.py
47838894,1,1,2,server/version.py
47838894,31,4,35,lib/jsonrpc.py
47838894,1,1,2,server/env.py
47838894,9,10,19,server/protocol.py
47838894,8,11,19,lib/coins.py
47838894,2,1,3,server/db.py
47838894,2,2,4,electrumx_rpc.py
47838894,0,1,1,server/block_processor.py
47838894,4,4,8,server/block_processor.py
47838894,0,11,11,lib/coins.py
47838894,2,2,4,server/db.py
47838894,2,2,4,server/block_processor.py
47838894,16,0,16,lib/coins.py
47838894,1,1,2,server/version.py
47838894,22,28,50,electrumx_rpc.py
47838894,105,63,168,lib/jsonrpc.py
47838894,13,13,26,server/protocol.py
47838894,1,1,2,server/version.py
47838894,5,4,9,server/block_processor.py
47838894,1,1,2,server/version.py
47838894,2,1,3,server/env.py
47838894,3,1,4,server/protocol.py
47838894,1,1,2,server/version.py
47838894,4,4,8,server/irc.py
47838894,1,1,2,server/version.py
47838894,14,17,31,server/block_processor.py
47838894,8,2,10,server/irc.py
47838894,36,29,65,server/protocol.py
47838894,2,2,4,electrumx_server.py
47838894,10,23,33,server/block_processor.py
47838894,60,80,140,server/protocol.py
47838894,5,0,5,lib/jsonrpc.py
47838894,8,0,8,lib/coins.py
47838894,14,9,23,server/irc.py
47838894,1,1,2,server/version.py
47838894,38,22,60,server/block_processor.py
47838894,2,0,2,server/env.py
47838894,1,2,3,server/block_processor.py
47838894,2,12,14,server/daemon.py
47838894,0,2,2,server/env.py
47838894,1,0,1,server/block_processor.py
47838894,0,4,4,server/block_processor.py
47838894,1,1,2,server/version.py
47838894,1,0,1,server/block_processor.py
47838894,7,3,10,server/block_processor.py
47838894,1,1,2,server/version.py
47838894,16,21,37,lib/jsonrpc.py
47838894,1,1,2,server/daemon.py
47838894,1,1,2,server/db.py
47838894,1,1,2,server/version.py
47838894,1,1,2,server/protocol.py
47838894,2,0,2,lib/coins.py
47838894,0,1,1,server/protocol.py
47838894,19,0,19,lib/coins.py
47838894,1,1,2,server/block_processor.py
47838894,22,6,28,server/daemon.py
47838894,1,12,13,server/env.py
47838894,1,1,2,server/version.py
47838894,1,0,1,server/protocol.py
47838894,3,2,5,server/protocol.py
47838894,0,1,1,server/protocol.py
47838894,47,50,97,server/block_processor.py
47838894,31,14,45,server/protocol.py
47838894,2,0,2,server/irc.py
47838894,18,15,33,server/protocol.py
47838894,1,1,2,server/block_processor.py
47838894,1,0,1,server/db.py
47838894,3,3,6,server/protocol.py
47838894,1,1,2,server/version.py
47838894,5,2,7,server/block_processor.py
47838894,35,21,56,server/protocol.py
47838894,8,0,8,lib/util.py
47838894,1,9,10,server/block_processor.py
47838894,1,1,2,server/db.py
47838894,3,0,3,server/env.py
47838894,29,7,36,server/protocol.py
47838894,1,1,2,server/version.py
47838894,3,3,6,server/db.py
47838894,12,5,17,server/protocol.py
47838894,0,1,1,server/block_processor.py
47838894,2,1,3,server/protocol.py
47838894,1,182,183,server/block_processor.py
47838894,190,5,195,server/protocol.py
47838894,3,7,10,server/block_processor.py
47838894,19,5,24,server/db.py
47838894,10,4,14,server/protocol.py
47838894,1,1,2,server/version.py
47838894,2,2,4,server/block_processor.py
47838894,1,1,2,server/protocol.py
47838894,9,13,22,server/block_processor.py
47838894,12,9,21,server/protocol.py
47838894,1,2,3,server/block_processor.py
47838894,5,2,7,server/protocol.py
47838894,31,35,66,server/block_processor.py
47838894,12,13,25,server/block_processor.py
47838894,2,0,2,lib/coins.py
47838894,1,1,2,server/env.py
47838894,1,1,2,server/version.py
47838894,19,16,35,server/protocol.py
47838894,52,80,132,server/block_processor.py
47838894,20,16,36,server/db.py
47838894,0,6,6,server/block_processor.py
47838894,0,5,5,server/db.py
47838894,34,17,51,server/protocol.py
47838894,17,14,31,server/protocol.py
47838894,32,31,63,server/protocol.py
47838894,4,1,5,electrumx_server.py
47838894,10,0,10,electrumx_server.py
47838894,1,1,2,electrumx_rpc.py
47838894,1,1,2,server/env.py
47838894,1,1,2,server/version.py
47838894,2,6,8,electrumx_server.py
47838894,0,1,1,server/block_processor.py
47838894,2,0,2,server/block_processor.py
47838894,6,0,6,server/irc.py
47838894,3,1,4,server/protocol.py
47838894,4,5,9,electrumx_server.py
47838894,13,6,19,server/block_processor.py
47838894,45,45,90,server/protocol.py
47838894,31,26,57,server/block_processor.py
47838894,2,2,4,server/protocol.py
47838894,2,2,4,server/block_processor.py
47838894,1,2,3,server/protocol.py
47838894,6,6,12,server/protocol.py
47838894,24,17,41,server/protocol.py
47838894,1,1,2,electrumx_rpc.py
47838894,1,1,2,server/protocol.py
47838894,27,26,53,electrumx_rpc.py
47838894,4,4,8,server/protocol.py
47838894,1,1,2,lib/jsonrpc.py
47838894,4,1,5,server/protocol.py
47838894,20,24,44,server/protocol.py
47838894,1,0,1,server/env.py
47838894,8,4,12,server/protocol.py
47838894,1,2,3,electrumx_rpc.py
47838894,11,0,11,tests/test_util.py
47838894,48,0,48,tests/test_util.py
47838894,48,0,48,tests/test_util.py
47838894,2,2,4,lib/jsonrpc.py
47838894,1,1,2,server/version.py
47838894,1,1,2,lib/jsonrpc.py
47838894,1,1,2,lib/script.py
47838894,17,2,19,lib/coins.py
47838894,44,40,84,lib/script.py
47838894,38,48,86,server/block_processor.py
47838894,1,1,2,server/db.py
47838894,5,0,5,server/block_processor.py
47838894,2,2,4,server/block_processor.py
47838894,1,1,2,server/version.py
47838894,2,6,8,lib/jsonrpc.py
47838894,1,1,2,server/protocol.py
47838894,0,1,1,server/irc.py
47838894,0,2,2,lib/coins.py
47838894,21,5,26,electrumx_rpc.py
47838894,13,11,24,server/protocol.py
47838894,170,165,335,server/protocol.py
47838894,1,1,2,electrumx_rpc.py
47838894,249,0,249,lib/jsonrpc.py
47838894,41,108,149,server/protocol.py
47838894,1,0,1,setup.py
47838894,6,4,10,lib/coins.py
47838894,18,3,21,lib/coins.py
47838894,1,1,2,server/version.py
47838894,3,2,5,server/irc.py
47838894,3,0,3,server/protocol.py
47838894,1,0,1,server/irc.py
47838894,1,1,2,server/protocol.py
47838894,1,1,2,server/version.py
47838894,2,2,4,electrumx_rpc.py
47838894,3,3,6,server/block_processor.py
47838894,4,3,7,server/protocol.py
47838894,19,6,25,electrumx_rpc.py
47838894,1,1,2,server/daemon.py
47838894,3,9,12,server/protocol.py
47838894,2,1,3,server/block_processor.py
47838894,6,0,6,server/env.py
47838894,137,0,137,server/irc.py
47838894,55,31,86,server/protocol.py
47838894,2,0,2,setup.py
47838894,25,22,47,server/block_processor.py
47838894,1,1,2,server/version.py
47838894,4,0,4,server/daemon.py
47838894,2,2,4,server/protocol.py
47838894,1,1,2,server/version.py
47838894,6,6,12,server/daemon.py
47838894,9,9,18,server/daemon.py
47838894,8,10,18,server/daemon.py
47838894,1,1,2,server/version.py
47838894,52,50,102,server/daemon.py
47838894,23,18,41,server/daemon.py
47838894,18,23,41,server/daemon.py
47838894,2,12,14,server/block_processor.py
47838894,29,4,33,server/db.py
47838894,2,4,6,server/block_processor.py
47838894,0,2,2,server/protocol.py
47838894,1,1,2,server/version.py
47838894,20,8,28,server/block_processor.py
47838894,4,4,8,server/db.py
47838894,1,1,2,server/version.py
47838894,8,4,12,server/block_processor.py
47838894,4,0,4,server/daemon.py
47838894,20,19,39,server/protocol.py
47838894,1,1,2,query.py
47838894,99,175,274,server/block_processor.py
47838894,61,39,100,server/db.py
47838894,245,23,268,server/block_processor.py
47838894,0,257,257,server/cache.py
47838894,2,2,4,server/db.py
47838894,1,1,2,server/version.py
47838894,5,7,12,server/block_processor.py
47838894,2,1,3,server/block_processor.py
47838894,0,1,1,server/db.py
47838894,2,2,4,server/protocol.py
47838894,1,1,2,server/version.py
47838894,14,5,19,server/block_processor.py
47838894,1,1,2,server/block_processor.py
47838894,9,1,10,server/block_processor.py
47838894,2,2,4,server/daemon.py
47838894,8,20,28,electrumx_server.py
47838894,3,8,11,server/block_processor.py
47838894,15,3,18,server/block_processor.py
47838894,67,43,110,server/block_processor.py
47838894,31,53,84,server/db.py
47838894,79,7,86,server/block_processor.py
47838894,2,158,160,server/cache.py
47838894,80,9,89,server/db.py
47838894,4,1,5,server/block_processor.py
47838894,31,9,40,server/db.py
47838894,1,1,2,electrumx_server.py
47838894,1,61,62,server/block_processor.py
47838894,1,0,1,server/db.py
47838894,59,0,59,server/protocol.py
47838894,0,76,76,lib/script.py
47838894,3,10,13,lib/util.py
47838894,2,4,6,query.py
47838894,11,16,27,electrumx_server.py
47838894,19,14,33,server/block_processor.py
47838894,0,44,44,server/controller.py
47838894,12,6,18,server/db.py
47838894,64,7,71,server/block_processor.py
47838894,3,53,56,server/controller.py
47838894,5,119,124,server/block_processor.py
47838894,4,4,8,server/cache.py
47838894,142,0,142,server/db.py
47838894,30,7,37,electrumx_server.py
47838894,0,13,13,server/controller.py
47838894,1,1,2,server/version.py
47838894,6,2,8,server/daemon.py
47838894,64,31,95,server/protocol.py
47838894,15,14,29,server/cache.py
47838894,1,21,22,server/controller.py
47838894,24,4,28,server/protocol.py
47838894,17,0,17,lib/util.py
47838894,29,9,38,server/storage.py
47838894,0,0,0,tests/__init__.py
47838894,69,0,69,tests/test_storage.py
47838894,0,1,1,lib/coins.py
47838894,8,5,13,lib/script.py
47838894,11,6,17,lib/coins.py
47838894,3,3,6,server/block_processor.py
47838894,8,12,20,server/daemon.py
47838894,34,11,45,lib/coins.py
47838894,21,43,64,lib/script.py
47838894,2,7,9,lib/util.py
47838894,4,7,11,server/block_processor.py
47838894,1,2,3,server/block_processor.py
47838894,72,57,129,lib/tx.py
47838894,5,4,9,server/block_processor.py
47838894,1,1,2,server/block_processor.py
47838894,1,1,2,server/version.py
47838894,2,0,2,server/block_processor.py
47838894,1,1,2,server/daemon.py
47838894,12,4,16,server/daemon.py
47838894,6,8,14,server/block_processor.py
47838894,45,33,78,server/daemon.py
47838894,6,15,21,server/block_processor.py
47838894,5,1,6,server/block_processor.py
47838894,1,1,2,server/controller.py
47838894,12,2,14,server/daemon.py
47838894,2,0,2,server/env.py
47838894,1,1,2,server/protocol.py
47838894,8,4,12,server/block_processor.py
47838894,2,0,2,server/daemon.py
47838894,1,1,2,server/version.py
47838894,5,3,8,electrumx_rpc.py
47838894,0,0,0,server_main.py => electrumx_server.py
47838894,0,0,0,lib/__init__.py
47838894,24,0,24,setup.py
47838894,3,3,6,server/block_processor.py
47838894,1,1,2,server/block_processor.py
47838894,50,40,90,server/daemon.py
47838894,1,2,3,server/protocol.py
47838894,1,1,2,server/version.py
47838894,16,10,26,server/block_processor.py
47838894,1,1,2,server/version.py
47838894,3,2,5,server/block_processor.py
47838894,2,2,4,server/protocol.py
47838894,183,29,212,server/block_processor.py
47838894,44,26,70,server/cache.py
47838894,15,2,17,server/daemon.py
47838894,16,5,21,server/protocol.py
47838894,1,1,2,server/version.py
47838894,1,1,2,server/block_processor.py
47838894,0,1,1,server/block_processor.py
47838894,1,1,2,server/version.py
47838894,4,76,80,server/controller.py
47838894,121,50,171,server/protocol.py
47838894,2,10,12,lib/coins.py
47838894,9,0,9,lib/util.py
47838894,33,44,77,server/block_processor.py
47838894,86,40,126,server/storage.py
47838894,2,1,3,server/block_processor.py
47838894,6,4,10,server/cache.py
47838894,8,2,10,server/protocol.py
47838894,1,1,2,server/block_processor.py
47838894,17,25,42,server/storage.py
47838894,5,0,5,lib/coins.py
47838894,9,0,9,server/block_processor.py
47838894,3,4,7,server/controller.py
47838894,15,2,17,server/protocol.py
47838894,1,2,3,server/block_processor.py
47838894,62,63,125,server/block_processor.py
47838894,61,41,102,server/block_processor.py
47838894,18,1,19,lib/coins.py
47838894,8,4,12,server/block_processor.py
47838894,0,19,19,server/cache.py
47838894,35,20,55,server/controller.py
47838894,23,2,25,server/daemon.py
47838894,281,97,378,server/protocol.py
47838894,1,1,2,server/version.py
47838894,23,18,41,server/block_processor.py
47838894,1,0,1,server/env.py
47838894,152,0,152,server/storage.py
47838894,23,17,40,server/block_processor.py
47838894,42,32,74,server/controller.py
47838894,3,0,3,server/env.py
47838894,24,14,38,server/protocol.py
47838894,9,2,11,electrumx_rpc.py
47838894,37,11,48,lib/coins.py
47838894,16,7,23,lib/enum.py
47838894,29,15,44,lib/hash.py
47838894,18,7,25,lib/script.py
47838894,13,2,15,lib/tx.py
47838894,9,1,10,lib/util.py
47838894,12,2,14,query.py
47838894,8,1,9,server/block_processor.py
47838894,12,1,13,server/cache.py
47838894,11,1,12,server/controller.py
47838894,6,2,8,server/daemon.py
47838894,8,1,9,server/env.py
47838894,8,1,9,server/protocol.py
47838894,9,2,11,server_main.py
47838894,13,3,16,server/block_processor.py
47838894,3,2,5,server/env.py
47838894,1,1,2,server/version.py
47838894,23,18,41,server/block_processor.py
47838894,1,0,1,server/env.py
47838894,152,0,152,server/storage.py
47838894,20,10,30,server/block_processor.py
47838894,3,2,5,server/env.py
47838894,1,1,2,server/version.py
47838894,7,4,11,server/block_processor.py
47838894,20,0,20,query.py
47838894,283,89,372,server/block_processor.py
47838894,40,68,108,server/cache.py
47838894,1,0,1,server/env.py
47838894,6,6,12,query.py
47838894,4,1,5,server/block_processor.py
47838894,0,2,2,server/cache.py
47838894,22,25,47,lib/tx.py
47838894,1,1,2,server/block_processor.py
47838894,8,8,16,server/cache.py
47838894,116,45,161,server/block_processor.py
47838894,28,21,49,server/cache.py
47838894,0,1,1,server/protocol.py
47838894,26,22,48,server/controller.py
47838894,5,2,7,server/block_processor.py
47838894,13,6,19,server/cache.py
47838894,1,1,2,server/controller.py
47838894,40,50,90,server/block_processor.py
47838894,18,7,25,server/controller.py
47838894,4,9,13,server/protocol.py
47838894,3,0,3,server/block_processor.py
47838894,1,1,2,query.py
47838894,343,0,343,server/block_processor.py
47838894,1,2,3,server/controller.py
47838894,71,56,127,server/block_processor.py
47838894,2,5,7,server/controller.py
47838894,89,0,89,server/block_processor.py
47838894,3,83,86,server/controller.py
47838894,8,16,24,server/controller.py
47838894,34,6,40,server/daemon.py
47838894,7,5,12,server/controller.py
47838894,2,2,4,server_main.py
47838894,21,64,85,server/controller.py
47838894,70,0,70,server/daemon.py
47838894,8,6,14,server/protocol.py
47838894,10,3,13,lib/coins.py
47838894,1,1,2,server/controller.py
47838894,17,7,24,server/db.py
47838894,3,0,3,server/db.py
47838894,162,120,282,server/db.py
47838894,4,1,5,lib/hash.py
47838894,33,3,36,server/controller.py
47838894,14,0,14,server/protocol.py
47838894,54,55,109,server/controller.py
47838894,3,1,4,server_main.py
47838894,21,21,42,server/controller.py
47838894,25,10,35,electrumx_rpc.py
47838894,7,0,7,lib/hash.py
47838894,8,0,8,lib/util.py
47838894,3,2,5,query.py
47838894,37,15,52,server/db.py
47838894,22,16,38,server/env.py
47838894,206,0,206,server/protocol.py
47838894,0,60,60,server/rpc.py
47838894,1,0,1,server/version.py
47838894,6,4,10,server_main.py
47838894,4,4,8,electrumx_rpc.py
47838894,3,1,4,server/server.py
47838894,2,4,6,server/db.py
47838894,1,1,2,server/server.py
47838894,47,0,47,electrumx_rpc.py
47838894,0,0,0,query.py
47838894,1,0,1,server/env.py
47838894,60,0,60,server/rpc.py
47838894,30,10,40,server/server.py
47838894,2,5,7,lib/util.py
47838894,1,1,2,server/db.py
47838894,68,76,144,server/db.py
47838894,1,1,2,server/env.py
47838894,54,21,75,server/db.py
47838894,2,1,3,server/db.py
47838894,3,3,6,server/server.py
47838894,55,34,89,server/db.py
47838894,1,0,1,server/env.py
47838894,1,1,2,server/server.py
47838894,3,3,6,lib/coins.py
47838894,12,8,20,server/db.py
47838894,1,1,2,server/env.py
47838894,65,92,157,server/server.py
47838894,2,0,2,server_main.py
47838894,2,1,3,server/db.py
47838894,3,0,3,lib/coins.py
47838894,13,8,21,server/db.py
47838894,1,0,1,server/server.py
47838894,13,8,21,server/db.py
47838894,1,1,2,server/server.py
47838894,28,31,59,server/db.py
47838894,2,2,4,server/server.py
47838894,92,93,185,server/db.py
47838894,1,1,2,server/server.py
47838894,0,1,1,lib/coins.py
47838894,42,1,43,lib/util.py
47838894,35,27,62,server/db.py
47838894,0,11,11,server/server.py
47838894,1,1,2,server/db.py
47838894,20,8,28,server/db.py
47838894,1,0,1,server/db.py
47838894,1,1,2,query.py
47838894,275,182,457,server/db.py
47838894,1,1,2,server/env.py
47838894,6,3,9,server/server.py
47838894,27,19,46,lib/coins.py
47838894,10,7,17,lib/script.py
47838894,0,18,18,lib/util.py
47838894,4,4,8,query.py
47838894,38,38,76,server/db.py
47838894,101,90,191,server/db.py
47838894,9,6,15,server/server.py
47838894,6,6,12,server/db.py
47838894,9,2,11,server/db.py
47838894,6,0,6,lib/coins.py
47838894,3,0,3,query.py
47838894,1,1,2,server/db.py
47838894,3,2,5,server_main.py
47838894,17,8,25,query.py
47838894,5,3,8,server/server.py
47838894,33,0,33,query.py
47838894,0,29,29,server/server.py
47838894,37,18,55,server/db.py
47838894,4,4,8,server/db.py
47838894,1,1,2,lib/coins.py
47838894,1,1,2,lib/hash.py
47838894,1,1,2,lib/script.py
47838894,1,1,2,lib/tx.py
47838894,1,1,2,lib/util.py
47838894,1,1,2,server/db.py
47838894,1,1,2,server/env.py
47838894,1,1,2,server/server.py
47838894,1,1,2,server_main.py
47838894,240,0,240,lib/coins.py
47838894,45,0,45,lib/enum.py
47838894,115,0,115,lib/hash.py
47838894,306,0,306,lib/script.py
47838894,140,0,140,lib/tx.py
47838894,66,0,66,lib/util.py
47838894,0,0,0,server/__init__.py
47838894,470,0,470,server/db.py
47838894,54,0,54,server/env.py
47838894,232,0,232,server/server.py
47838894,48,0,48,server_main.py
27940657,5,4,9,tools/select.py
27940657,23,24,47,utils/actions/__init__.py
27940657,0,1,1,utils/actions/frames.py
27940657,16,1,17,utils/actions/tools.py
27940657,0,79,79,deep/tools.py
27940657,69,127,196,utils/actions/frames.py
27940657,3,85,88,utils/actions/unify.py
27940657,2,8,10,deep/tools.py
27940657,161,143,304,deep/tools.py
27940657,9,6,15,utils/actions/tools.py
27940657,31,78,109,utils/actions/unify.py
27940657,5,27,32,utils/actions/__init__.py
27940657,37,16,53,utils/actions/unify.py
27940657,81,12,93,utils/actions/unify.py
27940657,82,87,169,utils/actions/unify.py
27940657,17,17,34,utils/actions/bound.py
27940657,5,10,15,feat/global.py
27940657,13,6,19,tools/stats.py
27940657,41,0,41,tools/stats.py
27940657,36,0,36,tools/extract_features.py
27940657,11,41,52,seq/concat.py
27940657,0,31,31,utils/actions/smooth.py
27940657,20,0,20,utils/actions/tools.py
27940657,5,4,9,seq/dtw.py
27940657,0,43,43,utils/actions/feat.py
27940657,36,0,36,ensemble/diversity.py
27940657,8,6,14,utils/actions/__init__.py
27940657,7,2,9,utils/actions/smooth/__init__.py
27940657,29,0,29,utils/actions/smooth/exp.py
27940657,7,3,10,utils/actions/smooth/gauss.py
27940657,5,5,10,utils/actions/smooth/kmeans.py
27940657,8,5,13,utils/actions/smooth/gauss.py
27940657,63,0,63,utils/actions/smooth/gauss.py
27940657,43,0,43,bow/select.py
27940657,49,37,86,bow/__init__.py
27940657,2,2,4,bow/hist.py
27940657,26,1,27,utils/actions/tools.py
27940657,59,0,59,bow/hist.py
27940657,34,9,43,bow/__init__.py
27940657,78,35,113,seq/concat.py
27940657,1,1,2,utils/actions/smooth/kmeans.py
27940657,30,8,38,utils/actions/smooth/kmeans.py
27940657,30,0,30,bow/__init__.py
27940657,2,6,8,utils/actions/smooth/__init__.py
27940657,4,4,8,utils/actions/smooth/kmeans.py
27940657,12,0,12,utils/actions/tools.py
27940657,5,4,9,utils/actions/smooth/__init__.py
27940657,14,4,18,utils/actions/smooth/kmeans.py
27940657,3,5,8,utils/actions/smooth/__init__.py
27940657,38,6,44,utils/actions/smooth/kmeans.py
27940657,13,7,20,utils/actions/smooth/reduce.py
27940657,12,0,12,utils/actions/smooth/reduce.py
27940657,13,0,13,utils/actions/smooth/kmeans.py
27940657,22,0,22,utils/actions/smooth/binary.py
27940657,30,0,30,utils/actions/smooth/norm.py
27940657,29,0,29,utils/actions/smooth/__init__.py
27940657,6,4,10,utils/actions/smooth.py
27940657,31,4,35,utils/actions/norm.py
27940657,27,7,34,seq/lstm.py
27940657,43,0,43,utils/actions/feat.py
27940657,43,0,43,utils/actions/norm.py
27940657,29,0,29,utils/actions/smooth.py
27940657,5,8,13,ensemble/nn.py
27940657,43,0,43,ensemble/rnn.py
27940657,2,8,10,utils/text.py
27940657,22,4,26,seq/concat.py
27940657,20,6,26,seq/NNGraph.py
27940657,2,6,8,seq/eff_dtw.py
27940657,11,18,29,seq/NNGraph.py
27940657,3,2,5,seq/conds_dtw.py
27940657,1,1,2,seq/eff_dtw.py
27940657,1,2,3,seq/NNGraph.py
27940657,14,5,19,seq/conds_dtw.py
27940657,1,0,1,seq/eff_dtw.py
27940657,3,2,5,seq/conds_dtw.py
27940657,7,5,12,seq/dtw.py
27940657,19,0,19,seq/NNGraph.py
27940657,4,6,10,seq/concat.py
27940657,4,2,6,seq/conds_dtw.py
27940657,2,2,4,seq/dtw_feats.py
27940657,30,6,36,seq/eff_dtw.py
27940657,17,6,23,seq/NNGraph.py
27940657,18,8,26,seq/NNGraph.py
27940657,53,0,53,seq/NNGraph.py
27940657,14,9,23,seq/conds_dtw.py
27940657,20,0,20,seq/eff_dtw.py
27940657,3,3,6,utils/actions/__init__.py
27940657,8,3,11,utils/actions/read.py
27940657,0,0,0,seq/eff_dtw.py
27940657,63,13,76,seq/conds_dtw.py
27940657,10,5,15,seq/dtw.py
27940657,32,5,37,seq/conds_dtw.py
27940657,18,7,25,seq/conds_dtw.py
27940657,36,0,36,seq/conds_dtw.py
27940657,1,1,2,basic/__init__.py
27940657,5,7,12,preproc.py
27940657,1,1,2,utils/paths/files.py
27940657,1,2,3,basic/__init__.py
27940657,18,14,32,preproc.py
27940657,1,1,2,utils/paths/files.py
27940657,2,13,15,utils/actions/frames.py
27940657,16,11,27,utils/actions/__init__.py
27940657,1,34,35,utils/actions/frames.py
27940657,54,34,88,utils/actions/frames.py
27940657,11,11,22,utils/actions/__init__.py
27940657,0,135,135,ensemble/wrap.py
27940657,6,5,11,utils/actions/__init__.py
27940657,26,5,31,utils/actions/__init__.py
27940657,2,2,4,deep/convnet.py
27940657,6,5,11,utils/actions/__init__.py
27940657,0,135,135,ensemble/wrap.py
27940657,9,1,10,utils/actions/__init__.py
27940657,3,3,6,deep/convnet.py
27940657,5,1,6,seq/__init__.py
27940657,10,6,16,ensemble/nn.py
27940657,22,10,32,ensemble/nn.py
27940657,19,6,25,ensemble/nn.py
27940657,11,5,16,ensemble/__init__.py
27940657,24,20,44,ensemble/nn.py
27940657,5,0,5,ensemble/nn.py
27940657,16,2,18,ensemble/nn.py
27940657,22,0,22,ensemble/nn.py
27940657,18,3,21,ensemble/__init__.py
27940657,12,60,72,ensemble/__init__.py
27940657,3,13,16,ensemble/binary.py
27940657,6,4,10,ensemble/binary.py
27940657,19,4,23,ensemble/binary.py
27940657,32,0,32,ensemble/binary.py
27940657,0,103,103,ensemble/nn_ensemble.py
27940657,0,88,88,ensemble/single_cls.py
27940657,30,27,57,preproc.py
27940657,0,30,30,cats.py
27940657,0,60,60,unify_nn.py
27940657,0,46,46,seq/dtw_feat.py
27940657,13,1,14,seq/__init__.py
27940657,0,49,49,seq/bagging.py
27940657,1,2,3,seq/dtw.py
27940657,38,0,38,seq/dtw_feats.py
27940657,0,37,37,seq/features.py
27940657,2,2,4,seq/lstm.py
27940657,0,32,32,seq/split.py
27940657,0,138,138,seq/to_dataset.py
27940657,0,149,149,seq/visualize.py
27940657,53,128,181,seq/__init__.py
27940657,2,27,29,seq/dtw.py
27940657,108,0,108,seq/lstm.py
27940657,30,0,30,seq/concat.py
27940657,106,0,106,seq/dtw.py
27940657,0,106,106,dtw/__init__.py
27940657,0,30,30,dtw/concat.py
27940657,7,2,9,dtw/__init__.py
27940657,1,1,2,dtw/concat.py
27940657,30,0,30,dtw/concat.py
27940657,2,3,5,dtw/__init__.py
27940657,25,11,36,dtw/__init__.py
27940657,0,0,0,seq/dtw.py => dtw/__init__.py
27940657,5,2,7,deep/convnet.py
27940657,35,9,44,preproc.py
27940657,171,0,171,deep/convnet.py
27940657,2,2,4,deep/convnet.py
27940657,4,2,6,deep/tools.py
27940657,20,9,29,utils/imgs.py
27940657,9,6,15,deep/convnet.py
27940657,1,3,4,deep/train.py
27940657,3,3,6,deep/tools.py
27940657,4,6,10,deep/convnet.py
27940657,3,3,6,utils/imgs.py
27940657,17,8,25,deep/convnet.py
27940657,29,13,42,utils/actions/read.py
27940657,6,7,13,deep/train.py
27940657,2,0,2,basic/__init__.py
27940657,9,5,14,basic/__init__.py
27940657,0,18,18,basic/__init__.py
27940657,4,21,25,basic/__init__.py
27940657,1,8,9,utils/paths/dirs.py
27940657,4,7,11,deep/convnet.py
27940657,17,14,31,preproc.py
27940657,42,17,59,preproc.py
27940657,11,6,17,preproc.py
27940657,9,5,14,preproc.py
27940657,23,51,74,preproc.py
27940657,13,3,16,utils/actions/__init__.py
27940657,37,37,74,basic/__init__.py
27940657,9,3,12,utils/actions/bound.py
27940657,63,0,63,tools/binary.py
27940657,21,11,32,utils/paths/dirs.py
27940657,8,9,17,deep/convnet.py
27940657,13,9,22,deep/convnet.py
27940657,9,3,12,deep/__init__.py
27940657,146,46,192,deep/sae.py
27940657,33,66,99,deep/autoconv.py
27940657,142,47,189,deep/autoconv.py
27940657,51,25,76,tools/merge_feats.py
27940657,26,6,32,feat/global.py
27940657,27,0,27,tools/action_img.py
27940657,90,0,90,tools/merge_feats.py
27940657,26,0,26,tools/deep_dist.py
27940657,43,0,43,feat/simple.py
27940657,70,19,89,utils/actions/frames.py
27940657,32,5,37,tools/frames.py
27940657,29,5,34,tools/frames.py
27940657,25,0,25,tools/frames.py
27940657,26,0,26,tools/dtw_feats.py
27940657,10,0,10,tools/select.py
27940657,117,15,132,seq/visualize.py
27940657,39,0,39,tools/check_norm.py
27940657,23,11,34,utils/actions/__init__.py
27940657,1,1,2,utils/actions/read.py
27940657,2,2,4,utils/imgs.py
27940657,8,2,10,utils/actions/read.py
27940657,16,4,20,feat/global.py
27940657,54,24,78,basic/__init__.py
27940657,4,1,5,basic/external.py
27940657,46,79,125,seq/visualize.py
27940657,33,7,40,feat/__init__.py
27940657,33,0,33,feat/global.py
27940657,10,7,17,seq/dtw.py
27940657,2,2,4,seq/dtw_feat.py
27940657,12,5,17,seq/dtw_feat.py
27940657,39,0,39,seq/dtw_feat.py
27940657,8,4,12,utils/paths/files.py
27940657,9,6,15,deep/convnet.py
27940657,35,0,35,inspect_nn.py
27940657,43,22,65,utils/imgs.py
27940657,3,5,8,deep/convnet.py
27940657,3,0,3,basic/external.py
27940657,10,7,17,deep/convnet.py
27940657,3,0,3,deep/lstm.py
27940657,8,0,8,ensemble/single_cls.py
27940657,15,7,22,ensemble/feat_seq.py
27940657,10,11,21,ensemble/nn_ensemble.py
27940657,12,7,19,ensemble/single_cls.py
27940657,8,3,11,utils/actions/__init__.py
27940657,27,4,31,seq/bagging.py
27940657,21,8,29,utils/actions/read.py
27940657,26,0,26,seq/bagging.py
27940657,37,10,47,seq/__init__.py
27940657,9,0,9,feat/select_algs.py
27940657,5,1,6,unify_nn.py
27940657,4,1,5,basic/external.py
27940657,12,17,29,feat/__init__.py
27940657,4,4,8,basic/external.py
27940657,34,14,48,feat/__init__.py
27940657,9,45,54,unify_nn.py
27940657,3,3,6,feat/__init__.py
27940657,1,1,2,feat/__init__.py
27940657,2,3,5,feat/__init__.py
27940657,2,0,2,feat/select_algs.py
27940657,0,9,9,feat/__init__.py
27940657,10,0,10,feat/select_algs.py
27940657,2,3,5,feat/__init__.py
27940657,3,3,6,cats.py
27940657,28,22,50,feat/__init__.py
27940657,7,4,11,basic/external.py
27940657,21,2,23,feat/__init__.py
27940657,29,13,42,feat/__init__.py
27940657,4,0,4,basic/external.py
27940657,10,2,12,feat/__init__.py
27940657,7,5,12,utils/actions/__init__.py
27940657,24,8,32,utils/actions/read.py
27940657,9,2,11,utils/paths/__init__.py
27940657,35,1,36,basic/external.py
27940657,13,7,20,feat/__init__.py
27940657,15,4,19,utils/text.py
27940657,32,18,50,basic/external.py
27940657,7,5,12,basic/external.py
27940657,8,0,8,feat/__init__.py
27940657,0,4,4,seq/features.py
27940657,4,3,7,seq/to_dataset.py
27940657,8,1,9,feat/__init__.py
27940657,9,1,10,feat/__init__.py
27940657,5,0,5,feat/__init__.py
27940657,7,3,10,utils/actions/__init__.py
27940657,18,9,27,utils/actions/read.py
27940657,2,0,2,utils/conf.py
27940657,9,2,11,cats.py
27940657,9,4,13,seq/features.py
27940657,22,22,44,utils/actions/__init__.py
27940657,0,4,4,seq/split.py
27940657,1,37,38,seq/split.py
27940657,42,10,52,seq/split.py
27940657,11,7,18,seq/__init__.py
27940657,26,0,26,seq/to_dataset.py
27940657,7,12,19,unify_nn.py
27940657,15,0,15,utils/paths/__init__.py
27940657,16,13,29,utils/selection.py
27940657,15,8,23,deep/convnet.py
27940657,30,0,30,deep/tools.py
27940657,5,3,8,preproc.py
27940657,40,6,46,basic/__init__.py
27940657,21,8,29,utils/pcloud.py
27940657,12,6,18,utils/agum.py
27940657,9,0,9,utils/agum.py
27940657,11,18,29,utils/actions/read.py
27940657,16,6,22,basic/__init__.py
27940657,19,10,29,utils/actions/__init__.py
27940657,22,6,28,utils/actions/read.py
27940657,49,2,51,basic/__init__.py
27940657,1,3,4,utils/actions/bound.py
27940657,4,6,10,seq/dtw.py
27940657,19,11,30,seq/dtw.py
27940657,14,9,23,seq/dtw.py
27940657,5,15,20,utils/actions/frames.py
27940657,1,1,2,ensemble/single_cls.py
27940657,3,3,6,ensemble/nn_ensemble.py
27940657,18,14,32,ensemble/single_cls.py
27940657,36,11,47,ensemble/nn_ensemble.py
27940657,11,18,29,ensemble/single_cls.py
27940657,8,9,17,utils/actions/read.py
27940657,10,5,15,basic/combine.py
27940657,83,27,110,unify_nn.py
27940657,13,25,38,utils/agum.py
27940657,17,12,29,utils/actions/__init__.py
27940657,43,28,71,utils/agum.py
27940657,49,7,56,basic/combine.py
27940657,2,2,4,basic/external.py
27940657,16,10,26,deep/reader.py
27940657,7,5,12,unify_nn.py
27940657,14,8,22,utils/actions/__init__.py
27940657,29,13,42,utils/actions/frames.py
27940657,39,20,59,utils/actions/unify.py
27940657,39,11,50,utils/actions/frames.py
27940657,8,7,15,utils/actions/__init__.py
27940657,8,28,36,utils/actions/frames.py
27940657,3,2,5,utils/actions/read.py
27940657,28,11,39,utils/actions/unify.py
27940657,48,52,100,utils/paths/__init__.py
27940657,42,4,46,utils/actions/frames.py
27940657,6,4,10,utils/actions/frames.py
27940657,35,21,56,utils/actions/frames.py
27940657,5,5,10,utils/actions/__init__.py
27940657,24,12,36,utils/actions/__init__.py
27940657,20,1,21,utils/actions/bound.py
27940657,26,16,42,utils/actions/frames.py
27940657,3,0,3,utils/actions/read.py
27940657,19,14,33,utils/actions/unify.py
27940657,35,23,58,ensemble/self_rating.py
27940657,7,2,9,utils/actions/read.py
27940657,36,8,44,seq/to_dataset.py
27940657,38,14,52,utils/actions/unify.py
27940657,17,11,28,utils/actions/__init__.py
27940657,26,17,43,utils/actions/frames.py
27940657,5,1,6,utils/actions/read.py
27940657,11,2,13,utils/imgs.py
27940657,7,3,10,deep/tools.py
27940657,1,1,2,deep/ae.py
27940657,10,12,22,deep/autoconv.py
27940657,3,3,6,deep/convnet.py
27940657,15,13,28,utils/actions/__init__.py
27940657,7,3,10,utils/actions/__init__.py
27940657,42,0,42,utils/actions/unify.py
27940657,23,9,32,utils/actions/frames.py
27940657,5,5,10,utils/actions/__init__.py
27940657,14,0,14,utils/actions/bound.py
27940657,3,2,5,utils/actions/frames.py
27940657,17,0,17,utils/actions/bound.py
27940657,26,15,41,utils/actions/frames.py
27940657,6,4,10,utils/actions/__init__.py
27940657,22,12,34,utils/actions/frames.py
27940657,4,3,7,utils/actions/read.py
27940657,2,7,9,utils/conf.py
27940657,4,4,8,utils/imgs.py
27940657,8,1,9,utils/selection.py
27940657,1,1,2,utils/text.py
27940657,2,2,4,utils/actions/__init__.py
27940657,2,2,4,utils/actions/frames.py
27940657,0,132,132,utils/dirs.py
27940657,0,72,72,utils/files.py
27940657,0,115,115,utils/paths.py
27940657,121,0,121,utils/paths/__init__.py
27940657,132,0,132,utils/paths/dirs.py
27940657,75,0,75,utils/paths/files.py
27940657,13,0,13,utils/actions/__init__.py
27940657,0,184,184,utils/actions.py
27940657,60,0,60,utils/actions/__init__.py
27940657,50,0,50,utils/actions/frames.py
27940657,83,0,83,utils/actions/read.py
27940657,30,9,39,utils/actions.py
27940657,19,7,26,deep/convnet.py
27940657,46,7,53,utils/actions.py
27940657,5,5,10,seq/__init__.py
27940657,15,4,19,seq/dtw.py
27940657,15,6,21,ensemble/self_rating.py
27940657,0,2,2,cluster_images.py
27940657,10,3,13,stats.py
27940657,1,7,8,seq/__init__.py
27940657,7,3,10,seq/__init__.py
27940657,7,0,7,seq/__init__.py
27940657,10,6,16,seq/__init__.py
27940657,16,10,26,seq/__init__.py
27940657,11,4,15,seq/__init__.py
27940657,4,3,7,seq/__init__.py
27940657,4,2,6,seq/__init__.py
27940657,1,1,2,cats.py
27940657,16,4,20,seq/__init__.py
27940657,4,0,4,to_csv.py
27940657,23,12,35,ensemble/self_rating.py
27940657,13,9,22,ensemble/self_rating.py
27940657,4,0,4,to_csv.py
27940657,4,0,4,to_csv.py
27940657,43,13,56,ensemble/wrap.py
27940657,17,2,19,to_csv.py
27940657,7,0,7,utils/paths.py
27940657,9,5,14,to_csv.py
27940657,4,0,4,to_csv.py
27940657,32,5,37,to_csv.py
27940657,2,2,4,utils/actions.py
27940657,9,6,15,ensemble/__init__.py
27940657,5,2,7,ensemble/nn_ensemble.py
27940657,42,19,61,ensemble/wrap.py
27940657,49,32,81,ensemble/single_cls.py
27940657,18,10,28,ensemble/wrap.py
27940657,25,9,34,ensemble/nn_ensemble.py
27940657,2,2,4,cats.py
27940657,7,0,7,to_csv.py
27940657,7,4,11,ensemble/nn_ensemble.py
27940657,0,1,1,unify_nn.py
27940657,2,2,4,basic/__init__.py
27940657,11,6,17,basic/external.py
27940657,1,1,2,basic/transform.py
27940657,1,1,2,cats.py
27940657,1,1,2,cats.py
27940657,1,2,3,ensemble/__init__.py
27940657,29,1,30,basic/combine.py
27940657,9,3,12,ensemble/__init__.py
27940657,31,2,33,ensemble/nn_ensemble.py
27940657,9,1,10,ensemble/nn_ensemble.py
27940657,20,0,20,ensemble/nn_ensemble.py
27940657,30,10,40,ensemble/self_rating.py
27940657,2,12,14,ensemble/single_cls.py
27940657,40,11,51,ensemble/wrap.py
27940657,18,5,23,ensemble/__init__.py
27940657,40,22,62,utils/actions.py
27940657,16,3,19,ensemble/self_rating.py
27940657,28,3,31,ensemble/self_rating.py
27940657,1,1,2,ensemble/self_rating.py
27940657,3,4,7,deep/convnet.py
27940657,5,0,5,ensemble/self_rating.py
27940657,18,11,29,ensemble/wrap.py
27940657,8,0,8,ensemble/feat_seq.py
27940657,25,8,33,ensemble/wrap.py
27940657,2,2,4,ensemble/wrap.py
27940657,8,1,9,ensemble/wrap.py
27940657,6,13,19,ensemble/wrap.py
27940657,28,0,28,ensemble/feat_seq.py
27940657,8,1,9,ensemble/wrap.py
27940657,6,1,7,ensemble/wrap.py
27940657,9,0,9,ensemble/wrap.py
27940657,0,0,0,ensemble/wrap.py
27940657,1,1,2,ensemble/dispersion.py
27940657,1,1,2,ensemble/__init__.py
27940657,71,0,71,ensemble/single_cls.py
27940657,17,2,19,ensemble/__init__.py
27940657,10,2,12,ensemble/__init__.py
27940657,8,9,17,seq/__init__.py
27940657,1,5,6,deep/tools.py
27940657,12,61,73,ensemble/__init__.py
27940657,1,5,6,basic/external.py
27940657,4,2,6,deep/lstm.py
27940657,51,2,53,ensemble/__init__.py
27940657,16,0,16,ensemble/__init__.py
27940657,12,8,20,deep/reader.py
27940657,4,20,24,ensemble/dispersion.py
27940657,13,12,25,ensemble/dispersion.py
27940657,19,8,27,ensemble/dispersion.py
27940657,2,2,4,deep/convnet.py
27940657,8,6,14,deep/convnet.py
27940657,7,8,15,deep/convnet.py
27940657,2,2,4,utils/actions.py
27940657,9,6,15,deep/convnet.py
27940657,26,7,33,ensemble/dispersion.py
27940657,16,11,27,ensemble/dispersion.py
27940657,16,2,18,ensemble/dispersion.py
27940657,12,0,12,ensemble/dispersion.py
27940657,3,2,5,deep/convnet.py
27940657,12,9,21,deep/convnet.py
27940657,2,5,7,deep/reader.py
27940657,0,1,1,unify_nn.py
27940657,0,3,3,unify_nn.py
27940657,9,6,15,unify_nn.py
27940657,11,7,18,cats.py
27940657,14,5,19,unify_nn.py
27940657,26,7,33,unify_nn.py
27940657,3,0,3,basic/combine.py
27940657,13,0,13,unify_nn.py
27940657,4,4,8,seq/__init__.py
27940657,0,1,1,basic/combine.py
27940657,2,1,3,utils/imgs.py
27940657,0,1,1,deep/convnet.py
27940657,1,1,2,seq/dtw.py
27940657,4,4,8,deep/convnet.py
27940657,18,7,25,utils/pcloud.py
27940657,2,4,6,seq/to_dataset.py
27940657,23,19,42,utils/imgs.py
27940657,1,1,2,utils/actions.py
27940657,4,6,10,seq/__init__.py
27940657,1,3,4,preproc.py
27940657,0,109,109,shape_context/__init__.py
27940657,5,10,15,basic/external.py
27940657,1,0,1,preproc.py
27940657,4,5,9,preproc.py
27940657,2,2,4,utils/actions.py
27940657,1,0,1,basic/external.py
27940657,20,7,27,deep/tools.py
27940657,15,9,24,deep/convnet.py
27940657,24,17,41,utils/actions.py
27940657,0,6,6,basic/combine.py
27940657,7,4,11,cats.py
27940657,1,1,2,seq/dtw.py
27940657,5,2,7,seq/split.py
27940657,5,5,10,utils/actions.py
27940657,0,4,4,basic/external.py
27940657,1,0,1,seq/features.py
27940657,5,6,11,basic/combine.py
27940657,0,3,3,basic/external.py
27940657,4,1,5,basic/external.py
27940657,13,3,16,preproc.py
27940657,8,3,11,seq/dtw.py
27940657,7,1,8,basic/external.py
27940657,5,5,10,deep/convnet.py
27940657,2,1,3,utils/paths.py
27940657,1,1,2,cats.py
27940657,6,6,12,preproc.py
27940657,1,1,2,stats.py
27940657,13,10,23,deep/convnet.py
27940657,4,3,7,deep/reader.py
27940657,2,2,4,seq/dtw.py
27940657,12,8,20,seq/to_dataset.py
27940657,13,4,17,basic/external.py
27940657,1,1,2,deep/reader.py
27940657,12,10,22,seq/features.py
27940657,8,5,13,cats.py
27940657,3,2,5,cats.py
27940657,3,1,4,deep/reader.py
27940657,1,1,2,seq/dtw.py
27940657,4,1,5,basic/external.py
27940657,16,21,37,deep/autoconv.py
27940657,24,6,30,basic/combine.py
27940657,9,9,18,deep/convnet.py
27940657,22,7,29,basic/external.py
27940657,36,0,36,deep/tools.py
27940657,6,0,6,basic/combine.py
27940657,9,0,9,basic/external.py
27940657,19,13,32,seq/__init__.py
27940657,8,2,10,preproc.py
27940657,12,10,22,deep/convnet.py
27940657,5,3,8,basic/combine.py
27940657,19,1,20,basic/combine.py
27940657,11,0,11,basic/combine.py
27940657,2,1,3,cats.py
27940657,1,25,26,deep/lstm.py
27940657,3,1,4,deep/reader.py
27940657,23,5,28,deep/lstm.py
27940657,22,3,25,basic/__init__.py
27940657,4,6,10,basic/external.py
27940657,6,5,11,deep/reader.py
27940657,0,6,6,deep/tools.py
27940657,17,10,27,deep/tools.py
27940657,6,3,9,seq/dtw.py
27940657,9,0,9,deep/kernels.py
27940657,7,0,7,deep/kernels.py
27940657,4,4,8,deep/convnet.py
27940657,11,10,21,deep/convnet.py
27940657,19,0,19,deep/tools.py
27940657,22,3,25,deep/kernels.py
27940657,27,0,27,deep/kernels.py
27940657,5,4,9,seq/visualize.py
27940657,12,7,19,seq/visualize.py
27940657,9,0,9,utils/agum.py
27940657,0,34,34,select_imgs/tools.py
27940657,5,13,18,cluster_images.py
27940657,8,6,14,preproc.py
27940657,2,1,3,cluster_images.py
27940657,19,3,22,select_imgs/__init__.py
27940657,7,20,27,cluster_images.py
27940657,8,45,53,select_imgs/__init__.py
27940657,3,3,6,select_imgs/clustering.py
27940657,26,23,49,cluster_images.py
27940657,2,1,3,cluster_images.py
27940657,2,0,2,cluster_images.py
27940657,4,1,5,cluster_images.py
27940657,5,10,15,cluster_images.py
27940657,0,26,26,select_imgs/init_features.py
27940657,1,1,2,seq/split.py
27940657,4,3,7,seq/to_dataset.py
27940657,18,4,22,utils/actions.py
27940657,11,9,20,stats.py
27940657,6,0,6,utils/__init__.py
27940657,9,4,13,utils/actions.py
27940657,10,13,23,deep/convnet.py
27940657,7,3,10,seq/__init__.py
27940657,3,1,4,seq/to_dataset.py
27940657,3,2,5,deep/lstm.py
27940657,28,18,46,select_imgs/clustering.py
27940657,4,2,6,utils/actions.py
27940657,3,3,6,seq/to_dataset.py
27940657,9,3,12,utils/data.py
27940657,8,4,12,seq/to_dataset.py
27940657,13,2,15,utils/__init__.py
27940657,9,4,13,utils/imgs.py
27940657,19,27,46,utils/__init__.py
27940657,18,9,27,utils/actions.py
27940657,15,5,20,utils/paths.py
27940657,7,56,63,cats.py
27940657,5,1,6,utils/agum.py
27940657,27,0,27,utils/agum.py
27940657,13,57,70,seq/to_dataset.py
27940657,6,18,24,utils/actions.py
27940657,6,4,10,utils/data.py
27940657,27,57,84,utils/data.py
27940657,29,15,44,utils/actions.py
27940657,14,3,17,utils/data.py
27940657,9,6,15,utils/imgs.py
27940657,25,33,58,utils/actions.py
27940657,24,0,24,utils/text.py
27940657,27,0,27,basic/reduction.py
27940657,9,27,36,deep/sae.py
27940657,1,0,1,deep/ae.py
27940657,1,1,2,deep/autoconv.py
27940657,0,16,16,basic/deep_extr.py
27940657,0,108,108,seq/feats.py
27940657,3,3,6,basic/external.py
27940657,12,8,20,preproc.py
27940657,23,21,44,basic/external.py
27940657,28,6,34,preproc.py
27940657,3,3,6,seq/dtw.py
27940657,3,3,6,deep/autoconv.py
27940657,11,51,62,preproc.py
27940657,9,15,24,seq/features.py
27940657,8,9,17,utils/dirs.py
27940657,8,5,13,deep/autoconv.py
27940657,27,9,36,deep/tools.py
27940657,21,23,44,deep/autoconv.py
27940657,1,13,14,deep/convnet.py
27940657,5,1,6,deep/reader.py
27940657,3,6,9,deep/__init__.py
27940657,5,14,19,deep/convnet.py
27940657,24,0,24,deep/reader.py
27940657,4,4,8,seq/__init__.py
27940657,15,13,28,seq/split.py
27940657,24,8,32,seq/to_dataset.py
27940657,7,2,9,deep/__init__.py
27940657,17,12,29,deep/convnet.py
27940657,2,1,3,utils/imgs.py
27940657,30,6,36,utils/data.py
27940657,1,37,38,deep/__init__.py
27940657,22,15,37,deep/convnet.py
27940657,12,23,35,deep/convnet.py
27940657,16,5,21,deep/tools.py
27940657,8,5,13,utils/imgs.py
27940657,23,7,30,utils/imgs.py
27940657,50,30,80,deep/convnet.py
27940657,13,5,18,utils/imgs.py
27940657,20,9,29,seq/to_dataset.py
27940657,0,2,2,basic/__init__.py
27940657,7,7,14,basic/deep_extr.py
27940657,9,13,22,basic/external.py
27940657,13,4,17,deep/autoconv.py
27940657,18,12,30,deep/autoconv.py
27940657,2,35,37,deep/tools.py
27940657,14,3,17,deep/tools.py
27940657,16,3,19,utils/imgs.py
27940657,11,7,18,deep/ae.py
27940657,1,46,47,deep/__init__.py
27940657,10,11,21,deep/tools.py
27940657,52,0,52,deep/train.py
27940657,11,11,22,deep/autoconv.py
27940657,98,0,98,deep/autoconv.py
27940657,0,84,84,deep/gen.py
27940657,16,4,20,deep/tools.py
27940657,9,2,11,utils/imgs.py
27940657,5,6,11,deep/__init__.py
27940657,4,5,9,deep/ae.py
27940657,16,1,17,deep/__init__.py
27940657,29,48,77,deep/ae.py
27940657,0,47,47,deep/__init__.py
27940657,8,2,10,basic/__init__.py
27940657,0,9,9,basic/external.py
27940657,19,11,30,utils/imgs.py
27940657,7,0,7,utils/pcloud.py
27940657,8,1,9,basic/__init__.py
27940657,2,2,4,seq/__init__.py
27940657,11,7,18,seq/features.py
27940657,17,16,33,basic/external.py
27940657,1,1,2,deep/__init__.py
27940657,9,5,14,seq/__init__.py
27940657,1,1,2,basic/__init__.py
27940657,16,0,16,basic/deep_extr.py
27940657,25,7,32,basic/external.py
27940657,8,2,10,deep/__init__.py
27940657,4,1,5,deep/lstm.py
27940657,25,12,37,deep/lstm.py
27940657,5,5,10,seq/__init__.py
27940657,10,2,12,deep/__init__.py
27940657,10,3,13,deep/lstm.py
27940657,9,5,14,deep/lstm.py
27940657,20,25,45,basic/external.py
27940657,19,3,22,utils/files.py
27940657,25,5,30,basic/external.py
27940657,12,3,15,basic/external.py
27940657,7,0,7,utils/imgs.py
27940657,14,5,19,deep/lstm.py
27940657,31,8,39,seq/__init__.py
27940657,2,8,10,seq/dtw.py
27940657,9,5,14,seq/features.py
27940657,14,5,19,seq/split.py
27940657,20,1,21,seq/__init__.py
27940657,33,6,39,deep/lstm.py
27940657,4,1,5,seq/__init__.py
27940657,29,80,109,deep/lstm.py
27940657,10,4,14,seq/to_dataset.py
27940657,7,53,60,seq/__init__.py
27940657,35,1,36,seq/to_dataset.py
27940657,32,25,57,seq/dtw.py
27940657,11,9,20,seq/split.py
27940657,4,1,5,seq/to_dataset.py
27940657,4,4,8,utils/timer.py
27940657,37,46,83,seq/to_dataset.py
27940657,8,0,8,utils/dirs.py
27940657,19,1,20,utils/pcloud.py
27940657,35,39,74,utils/dirs.py
27940657,3,5,8,seq/features.py
27940657,51,0,51,utils/dirs.py
27940657,2,13,15,utils/files.py
27940657,10,0,10,seq/features.py
27940657,9,56,65,utils/files.py
27940657,23,0,23,seq/features.py
27940657,15,3,18,utils/paths.py
27940657,6,7,13,utils/paths.py
27940657,15,4,19,seq/visualize.py
27940657,3,23,26,seq/dtw.py
27940657,63,0,63,seq/visualize.py
27940657,4,2,6,seq/__init__.py
27940657,7,15,22,seq/dtw.py
27940657,24,0,24,seq/split.py
27940657,7,8,15,deep/sae.py
27940657,28,11,39,deep/autoencoder.py
27940657,5,7,12,deep/convnet.py
27940657,86,37,123,deep/sae.py
27940657,9,1,10,deep/__init__.py
27940657,5,4,9,preproc.py
27940657,9,7,16,deep/autoencoder.py
27940657,11,7,18,preproc.py
27940657,7,3,10,deep/__init__.py
27940657,44,73,117,deep/autoencoder.py
27940657,10,6,16,deep/convnet.py
27940657,13,4,17,deep/__init__.py
27940657,17,6,23,deep/convnet.py
27940657,22,1,23,seq/feats.py
27940657,47,5,52,deep/__init__.py
27940657,2,2,4,deep/convnet.py
27940657,15,10,25,deep/convnet.py
27940657,6,2,8,deep/convnet.py
27940657,15,0,15,deep/convnet.py
27940657,7,4,11,deep/convnet.py
27940657,9,5,14,deep/convnet.py
27940657,18,16,34,deep/convnet.py
27940657,21,13,34,deep/convnet.py
27940657,28,5,33,deep/__init__.py
27940657,43,10,53,deep/convnet.py
27940657,36,0,36,deep/convnet.py
27940657,19,0,19,utils/selection.py
27940657,22,14,36,preproc.py
27940657,13,0,13,deep/autoencoder.py
27940657,3,1,4,stats.py
27940657,25,2,27,utils/data.py
27940657,18,1,19,seq/dtw.py
27940657,48,10,58,seq/__init__.py
27940657,3,1,4,seq/dtw.py
27940657,7,3,10,seq/feats.py
27940657,22,11,33,utils/__init__.py
27940657,15,7,22,utils/actions.py
27940657,2,0,2,cluster_images.py
27940657,3,4,7,deep/autoencoder.py
27940657,13,5,18,preproc.py
27940657,26,62,88,cluster_images.py
27940657,3,1,4,utils/paths.py
27940657,23,13,36,cats.py
27940657,5,3,8,preproc.py
27940657,9,1,10,select_imgs/__init__.py
27940657,34,0,34,select_imgs/tools.py
27940657,78,0,78,utils/dirs.py
27940657,22,44,66,utils/imgs.py
27940657,84,0,84,utils/paths.py
27940657,13,3,16,utils/conf.py
27940657,13,0,13,utils/timer.py
27940657,3,0,3,utils/imgs.py
27940657,5,2,7,stats.py
27940657,16,5,21,utils/imgs.py
27940657,33,0,33,stats.py
27940657,25,0,25,select_imgs/__init__.py
27940657,7,1,8,deep/gen.py
27940657,9,6,15,deep/lstm.py
27940657,12,9,21,deep/gen.py
27940657,8,8,16,deep/lstm.py
27940657,40,3,43,deep/gen.py
27940657,7,3,10,deep/lstm.py
27940657,62,24,86,deep/lstm.py
27940657,10,3,13,deep/gen.py
27940657,38,0,38,deep/lstm.py
27940657,20,1,21,deep/tools.py
27940657,31,0,31,deep/gen.py
27940657,8,2,10,utils/data.py
27940657,1,2,3,utils/actions.py
27940657,16,3,19,utils/actions.py
27940657,23,1,24,utils/data.py
27940657,25,0,25,basic/transform.py
27940657,14,1,15,seq/feats.py
27940657,30,0,30,basic/external.py
27940657,16,3,19,utils/imgs.py
27940657,17,13,30,cluster_images.py
27940657,5,4,9,deep/autoencoder.py
27940657,17,7,24,utils/actions.py
27940657,16,7,23,utils/imgs.py
27940657,5,1,6,seq/feats.py
27940657,10,5,15,seq/feats.py
27940657,40,9,49,seq/to_dataset.py
27940657,6,1,7,seq/dtw.py
27940657,7,5,12,seq/feats.py
27940657,19,4,23,seq/feats.py
27940657,7,3,10,cats.py
27940657,19,5,24,seq/feats.py
27940657,12,5,17,seq/feats.py
27940657,5,1,6,seq/dtw.py
27940657,23,0,23,seq/feats.py
27940657,11,3,14,cats.py
27940657,1,1,2,deep/__init__.py
27940657,2,2,4,cluster_images.py
27940657,3,3,6,select_imgs/init_features.py
27940657,3,2,5,preproc.py
27940657,5,30,35,cluster_images.py
27940657,14,0,14,select_imgs/__init__.py
27940657,1,3,4,clustering.py => select_imgs/clustering.py
27940657,26,0,26,select_imgs/init_features.py
27940657,1,3,4,reduce_dim.py => select_imgs/reduce_dim.py
27940657,12,5,17,basic/__init__.py
27940657,25,10,35,basic/__init__.py
27940657,26,3,29,basic/__init__.py
27940657,2,0,2,cluster_images.py
27940657,4,1,5,utils/pcloud.py
27940657,8,7,15,basic/__init__.py
27940657,53,14,67,cluster_images.py
27940657,3,3,6,clustering.py
27940657,2,2,4,reduce_dim.py
27940657,6,6,12,utils/pcloud.py
27940657,9,0,9,basic/__init__.py
27940657,11,0,11,basic/__init__.py
27940657,36,0,36,utils/pcloud.py
27940657,2,0,2,reduce_dim.py
27940657,4,1,5,clustering.py
27940657,29,4,33,seq/dtw.py
27940657,29,0,29,seq/dtw.py
27940657,16,7,23,shape_context/__init__.py
27940657,22,3,25,shape_context/__init__.py
27940657,14,5,19,shape_context/__init__.py
27940657,19,10,29,shape_context/__init__.py
27940657,36,0,36,shape_context/__init__.py
27940657,9,2,11,shape_context/__init__.py
27940657,20,0,20,shape_context/__init__.py
27940657,6,0,6,deep/sae.py
27940657,2,2,4,seq/to_dataset.py
27940657,2,1,3,utils/actions.py
27940657,5,2,7,seq/__init__.py
27940657,26,0,26,seq/to_dataset.py
27940657,6,1,7,utils/__init__.py
27940657,11,5,16,utils/files.py
27940657,4,2,6,cats.py
27940657,15,0,15,seq/__init__.py
27940657,4,4,8,utils/actions.py
27940657,13,4,17,cats.py
27940657,6,1,7,deep/sae.py
27940657,6,2,8,deep/tools.py
27940657,1,1,2,utils/__init__.py
27940657,26,7,33,utils/actions.py
27940657,27,0,27,cats.py
27940657,1,1,2,deep/__init__.py
27940657,3,36,39,deep/__init__.py
27940657,1,3,4,deep/sae.py
27940657,54,1,55,deep/__init__.py
27940657,19,5,24,deep/sae.py
27940657,5,0,5,deep/tools.py
27940657,15,0,15,utils/data.py
27940657,15,1,16,utils/__init__.py
27940657,25,0,25,utils/actions.py
27940657,23,0,23,deep/sae.py
27940657,8,8,16,cluster_images.py
27940657,2,1,3,deep/__init__.py
27940657,8,6,14,preproc.py
27940657,25,146,171,deep/__init__.py
27940657,0,21,21,deep/autoencoder.py
27940657,6,22,28,deep/autoencoder.py
27940657,11,38,49,deep/tools.py
27940657,20,5,25,deep/autoencoder.py
27940657,1,1,2,preproc.py
27940657,19,9,28,deep/autoencoder.py
27940657,13,9,22,deep/autoencoder.py
27940657,5,6,11,preproc.py
27940657,8,8,16,deep/autoencoder.py
27940657,57,89,146,deep/autoencoder.py
27940657,11,1,12,clustering.py
27940657,0,36,36,data/__init__.py
27940657,0,50,50,data/instances.py
27940657,10,3,13,cluster_images.py
27940657,9,3,12,utils/files.py
27940657,12,12,24,preproc.py
27940657,5,3,8,clustering.py
27940657,2,1,3,reduce_dim.py
27940657,9,12,21,cluster_images.py
27940657,14,20,34,cluster_images.py
27940657,4,3,7,clustering.py
27940657,6,3,9,reduce_dim.py
27940657,8,0,8,utils/conf.py
27940657,12,0,12,utils/timer.py
27940657,10,9,19,preproc.py
27940657,20,2,22,utils/imgs.py
27940657,44,30,74,cluster_images.py
27940657,0,21,21,io/__init__.py
27940657,0,47,47,io/instances.py
27940657,130,40,170,deep/__init__.py
27940657,78,61,139,deep/autoencoder.py
27940657,45,0,45,deep/tools.py
27940657,0,110,110,utils.py
27940657,1,0,1,utils/__init__.py
27940657,102,0,102,utils/files.py
27940657,15,0,15,utils/imgs.py
27940657,1,0,1,deep/__init__.py
27940657,9,8,17,deep/autoencoder.py
27940657,26,22,48,cluster_images.py
27940657,13,1,14,data/__init__.py
27940657,7,10,17,data/instances.py
27940657,12,2,14,preproc.py
27940657,3,3,6,deep/autoencoder.py
27940657,13,3,16,preproc.py
27940657,2,2,4,data/__init__.py
27940657,3,0,3,data/instances.py
27940657,1,7,8,data/__init__.py
27940657,3,0,3,deep/__init__.py
27940657,15,4,19,deep/autoencoder.py
27940657,7,6,13,preproc.py
27940657,22,27,49,deep/autoencoder.py
27940657,50,0,50,data/instances.py
27940657,15,0,15,deep/__init__.py
27940657,21,20,41,deep/autoencoder.py
27940657,15,0,15,deep/__init__.py
27940657,11,24,35,deep/autoencoder.py
27940657,26,27,53,deep/autoencoder.py
27940657,11,0,11,deep/__init__.py
27940657,9,32,41,deep/autoencoder.py
27940657,8,0,8,deep/__init__.py
27940657,1,9,10,deep/autoencoder.py
27940657,5,0,5,deep/__init__.py
27940657,3,8,11,deep/autoencoder.py
27940657,30,0,30,data/__init__.py
27940657,0,0,0,deep/__init__.py
27940657,137,0,137,deep/autoencoder.py
27940657,0,43,43,instances.py
27940657,1,6,7,read_frames.py => io/__init__.py
27940657,47,0,47,io/instances.py
27940657,12,0,12,preproc.py
27940657,6,2,8,cluster_images.py
27940657,10,8,18,cluster_images.py
27940657,5,3,8,clustering.py
27940657,1,2,3,cluster_images.py
27940657,6,0,6,reduce_dim.py
27940657,28,8,36,cluster_images.py
27940657,4,1,5,instances.py
27940657,4,1,5,cluster.py => cluster_images.py
27940657,8,0,8,clustering.py
27940657,13,0,13,instances.py
27940657,1,1,2,reduce_dim.py
27940657,13,0,13,cluster.py
27940657,27,0,27,instances.py
27940657,9,4,13,read_frames.py
27940657,7,0,7,reduce_dim.py
27940657,21,0,21,read_frames.py
27940657,110,0,110,utils.py
27940657,0,0,0,cluster.py
32552050,1,1,2,djcollect/views.py
32552050,1,1,2,djcollect/views.py
32552050,15,0,15,artdm.py
32552050,1,1,2,djexperiments/utils.py
32552050,1,1,2,djexperiments/utils.py
32552050,2,0,2,djexperiments/admin.py
32552050,2,1,3,djexperiments/models.py
32552050,7,0,7,djexperiments/utils.py
32552050,3,1,4,djsend/views.py
32552050,2,0,2,djcollect/admin.py
32552050,1,0,1,djsend/admin.py
32552050,6,1,7,djsend/admin.py
32552050,2,1,3,djsend/admin.py
32552050,20,0,20,djsend/migrations/0055_relationcategorizationblock_response_wait.py
32552050,20,0,20,djsend/migrations/0056_auto_20170614_1552.py
32552050,1,0,1,djsend/models/CustomBlock.py
32552050,4,1,5,djsend/admin.py
32552050,60,0,60,djsend/migrations/0054_auto_20170614_1401.py
32552050,5,0,5,djsend/models/CustomBlock.py
32552050,1,1,2,djsend/translation.py
32552050,1,0,1,djsend/admin.py
32552050,38,0,38,djreceive/migrations/0033_relationcategorizationtrial.py
32552050,55,0,55,djsend/migrations/0053_auto_20170608_1712.py
32552050,1,1,2,djPsych/settings/dev.py
32552050,1,1,2,djsend/admin.py
32552050,1,1,2,djsend/admin.py
32552050,5,1,6,djsend/translation.py
32552050,1,1,2,djsend/admin.py
32552050,8,0,8,djreceive/models/CustomTrials.py
32552050,15,0,15,djsend/admin.py
32552050,17,1,18,djsend/models/CustomBlock.py
32552050,2,2,4,djPsych/settings/production.py
32552050,1,0,1,djreceive/views.py
32552050,33,0,33,djreceive/migrations/0032_generictrial.py
32552050,4,0,4,djreceive/models/BasicTrials.py
32552050,3,1,4,djreceive/views.py
32552050,1,0,1,djsend/models/BasicBlock.py
32552050,5,0,5,djsend/admin.py
32552050,46,0,46,djsend/migrations/0052_auto_20170410_1104.py
32552050,1,0,1,djsend/models/BasicBlock.py
32552050,108,107,215,djsend/translation.py
32552050,3,0,3,djPsych/utils.py
32552050,1,1,2,djsend/models/CustomBlock.py
32552050,1,0,1,djsend/admin.py
32552050,203,203,406,djsend/models/CustomBlock.py
32552050,4,0,4,djPsych/utils.py
32552050,2,2,4,djexperiments/models.py
32552050,21,0,21,djsend/migrations/0052_abxblock_timing_fixation_cross.py
32552050,1,0,1,djsend/models/CustomBlock.py
32552050,6,23,29,djsend/admin.py
32552050,16,0,16,djsend/migrations/0050_merge.py
32552050,107,0,107,djsend/migrations/0051_auto_20170215_1728.py
32552050,14,1,15,djsend/models/BasicBlock.py
32552050,10,1,11,djsend/models/CustomBlock.py
32552050,19,0,19,djstim/migrations/0010_remove_texttrial_type.py
32552050,7,1,8,djsend/admin.py
32552050,45,0,45,djsend/migrations/0048_auto_20170210_1454.py
32552050,45,0,45,djsend/migrations/0049_auto_20170210_1458.py
32552050,1,1,2,djsend/models/BasicBlock.py
32552050,7,0,7,djsend/models/CustomBlock.py
32552050,2,2,4,djsend/translation.py
32552050,21,0,21,djsend/migrations/0048_abxblock_prompt_position.py
32552050,1,0,1,djexperiments/models.py
32552050,1,0,1,djsend/admin.py
32552050,1,0,1,djsend/models/CustomBlock.py
32552050,0,1,1,djsend/admin.py
32552050,16,0,16,djreceive/migrations/0030_merge.py
32552050,0,16,16,djreceive/migrations/0030_merge.py
32552050,39,0,39,djreceive/migrations/0031_abxtrial.py
32552050,9,0,9,djreceive/models/CustomTrials.py
32552050,18,2,20,djsend/admin.py
32552050,71,0,71,djsend/migrations/0047_auto_20170203_1233.py
32552050,21,3,24,djsend/models/CustomBlock.py
32552050,4,1,5,djsend/translation.py
32552050,16,0,16,djreceive/migrations/0030_merge.py
32552050,1,0,1,djsend/admin.py
32552050,20,0,20,djsend/migrations/0046_similarityblock_timing_fixation_cross.py
32552050,1,0,1,djsend/models/CustomBlock.py
32552050,0,16,16,djreceive/migrations/0030_merge.py
32552050,16,0,16,djreceive/migrations/0030_merge.py
32552050,2,1,3,djexperiments/views.py
32552050,44,0,44,djreceive/migrations/0025_auto_20170201_1516.py
32552050,5,1,6,djreceive/models/CustomTrials.py
32552050,3,1,4,djsend/admin.py
32552050,25,0,25,djsend/migrations/0045_auto_20170201_1516.py
32552050,2,0,2,djsend/models/CustomBlock.py
32552050,28,0,28,djreceive/migrations/0025_auto_20170201_1335.py
32552050,20,0,20,djreceive/migrations/0026_audiocattrial_new_correct.py
32552050,26,0,26,djreceive/migrations/0027_auto_20170201_1351.py
32552050,20,0,20,djreceive/migrations/0028_auto_20170201_1425.py
32552050,24,0,24,djreceive/migrations/0029_auto_20170201_1426.py
32552050,1,1,2,djreceive/models/BasicTrials.py
32552050,56,0,56,djcollect/models.py
32552050,0,3,3,djcollect/views.py
32552050,1,1,2,djexperiments/experiments/simcat.py
32552050,2,0,2,djexperiments/models.py
32552050,1,1,2,djexperiments/templatetags/experiment_tags.py
32552050,20,0,20,djreceive/migrations/0024_auto_20170131_1732.py
32552050,1,1,2,djreceive/models/BasicTrials.py
32552050,1,1,2,djcollect/views.py
32552050,11,0,11,djexperiments/templatetags/experiment_tags.py
32552050,130,0,130,djsend/migrations/0044_auto_20170131_1542.py
32552050,1,1,2,djsend/models/CustomBlock.py
32552050,20,0,20,djstim/migrations/0009_auto_20170131_1542.py
32552050,2,1,3,djsend/admin.py
32552050,1,0,1,djsend/models/CustomBlock.py
32552050,5,1,6,djexperiments/templatetags/experiment_tags.py
32552050,1,1,2,djexperiments/views.py
32552050,1,1,2,djreceive/views.py
32552050,5,1,6,djsend/admin.py
32552050,1,1,2,djsend/models/BasicBlock.py
32552050,2,2,4,djsend/admin.py
32552050,24,0,24,djsend/migrations/0043_auto_20170127_1743.py
32552050,1,1,2,djsend/models/CustomBlock.py
32552050,1,1,2,djexperiments/models.py
32552050,2,1,3,djsend/admin.py
32552050,20,0,20,djsend/migrations/0042_audiocatblock_show_icon.py
32552050,1,0,1,djsend/models/CustomBlock.py
32552050,3,0,3,djPsych/utils.py
32552050,11,0,11,djsend/models/BasicBlock.py
32552050,1,1,2,djsend/models/BasicGeneral.py
32552050,1,1,2,djsend/models/BasicGeneral.py
32552050,1,1,2,djsend/models/BasicGeneral.py
32552050,2,0,2,djexperiments/views.py
32552050,1,1,2,djexperiments/views.py
32552050,4,2,6,djexperiments/views.py
32552050,21,0,21,djexperiments/migrations/0013_experiment_consent_form.py
32552050,5,1,6,djexperiments/models.py
32552050,3,0,3,djcollect/models.py
32552050,1,1,2,djreceive/views.py
32552050,4,1,5,djcollect/admin.py
32552050,3,2,5,djexperiments/views.py
32552050,123,118,241,djcollect/models.py
32552050,1,1,2,djexperiments/models.py
32552050,31,7,38,djexperiments/views.py
32552050,25,0,25,djreceive/migrations/0022_auto_20170124_1612.py
32552050,35,0,35,djreceive/migrations/0023_audioabxtrial.py
32552050,6,1,7,djreceive/models/CustomTrials.py
32552050,15,2,17,djsend/admin.py
32552050,53,0,53,djsend/migrations/0041_auto_20170124_1612.py
32552050,14,0,14,djsend/models/CustomBlock.py
32552050,5,1,6,djsend/translation.py
32552050,118,118,236,djcollect/models.py
32552050,1,1,2,djreceive/models/runs.py
32552050,0,0,0,{djPsych/djpay => djpay}/__init__.py
32552050,0,0,0,{djPsych/djpay => djpay}/admin.py
32552050,0,0,0,{djPsych/djpay => djpay}/apps.py
32552050,0,0,0,{djPsych/djpay => djpay}/migrations/0001_initial.py
32552050,0,0,0,{djPsych/djpay => djpay}/migrations/__init__.py
32552050,0,0,0,{djPsych/djpay => djpay}/models.py
32552050,0,0,0,{djPsych/djpay => djpay}/tests.py
32552050,0,0,0,{djPsych/djpay => djpay}/views.py
32552050,1,0,1,djsend/admin.py
32552050,0,0,0,{djpay => djPsych/djpay}/__init__.py
32552050,0,0,0,{djpay => djPsych/djpay}/admin.py
32552050,0,0,0,{djpay => djPsych/djpay}/apps.py
32552050,0,0,0,{djpay => djPsych/djpay}/migrations/0001_initial.py
32552050,0,0,0,{djpay => djPsych/djpay}/migrations/__init__.py
32552050,0,0,0,{djpay => djPsych/djpay}/models.py
32552050,0,0,0,{djpay => djPsych/djpay}/tests.py
32552050,0,0,0,{djpay => djPsych/djpay}/views.py
32552050,1,1,2,djsend/models/BasicBlock.py
32552050,2,0,2,djsend/models/Instructions.py
32552050,2,2,4,djreceive/models/BasicTrials.py
32552050,0,9,9,djreceive/models/BasicTrials.py
32552050,25,0,25,djsend/migrations/0040_auto_20170106_1449.py
32552050,3,0,3,djsend/models/Instructions.py
32552050,1,0,1,djsend/models/CustomBlock.py
32552050,1,0,1,djsend/models/CustomBlock.py
32552050,3,0,3,djexperiments/views.py
32552050,1,1,2,djexperiments/views.py
32552050,36,0,36,djreceive/migrations/0016_multistimmultiresponsetrial.py
32552050,36,0,36,djreceive/migrations/0017_reconstructionblock.py
32552050,42,0,42,djreceive/migrations/0018_auto_20170104_1418.py
32552050,36,0,36,djreceive/migrations/0019_singleaudiotrial.py
32552050,36,0,36,djreceive/migrations/0020_singlestimtrial.py
32552050,36,0,36,djreceive/migrations/0021_xabtrial.py
32552050,39,0,39,djreceive/models/BasicTrials.py
32552050,83,2,85,djsend/admin.py
32552050,50,0,50,djsend/migrations/0033_auto_20170104_1321.py
32552050,45,0,45,djsend/migrations/0034_auto_20170104_1341.py
32552050,51,0,51,djsend/migrations/0035_auto_20170104_1418.py
32552050,48,0,48,djsend/migrations/0036_auto_20170104_1435.py
32552050,50,0,50,djsend/migrations/0037_auto_20170104_1444.py
32552050,20,0,20,djsend/migrations/0038_auto_20170104_1448.py
32552050,52,0,52,djsend/migrations/0039_auto_20170104_1503.py
32552050,78,3,81,djsend/models/BasicBlock.py
32552050,26,1,27,djsend/translation.py
32552050,35,0,35,djreceive/migrations/0012_animationtrial.py
32552050,35,0,35,djreceive/migrations/0013_buttonresponsetrial.py
32552050,36,0,36,djreceive/migrations/0014_categorizeanimationtrial.py
32552050,37,0,37,djreceive/migrations/0015_freesorttrial.py
32552050,47,24,71,djreceive/models/BasicTrials.py
32552050,152,97,249,djsend/admin.py
32552050,49,0,49,djsend/migrations/0028_auto_20170103_1425.py
32552050,50,0,50,djsend/migrations/0029_auto_20170103_1444.py
32552050,53,0,53,djsend/migrations/0030_auto_20170103_1511.py
32552050,19,0,19,djsend/migrations/0031_remove_categorizeanimationblock_key_answer.py
32552050,50,0,50,djsend/migrations/0032_auto_20170103_1532.py
32552050,73,16,89,djsend/models/BasicBlock.py
32552050,36,19,55,djsend/translation.py
32552050,37,0,37,djreceive/migrations/0011_audiosimilaritytrial.py
32552050,2,3,5,djsend/admin.py
32552050,59,0,59,djsend/migrations/0027_auto_20161227_1057.py
32552050,1,1,2,djsend/translation.py
32552050,16,0,16,djreceive/models/BasicTrials.py
32552050,23,0,23,djsend/admin.py
32552050,22,0,22,djsend/models/CustomBlock.py
32552050,4,0,4,djsend/translation.py
32552050,2,1,3,djsend/models/BasicBlock.py
32552050,1,1,2,djsend/models/BasicBlock.py
32552050,34,0,34,djreceive/migrations/0010_surveytexttrial.py
32552050,65,0,65,djsend/migrations/0026_auto_20161209_1409.py
32552050,5,0,5,djreceive/models/BasicTrials.py
32552050,10,1,11,djsend/admin.py
32552050,1,1,2,djsend/models/BaseStimuli.py
32552050,25,0,25,djsend/models/BasicBlock.py
32552050,5,1,6,djsend/translation.py
32552050,34,0,34,djreceive/migrations/0009_auto_20161207_1535.py
32552050,2,2,4,djreceive/models/BasicTrials.py
32552050,30,0,30,djsend/migrations/0025_auto_20161207_1427.py
32552050,3,0,3,djsend/models/CustomBlock.py
32552050,1,1,2,djsend/translation.py
32552050,28,0,28,djsend/migrations/0024_auto_20161207_1416.py
32552050,3,1,4,djsend/admin.py
32552050,1,2,3,djsend/models/CustomBlock.py
32552050,2,2,4,djexperiments/models.py
32552050,3,2,5,djexperiments/views.py
32552050,14,4,18,djexperiments/views.py
32552050,16,0,16,djsend/migrations/0023_merge.py
32552050,16,0,16,djstim/migrations/0008_merge.py
32552050,25,0,25,djsend/migrations/0022_auto_20161206_1530.py
32552050,2,1,3,djsend/admin.py
32552050,1,0,1,djsend/models/CustomBlock.py
32552050,1,0,1,djsend/models/CustomBlock.py
32552050,2,2,4,djexperiments/admin.py
32552050,1,1,2,djreceive/views.py
32552050,1,14,15,djstim/migrations/0007_merge.py
32552050,2,2,4,djexperiments/admin.py
32552050,16,0,16,djstim/migrations/0007_merge.py
32552050,16,0,16,djstim/migrations/0007_merge.py
32552050,17,2,19,djexperiments/admin.py
32552050,17,0,17,djexperiments/admin.py
32552050,3,0,3,djexperiments/models.py
32552050,16,0,16,djstim/migrations/0007_merge.py
32552050,13,2,15,djcollect/admin.py
32552050,1,1,2,djexperiments/views.py
32552050,1,1,2,djreceive/views.py
32552050,1,0,1,djsend/views.py
32552050,28,0,28,djcollect/migrations/0002_dropout.py
32552050,13,0,13,djcollect/models.py
32552050,3,0,3,djexperiments/models.py
32552050,4,0,4,djreceive/views.py
32552050,4,0,4,djsend/views.py
32552050,25,0,25,djstim/migrations/0006_auto_20161130_1641.py
32552050,20,0,20,djsend/migrations/0021_simcatglobalsetting_difficulty.py
32552050,25,0,25,djstim/migrations/0006_auto_20161130_1411.py
32552050,2,1,3,djsend/models/CustomGeneral.py
32552050,13,7,20,djreceive/views.py
32552050,1,3,4,djreceive/views.py
32552050,1,0,1,djsend/views.py
32552050,1,1,2,djreceive/views.py
32552050,1,1,2,djreceive/views.py
32552050,4,4,8,djreceive/views.py
32552050,1,2,3,djsend/views.py
32552050,10,2,12,djexperiments/views.py
32552050,2,2,4,djPsych/settings/dev.py
32552050,1,1,2,djPsych/urls.py
32552050,5,1,6,djexperiments/views.py
32552050,1,0,1,djPsych/settings/base.py
32552050,36,0,36,djreceive/migrations/0008_audiocattrial.py
32552050,4,1,5,djsend/admin.py
32552050,58,0,58,djsend/migrations/0021_auto_20161124_1340.py
32552050,2,2,4,djsend/models/CustomBlock.py
32552050,25,0,25,djstim/migrations/0006_auto_20161124_1340.py
32552050,1,1,2,djsend/admin.py
32552050,1,1,2,djsend/translation.py
32552050,7,0,7,djreceive/models/BasicTrials.py
32552050,11,0,11,djsend/admin.py
32552050,17,0,17,djsend/models/CustomBlock.py
32552050,4,0,4,djsend/translation.py
32552050,1,1,2,djexperiments/views.py
32552050,2,1,3,djsend/models/Instructions.py
32552050,1,1,2,djsend/admin.py
32552050,1,0,1,djsend/models/BasicBlock.py
32552050,2,3,5,djsend/models/CustomGeneral.py
32552050,2,2,4,djstim/models/Misc.py
32552050,2,2,4,djreceive/migrations/0007_auto_20161118_1353.py
32552050,8,3,11,djexperiments/models.py
32552050,3,1,4,djexperiments/views.py
32552050,2,1,3,djcollect/views.py
32552050,2,2,4,djexperiments/views.py
32552050,1,1,2,djreceive/views.py
32552050,1,1,2,djexperiments/views.py
32552050,1,1,2,djsend/models/BasicBlock.py
32552050,1,1,2,djcollect/models.py
32552050,34,0,34,djreceive/migrations/0007_auto_20161118_1353.py
32552050,1,1,2,djreceive/views.py
32552050,25,0,25,djsend/migrations/0020_auto_20161118_1353.py
32552050,1,1,2,djsend/views.py
32552050,3,3,6,djexperiments/views.py
32552050,1,2,3,djreceive/models/runs.py
32552050,1,0,1,djPsych/settings/base.py
32552050,2,1,3,djPsych/utils.py
32552050,20,3,23,djcollect/models.py
32552050,7,1,8,djexperiments/views.py
32552050,7,1,8,djreceive/models/runs.py
32552050,24,3,27,djreceive/views.py
32552050,1,1,2,djsend/models/BasicGeneral.py
32552050,7,1,8,djsend/views.py
32552050,51,0,51,djreceive/migrations/0006_auto_20161117_1610.py
32552050,8,3,11,djreceive/models/BasicTrials.py
32552050,2,1,3,djexperiments/models.py
32552050,3,3,6,djexperiments/templatetags/experiment_tags.py
32552050,10,1,11,djexperiments/views.py
32552050,5,2,7,djsend/views.py
32552050,17,2,19,djexperiments/views.py
32552050,75,0,75,djsend/migrations/0019_auto_20161111_1600.py
32552050,0,1,1,djsend/admin.py
32552050,1,0,1,djsend/models/BasicBlock.py
32552050,75,0,75,djsend/migrations/0019_auto_20161111_1440.py
32552050,1,1,2,djsend/models/BasicBlock.py
32552050,2,2,4,djsend/models/CustomBlock.py
32552050,34,0,34,djreceive/migrations/0005_surveymultichoice.py
32552050,6,0,6,djreceive/models/BasicTrials.py
32552050,1,1,2,djsend/models/BaseStimuli.py
32552050,4,14,18,djsend/models/BasicBlock.py
32552050,1,1,2,djexperiments/models.py
32552050,5,4,9,djexperiments/views.py
32552050,2,1,3,djPsych/settings/base.py
32552050,1,1,2,djexperiments/models.py
32552050,42,7,49,djexperiments/views.py
32552050,1,1,2,djsend/admin.py
32552050,24,0,24,djsend/migrations/0018_auto_20161110_1533.py
32552050,1,1,2,djsend/models/CustomBlock.py
32552050,1,1,2,djexperiments/models.py
32552050,1,1,2,djsend/models/CustomBlock.py
32552050,18,1,19,djPsych/utils.py
32552050,2,13,15,djexperiments/models.py
32552050,3,2,5,djexperiments/urls.py
32552050,35,5,40,djexperiments/views.py
32552050,1,1,2,djsend/models/CustomBlock.py
32552050,20,1,21,djexperiments/views.py
32552050,2,1,3,djsend/views.py
32552050,3,3,6,djsend/admin.py
32552050,1,1,2,djsend/views.py
32552050,6,3,9,djexperiments/models.py
32552050,2,0,2,djsend/views.py
32552050,1,1,2,djPsych/settings/production.py
32552050,1,1,2,djsend/admin.py
32552050,2,0,2,djsend/admin.py
32552050,2,1,3,djPsych/settings/base.py
32552050,1,0,1,djexperiments/models.py
32552050,15,13,28,djsend/admin.py
32552050,1,1,2,djsend/models/CustomBlock.py
32552050,26,1,27,djexperiments/models.py
32552050,5,4,9,djexperiments/views.py
32552050,0,1,1,djPsych/settings/base.py
32552050,30,3,33,djsend/admin.py
32552050,90,0,90,djsend/migrations/0016_auto_20161103_1230.py
32552050,30,0,30,djsend/migrations/0017_auto_20161103_1317.py
32552050,4,4,8,djsend/models/BasicBlock.py
32552050,1,1,2,djsend/translation.py
32552050,1,0,1,djPsych/settings/base.py
32552050,1,1,2,djsend/views.py
32552050,11,1,12,djuser/contextprocessors.py
32552050,14,2,16,djuser/forms.py
32552050,25,0,25,djsend/admin.py
32552050,3,2,5,djsend/models/__init__.py
32552050,23,2,25,djsend/translation.py
32552050,147,0,147,djsend/migrations/0015_auto_20161102_1552.py
32552050,27,0,27,djsend/models/BaseStimuli.py
32552050,69,0,69,djsend/models/BasicBlock.py
32552050,1,1,2,djsend/models/CustomBlock.py
32552050,1,0,1,djsend/models/CustomBlock.py
32552050,5,0,5,djPsych/settings/base.py
32552050,2,1,3,djPsych/utils.py
32552050,4,2,6,djexperiments/views.py
32552050,3,4,7,djmanager/views.py
32552050,14,14,28,djexperiments/templatetags/experiment_tags.py
32552050,1,1,2,djexperiments/views.py
32552050,0,0,0,djexperiments/templatetags/__init__.py
32552050,14,0,14,djexperiments/templatetags/experiment_tags.py
32552050,17,8,25,djsend/models/CustomBlock.py
32552050,24,0,24,djsend/models/CustomBlock.py
32552050,1,1,2,djexperiments/forms.py
32552050,5,7,12,djexperiments/views.py
32552050,2,2,4,djmanager/templatetags/navbar_tags.py
32552050,2,3,5,djmanager/templatetags/navbar_tags.py
32552050,2,0,2,djmanager/templatetags/__init__.py
32552050,12,0,12,djmanager/templatetags/navbar_tags.py
32552050,72,0,72,djreceive/migrations/0004_forcedchoice_rating_surveylikert.py
32552050,17,0,17,djreceive/models/BasicTrials.py
32552050,1,0,1,djexperiments/models.py
32552050,15,12,27,djexperiments/models.py
32552050,1,0,1,djexperiments/models.py
32552050,15,12,27,djexperiments/models.py
32552050,2,1,3,djmanager/urls.py
32552050,3,0,3,djmanager/views.py
32552050,1,1,2,djexperiments/views.py
32552050,3,3,6,djexperiments/models.py
32552050,1,1,2,djexperiments/views.py
32552050,3,0,3,djmanager/utils.py
32552050,2,1,3,djexperiments/handlers.py
32552050,3,2,5,djexperiments/views.py
32552050,5,4,9,djexperiments/handlers.py
32552050,3,2,5,djexperiments/views.py
32552050,8,2,10,djexperiments/models.py
32552050,13,6,19,djexperiments/models.py
32552050,29,0,29,djexperiments/migrations/0012_auto_20160915_1520.py
32552050,3,0,3,djexperiments/models.py
32552050,8,11,19,djexperiments/views.py
32552050,20,2,22,djexperiments/models.py
32552050,0,0,0,djexperiments/utils.py
32552050,1,1,2,djexperiments/forms.py
32552050,18,13,31,djexperiments/views.py
32552050,29,4,33,djexperiments/views.py
32552050,3,1,4,djexperiments/forms.py
32552050,3,2,5,djexperiments/urls.py
32552050,16,1,17,djexperiments/views.py
32552050,1,1,2,djPsych/settings/dev.py
32552050,4,1,5,djPsych/urls.py
32552050,3,0,3,djPsych/settings/base.py
32552050,4,1,5,djPsych/settings/dev.py
32552050,3,1,4,djPsych/settings/production.py
32552050,1,1,2,djPsych/settings/dev.py
32552050,2,2,4,djPsych/settings/production.py
32552050,11,2,13,djcollect/utils.py
32552050,20,0,20,djexperiments/migrations/0011_experiment_paypal_sender_email.py
32552050,3,2,5,djexperiments/models.py
32552050,54,20,74,djpay/models.py
32552050,2,2,4,djPsych/urls.py
32552050,12,1,13,djPsych/utils.py
32552050,15,2,17,djexperiments/experiments/simcat.py
32552050,1,0,1,djPsych/settings/dev.py
32552050,2,1,3,djPsych/settings/production.py
32552050,6,4,10,djPsych/urls.py
32552050,0,2,2,djcollect/views.py
32552050,2,2,4,djPsych/urls.py
32552050,6,2,8,djPsych/urls.py
32552050,5,2,7,djPsych/settings/dev.py
32552050,1,0,1,djPsych/urls.py
32552050,3,1,4,djcollect/views.py
32552050,0,1,1,djreceive/models/BasicTrials.py
32552050,1,1,2,djexperiments/admin.py
32552050,10,1,11,djexperiments/models.py
32552050,46,0,46,djexperiments/migrations/0009_auto_20160728_0044.py
32552050,20,0,20,djexperiments/migrations/0010_experiment_paypal_live_id.py
32552050,4,5,9,djexperiments/models.py
32552050,39,36,75,djpay/models.py
32552050,7,1,8,djexperiments/experiments/simcat.py
32552050,2,2,4,djexperiments/experiments/simcat.py
32552050,17,0,17,djexperiments/experiments/simcat.py
32552050,3,2,5,djcollect/urls.py
32552050,19,2,21,djcollect/views.py
32552050,39,0,39,djexperiments/experiments/simcat.py
32552050,2,0,2,djexperiments/handlers.py
32552050,1,0,1,djPsych/settings/base.py
32552050,17,3,20,djcollect/admin.py
32552050,2,2,4,djpay/models.py
32552050,3,3,6,djreceive/views.py
32552050,2,2,4,djpay/models.py
32552050,1,1,2,djpay/admin.py
32552050,7,1,8,djpay/admin.py
32552050,2,0,2,djexperiments/models.py
32552050,2,2,4,djexperiments/experiments/simcat.py
32552050,0,7,7,djsend/migrations/0013_similarityblock_timeout.py
32552050,0,2,2,djPsych/settings/base.py
32552050,3,0,3,djPsych/settings/dev.py
32552050,4,1,5,djPsych/settings/production.py
32552050,43,0,43,djexperiments/migrations/0008_auto_20160722_1146.py
32552050,6,2,8,djexperiments/models.py
32552050,10,2,12,djpay/models.py
32552050,25,0,25,djreceive/migrations/0003_auto_20160721_1443.py
32552050,16,0,16,djsend/migrations/0014_merge.py
32552050,1,1,2,djcollect/models.py
32552050,17,5,22,djexperiments/experiments/simcat.py
32552050,4,3,7,djexperiments/handlers.py
32552050,2,2,4,djreceive/models/CustomTrials.py
32552050,1,1,2,djreceive/models/runs.py
32552050,3,3,6,djreceive/views.py
32552050,20,0,20,djsend/migrations/0013_similarityblock_timeout.py
32552050,2,0,2,djsend/admin.py
32552050,3,0,3,djsend/models/CustomBlock.py
32552050,1,1,2,djsend/translation.py
32552050,6,3,9,djexperiments/experiments/simcat.py
32552050,1,1,2,djexperiments/views.py
32552050,2,0,2,djsend/admin.py
32552050,40,0,40,djsend/migrations/0013_auto_20160718_1118.py
32552050,6,0,6,djsend/models/CustomBlock.py
32552050,1,1,2,djsend/translation.py
32552050,1,1,2,djcollect/views.py
32552050,1,1,2,djcollect/views.py
32552050,12,1,13,djcollect/views.py
32552050,1,1,2,djcollect/views.py
32552050,1,1,2,djcollect/views.py
32552050,2,2,4,djexperiments/models.py
32552050,1,1,2,djexperiments/views.py
32552050,6,2,8,djreceive/views.py
32552050,2,1,3,djPsych/utils.py
32552050,37,0,37,djreceive/migrations/0002_cogcomhtmltrial.py
32552050,6,4,10,djreceive/models/BasicTrials.py
32552050,8,1,9,djreceive/models/CustomTrials.py
32552050,3,0,3,djreceive/views.py
32552050,42,0,42,djsend/migrations/0012_auto_20160414_2205.py
32552050,12,3,15,djsend/models/CustomBlock.py
32552050,5,1,6,djsend/views.py
32552050,24,0,24,djstim/migrations/0005_auto_20160414_2205.py
32552050,2,2,4,djsend/admin.py
32552050,42,0,42,djsend/migrations/0011_auto_20160412_2021.py
32552050,1,1,2,djsend/models/BasicBlock.py
32552050,2,0,2,djsend/admin.py
32552050,25,0,25,djsend/migrations/0010_auto_20160405_1921.py
32552050,0,1,1,djsend/models/BasicBlock.py
32552050,1,1,2,djsend/models/BasicGeneral.py
32552050,2,1,3,djsend/views.py
32552050,2,0,2,djsend/models/CustomGeneral.py
32552050,3,2,5,djsend/admin.py
32552050,26,0,26,djsend/migrations/0009_auto_20160323_2219.py
32552050,10,2,12,djsend/admin.py
32552050,21,0,21,djsend/migrations/0008_simcatglobalsetting_microcomponent_pairs.py
32552050,15,1,16,djsend/models/CustomGeneral.py
32552050,48,1,49,djstim/admin.py
32552050,52,0,52,djstim/migrations/0002_auto_20160323_1809.py
32552050,20,0,20,djstim/migrations/0003_linkedstimulus_is_practice.py
32552050,19,0,19,djstim/migrations/0004_remove_microcomponentpair_setting.py
32552050,13,3,16,djstim/models/BasicStimuli.py
32552050,1,2,3,djstim/models/Misc.py
32552050,5,6,11,djstim/models/BasicStimuli.py
32552050,21,0,21,djstim/models/BasicStimuli.py
32552050,3,0,3,djexperiments/views.py
32552050,6,0,6,djexperiments/models.py
32552050,16,2,18,djexperiments/admin.py
32552050,26,0,26,djexperiments/migrations/0005_debrief.py
32552050,22,0,22,djexperiments/migrations/0006_debrief_experiment.py
32552050,28,0,28,djexperiments/migrations/0007_lobby.py
32552050,12,1,13,djexperiments/models.py
32552050,6,2,8,djexperiments/translation.py
32552050,11,4,15,djexperiments/views.py
32552050,41,2,43,djexperiments/admin.py
32552050,12,2,14,djexperiments/models.py
32552050,7,1,8,djexperiments/translation.py
32552050,3,2,5,djexperiments/urls.py
32552050,12,1,13,djexperiments/views.py
32552050,20,0,20,djsend/migrations/0005_instruction_css_class.py
32552050,141,0,141,djsend/migrations/0006_auto_20160306_1319.py
32552050,20,0,20,djsend/migrations/0007_auto_20160306_1409.py
32552050,7,0,7,djexperiments/forms.py
32552050,3,2,5,djexperiments/urls.py
32552050,29,0,29,djexperiments/views.py
32552050,21,5,26,djsend/admin.py
32552050,20,0,20,djsend/models/CustomBlock.py
32552050,3,1,4,djsend/models/Instructions.py
32552050,13,1,14,djsend/translation.py
32552050,4,1,5,djPsych/utils.py
32552050,17,0,17,djexperiments/forms.py
32552050,8,1,9,djexperiments/views.py
32552050,12,0,12,djPsych/utils.py
32552050,1,1,2,djuser/views.py
32552050,5,0,5,djPsych/utils.py
32552050,24,0,24,djuser/migrations/0003_auto_20160304_1828.py
32552050,1,1,2,djmanager/urls.py
32552050,35,0,35,djuser/forms.py
32552050,1,6,7,djuser/models.py
32552050,11,0,11,djuser/urls.py
32552050,11,0,11,djuser/utils.py
32552050,52,2,54,djuser/views.py
32552050,2,0,2,djPsych/urls.py
32552050,0,2,2,djsend/admin.py
32552050,4,0,4,djuser/views.py
32552050,7,3,10,djexperiments/views.py
32552050,20,0,20,djuser/migrations/0002_subject_student_id.py
32552050,3,0,3,djuser/models.py
32552050,0,2,2,djsend/admin.py
32552050,35,0,35,djsend/migrations/0004_auto_20160304_0307.py
32552050,102,0,102,djreceive/migrations/0001_initial.py
32552050,0,0,0,djreceive/migrations/__init__.py
32552050,88,0,88,djsend/migrations/0003_auto_20160304_0048.py
32552050,100,0,100,djstim/migrations/0001_initial.py
32552050,7,0,7,djPsych/settings/base.py
32552050,1,1,2,djPsych/settings/dev.py
32552050,1,0,1,djPsych/urls.py
32552050,31,0,31,djexperiments/admin.py
32552050,55,0,55,djexperiments/migrations/0003_auto_20160303_2228.py
32552050,36,0,36,djexperiments/migrations/0004_auto_20160303_2232.py
32552050,26,3,29,djexperiments/models.py
32552050,12,0,12,djexperiments/translation.py
32552050,0,1,1,djmanager/admin.py
32552050,30,0,30,djmanager/utils.py
32552050,113,13,126,djsend/admin.py
32552050,1,9,10,djsend/adminForms.py
32552050,35,0,35,djsend/migrations/0002_auto_20160303_1712.py
32552050,22,3,25,djsend/models/BasicBlock.py
32552050,6,3,9,djsend/models/BasicGeneral.py
32552050,4,4,8,djsend/models/CustomBlock.py
32552050,2,0,2,djsend/models/Instructions.py
32552050,1,3,4,djsend/models/__init__.py
32552050,1,4,5,djsend/translation.py
32552050,0,12,12,djsend/utils.py
32552050,0,1,1,djsend/views.py
32552050,1,0,1,djstim/__init__.py
32552050,7,0,7,djstim/admin.py
32552050,6,0,6,djstim/apps.py
32552050,0,0,0,djstim/migrations/__init__.py
32552050,3,0,3,djstim/models.py
32552050,1,1,2,{djsend => djstim}/models/BasicStimuli.py
32552050,3,2,5,{djsend => djstim}/models/Misc.py
32552050,2,0,2,djstim/models/__init__.py
32552050,3,0,3,djstim/tests.py
32552050,11,0,11,djstim/translation.py
32552050,3,0,3,djstim/views.py
32552050,1,3,4,djPsych/settings/production.py
32552050,2,1,3,djcollect/apps.py
32552050,2,2,4,djexperiments/apps.py
32552050,22,0,22,djexperiments/migrations/0002_experiment_participations.py
32552050,1,1,2,djexperiments/models.py
32552050,8,4,12,djexperiments/views.py
32552050,2,1,3,djpay/apps.py
32552050,2,0,2,djreceive/apps.py
32552050,2,1,3,djsend/apps.py
32552050,2,1,3,djuser/apps.py
32552050,1,1,2,djPsych/settings/production.py
32552050,1,0,1,djPsych/settings/dev.py
32552050,1,0,1,djPsych/settings/production.py
32552050,1,0,1,djPsych/settings/dev.py
32552050,1,1,2,djPsych/wsgi.py
32552050,5,0,5,djPsych/settings/__init__.py
32552050,23,0,23,djPsych/settings/dev.py
32552050,23,0,23,djPsych/settings/production.py
32552050,0,1,1,djPsych/urls.py
32552050,1,1,2,djPsych/wsgi.py
32552050,4,3,7,djcollect/migrations/0001_initial.py
32552050,0,21,21,djcollect/migrations/0002_auto_20160226_1642.py
32552050,0,26,26,djcollect/migrations/0003_auto_20160229_1857.py
32552050,12,3,15,djexperiments/migrations/0001_initial.py
32552050,0,22,22,djexperiments/migrations/0002_experiment_participations.py
32552050,0,48,48,djexperiments/migrations/0003_auto_20160226_1637.py
32552050,0,22,22,djexperiments/migrations/0004_experiment_research_group.py
32552050,0,25,25,djexperiments/migrations/0005_auto_20160301_0955.py
32552050,0,25,25,djexperiments/migrations/0006_auto_20160301_1048.py
32552050,0,21,21,djexperiments/migrations/0007_auto_20160301_1702.py
32552050,1,2,3,djexperiments/models.py
32552050,2,2,4,djpay/migrations/0001_initial.py
32552050,0,29,29,djreceive/migrations/0001_initial.py
32552050,0,79,79,djreceive/migrations/0002_categorizationtrial_cogcomsimilaritytrial_similaritytrial.py
32552050,0,21,21,djreceive/migrations/0003_run_used_trials.py
32552050,0,25,25,djreceive/migrations/0004_auto_20160301_1702.py
32552050,0,0,0,djreceive/migrations/__init__.py
32552050,88,20,108,djsend/migrations/0001_initial.py
32552050,0,20,20,djsend/migrations/0002_auto_20160224_1945.py
32552050,0,42,42,djsend/migrations/0002_auto_20160226_1906.py
32552050,0,30,30,djsend/migrations/0003_auto_20160224_1949.py
32552050,0,36,36,djsend/migrations/0003_auto_20160226_1917.py
32552050,0,35,35,djsend/migrations/0004_auto_20160226_1934.py
32552050,0,36,36,djsend/migrations/0005_auto_20160227_1325.py
32552050,0,16,16,djsend/migrations/0006_merge.py
32552050,0,105,105,djsend/migrations/0007_auto_20160228_0231.py
32552050,0,21,21,djsend/migrations/0008_simcatglobalsetting_size.py
32552050,0,31,31,djsend/migrations/0009_auto_20160229_2226.py
32552050,7,1,8,djuser/migrations/0001_initial.py
32552050,1,1,2,manage.py
32552050,2,2,4,djPsych/settings.py
32552050,2,0,2,djcollect/__init__.py
32552050,2,0,2,djmanager/__init__.py
32552050,1,0,1,djpay/__init__.py
32552050,1,0,1,djreceive/__init__.py
32552050,1,0,1,djsend/__init__.py
32552050,41,3,44,djsend/admin.py
32552050,27,0,27,djsend/adminForms.py
32552050,2,0,2,djsend/apps.py
32552050,5,1,6,djsend/models/BasicBlock.py
32552050,1,1,2,djsend/models/BasicGeneral.py
32552050,12,0,12,djsend/utils.py
32552050,3,0,3,djuser/__init__.py
32552050,1,2,3,djexperiments/urls.py
32552050,5,0,5,djreceive/urls.py
32552050,4,4,8,djsend/models/BasicBlock.py
32552050,1,0,1,djsend/models/CustomGeneral.py
32552050,0,1,1,djsend/models/Instructions.py
32552050,19,1,20,djsend/models/Misc.py
32552050,5,1,6,djsend/translation.py
32552050,12,0,12,djsend/urls.py
32552050,8,0,8,djsend/views.py
32552050,2,0,2,djuser/models.py
32552050,2,0,2,djuser/models.py
32552050,1,1,2,djuser/models.py
32552050,0,2,2,djuser/models.py
32552050,0,1,1,djexperiments/models.py
32552050,2,4,6,djuser/models.py
32552050,2,0,2,djuser/models.py
32552050,21,0,21,djexperiments/migrations/0007_auto_20160301_1702.py
32552050,25,0,25,djreceive/migrations/0004_auto_20160301_1702.py
32552050,8,0,8,djPsych/settings.py
32552050,25,0,25,djexperiments/migrations/0005_auto_20160301_0955.py
32552050,25,0,25,djexperiments/migrations/0006_auto_20160301_1048.py
32552050,36,0,36,djpay/migrations/0001_initial.py
32552050,0,0,0,djpay/migrations/__init__.py
32552050,21,0,21,djreceive/migrations/0003_run_used_trials.py
32552050,9,0,9,djuser/contextprocessors.py
32552050,2,1,3,djPsych/settings.py
32552050,1,0,1,djPsych/urls.py
32552050,26,3,29,djcollect/models.py
32552050,11,0,11,djcollect/urls.py
32552050,16,0,16,djcollect/utils.py
32552050,36,0,36,djcollect/views.py
32552050,5,0,5,djexperiments/experiments/stupidexp.py
32552050,5,2,7,djexperiments/models.py
32552050,4,1,5,djexperiments/urls.py
32552050,2,1,3,djpay/admin.py
32552050,10,8,18,djpay/models.py
32552050,29,0,29,djpay/views.py
32552050,29,0,29,djreceive/migrations/0001_initial.py
32552050,79,0,79,djreceive/migrations/0002_categorizationtrial_cogcomsimilaritytrial_similaritytrial.py
32552050,0,0,0,djreceive/migrations/__init__.py
32552050,16,3,19,djreceive/models/BasicTrials.py
32552050,14,3,17,djreceive/models/runs.py
32552050,23,8,31,djreceive/views.py
32552050,31,0,31,djsend/migrations/0009_auto_20160229_2226.py
32552050,26,0,26,djcollect/migrations/0003_auto_20160229_1857.py
32552050,2,2,4,djcollect/models.py
32552050,2,1,3,djexperiments/models.py
32552050,6,0,6,djreceive/admin.py
32552050,99,0,99,djreceive/models/BasicTrials.py
32552050,13,0,13,djreceive/models/CustomTrials.py
32552050,3,1,4,djreceive/models/__init__.py
32552050,8,1,9,djreceive/models/runs.py
32552050,15,12,27,djreceive/views.py
32552050,2,1,3,djsend/models/BasicBlock.py
32552050,4,4,8,djsend/views.py
32552050,3,0,3,djPsych/exceptions.py
32552050,2,0,2,djPsych/urls.py
32552050,32,2,34,djcollect/models.py
32552050,14,0,14,djexperiments/handlers.py
32552050,6,1,7,djexperiments/models.py
32552050,2,0,2,djpay/models.py
32552050,0,3,3,djreceive/models.py
32552050,1,0,1,djreceive/models/__init__.py
32552050,19,0,19,djreceive/models/runs.py
32552050,17,0,17,djreceive/utils.py
32552050,78,2,80,djreceive/views.py
32552050,105,0,105,djsend/migrations/0007_auto_20160228_0231.py
32552050,21,0,21,djsend/migrations/0008_simcatglobalsetting_size.py
32552050,3,1,4,djsend/models/CustomGeneral.py
32552050,9,1,10,djsend/views.py
32552050,3,1,4,djexperiments/views.py
32552050,1,10,11,djexperiments/handlers.py
32552050,22,0,22,djexperiments/migrations/0004_experiment_research_group.py
32552050,13,1,14,djexperiments/models.py
32552050,8,2,10,djexperiments/views.py
32552050,4,3,7,djmanager/views.py
32552050,16,0,16,djsend/migrations/0006_merge.py
32552050,162,0,162,djsend/migrations/0001_initial.py
32552050,20,0,20,djsend/migrations/0002_auto_20160224_1945.py
32552050,30,0,30,djsend/migrations/0003_auto_20160224_1949.py
32552050,5,0,5,djPsych/settings.py
32552050,2,1,3,djPsych/urls.py
32552050,18,2,20,djexperiments/handlers.py
32552050,1,0,1,djexperiments/models.py
32552050,2,2,4,djsend/admin.py
32552050,36,0,36,djsend/migrations/0005_auto_20160227_1325.py
32552050,14,5,19,djsend/models/BasicBlock.py
32552050,7,0,7,djsend/models/BasicGeneral.py
32552050,4,3,7,djsend/models/Instructions.py
32552050,15,4,19,djsend/views.py
32552050,2,0,2,djuser/apps.py
32552050,19,0,19,djuser/handlers.py
32552050,7,0,7,djadmin/admin.py
32552050,0,2,2,djcollect/views.py
32552050,1,1,2,djexperiments/urls.py
32552050,42,0,42,djsend/migrations/0002_auto_20160226_1906.py
32552050,36,0,36,djsend/migrations/0003_auto_20160226_1917.py
32552050,35,0,35,djsend/migrations/0004_auto_20160226_1934.py
32552050,7,2,9,djsend/models/BasicBlock.py
32552050,5,2,7,djsend/models/BasicGeneral.py
32552050,3,3,6,djsend/models/BasicStimuli.py
32552050,20,1,21,djsend/models/CustomGeneral.py
32552050,12,4,16,djsend/models/Misc.py
32552050,7,8,15,djsend/views.py
32552050,1,2,3,djPsych/urls.py
32552050,21,0,21,djcollect/migrations/0002_auto_20160226_1642.py
32552050,48,0,48,djexperiments/migrations/0003_auto_20160226_1637.py
32552050,1,1,2,djmanager/urls.py
32552050,174,0,174,djsend/migrations/0001_initial.py
32552050,0,0,0,djsend/migrations/__init__.py
32552050,1,1,2,djsend/models/BasicGeneral.py
32552050,17,1,18,djsend/models/Instructions.py
32552050,6,4,10,djsend/views.py
32552050,3,0,3,djPsych/exceptions.py
32552050,6,0,6,djcollect/admin.py
32552050,3,3,6,djcollect/migrations/0001_initial.py
32552050,1,1,2,djcollect/models.py
32552050,5,1,6,djexperiments/experiments/simcat.py
32552050,13,0,13,djexperiments/handlers.py
32552050,1,4,5,djexperiments/migrations/0001_initial.py
32552050,22,0,22,djexperiments/migrations/0002_experiment_participations.py
32552050,20,10,30,djexperiments/models.py
32552050,36,2,38,djsend/models/BasicBlock.py
32552050,41,13,54,djsend/models/BasicGeneral.py
32552050,7,1,8,djsend/models/Instructions.py
32552050,28,0,28,djsend/views.py
32552050,6,0,6,djuser/admin.py
32552050,1,1,2,djuser/migrations/0001_initial.py
32552050,1,0,1,djPsych/settings.py
32552050,3,2,5,djPsych/urls.py
32552050,0,0,0,{djsend/migrations => djadmin}/__init__.py
32552050,3,0,3,djadmin/admin.py
32552050,5,0,5,djadmin/apps.py
32552050,3,0,3,djadmin/models.py
32552050,3,0,3,djadmin/tests.py
32552050,10,0,10,djadmin/urls.py
32552050,3,0,3,djadmin/views.py
32552050,42,0,42,djcollect/migrations/0001_initial.py
32552050,0,0,0,djcollect/migrations/__init__.py
32552050,2,1,3,djcollect/models.py
32552050,6,2,8,djexperiments/handlers.py
32552050,3,2,5,djexperiments/migrations/0001_initial.py
32552050,15,1,16,djexperiments/models.py
32552050,9,2,11,djexperiments/urls.py
32552050,5,0,5,djmanager/apps.py
32552050,4,17,21,djmanager/urls.py
32552050,3,2,5,djmanager/views.py
32552050,6,0,6,djsend/views.py
32552050,33,0,33,djuser/migrations/0001_initial.py
32552050,0,0,0,djuser/migrations/__init__.py
32552050,2,1,3,djuser/models.py
32552050,1,1,2,djPsych/settings.py
32552050,0,42,42,djcollect/migrations/0001_initial.py
32552050,0,0,0,djcollect/migrations/__init__.py
32552050,1,1,2,djcollect/models.py
32552050,4,20,24,djexperiments/migrations/0001_initial.py
32552050,0,42,42,djexperiments/migrations/0002_auto_20160223_1248.py
32552050,0,0,0,djmanager/migrations/__init__.py
32552050,0,36,36,djpay/migrations/0001_initial.py
32552050,0,21,21,djpay/migrations/0002_auto_20160223_1248.py
32552050,0,0,0,djpay/migrations/__init__.py
32552050,0,0,0,djreceive/migrations/__init__.py
32552050,6,2,8,djsend/admin.py
32552050,23,2,25,djsend/models/BasicBlock.py
32552050,8,2,10,djsend/models/BasicGeneral.py
32552050,42,0,42,djsend/models/BasicStimuli.py
32552050,35,0,35,djsend/models/CustomBlock.py
32552050,2,2,4,djsend/models/CustomGeneral.py
32552050,20,0,20,djsend/models/Instructions.py
32552050,20,0,20,djsend/models/Misc.py
32552050,7,2,9,djsend/models/__init__.py
32552050,12,0,12,djsend/translation.py
32552050,16,1,17,djsend/views.py
32552050,0,33,33,djuser/migrations/0001_initial.py
32552050,0,0,0,djuser/migrations/__init__.py
32552050,10,0,10,manage.py
32552050,3,0,3,djPsych/exceptions.py
32552050,6,0,6,djPsych/settings.py
32552050,4,1,5,djPsych/urls.py
32552050,42,0,42,djcollect/migrations/0001_initial.py
32552050,32,0,32,djcollect/models.py
32552050,3,0,3,djcollect/views.py
32552050,3,0,3,djexperiments/__init__.py
32552050,4,0,4,djexperiments/apps.py
32552050,0,0,0,djexperiments/experiments/__init__.py
32552050,19,0,19,djexperiments/experiments/simcat.py
32552050,26,0,26,djexperiments/handlers.py
32552050,55,0,55,djexperiments/migrations/0001_initial.py
32552050,42,0,42,djexperiments/migrations/0002_auto_20160223_1248.py
32552050,9,2,11,djexperiments/models.py
32552050,12,0,12,djexperiments/urls.py
32552050,13,0,13,djexperiments/views.py
32552050,2,0,2,djmanager/admin.py
32552050,29,0,29,djmanager/urls.py
32552050,12,0,12,djmanager/views.py
32552050,36,0,36,djpay/migrations/0001_initial.py
32552050,21,0,21,djpay/migrations/0002_auto_20160223_1248.py
32552050,133,0,133,djpay/models.py
32552050,8,0,8,djreceive/views.py
32552050,3,1,4,djsend/admin.py
32552050,0,3,3,djsend/models.py
32552050,9,0,9,djsend/models/BasicBlock.py
32552050,40,0,40,djsend/models/BasicGeneral.py
32552050,15,0,15,djsend/models/CustomGeneral.py
32552050,8,0,8,djsend/models/__init__.py
32552050,8,0,8,djsend/views.py
32552050,33,0,33,djuser/migrations/0001_initial.py
32552050,5,1,6,djuser/models.py
32552050,0,0,0,djPsych/__init__.py
32552050,14,0,14,djPsych/exceptions.py
32552050,156,0,156,djPsych/settings.py
32552050,21,0,21,djPsych/urls.py
32552050,16,0,16,djPsych/wsgi.py
32552050,0,0,0,djcollect/__init__.py
32552050,3,0,3,djcollect/admin.py
32552050,5,0,5,djcollect/apps.py
32552050,0,0,0,djcollect/migrations/__init__.py
32552050,3,0,3,djcollect/models.py
32552050,3,0,3,djcollect/tests.py
32552050,3,0,3,djcollect/views.py
32552050,0,0,0,djexperiments/__init__.py
32552050,3,0,3,djexperiments/admin.py
32552050,5,0,5,djexperiments/apps.py
32552050,0,0,0,djexperiments/migrations/__init__.py
32552050,53,0,53,djexperiments/models.py
32552050,3,0,3,djexperiments/tests.py
32552050,3,0,3,djexperiments/views.py
32552050,0,0,0,djmanager/__init__.py
32552050,3,0,3,djmanager/admin.py
32552050,5,0,5,djmanager/apps.py
32552050,0,0,0,djmanager/migrations/__init__.py
32552050,3,0,3,djmanager/models.py
32552050,3,0,3,djmanager/tests.py
32552050,3,0,3,djmanager/views.py
32552050,0,0,0,djpay/__init__.py
32552050,3,0,3,djpay/admin.py
32552050,5,0,5,djpay/apps.py
32552050,0,0,0,djpay/migrations/__init__.py
32552050,3,0,3,djpay/models.py
32552050,3,0,3,djpay/tests.py
32552050,3,0,3,djpay/views.py
32552050,0,0,0,djreceive/__init__.py
32552050,3,0,3,djreceive/admin.py
32552050,5,0,5,djreceive/apps.py
32552050,0,0,0,djreceive/migrations/__init__.py
32552050,3,0,3,djreceive/models.py
32552050,3,0,3,djreceive/tests.py
32552050,3,0,3,djreceive/views.py
32552050,0,0,0,djsend/__init__.py
32552050,3,0,3,djsend/admin.py
32552050,5,0,5,djsend/apps.py
32552050,0,0,0,djsend/migrations/__init__.py
32552050,3,0,3,djsend/models.py
32552050,3,0,3,djsend/tests.py
32552050,3,0,3,djsend/views.py
32552050,0,0,0,djuser/__init__.py
32552050,3,0,3,djuser/admin.py
32552050,5,0,5,djuser/apps.py
32552050,0,0,0,djuser/migrations/__init__.py
32552050,43,0,43,djuser/models.py
32552050,3,0,3,djuser/tests.py
32552050,3,0,3,djuser/views.py
30169075,6,6,12,src/escpos/printer.py
30169075,1,1,2,setup.py
30169075,4,3,7,src/escpos/escpos.py
30169075,5,0,5,src/escpos/printer.py
30169075,0,2,2,setup.py
30169075,1,1,2,setup.py
30169075,1,1,2,src/escpos/capabilities.py
30169075,2,2,4,src/escpos/printer.py
30169075,1,1,2,src/escpos/printer.py
30169075,5,4,9,src/escpos/printer.py
30169075,15,11,26,src/escpos/printer.py
30169075,2,2,4,src/escpos/printer.py
30169075,13,16,29,src/escpos/printer.py
30169075,48,0,48,src/escpos/printer.py
30169075,19,7,26,src/escpos/printer.py
30169075,2,1,3,src/escpos/capabilities.py
30169075,8,5,13,src/escpos/escpos.py
30169075,16,0,16,test/test_function_softbarcode.py
30169075,0,29,29,setup.py
30169075,0,1,1,setup.py
30169075,2,2,4,src/escpos/capabilities.py
30169075,2,2,4,src/escpos/escpos.py
30169075,2,1,3,test/test_function_qr_native.py
30169075,1,1,2,setup.py
30169075,3,0,3,test/test_printer_file.py
30169075,22,11,33,src/escpos/escpos.py
30169075,2,2,4,src/escpos/capabilities.py
30169075,1,0,1,src/escpos/escpos.py
30169075,8,0,8,src/escpos/printer.py
30169075,8,0,8,test/test_function_dummy_clear.py
30169075,1,1,2,setup.py
30169075,2,2,4,src/escpos/escpos.py
30169075,19,0,19,test/test_function_cashdraw.py
30169075,0,1,1,setup.py
30169075,12,3,15,test/test_raise_arbitrary_error.py
30169075,23,0,23,test/test_raise_arbitrary_error.py
30169075,1,1,2,src/escpos/printer.py
30169075,1,1,2,src/escpos/capabilities.py
30169075,18,0,18,src/escpos/constants.py
30169075,46,9,55,src/escpos/escpos.py
30169075,3,2,5,src/escpos/exceptions.py
30169075,15,1,16,test/test_function_barcode.py
30169075,104,0,104,test/test_function_check_barcode.py
30169075,1,1,2,setup.py
30169075,3,2,5,test/test_printer_file.py
30169075,1,1,2,setup.py
30169075,3,1,4,test/test_printer_file.py
30169075,1,1,2,examples/qr_code.py
30169075,15,3,18,src/escpos/escpos.py
30169075,16,0,16,src/escpos/image.py
30169075,20,5,25,test/test_function_image.py
30169075,12,1,13,test/test_function_qr_native.py
30169075,10,0,10,test/test_function_qr_non-native.py
30169075,37,6,43,src/escpos/capabilities.py
30169075,2,2,4,examples/codepage_tables.py
30169075,1,1,2,examples/weather.py
30169075,1,1,2,src/escpos/escpos.py
30169075,1,1,2,setup.py
30169075,1,1,2,setup.py
30169075,22,0,22,src/escpos/escpos.py
30169075,24,0,24,test/test_function_text.py
30169075,1,1,2,src/escpos/printer.py
30169075,4,0,4,src/escpos/printer.py
30169075,127,0,127,examples/weather.py
30169075,2,2,4,src/escpos/escpos.py
30169075,7,2,9,src/escpos/constants.py
30169075,26,4,30,src/escpos/escpos.py
30169075,11,0,11,examples/barcodes.py
30169075,11,7,18,src/escpos/escpos.py
30169075,2,1,3,src/escpos/exceptions.py
30169075,6,2,8,src/escpos/escpos.py
30169075,17,0,17,test/test_function_cut.py
30169075,4,2,6,src/escpos/escpos.py
30169075,19,0,19,examples/qr_code.py
30169075,3,0,3,src/escpos/escpos.py
30169075,4,2,6,test/test_function_qr_native.py
30169075,4,0,4,src/escpos/constants.py
30169075,22,0,22,src/escpos/escpos.py
30169075,4,0,4,src/escpos/printer.py
30169075,3,1,4,src/escpos/printer.py
30169075,1,1,2,setup.py
30169075,2,0,2,setup.py
30169075,12,0,12,src/escpos/escpos.py
30169075,15,0,15,src/escpos/exceptions.py
30169075,24,1,25,test/test_function_image.py
30169075,2,1,3,examples/software_barcode.py
30169075,7,2,9,src/escpos/escpos.py
30169075,4,29,33,test/test_function_panel_button.py
30169075,1,21,22,test/test_load_module.py
30169075,5,0,5,src/escpos/constants.py
30169075,36,0,36,src/escpos/escpos.py
30169075,35,0,35,test/test_function_linedisplay.py
30169075,22,19,41,src/escpos/escpos.py
30169075,4,4,8,test/test_function_set.py
30169075,30,17,47,src/escpos/escpos.py
30169075,76,48,124,src/escpos/constants.py
30169075,29,87,116,src/escpos/escpos.py
30169075,280,0,280,test/test_function_set.py
30169075,8,0,8,examples/software_barcode.py
30169075,2,1,3,setup.py
30169075,23,0,23,src/escpos/escpos.py
30169075,1,1,2,src/escpos/escpos.py
30169075,8,7,15,src/escpos/escpos.py
30169075,6,0,6,src/escpos/cli.py
30169075,33,11,44,src/escpos/escpos.py
30169075,4,2,6,src/escpos/escpos.py
30169075,7,2,9,src/escpos/capabilities.py
30169075,2,2,4,setup.py
30169075,2,2,4,src/escpos/constants.py
30169075,2,2,4,src/escpos/escpos.py
30169075,2,2,4,src/escpos/exceptions.py
30169075,1,1,2,src/escpos/image.py
30169075,1,1,2,src/escpos/magicencode.py
30169075,2,2,4,src/escpos/printer.py
30169075,1,1,2,test/test_abstract_base_class.py
30169075,1,1,2,test/test_function_image.py
30169075,1,1,2,test/test_function_panel_button.py
30169075,1,1,2,test/test_function_qr_native.py
30169075,1,1,2,test/test_function_qr_non-native.py
30169075,1,1,2,test/test_function_text.py
30169075,1,1,2,test/test_image.py
30169075,1,1,2,test/test_load_module.py
30169075,1,1,2,test/test_magicencode.py
30169075,1,1,2,test/test_printer_file.py
30169075,1,1,2,test/test_with_statement.py
30169075,6,4,10,src/escpos/printer.py
30169075,3,1,4,examples/codepage_tables.py
30169075,3,0,3,setup.py
30169075,3,0,3,src/escpos/cli.py
30169075,1,0,1,src/escpos/codepages.py
30169075,1,1,2,src/escpos/magicencode.py
30169075,17,2,19,src/escpos/escpos.py
30169075,1,3,4,src/escpos/magicencode.py
30169075,2,2,4,src/escpos/escpos.py
30169075,2,2,4,src/escpos/magicencode.py
30169075,4,4,8,src/escpos/escpos.py
30169075,3,3,6,src/escpos/image.py
30169075,8,8,16,src/escpos/magicencode.py
30169075,1,1,2,src/escpos/printer.py
30169075,0,1,1,setup.py
30169075,3,3,6,src/escpos/cli.py
30169075,12,1,13,setup.py
30169075,1,1,2,src/escpos/capabilities.py
30169075,1,1,2,examples/codepage_tables.py
30169075,4,3,7,examples/codepage_tables.py
30169075,6,12,18,src/escpos/capabilities.py
30169075,3,2,5,src/escpos/codepages.py
30169075,9,7,16,src/escpos/escpos.py
30169075,1,2,3,src/escpos/katakana.py
30169075,4,2,6,src/escpos/magicencode.py
30169075,1,1,2,test/test_cli.py
30169075,1,1,2,test/test_function_barcode.py
30169075,4,4,8,test/test_functions.py
30169075,0,1,1,test/test_magicencode.py
30169075,1,0,1,test/test_printer_file.py
30169075,1,1,2,test/test_profile.py
30169075,4,4,8,examples/codepage_tables.py
30169075,2,1,3,examples/codepage_tables.py
30169075,3,2,5,src/escpos/capabilities.py
30169075,10,4,14,src/escpos/magicencode.py
30169075,14,0,14,test/test_magicencode.py
30169075,3,3,6,src/escpos/printer.py
30169075,1,1,2,src/escpos/escpos.py
30169075,59,0,59,examples/codepage_tables.py
30169075,1,1,2,src/escpos/escpos.py
30169075,1,1,2,setup.py
30169075,9,5,14,src/escpos/katakana.py
30169075,3,3,6,test/test_magicencode.py
30169075,0,11,11,test/test_magicencode.py
30169075,1,1,2,setup.py
30169075,13,11,24,test/test_printer_file.py
30169075,1,0,1,src/escpos/constants.py
30169075,7,3,10,src/escpos/escpos.py
30169075,1,0,1,setup.py
30169075,1,1,2,src/escpos/magicencode.py
30169075,1,1,2,test/test_function_text.py
30169075,13,13,26,test/test_magicencode.py
30169075,2,2,4,src/escpos/magicencode.py
30169075,2,2,4,src/escpos/magicencode.py
30169075,1,1,2,src/escpos/capabilities.py
30169075,4,14,18,src/escpos/codepages.py
30169075,44,16,60,src/escpos/magicencode.py
30169075,1,1,2,test/test_magicencode.py
30169075,44,7,51,src/escpos/magicencode.py
30169075,17,11,28,src/escpos/magicencode.py
30169075,1,1,2,setup.py
30169075,7,0,7,test/test_magicencode.py
30169075,3,4,7,src/escpos/magicencode.py
30169075,4,1,5,src/escpos/capabilities.py
30169075,4,0,4,test/test_function_barcode.py
30169075,4,0,4,test/test_profile.py
30169075,7,12,19,test/test_cli.py
30169075,29,21,50,src/escpos/magicencode.py
30169075,13,10,23,src/escpos/magicencode.py
30169075,8,1,9,src/escpos/capabilities.py
30169075,32,0,32,src/escpos/codepages.py
30169075,2,94,96,src/escpos/constants.py
30169075,104,0,104,src/escpos/katakana.py
30169075,44,163,207,src/escpos/magicencode.py
30169075,13,7,20,test/test_function_text.py
30169075,13,12,25,test/test_magicencode.py
30169075,2,2,4,src/escpos/capabilities.py
30169075,1,1,2,src/escpos/capabilities.py
30169075,34,0,34,test/test_profile.py
30169075,1,1,2,test/test_function_barcode.py
30169075,2,2,4,test/test_function_text.py
30169075,1,1,2,setup.py
30169075,2,26,28,test/test_function_text.py
30169075,11,2,13,src/escpos/capabilities.py
30169075,31,12,43,src/escpos/escpos.py
30169075,34,0,34,test/test_function_barcode.py
30169075,2,1,3,setup.py
30169075,52,35,87,src/escpos/capabilities.py
30169075,5,2,7,src/escpos/constants.py
30169075,7,7,14,src/escpos/escpos.py
30169075,94,92,186,src/escpos/constants.py
30169075,5,7,12,src/escpos/escpos.py
30169075,203,125,328,src/escpos/magicencode.py
30169075,7,0,7,test/conftest.py
30169075,87,93,180,test/test_magicencode.py
30169075,2,1,3,src/escpos/escpos.py
30169075,3,3,6,src/escpos/escpos.py
30169075,2,2,4,test/test_functions.py
30169075,6,5,11,src/escpos/escpos.py
30169075,9,0,9,test/test_function_text.py
30169075,83,0,83,src/escpos/capabilities.py
30169075,1,0,1,src/escpos/constants.py
30169075,7,1,8,src/escpos/escpos.py
30169075,7,1,8,test/test_functions.py
30169075,7,0,7,src/escpos/constants.py
30169075,23,0,23,src/escpos/escpos.py
30169075,20,0,20,test/test_functions.py
30169075,12,0,12,src/escpos/constants.py
30169075,1,1,2,setup.py
30169075,3,2,5,src/escpos/escpos.py
30169075,2,3,5,src/escpos/escpos.py
30169075,32,0,32,test/test_function_qr_non-native.py
30169075,14,0,14,test/test_image.py
30169075,9,0,9,test/test_function_image.py
30169075,1,4,5,src/escpos/constants.py
30169075,1,1,2,src/escpos/constants.py
30169075,2,1,3,src/escpos/magicencode.py
30169075,15,3,18,test/test_magicencode.py
30169075,9,0,9,test/test_magicencode.py
30169075,0,3,3,src/escpos/magicencode.py
30169075,13,79,92,src/escpos/escpos.py
30169075,252,0,252,src/escpos/magicencode.py
30169075,2,1,3,test/test_cli.py
30169075,9,27,36,test/test_function_text.py
30169075,79,31,110,test/test_magicencode.py
30169075,92,20,112,src/escpos/constants.py
30169075,8,8,16,src/escpos/exceptions.py
30169075,54,0,54,test/test_magicencode.py
30169075,5,1,6,src/escpos/printer.py
30169075,70,0,70,test/test_printer_file.py
30169075,1,1,2,setup.py
30169075,13,1,14,src/escpos/escpos.py
30169075,27,0,27,src/escpos/image.py
30169075,4,4,8,src/escpos/printer.py
30169075,2,0,2,setup.py
30169075,10,0,10,src/escpos/cli.py
30169075,6,0,6,src/escpos/cli.py
30169075,11,4,15,doc/conf.py
30169075,16,1,17,setup.py
30169075,18,0,18,src/escpos/__init__.py
30169075,12,1,13,src/escpos/cli.py
30169075,10,4,14,test/test_cli.py
30169075,1,4,5,setup.py
30169075,5,0,5,setup.py
30169075,6,1,7,doc/conf.py
30169075,11,4,15,setup.py
30169075,0,0,0,{escpos => src/escpos}/__init__.py
30169075,0,0,0,{escpos => src/escpos}/cli.py
30169075,0,0,0,{escpos => src/escpos}/config.py
30169075,0,0,0,{escpos => src/escpos}/constants.py
30169075,0,0,0,{escpos => src/escpos}/escpos.py
30169075,0,0,0,{escpos => src/escpos}/exceptions.py
30169075,0,0,0,{escpos => src/escpos}/image.py
30169075,0,0,0,{escpos => src/escpos}/printer.py
30169075,1,1,2,setup.py
30169075,1,0,1,setup.py
30169075,1,1,2,escpos/printer.py
30169075,4,2,6,escpos/cli.py
30169075,1,1,2,escpos/config.py
30169075,21,21,42,escpos/constants.py
30169075,14,9,23,escpos/escpos.py
30169075,2,0,2,escpos/exceptions.py
30169075,2,0,2,escpos/printer.py
30169075,4,4,8,setup.py
30169075,3,3,6,escpos/escpos.py
30169075,0,2,2,escpos/printer.py
30169075,1,1,2,test/test_image.py
30169075,1,1,2,test/test_with_statement.py
30169075,31,3,34,escpos/escpos.py
30169075,1,0,1,escpos/constants.py
30169075,91,0,91,escpos/escpos.py
30169075,1,0,1,escpos/exceptions.py
30169075,9,5,14,escpos/printer.py
30169075,24,0,24,test/test_with_statement.py
30169075,17,1,18,escpos/escpos.py
30169075,1,1,2,escpos/escpos.py
30169075,21,5,26,setup.py
30169075,1,1,2,escpos/escpos.py
30169075,5,6,11,escpos/escpos.py
30169075,2,1,3,escpos/image.py
30169075,17,0,17,test/test_function_image.py
30169075,10,0,10,test/test_function_qr_native.py
30169075,6,1,7,test/test_image.py
30169075,7,7,14,escpos/constants.py
30169075,17,17,34,escpos/escpos.py
30169075,1,1,2,escpos/escpos.py
30169075,4,4,8,test/test_function_qr_native.py
30169075,7,3,10,escpos/image.py
30169075,1,0,1,escpos/printer.py
30169075,20,4,24,escpos/cli.py
30169075,48,12,60,escpos/escpos.py
30169075,85,0,85,escpos/image.py
30169075,34,1,35,escpos/printer.py
30169075,115,0,115,test/test_function_image.py
30169075,63,55,118,test/test_function_qr_native.py
30169075,52,0,52,test/test_image.py
30169075,1,203,204,escpos/escpos.py
30169075,0,50,50,test/test_function_image.py
30169075,1,1,2,escpos/escpos.py
30169075,30,0,30,test/test_abstract_base_class.py
30169075,10,0,10,escpos/constants.py
30169075,77,13,90,escpos/escpos.py
30169075,81,0,81,test/test_function_qr_native.py
30169075,1,1,2,escpos/escpos.py
30169075,1,1,2,escpos/printer.py
30169075,1,0,1,test/test_cli.py
30169075,3,0,3,test/test_function_text.py
30169075,3,0,3,test/test_load_module.py
30169075,8,8,16,escpos/escpos.py
30169075,8,8,16,escpos/escpos.py
30169075,10,0,10,escpos/escpos.py
30169075,16,7,23,escpos/cli.py
30169075,2,1,3,escpos/config.py
30169075,1,1,2,escpos/config.py
30169075,20,0,20,escpos/config.py
30169075,12,4,16,escpos/config.py
30169075,16,1,17,escpos/exceptions.py
30169075,8,0,8,test/test_cli.py
30169075,4,4,8,test/test_cli.py
30169075,5,0,5,test/test_cli.py
30169075,8,6,14,escpos/config.py
30169075,3,0,3,escpos/cli.py
30169075,3,0,3,escpos/config.py
30169075,1,1,2,test/test_cli.py
30169075,5,1,6,escpos/cli.py
30169075,0,0,0,escpos/cli.py
30169075,2,0,2,test/test_cli.py
30169075,2,1,3,test/test_cli.py
30169075,2,2,4,escpos/cli.py
30169075,1,1,2,setup.py
30169075,99,0,99,test/test_cli.py
30169075,17,6,23,escpos/cli.py
30169075,8,0,8,escpos/cli.py
30169075,354,229,583,escpos/cli.py
30169075,1,1,2,escpos/cli.py
30169075,5,5,10,escpos/cli.py
30169075,3,0,3,escpos/printer.py
30169075,1,0,1,escpos/cli.py
30169075,8,0,8,escpos/cli.py
30169075,2,2,4,escpos/cli.py
30169075,1,1,2,escpos/escpos.py
30169075,43,37,80,escpos/cli.py
30169075,8,3,11,escpos/cli.py
30169075,3,3,6,escpos/config.py
30169075,1,1,2,escpos/config.py
30169075,1,4,5,escpos/cli.py
30169075,1,1,2,escpos/config.py
30169075,2,2,4,escpos/config.py
30169075,18,0,18,escpos/cli.py
30169075,321,241,562,escpos/cli.py
30169075,6,2,8,escpos/config.py
30169075,21,0,21,escpos/config.py
30169075,1,2,3,escpos/config.py
30169075,9,13,22,escpos/config.py
30169075,1,2,3,setup.py
30169075,1,0,1,setup.py
30169075,3,3,6,escpos/config.py
30169075,12,49,61,escpos/cli.py
30169075,33,0,33,escpos/exceptions.py
30169075,64,0,64,escpos/config.py
30169075,2,1,3,setup.py
30169075,1,3,4,escpos/cli.py
30169075,50,146,196,escpos/cli.py
30169075,1,0,1,setup.py
30169075,65,42,107,escpos/cli.py
30169075,0,1,1,escpos/cli.py
30169075,2,1,3,escpos/cli.py
30169075,8,8,16,escpos/cli.py
30169075,360,209,569,escpos/cli.py
30169075,1,0,1,setup.py
30169075,1,1,2,escpos/escpos.py
30169075,1,1,2,escpos/escpos.py
30169075,4,2,6,doc/conf.py
30169075,4,1,5,setup.py
30169075,1,1,2,setup.py
30169075,1,1,2,doc/conf.py
30169075,12,2,14,doc/conf.py
30169075,5,0,5,escpos/constants.py
30169075,23,0,23,escpos/escpos.py
30169075,54,0,54,test/test_function_panel_button.py
30169075,1,0,1,escpos/escpos.py
30169075,1,1,2,escpos/escpos.py
30169075,6,6,12,escpos/escpos.py
30169075,12,0,12,test/test_function_image.py
30169075,1,1,2,escpos/exceptions.py
30169075,2,5,7,escpos/printer.py
30169075,9,7,16,escpos/escpos.py
30169075,118,116,234,escpos/constants.py
30169075,4,2,6,escpos/escpos.py
30169075,1,0,1,setup.py
30169075,1,0,1,escpos/escpos.py
30169075,4,0,4,escpos/printer.py
30169075,5,0,5,escpos/constants.py
30169075,7,2,9,escpos/escpos.py
30169075,5,0,5,escpos/exceptions.py
30169075,5,0,5,escpos/printer.py
30169075,38,0,38,test/test_function_image.py
30169075,42,0,42,test/test_function_text.py
30169075,5,0,5,test/test_load_module.py
30169075,4,2,6,escpos/escpos.py
30169075,2,0,2,doc/conf.py
30169075,24,0,24,escpos/printer.py
30169075,1,1,2,escpos/escpos.py
30169075,29,53,82,escpos/constants.py
30169075,6,2,8,escpos/constants.py
30169075,2,2,4,escpos/constants.py
30169075,21,21,42,escpos/constants.py
30169075,2,2,4,escpos/constants.py
30169075,3,0,3,escpos/escpos.py
30169075,33,20,53,escpos/escpos.py
30169075,63,9,72,escpos/constants.py
30169075,0,4,4,escpos/__init__.py
30169075,1,1,2,escpos/escpos.py
30169075,6,2,8,escpos/escpos.py
30169075,16,0,16,escpos/exceptions.py
30169075,21,0,21,escpos/constants.py
30169075,18,7,25,escpos/escpos.py
30169075,2,0,2,escpos/constants.py
30169075,8,1,9,escpos/escpos.py
30169075,4,1,5,escpos/printer.py
30169075,5,5,10,setup.py
30169075,8,6,14,test/test_load_module.py
30169075,31,0,31,test/test_load_module.py
30169075,1,1,2,setup.py
30169075,12,2,14,escpos/printer.py
30169075,17,1,18,escpos/escpos.py
30169075,12,6,18,escpos/escpos.py
30169075,2,2,4,escpos/escpos.py
30169075,19,4,23,escpos/escpos.py
30169075,4,0,4,doc/conf.py
30169075,5,1,6,escpos/escpos.py
30169075,2,2,4,escpos/cli.py
30169075,2,2,4,escpos/escpos.py
30169075,2,2,4,escpos/exceptions.py
30169075,5,5,10,escpos/printer.py
30169075,4,1,5,escpos/__init__.py
30169075,26,13,39,escpos/cli.py
30169075,8,9,17,escpos/escpos.py
30169075,1,0,1,escpos/exceptions.py
30169075,5,6,11,escpos/printer.py
30169075,3,1,4,setup.py
30169075,1,2,3,escpos/escpos.py
30169075,9,6,15,escpos/escpos.py
30169075,1,0,1,escpos/__init__.py
30169075,38,0,38,escpos/escpos.py
30169075,15,0,15,escpos/exceptions.py
30169075,1,1,2,escpos/printer.py
30169075,1,1,2,escpos/escpos.py
30169075,200,0,200,escpos/cli.py
30169075,4,4,8,escpos/constants.py
30169075,1,1,2,escpos/escpos.py
30169075,3,3,6,escpos/escpos.py
30169075,2,2,4,escpos/exceptions.py
30169075,2,2,4,escpos/constants.py
30169075,7,7,14,escpos/escpos.py
30169075,117,77,194,escpos/constants.py
30169075,1,1,2,escpos/printer.py
30169075,4,0,4,setup.py
30169075,1,1,2,escpos/escpos.py
30169075,11,1,12,escpos/constants.py
30169075,108,31,139,escpos/escpos.py
30169075,61,21,82,escpos/exceptions.py
30169075,58,28,86,escpos/printer.py
30169075,4,0,4,setup.py
30169075,33,2,35,setup.py
30169075,1,1,2,doc/conf.py
30169075,264,0,264,doc/conf.py
30169075,4,0,4,escpos/printer.py
30169075,1,1,2,escpos/constants.py
30169075,90,16,106,escpos/escpos.py
30169075,9,1,10,escpos/exceptions.py
30169075,6,6,12,escpos/printer.py
30169075,7,1,8,setup.py
30169075,14,14,28,escpos/escpos.py
30169075,1,1,2,escpos/exceptions.py
30169075,1,1,2,escpos/__init__.py
30169075,75,75,150,escpos/constants.py
30169075,38,50,88,escpos/escpos.py
30169075,4,1,5,escpos/exceptions.py
30169075,10,25,35,escpos/printer.py
30169075,1,1,2,escpos/escpos.py
30169075,1,1,2,escpos/escpos.py
30169075,1,1,2,setup.py
30169075,10,2,12,escpos/printer.py
30169075,7,7,14,escpos/escpos.py
30169075,1,0,1,escpos/escpos.py
30169075,2,2,4,escpos/escpos.py
30169075,1,1,2,setup.py
30169075,10,1,11,escpos/escpos.py
30169075,18,2,20,escpos/printer.py
30169075,1,1,2,escpos/escpos.py
30169075,2,2,4,escpos/escpos.py
30169075,1,1,2,escpos/escpos.py
30169075,1,1,2,escpos/printer.py
30169075,33,0,33,escpos/escpos.py
30169075,2,2,4,setup.py
30169075,12,5,17,escpos/escpos.py
30169075,8,4,12,escpos/printer.py
30169075,2,2,4,escpos/escpos.py
30169075,4,1,5,escpos/printer.py
30169075,2,2,4,escpos/escpos.py
30169075,10,10,20,escpos/printer.py
30169075,1,1,2,escpos/escpos.py
30169075,1,1,2,setup.py
30169075,2,2,4,escpos/printer.py
30169075,1,0,1,escpos/constants.py
30169075,2,3,5,escpos/escpos.py
30169075,10,0,10,escpos/constants.py
30169075,22,1,23,escpos/escpos.py
30169075,1,1,2,setup.py
30169075,32,11,43,escpos/constants.py
30169075,64,11,75,escpos/escpos.py
30169075,22,0,22,escpos/exceptions.py
30169075,2,2,4,escpos/printer.py
30169075,1,0,1,escpos/constants.py
30169075,8,8,16,escpos/escpos.py
30169075,5,1,6,escpos/escpos.py
30169075,1,1,2,escpos/escpos.py
30169075,25,24,49,escpos/escpos.py
30169075,31,0,31,escpos/printer.py
30169075,5,3,8,escpos/escpos.py
30169075,19,3,22,escpos/escpos.py
30169075,0,0,0,__init__.py => escpos/__init__.py
30169075,0,0,0,constants.py => escpos/constants.py
30169075,0,0,0,escpos.py => escpos/escpos.py
30169075,0,0,0,exceptions.py => escpos/exceptions.py
30169075,0,0,0,printer.py => escpos/printer.py
30169075,29,0,29,setup.py
30169075,1,1,2,escpos.py
30169075,2,2,4,printer.py
30169075,1,1,2,__init__.py
30169075,5,66,71,escpos.py
30169075,136,0,136,printer.py
30169075,18,18,36,escpos.py
30169075,1,1,2,escpos.py
30169075,1,0,1,__init__.py
30169075,53,0,53,constants.py
30169075,316,0,316,escpos.py
30169075,80,0,80,exceptions.py
27472783,1,1,2,genestack_client/version.py
27472783,29,1,30,genestack_client/scripts/genestack_application_manager.py
27472783,1,1,2,genestack_client/scripts/genestack_application_manager.py
27472783,1,1,2,genestack_client/version.py
27472783,89,57,146,genestack_client/scripts/genestack_application_manager.py
27472783,18,0,18,genestack_client/scripts/genestack_uploader.py
27472783,22,9,31,genestack_client/scripts/genestack_uploader.py
27472783,3,0,3,genestack_client/file_types.py
27472783,1,1,2,genestack_client/version.py
27472783,2,0,2,genestack_client/utils.py
27472783,2,2,4,genestack_client/utils.py
27472783,9,5,14,genestack_client/utils.py
27472783,2,2,4,genestack_client/utils.py
27472783,5,2,7,genestack_client/genestack_connection.py
27472783,2,2,4,genestack_client/file_initializer.py
27472783,1,1,2,genestack_client/genestack_connection.py
27472783,1,1,2,genestack_client/version.py
27472783,36,0,36,genestack_client/data_importer.py
27472783,1,1,2,genestack_client/version.py
27472783,11,4,15,genestack_client/scripts/genestack_application_manager.py
27472783,1,1,2,genestack_client/study.py
27472783,23,6,29,genestack_client/genestack_metainfo.py
27472783,10,0,10,genestack_client/metainfo_scalar_values.py
27472783,1,1,2,genestack_client/version.py
27472783,1,1,2,genestack_client/version.py
27472783,1,1,2,genestack_client/bio_meta_keys.py
27472783,6,2,8,genestack_client/share_util.py
27472783,17,0,17,genestack_client/genestack_connection.py
27472783,7,5,12,genestack_client/samples.py
27472783,1,1,2,genestack_client/version.py
27472783,1,1,2,setup.py
27472783,1,1,2,genestack_client/version.py
27472783,1,1,2,genestack_client/version.py
27472783,27,9,36,genestack_client/files_util.py
27472783,1,1,2,genestack_client/files_util.py
27472783,1,1,2,genestack_client/version.py
27472783,1,0,1,genestack_client/bio_meta_keys.py
27472783,32,0,32,genestack_client/data_importer.py
27472783,1,0,1,genestack_client/file_types.py
27472783,1,0,1,genestack_client/files_util.py
27472783,1,1,2,genestack_client/version.py
27472783,1,1,2,genestack_client/metainfo_scalar_values.py
27472783,1,1,2,genestack_client/version.py
27472783,5,1,6,genestack_client/metainfo_scalar_values.py
27472783,1,1,2,genestack_client/metainfo_scalar_values.py
27472783,1,1,2,genestack_client/__init__.py
27472783,5,5,10,genestack_client/file_filters.py
27472783,77,0,77,genestack_client/files_util.py
27472783,1,1,2,genestack_client/version.py
27472783,1,0,1,genestack_client/__init__.py
27472783,43,0,43,genestack_client/file_filters.py
27472783,1,1,2,genestack_client/version.py
27472783,1,1,2,genestack_client/metainfo_scalar_values.py
27472783,1,1,2,genestack_client/version.py
27472783,1,1,2,genestack_client/genestack_connection.py
27472783,1,1,2,genestack_client/version.py
27472783,17,3,20,genestack_client/files_util.py
27472783,52,0,52,genestack_client/organization_util.py
27472783,1,1,2,genestack_client/version.py
27472783,1,1,2,genestack_client/version.py
27472783,1,0,1,genestack_client/file_types.py
27472783,90,0,90,genestack_client/study.py
27472783,1,1,2,genestack_client/version.py
27472783,1,0,1,genestack_client/file_types.py
27472783,1,1,2,genestack_client/version.py
27472783,5,1,6,genestack_client/genestack_connection.py
27472783,5,0,5,genestack_client/genestack_metainfo.py
27472783,1,1,2,genestack_client/version.py
27472783,15,17,32,genestack_client/genestack_connection.py
27472783,1,1,2,genestack_client/version.py
27472783,2,2,4,test/test_connection.py
27472783,12,4,16,genestack_client/settings/genestack_user.py
27472783,1,1,2,genestack_client/version.py
27472783,51,4,55,genestack_client/genestack_connection.py
27472783,6,3,9,test/test_connection.py
27472783,4,1,5,genestack_client/file_types.py
27472783,4,3,7,genestack_client/__init__.py
27472783,24,10,34,genestack_client/genestack_exceptions.py
27472783,6,5,11,genestack_client/share_util.py
27472783,2,1,3,genestack_client/__init__.py
27472783,30,53,83,genestack_client/genestack_connection.py
27472783,29,0,29,genestack_client/genestack_exceptions.py
27472783,15,11,26,test/test_connection.py
27472783,1,1,2,genestack_client/file_permissions.py
27472783,8,6,14,genestack_client/file_types.py
27472783,1,1,2,genestack_client/version.py
27472783,1,1,2,test/test_file_filters.py
27472783,1,1,2,genestack_client/version.py
27472783,3,0,3,genestack_client/files_util.py
27472783,150,12,162,genestack_client/share_util.py
27472783,1,1,2,genestack_client/version.py
27472783,8,5,13,genestack_client/genestack_exceptions.py
27472783,1,1,2,genestack_client/version.py
27472783,1,1,2,genestack_client/version.py
27472783,1,1,2,test/test_metainfo.py
27472783,13,1,14,test/test_metainfo.py
27472783,9,5,14,setup.py
27472783,12,0,12,genestack_client/metainfo_scalar_values.py
27472783,1,1,2,genestack_client/metainfo_scalar_values.py
27472783,7,3,10,genestack_client/metainfo_scalar_values.py
27472783,21,0,21,genestack_client/metainfo_scalar_values.py
27472783,3,3,6,genestack_client/bio_metainfo.py
27472783,1,2,3,genestack_client/__init__.py
27472783,23,17,40,genestack_client/files_util.py
27472783,3,3,6,genestack_client/scripts/shell.py
27472783,71,0,71,genestack_client/share_util.py
27472783,1,1,2,genestack_client/version.py
27472783,1,2,3,genestack_client/__init__.py
27472783,23,17,40,genestack_client/files_util.py
27472783,3,3,6,genestack_client/scripts/shell.py
27472783,71,0,71,genestack_client/share_util.py
27472783,1,1,2,genestack_client/version.py
27472783,1,0,1,setup.py
27472783,19,2,21,setup.py
27472783,0,153,153,test/test_file_utils.py
27472783,16,1,17,genestack_client/files_util.py
27472783,1,1,2,genestack_client/version.py
27472783,1,2,3,genestack_client/genestack_metainfo.py
27472783,1,1,2,genestack_client/version.py
27472783,1,1,2,genestack_client/version.py
27472783,4,45,49,genestack_client/scripts/genestack_user_setup.py
27472783,32,16,48,genestack_client/settings/genestack_user.py
27472783,48,1,49,genestack_client/utils.py
27472783,1,3,4,genestack_client/settings/genestack_config.py
27472783,1,1,2,genestack_client/version.py
27472783,1,1,2,genestack_client/version.py
27472783,1,0,1,genestack_client/__init__.py
27472783,20,0,20,genestack_client/groups_util.py
27472783,22,0,22,genestack_client/datasets_util.py
27472783,1,1,2,genestack_client/version.py
27472783,32,3,35,genestack_client/datasets_util.py
27472783,1,1,2,genestack_client/version.py
27472783,13,3,16,genestack_client/datasets_util.py
27472783,1,1,2,genestack_client/version.py
27472783,1,1,2,genestack_client/version.py
27472783,0,3,3,docs/source/create_cla_docs.py
27472783,8,6,14,docs/source/sample_scripts/add_metainfo_from_table.py
27472783,7,5,12,docs/source/sample_scripts/group_files_into_folders.py
27472783,7,4,11,docs/source/sample_scripts/import_encode_data.py
27472783,6,4,10,docs/source/sample_scripts/make_experiment_from_csv.py
27472783,9,6,15,docs/source/sample_scripts/run_vc_pipeline.py
27472783,4,2,6,genestack_client/genestack_connection.py
27472783,21,19,40,genestack_client/genestack_shell.py
27472783,16,14,30,genestack_client/scripts/genestack_application_manager.py
27472783,9,7,16,genestack_client/scripts/genestack_uploader.py
27472783,43,41,84,genestack_client/scripts/genestack_user_setup.py
27472783,6,4,10,genestack_client/scripts/shell.py
27472783,3,1,4,genestack_client/settings/genestack_user.py
27472783,4,2,6,genestack_client/task_log_viewer.py
27472783,3,1,4,genestack_client/utils.py
27472783,1,1,2,genestack_client/version.py
27472783,1,1,2,genestack_client/version.py
27472783,3,1,4,genestack_client/files_util.py
27472783,4,2,6,genestack_client/files_util.py
27472783,1,2,3,genestack_client/sudo_utils.py
27472783,20,0,20,genestack_client/datasets_util.py
27472783,13,9,22,genestack_client/samples.py
27472783,3,1,4,genestack_client/__init__.py
27472783,138,0,138,genestack_client/samples.py
27472783,5,2,7,genestack_client/genestack_connection.py
27472783,2,1,3,genestack_client/settings/genestack_user.py
27472783,3,0,3,genestack_client/utils.py
27472783,10,1,11,test/test_arguments.py
27472783,1,1,2,genestack_client/version.py
27472783,1,1,2,genestack_client/version.py
27472783,2,2,4,genestack_client/files_util.py
27472783,4,9,13,genestack_client/files_util.py
27472783,26,3,29,genestack_client/cla.py
27472783,16,5,21,genestack_client/expression_navigator.py
27472783,1,1,2,genestack_client/version.py
27472783,2,2,4,test/test_differential_expression.py
27472783,15,0,15,genestack_client/genestack_connection.py
27472783,55,2,57,genestack_client/scripts/genestack_user_setup.py
27472783,23,1,24,genestack_client/settings/genestack_config.py
27472783,6,3,9,genestack_client/settings/genestack_user.py
27472783,6,2,8,genestack_client/utils.py
27472783,29,2,31,test/test_arguments.py
27472783,40,0,40,genestack_client/files_util.py
27472783,11,12,23,genestack_client/files_util.py
27472783,2,2,4,genestack_client/scripts/genestack_user_setup.py
27472783,6,1,7,genestack_client/settings/genestack_user.py
27472783,4,4,8,genestack_client/scripts/genestack_user_setup.py
27472783,1,1,2,genestack_client/version.py
27472783,1,1,2,genestack_client/version.py
27472783,12,13,25,genestack_client/scripts/genestack_user_setup.py
27472783,7,6,13,genestack_client/settings/genestack_config.py
27472783,35,8,43,genestack_client/scripts/genestack_user_setup.py
27472783,3,2,5,genestack_client/settings/genestack_config.py
27472783,104,60,164,genestack_client/scripts/genestack_user_setup.py
27472783,74,38,112,genestack_client/settings/genestack_config.py
27472783,11,0,11,genestack_client/settings/genestack_user.py
27472783,9,1,10,genestack_client/utils.py
27472783,64,0,64,test/test_arguments.py
27472783,4,3,7,genestack_client/genestack_shell.py
27472783,16,0,16,genestack_client/utils.py
27472783,18,13,31,test/test_connection.py
27472783,2,2,4,docs/source/create_cla_docs.py
27472783,4,3,7,docs/source/make_shell_docs.py
27472783,1,2,3,docs/source/make_uploader_docs.py
27472783,2,3,5,docs/source/sample_scripts/add_metainfo_from_table.py
27472783,1,1,2,docs/source/sample_scripts/get_task_logs.py
27472783,1,1,2,docs/source/sample_scripts/group_files_into_folders.py
27472783,2,3,5,docs/source/sample_scripts/import_encode_data.py
27472783,2,2,4,docs/source/sample_scripts/make_experiment_from_csv.py
27472783,3,2,5,docs/source/sample_scripts/run_vc_pipeline.py
27472783,1,1,2,genestack_client/__init__.py
27472783,3,4,7,genestack_client/bio_metainfo.py
27472783,13,12,25,genestack_client/chunked_upload.py
27472783,1,1,2,genestack_client/cla.py
27472783,1,1,2,genestack_client/data_flow_editor.py
27472783,5,7,12,genestack_client/data_importer.py
27472783,3,1,4,genestack_client/file_filters.py
27472783,3,1,4,genestack_client/files_util.py
27472783,8,8,16,genestack_client/genestack_connection.py
27472783,4,3,7,genestack_client/genestack_metainfo.py
27472783,6,7,13,genestack_client/genestack_shell.py
27472783,3,2,5,genestack_client/metainfo_scalar_values.py
27472783,6,5,11,genestack_client/scripts/genestack_application_manager.py
27472783,5,5,10,genestack_client/scripts/genestack_uploader.py
27472783,4,4,8,genestack_client/scripts/genestack_user_setup.py
27472783,2,4,6,genestack_client/scripts/shell.py
27472783,1,1,2,genestack_client/settings/__init__.py
27472783,4,4,8,genestack_client/settings/genestack_config.py
27472783,3,2,5,genestack_client/settings/genestack_user.py
27472783,2,1,3,genestack_client/task_log_viewer.py
27472783,1,0,1,test/test_connection.py
27472783,2,1,3,test/test_differential_expression.py
27472783,2,1,3,test/test_file_filters.py
27472783,1,1,2,test/test_file_utils.py
27472783,2,2,4,test/test_metainfo.py
27472783,3,3,6,genestack_client/files_util.py
27472783,1,1,2,genestack_client/version.py
27472783,1,1,2,genestack_client/datasets_util.py
27472783,29,2,31,genestack_client/files_util.py
27472783,1,1,2,genestack_client/version.py
27472783,1,0,1,genestack_client/__init__.py
27472783,96,0,96,genestack_client/datasets_util.py
27472783,1,24,25,genestack_client/files_util.py
27472783,1,1,2,genestack_client/version.py
27472783,1,1,2,genestack_client/data_importer.py
27472783,1,1,2,genestack_client/version.py
27472783,1,1,2,genestack_client/version.py
27472783,1,1,2,genestack_client/version.py
27472783,3,0,3,genestack_client/data_importer.py
27472783,28,0,28,genestack_client/data_importer.py
27472783,9,6,15,genestack_client/scripts/genestack_application_manager.py
27472783,2,2,4,genestack_client/scripts/genestack_application_manager.py
27472783,97,64,161,genestack_client/data_importer.py
27472783,1,1,2,genestack_client/version.py
27472783,1,1,2,genestack_client/version.py
27472783,24,19,43,genestack_client/data_importer.py
27472783,1,1,2,genestack_client/files_util.py
27472783,34,3,37,genestack_client/cla.py
27472783,10,0,10,genestack_client/file_filters.py
27472783,1,1,2,genestack_client/version.py
27472783,40,17,57,genestack_client/genestack_connection.py
27472783,27,17,44,genestack_client/files_util.py
27472783,1,1,2,genestack_client/version.py
27472783,27,0,27,genestack_client/data_importer.py
27472783,1,0,1,genestack_client/files_util.py
27472783,1,1,2,genestack_client/version.py
27472783,1,1,2,genestack_client/version.py
27472783,11,15,26,genestack_client/scripts/genestack_application_manager.py
27472783,1,1,2,genestack_client/scripts/genestack_application_manager.py
27472783,10,3,13,genestack_client/scripts/genestack_application_manager.py
27472783,13,6,19,genestack_client/scripts/genestack_application_manager.py
27472783,11,4,15,genestack_client/scripts/genestack_application_manager.py
27472783,1,0,1,genestack_client/files_util.py
27472783,1,1,2,genestack_client/version.py
27472783,1,1,2,genestack_client/version.py
27472783,1,1,2,genestack_client/scripts/genestack_application_manager.py
27472783,1,1,2,genestack_client/scripts/genestack_user_setup.py
27472783,4,4,8,genestack_client/scripts/genestack_user_setup.py
27472783,1,1,2,genestack_client/scripts/genestack_application_manager.py
27472783,1,1,2,genestack_client/scripts/genestack_user_setup.py
27472783,4,4,8,genestack_client/scripts/genestack_application_manager.py
27472783,6,3,9,genestack_client/scripts/genestack_application_manager.py
27472783,1,1,2,genestack_client/version.py
27472783,13,8,21,genestack_client/scripts/genestack_application_manager.py
27472783,1,1,2,genestack_client/version.py
27472783,2,12,14,genestack_client/scripts/genestack_application_manager.py
27472783,10,11,21,genestack_client/scripts/genestack_application_manager.py
27472783,1,1,2,genestack_client/scripts/genestack_application_manager.py
27472783,4,0,4,genestack_client/scripts/genestack_application_manager.py
27472783,2,6,8,genestack_client/data_importer.py
27472783,31,0,31,genestack_client/data_importer.py
27472783,1,1,2,genestack_client/version.py
27472783,38,22,60,genestack_client/scripts/genestack_application_manager.py
27472783,13,6,19,genestack_client/scripts/genestack_application_manager.py
27472783,1,1,2,genestack_client/version.py
27472783,1,1,2,genestack_client/version.py
27472783,2,1,3,genestack_client/data_importer.py
27472783,24,0,24,genestack_client/files_util.py
27472783,1,0,1,genestack_client/files_util.py
27472783,1,1,2,genestack_client/scripts/genestack_uploader.py
27472783,5,81,86,genestack_client/data_importer.py
27472783,1,1,2,genestack_client/version.py
27472783,1,1,2,genestack_client/version.py
27472783,1,0,1,genestack_client/files_util.py
27472783,1,1,2,genestack_client/data_importer.py
27472783,1,0,1,genestack_client/files_util.py
27472783,32,0,32,genestack_client/data_importer.py
27472783,1,1,2,genestack_client/scripts/genestack_application_manager.py
27472783,1,1,2,genestack_client/files_util.py
27472783,1,1,2,genestack_client/utils.py
27472783,4,3,7,genestack_client/genestack_connection.py
27472783,1,1,2,genestack_client/genestack_connection.py
27472783,10,4,14,genestack_client/genestack_connection.py
27472783,13,7,20,genestack_client/genestack_connection.py
27472783,1,2,3,genestack_client/settings/genestack_user.py
27472783,3,2,5,genestack_client/utils.py
27472783,5,5,10,genestack_client/files_util.py
27472783,2,1,3,genestack_client/scripts/genestack_application_manager.py
27472783,4,4,8,genestack_client/genestack_connection.py
27472783,2,2,4,genestack_client/genestack_connection.py
27472783,1,1,2,genestack_client/version.py
27472783,5,5,10,genestack_client/genestack_connection.py
27472783,3,3,6,genestack_client/scripts/genestack_application_manager.py
27472783,2,2,4,genestack_client/scripts/genestack_application_manager.py
27472783,7,7,14,genestack_client/scripts/genestack_application_manager.py
27472783,1,1,2,genestack_client/version.py
27472783,3,3,6,genestack_client/scripts/genestack_application_manager.py
27472783,39,1,40,genestack_client/scripts/genestack_application_manager.py
27472783,3,1,4,genestack_client/scripts/genestack_application_manager.py
27472783,1,1,2,genestack_client/version.py
27472783,2,2,4,docs/source/conf.py
27472783,1,1,2,genestack_client/genestack_connection.py
27472783,1,1,2,genestack_client/genestack_connection.py
27472783,8,8,16,genestack_client/genestack_connection.py
27472783,1,1,2,genestack_client/version.py
27472783,2,1,3,test/test_connection.py
27472783,1,1,2,genestack_client/genestack_connection.py
27472783,60,13,73,genestack_client/genestack_connection.py
27472783,8,0,8,test/test_connection.py
27472783,1,1,2,genestack_client/version.py
27472783,1,1,2,genestack_client/version.py
27472783,12,4,16,genestack_client/scripts/genestack_application_manager.py
27472783,3,3,6,genestack_client/scripts/genestack_application_manager.py
27472783,1,1,2,genestack_client/version.py
27472783,1,1,2,genestack_client/version.py
27472783,1,1,2,genestack_client/version.py
27472783,7,1,8,genestack_client/scripts/genestack_application_manager.py
27472783,24,24,48,genestack_client/scripts/genestack_application_manager.py
27472783,3,3,6,genestack_client/genestack_shell.py
27472783,1,1,2,genestack_client/scripts/genestack_application_manager.py
27472783,13,2,15,genestack_client/genestack_shell.py
27472783,13,13,26,genestack_client/genestack_exceptions.py
27472783,9,6,15,genestack_client/genestack_exceptions.py
27472783,37,0,37,genestack_client/expression_navigator.py
27472783,0,37,37,genestack_client/files_util.py
27472783,2,2,4,test/test_differential_expression.py
27472783,4,4,8,genestack_client/genestack_exceptions.py
27472783,8,8,16,genestack_client/files_util.py
27472783,1,1,2,genestack_client/files_util.py
27472783,18,0,18,genestack_client/genome_query.py
27472783,4,1,5,test/test_differential_expression.py
27472783,1,2,3,genestack_client/genestack_connection.py
27472783,10,3,13,genestack_client/genestack_exceptions.py
27472783,1,1,2,genestack_client/version.py
27472783,1,1,2,genestack_client/genestack_metainfo.py
27472783,17,2,19,genestack_client/genome_query.py
27472783,12,9,21,genestack_client/files_util.py
27472783,9,5,14,genestack_client/genome_query.py
27472783,1,0,1,genestack_client/__init__.py
27472783,36,1,37,genestack_client/files_util.py
27472783,36,0,36,genestack_client/genome_query.py
27472783,4,4,8,genestack_client/genestack_connection.py
27472783,13,12,25,genestack_client/genestack_exceptions.py
27472783,3,3,6,genestack_client/genestack_exceptions.py
27472783,8,2,10,genestack_client/genestack_connection.py
27472783,9,2,11,genestack_client/genestack_exceptions.py
27472783,1,1,2,genestack_client/file_types.py
27472783,14,1,15,genestack_client/scripts/shell.py
27472783,1,1,2,genestack_client/version.py
27472783,1,1,2,genestack_client/files_util.py
27472783,6,0,6,genestack_client/genestack_metainfo.py
27472783,1,1,2,test/test_metainfo.py
27472783,0,3,3,genestack_client/expression_navigator.py
27472783,7,3,10,genestack_client/genestack_metainfo.py
27472783,1,1,2,genestack_client/metainfo_scalar_values.py
27472783,1,1,2,test/test_metainfo.py
27472783,41,35,76,genestack_client/expression_navigator.py
27472783,31,15,46,test/test_expr_navigator.py
27472783,2,5,7,test/test_expr_navigator.py
27472783,3,3,6,genestack_client/expression_navigator.py
27472783,8,8,16,test/test_expr_navigator.py
27472783,11,5,16,test/test_expr_navigator.py
27472783,1,0,1,genestack_client/__init__.py
27472783,0,9,9,genestack_client/cla.py
27472783,113,0,113,genestack_client/expression_navigator.py
27472783,70,0,70,test/test_expr_navigator.py
27472783,2,0,2,test/test_metainfo.py
27472783,1,1,2,genestack_client/files_util.py
27472783,3,3,6,genestack_client/files_util.py
27472783,4,0,4,genestack_client/bio_meta_keys.py
27472783,10,0,10,genestack_client/files_util.py
27472783,53,0,53,genestack_client/genestack_metainfo.py
27472783,55,0,55,genestack_client/metainfo_scalar_values.py
27472783,0,1,1,genestack_client/genestack_metainfo.py
27472783,1,1,2,genestack_client/version.py
27472783,8,1,9,genestack_client/genestack_metainfo.py
27472783,14,14,28,test/test_file_filters.py
27472783,1,1,2,genestack_client/__init__.py
27472783,4,24,28,genestack_client/file_filters.py
27472783,4,5,9,test/test_file_filters.py
27472783,4,4,8,genestack_client/__init__.py
27472783,1,1,2,genestack_client/file_filters.py
27472783,0,3,3,genestack_client/file_permissions.py
27472783,2,2,4,genestack_client/__init__.py
27472783,42,7,49,genestack_client/file_filters.py
27472783,0,5,5,genestack_client/file_permissions.py
27472783,5,7,12,genestack_client/file_types.py
27472783,2,7,9,genestack_client/files_util.py
27472783,5,0,5,genestack_client/utils.py
27472783,4,4,8,test/test_file_filters.py
27472783,18,18,36,genestack_client/file_filters.py
27472783,2,2,4,genestack_client/__init__.py
27472783,9,7,16,genestack_client/file_filters.py
27472783,15,8,23,genestack_client/file_permissions.py
27472783,31,27,58,genestack_client/file_types.py
27472783,4,4,8,test/test_file_filters.py
27472783,3,3,6,genestack_client/__init__.py
27472783,27,14,41,genestack_client/file_filters.py
27472783,12,0,12,genestack_client/file_permissions.py
27472783,37,0,37,genestack_client/file_types.py
27472783,20,5,25,genestack_client/files_util.py
27472783,0,84,84,genestack_client/java_enums.py
27472783,7,6,13,test/test_file_filters.py
27472783,1,2,3,genestack_client/file_filters.py
27472783,4,4,8,genestack_client/genestack_metainfo.py
27472783,14,14,28,genestack_client/metainfo_scalar_values.py
27472783,1,0,1,genestack_client/__init__.py
27472783,32,88,120,genestack_client/genestack_metainfo.py
27472783,155,0,155,genestack_client/metainfo_scalar_values.py
27472783,23,5,28,test/test_file_filters.py
27472783,55,0,55,test/test_file_import.py
27472783,2,0,2,test/test_file_filters.py
27472783,2,1,3,genestack_client/__init__.py
27472783,48,0,48,genestack_client/file_filters.py
27472783,31,2,33,genestack_client/files_util.py
27472783,12,0,12,genestack_client/java_enums.py
27472783,30,18,48,test/test_file_filters.py
27472783,1,1,2,genestack_client/__init__.py
27472783,3,3,6,genestack_client/file_filters.py
27472783,5,1,6,genestack_client/files_util.py
27472783,26,0,26,test/test_file_filters.py
27472783,1,5,6,genestack_client/files_util.py
27472783,1,1,2,genestack_client/java_enums.py
27472783,1,1,2,genestack_client/version.py
27472783,1,1,2,genestack_client/__init__.py
27472783,4,3,7,genestack_client/files_util.py
27472783,10,2,12,genestack_client/java_enums.py
27472783,1,17,18,genestack_client/file_filters.py
27472783,2,0,2,genestack_client/__init__.py
27472783,114,0,114,genestack_client/file_filters.py
27472783,3,0,3,genestack_client/files_util.py
27472783,64,0,64,genestack_client/java_enums.py
27472783,1,2,3,genestack_client/files_util.py
27472783,1,11,12,genestack_client/files_util.py
27472783,0,21,21,genestack_client/utils.py
27472783,6,6,12,genestack_client/files_util.py
27472783,21,0,21,genestack_client/utils.py
27472783,5,3,8,genestack_client/files_util.py
27472783,1,0,1,genestack_client/files_util.py
27472783,1,1,2,genestack_client/files_util.py
27472783,1,1,2,genestack_client/files_util.py
27472783,1,1,2,genestack_client/files_util.py
27472783,14,12,26,genestack_client/files_util.py
27472783,1,1,2,genestack_client/version.py
27472783,1,1,2,genestack_client/files_util.py
27472783,12,3,15,genestack_client/files_util.py
27472783,17,2,19,genestack_client/files_util.py
27472783,1,1,2,genestack_client/version.py
27472783,8,8,16,docs/source/sample_scripts/add_metainfo_from_table.py
27472783,9,9,18,docs/source/sample_scripts/import_encode_data.py
27472783,8,8,16,docs/source/sample_scripts/make_experiment_from_csv.py
27472783,3,3,6,docs/source/sample_scripts/run_vc_pipeline.py
27472783,8,0,8,genestack_client/bio_metainfo.py
27472783,1,1,2,genestack_client/version.py
27472783,1,1,2,genestack_client/files_util.py
27472783,5,2,7,genestack_client/data_importer.py
27472783,1,0,1,genestack_client/genestack_metainfo.py
27472783,7,7,14,genestack_client/data_importer.py
27472783,1,0,1,genestack_client/__init__.py
27472783,39,0,39,genestack_client/bio_meta_keys.py
27472783,14,37,51,genestack_client/bio_metainfo.py
27472783,104,102,206,genestack_client/data_importer.py
27472783,1,1,2,genestack_client/version.py
27472783,1,1,2,genestack_client/version.py
27472783,2,1,3,genestack_client/scripts/genestack_application_manager.py
27472783,14,18,32,genestack_client/scripts/genestack_application_manager.py
27472783,11,0,11,genestack_client/files_util.py
27472783,5,1,6,genestack_client/data_importer.py
27472783,1,1,2,genestack_client/version.py
27472783,4,2,6,genestack_client/scripts/genestack_application_manager.py
27472783,6,6,12,genestack_client/scripts/genestack_application_manager.py
27472783,1,1,2,genestack_client/scripts/genestack_application_manager.py
27472783,4,2,6,genestack_client/scripts/genestack_application_manager.py
27472783,1,1,2,genestack_client/scripts/genestack_application_manager.py
27472783,1,1,2,genestack_client/scripts/genestack_application_manager.py
27472783,2,2,4,genestack_client/scripts/genestack_application_manager.py
27472783,1,0,1,genestack_client/scripts/genestack_application_manager.py
27472783,1,1,2,genestack_client/version.py
27472783,21,8,29,genestack_client/scripts/genestack_application_manager.py
27472783,1,1,2,genestack_client/version.py
27472783,0,1,1,genestack_client/__init__.py
27472783,0,76,76,genestack_client/dictionary_util.py
27472783,1,1,2,genestack_client/version.py
27472783,1,1,2,setup.py
27472783,1,1,2,setup.py
27472783,1,1,2,genestack_client/version.py
27472783,9,0,9,genestack_client/dictionary_util.py
27472783,1,1,2,genestack_client/version.py
27472783,1,1,2,genestack_client/version.py
27472783,1,1,2,genestack_client/data_importer.py
27472783,9,2,11,genestack_client/data_importer.py
27472783,3,0,3,genestack_client/data_importer.py
27472783,1,2,3,genestack_client/data_importer.py
27472783,2,1,3,docs/source/conf.py
27472783,1,2,3,genestack_client/data_importer.py
27472783,1,1,2,genestack_client/data_importer.py
27472783,2,1,3,genestack_client/data_importer.py
27472783,45,0,45,genestack_client/data_importer.py
27472783,1,1,2,genestack_client/version.py
27472783,2,1,3,genestack_client/genestack_connection.py
27472783,1,1,2,genestack_client/version.py
27472783,3,4,7,genestack_client/genestack_connection.py
27472783,1,1,2,genestack_client/version.py
27472783,1,1,2,genestack_client/files_util.py
27472783,9,5,14,genestack_client/files_util.py
27472783,1,1,2,genestack_client/files_util.py
27472783,8,2,10,genestack_client/chunked_upload.py
27472783,3,1,4,genestack_client/utils.py
27472783,1,1,2,genestack_client/file_initializer.py
27472783,0,5,5,genestack_client/chunked_upload.py
27472783,1,1,2,docs/source/sample_scripts/get_task_logs.py
27472783,5,2,7,docs/source/sample_scripts/get_task_logs.py
27472783,5,5,10,docs/source/sample_scripts/get_task_logs.py
27472783,5,4,9,docs/source/sample_scripts/import_encode_data.py
27472783,4,0,4,genestack_client/task_log_viewer.py
27472783,19,0,19,docs/source/sample_scripts/get_task_logs.py
27472783,79,0,79,docs/source/sample_scripts/import_encode_data.py
27472783,6,2,8,genestack_client/genestack_shell.py
27472783,1,1,2,genestack_client/version.py
27472783,1,1,2,genestack_client/scripts/genestack_application_manager.py
27472783,2,2,4,genestack_client/scripts/genestack_application_manager.py
27472783,0,3,3,genestack_client/scripts/genestack_application_manager.py
27472783,1,1,2,genestack_client/scripts/genestack_application_manager.py
27472783,3,3,6,genestack_client/scripts/genestack_user_setup.py
27472783,1,5,6,genestack_client/genestack_exceptions.py
27472783,1,1,2,genestack_client/version.py
27472783,8,13,21,genestack_client/scripts/genestack_application_manager.py
27472783,6,0,6,genestack_client/genestack_exceptions.py
27472783,5,2,7,setup.py
27472783,2,2,4,genestack_client/data_importer.py
27472783,1,1,2,genestack_client/version.py
27472783,18,22,40,genestack_client/data_importer.py
27472783,3,1,4,genestack_client/genestack_connection.py
27472783,1,1,2,genestack_client/version.py
27472783,1,1,2,docs/source/conf.py
27472783,2,2,4,genestack_client/genestack_shell.py
27472783,0,8,8,genestack_client/__init__.py
27472783,0,8,8,genestack_client/bio_metainfo.py
27472783,0,8,8,genestack_client/chunked_upload.py
27472783,0,8,8,genestack_client/cla.py
27472783,0,8,8,genestack_client/data_flow_editor.py
27472783,0,8,8,genestack_client/data_importer.py
27472783,0,8,8,genestack_client/dictionary_util.py
27472783,0,8,8,genestack_client/file_initializer.py
27472783,1,9,10,genestack_client/files_util.py
27472783,0,8,8,genestack_client/genestack_connection.py
27472783,0,8,8,genestack_client/genestack_exceptions.py
27472783,0,8,8,genestack_client/genestack_metainfo.py
27472783,0,8,8,genestack_client/genestack_shell.py
27472783,0,8,8,genestack_client/scripts/genestack_application_manager.py
27472783,0,8,8,genestack_client/scripts/genestack_uploader.py
27472783,0,8,8,genestack_client/scripts/genestack_user_setup.py
27472783,0,7,7,genestack_client/scripts/shell.py
27472783,0,8,8,genestack_client/settings/__init__.py
27472783,0,8,8,genestack_client/settings/genestack_config.py
27472783,0,8,8,genestack_client/settings/genestack_user.py
27472783,0,8,8,genestack_client/sudo_utils.py
27472783,0,8,8,genestack_client/task_log_viewer.py
27472783,0,9,9,genestack_client/unaligned_reads.py
27472783,0,8,8,genestack_client/utils.py
27472783,0,8,8,setup.py
27472783,0,8,8,test/test_connection.py
27472783,0,8,8,test/test_file_utils.py
27472783,2,2,4,genestack_client/scripts/genestack_uploader.py
27472783,2,2,4,genestack_client/scripts/genestack_uploader.py
27472783,5,3,8,genestack_client/scripts/genestack_uploader.py
27472783,1,1,2,genestack_client/scripts/genestack_uploader.py
27472783,1,1,2,genestack_client/version.py
27472783,1,1,2,genestack_client/scripts/genestack_application_manager.py
27472783,6,1,7,genestack_client/genestack_shell.py
27472783,8,1,9,genestack_client/scripts/shell.py
27472783,1,0,1,genestack_client/scripts/genestack_application_manager.py
27472783,1,1,2,genestack_client/scripts/genestack_application_manager.py
27472783,2,3,5,genestack_client/scripts/genestack_application_manager.py
27472783,4,1,5,genestack_client/genestack_shell.py
27472783,13,5,18,genestack_client/genestack_shell.py
27472783,10,0,10,genestack_client/scripts/shell.py
27472783,3,0,3,docs/source/make_shell_docs.py
27472783,2,0,2,docs/source/make_uploader_docs.py
27472783,11,2,13,genestack_client/scripts/genestack_uploader.py
27472783,29,19,48,genestack_client/scripts/genestack_application_manager.py
27472783,1,0,1,genestack_client/scripts/genestack_application_manager.py
27472783,1,1,2,genestack_client/scripts/genestack_application_manager.py
27472783,4,3,7,genestack_client/scripts/genestack_application_manager.py
27472783,7,7,14,genestack_client/scripts/genestack_application_manager.py
27472783,2,2,4,genestack_client/scripts/genestack_application_manager.py
27472783,1,1,2,genestack_client/scripts/genestack_application_manager.py
27472783,1,1,2,genestack_client/scripts/genestack_application_manager.py
27472783,7,2,9,genestack_client/scripts/genestack_application_manager.py
27472783,2,1,3,genestack_client/scripts/genestack_application_manager.py
27472783,3,3,6,genestack_client/scripts/genestack_application_manager.py
27472783,2,0,2,genestack_client/scripts/genestack_application_manager.py
27472783,19,12,31,genestack_client/scripts/genestack_application_manager.py
27472783,1,1,2,genestack_client/version.py
27472783,0,1,1,genestack_client/scripts/genestack_application_manager.py
27472783,1,0,1,genestack_client/scripts/genestack_application_manager.py
27472783,4,3,7,genestack_client/scripts/genestack_application_manager.py
27472783,13,0,13,genestack_client/scripts/genestack_application_manager.py
27472783,2,1,3,genestack_client/__init__.py
27472783,2,2,4,genestack_client/genestack_connection.py
27472783,1,2,3,genestack_client/genestack_shell.py
27472783,2,2,4,genestack_client/genestack_shell.py
27472783,2,2,4,genestack_client/files_util.py
27472783,7,1,8,genestack_client/genestack_shell.py
27472783,2,5,7,genestack_client/genestack_connection.py
27472783,13,0,13,genestack_client/genestack_exceptions.py
27472783,3,10,13,genestack_client/scripts/genestack_application_manager.py
27472783,1,1,2,genestack_client/version.py
27472783,1,1,2,genestack_client/version.py
27472783,6,3,9,genestack_client/scripts/genestack_application_manager.py
27472783,7,6,13,genestack_client/genestack_connection.py
27472783,2,2,4,genestack_client/genestack_connection.py
27472783,1,1,2,genestack_client/version.py
27472783,1,1,2,genestack_client/task_log_viewer.py
27472783,1,2,3,genestack_client/genestack_connection.py
27472783,3,3,6,genestack_client/genestack_connection.py
27472783,4,2,6,genestack_client/settings/genestack_user.py
27472783,1,1,2,genestack_client/version.py
27472783,0,39,39,test/version_tests.py
27472783,4,2,6,genestack_client/genestack_connection.py
27472783,5,4,9,genestack_client/task_log_viewer.py
27472783,1,1,2,genestack_client/genestack_connection.py
27472783,4,6,10,genestack_client/genestack_connection.py
27472783,8,16,24,genestack_client/genestack_connection.py
27472783,8,0,8,genestack_client/cla.py
27472783,1,1,2,genestack_client/version.py
27472783,1,1,2,genestack_client/version.py
27472783,7,4,11,genestack_client/scripts/genestack_application_manager.py
27472783,1,1,2,genestack_client/version.py
27472783,1,0,1,genestack_client/genestack_exceptions.py
27472783,0,5,5,genestack_client/GenestackShell.py
27472783,0,5,5,genestack_client/UnalignedReads.py
27472783,3,3,6,docs/source/sample_scripts/make_experiment_from_csv.py
27472783,1,1,2,genestack_client/version.py
27472783,1,1,2,genestack_client/genestack_exceptions.py
27472783,4,5,9,genestack_client/scripts/genestack_application_manager.py
27472783,2,2,4,genestack_client/genestack_shell.py
27472783,3,3,6,genestack_client/genestack_shell.py
27472783,2,3,5,genestack_client/scripts/genestack_application_manager.py
27472783,11,1,12,genestack_client/genestack_shell.py
27472783,39,18,57,genestack_client/scripts/genestack_application_manager.py
27472783,49,83,132,genestack_client/scripts/genestack_application_manager.py
27472783,13,8,21,genestack_client/genestack_shell.py
27472783,1,0,1,genestack_client/bio_metainfo.py
27472783,17,55,72,genestack_client/task_log_viewer.py
27472783,1,1,2,genestack_client/version.py
27472783,42,1,43,genestack_client/task_log_viewer.py
27472783,6,0,6,genestack_client/cla.py
27472783,7,5,12,genestack_client/scripts/genestack_application_manager.py
27472783,2,4,6,genestack_client/scripts/genestack_application_manager.py
27472783,2,2,4,genestack_client/scripts/genestack_application_manager.py
27472783,3,3,6,genestack_client/scripts/genestack_application_manager.py
27472783,1,1,2,genestack_client/genestack_exceptions.py
27472783,1,1,2,genestack_client/genestack_shell.py
27472783,1,1,2,genestack_client/genestack_exceptions.py
27472783,1,1,2,genestack_client/genestack_connection.py
27472783,1,1,2,genestack_client/genestack_shell.py
27472783,1,1,2,genestack_client/version.py
27472783,17,12,29,genestack_client/scripts/genestack_application_manager.py
27472783,2,2,4,genestack_client/genestack_exceptions.py
27472783,1,1,2,genestack_client/version.py
27472783,1,1,2,genestack_client/scripts/genestack_application_manager.py
27472783,1,1,2,genestack_client/version.py
27472783,5,1,6,genestack_client/scripts/genestack_application_manager.py
27472783,1,1,2,genestack_client/version.py
27472783,5,2,7,genestack_client/genestack_exceptions.py
27472783,1,1,2,genestack_client/genestack_connection.py
27472783,1,1,2,genestack_client/utils.py
27472783,1,6,7,genestack_client/genestack_connection.py
27472783,2,2,4,genestack_client/settings/genestack_user.py
27472783,5,2,7,genestack_client/genestack_shell.py
27472783,1,1,2,genestack_client/bio_metainfo.py
27472783,1,1,2,genestack_client/bio_metainfo.py
27472783,1,1,2,genestack_client/genestack_connection.py
27472783,18,2,20,genestack_client/genestack_connection.py
27472783,6,2,8,genestack_client/settings/genestack_user.py
27472783,2,1,3,genestack_client/utils.py
27472783,2,1,3,genestack_client/chunked_upload.py
27472783,4,6,10,genestack_client/genestack_connection.py
27472783,6,2,8,genestack_client/genestack_exceptions.py
27472783,11,21,32,genestack_client/genestack_connection.py
27472783,0,2,2,genestack_client/genestack_connection.py
27472783,0,10,10,genestack_client/scripts/genestack_application_manager.py
27472783,0,1,1,genestack_client/scripts/genestack_uploader.py
27472783,0,1,1,genestack_client/scripts/genestack_user_setup.py
27472783,1,5,6,genestack_client/data_importer.py
27472783,0,1,1,genestack_client/scripts/genestack_application_manager.py
27472783,1,1,2,genestack_client/scripts/genestack_application_manager.py
27472783,1,0,1,genestack_client/scripts/genestack_application_manager.py
27472783,1,1,2,genestack_client/scripts/genestack_application_manager.py
27472783,3,0,3,genestack_client/scripts/genestack_application_manager.py
27472783,27,0,27,genestack_client/data_importer.py
27472783,1,1,2,genestack_client/version.py
27472783,1,1,2,genestack_client/version.py
27472783,65,37,102,genestack_client/scripts/genestack_application_manager.py
27472783,0,12,12,genestack_client/scripts/genestack_application_manager.py
27472783,2,2,4,genestack_client/scripts/genestack_application_manager.py
27472783,4,3,7,genestack_client/scripts/genestack_application_manager.py
27472783,24,2,26,genestack_client/scripts/genestack_application_manager.py
27472783,10,18,28,genestack_client/scripts/genestack_application_manager.py
27472783,1,5,6,genestack_client/scripts/shell.py
27472783,1,1,2,genestack_client/scripts/genestack_uploader.py
27472783,1,1,2,genestack_client/version.py
27472783,1,1,2,genestack_client/scripts/genestack_application_manager.py
27472783,34,9,43,genestack_client/scripts/genestack_application_manager.py
27472783,1,1,2,genestack_client/version.py
27472783,2,2,4,genestack_client/scripts/genestack_application_manager.py
27472783,3,1,4,genestack_client/scripts/genestack_application_manager.py
27472783,62,0,62,genestack_client/scripts/genestack_application_manager.py
27472783,2,2,4,docs/source/conf.py
27472783,1,1,2,genestack_client/version.py
27472783,1,1,2,genestack_client/bio_metainfo.py
27472783,7,11,18,genestack_client/scripts/genestack_application_manager.py
27472783,6,6,12,genestack_client/settings/genestack_config.py
27472783,2,2,4,genestack_client/settings/genestack_user.py
27472783,29,0,29,genestack_client/utils.py
27472783,21,0,21,genestack_client/cla.py
27472783,4,1,5,genestack_client/cla.py
27472783,2,2,4,genestack_client/__init__.py
27472783,3,3,6,genestack_client/genestack_connection.py
27472783,1,1,2,genestack_client/__init__.py
27472783,5,5,10,docs/source/make_shell_docs.py
27472783,1,1,2,docs/source/make_uploader_docs.py
27472783,8,0,8,genestack_client/__init__.py
27472783,1,1,2,genestack_client/genestack_metainfo.py
27472783,1,1,2,genestack_client/version.py
27472783,5,1,6,genestack_client/genestack_metainfo.py
27472783,1,1,2,genestack_client/files_util.py
27472783,12,2,14,test/test_file_utils.py
27472783,73,0,73,genestack_client/genestack_metainfo.py
27472783,1,1,2,genestack_client/version.py
27472783,0,65,65,test/test_metainfo.py
27472783,9,4,13,test/test_file_utils.py
27472783,2,2,4,genestack_client/files_util.py
27472783,3,4,7,genestack_client/files_util.py
27472783,1,1,2,genestack_client/cla.py
27472783,5,45,50,genestack_client/cla.py
27472783,39,0,39,genestack_client/files_util.py
27472783,1,1,2,genestack_client/version.py
27472783,15,10,25,genestack_client/cla.py
27472783,6,4,10,genestack_client/scripts/genestack_application_manager.py
27472783,4,3,7,genestack_client/scripts/genestack_application_manager.py
27472783,2,1,3,genestack_client/scripts/genestack_application_manager.py
27472783,1,1,2,genestack_client/scripts/genestack_application_manager.py
27472783,1,0,1,genestack_client/genestack_shell.py
27472783,1,1,2,setup.py
27472783,7,2,9,genestack_client/genestack_shell.py
27472783,1,1,2,setup.py
27472783,2,1,3,genestack_client/genestack_shell.py
27472783,1,1,2,genestack_client/scripts/genestack_user_setup.py
27472783,3,2,5,genestack_client/scripts/genestack_user_setup.py
27472783,0,0,0,genestack_client/scripts/__init__.py
27472783,4,1,5,genestack-application-manager => genestack_client/scripts/genestack_application_manager.py
27472783,5,2,7,genestack-shell => genestack_client/scripts/genestack_shell.py
27472783,4,1,5,genestack-uploader => genestack_client/scripts/genestack_uploader.py
27472783,4,1,5,genestack-user-setup => genestack_client/scripts/genestack_user_setup.py
27472783,10,3,13,setup.py
27472783,9,9,18,genestack_client/genestack_shell.py
27472783,1,1,2,genestack_client/__init__.py
27472783,2,2,4,genestack_client/genestack_connection.py
27472783,6,0,6,genestack_client/genestack_exceptions.py
27472783,16,5,21,genestack_client/genestack_shell.py
27472783,7,4,11,genestack_client/settings/genestack_user.py
27472783,2,2,4,docs/source/conf.py
27472783,1,1,2,genestack_client/__init__.py
27472783,1,1,2,genestack_client/bio_metainfo.py
27472783,1,1,2,genestack_client/chunked_upload.py
27472783,1,1,2,genestack_client/cla.py
27472783,1,1,2,genestack_client/data_flow_editor.py
27472783,1,1,2,genestack_client/data_importer.py
27472783,1,1,2,genestack_client/dictionary_util.py
27472783,1,1,2,genestack_client/file_initializer.py
27472783,1,1,2,genestack_client/files_util.py
27472783,1,1,2,genestack_client/genestack_connection.py
27472783,1,1,2,genestack_client/genestack_exceptions.py
27472783,1,1,2,genestack_client/genestack_metainfo.py
27472783,1,1,2,genestack_client/genestack_shell.py
27472783,1,1,2,genestack_client/settings/__init__.py
27472783,1,1,2,genestack_client/settings/genestack_config.py
27472783,1,1,2,genestack_client/settings/genestack_user.py
27472783,1,1,2,genestack_client/sudo_utils.py
27472783,1,1,2,genestack_client/task_log_viewer.py
27472783,1,1,2,genestack_client/unaligned_reads.py
27472783,1,1,2,genestack_client/utils.py
27472783,1,1,2,setup.py
27472783,1,1,2,test/test_connection.py
27472783,1,1,2,test/test_file_utils.py
27472783,1,1,2,test/test_metainfo.py
27472783,1,1,2,test/version_tests.py
27472783,1,1,2,genestack_client/version.py
27472783,1,1,2,genestack_client/version.py
27472783,0,2,2,genestack_client/genestack_shell.py
27472783,1,1,2,genestack_client/utils.py
27472783,2,6,8,genestack_client/settings/genestack_user.py
27472783,4,9,13,genestack_client/utils.py
27472783,7,3,10,genestack_client/genestack_connection.py
27472783,5,1,6,genestack_client/settings/genestack_user.py
27472783,9,3,12,genestack_client/utils.py
27472783,14,17,31,genestack_client/files_util.py
27472783,14,0,14,genestack_client/files_util.py
27472783,26,0,26,genestack_client/files_util.py
27472783,14,0,14,genestack_client/files_util.py
27472783,1,0,1,genestack_client/cla.py
27472783,10,0,10,genestack_client/data_flow_editor.py
27472783,10,0,10,genestack_client/dictionary_util.py
27472783,5,2,7,genestack_client/genestack_exceptions.py
27472783,12,0,12,genestack_client/genestack_metainfo.py
27472783,22,0,22,genestack_client/dictionary_util.py
27472783,1,1,2,genestack_client/version.py
27472783,2,2,4,genestack_client/bio_metainfo.py
27472783,4,6,10,genestack_client/dictionary_util.py
27472783,2,0,2,genestack_client/files_util.py
27472783,6,4,10,genestack_client/dictionary_util.py
27472783,1,1,2,genestack_client/__init__.py
27472783,43,0,43,genestack_client/dictionary_util.py
27472783,0,38,38,genestack_client/dictionary_utils.py
27472783,1,0,1,genestack_client/__init__.py
27472783,38,0,38,genestack_client/dictionary_utils.py
27472783,3,6,9,genestack_client/files_util.py
27472783,5,0,5,genestack_client/cla.py
27472783,1,1,2,genestack_client/version.py
27472783,1,1,2,genestack_client/version.py
27472783,5,5,10,genestack_client/cla.py
27472783,3,3,6,genestack_client/cla.py
27472783,0,14,14,genestack_client/files_util.py
27472783,5,5,10,genestack_client/files_util.py
27472783,5,3,8,genestack_client/cla.py
27472783,1,1,2,genestack_client/version.py
27472783,1,1,2,genestack_client/version.py
27472783,8,3,11,genestack_client/genestack_shell.py
27472783,18,7,25,genestack_client/genestack_connection.py
27472783,1,1,2,genestack_client/genestack_connection.py
27472783,7,1,8,genestack_client/chunked_upload.py
27472783,4,3,7,genestack_client/genestack_connection.py
27472783,2,2,4,genestack_client/files_util.py
27472783,1,1,2,genestack_client/settings/genestack_user.py
27472783,3,3,6,genestack_client/utils.py
27472783,1,1,2,genestack_client/files_util.py
27472783,1,1,2,genestack_client/genestack_connection.py
27472783,2,1,3,genestack_client/genestack_connection.py
27472783,1,1,2,genestack_client/data_importer.py
27472783,3,1,4,docs/source/conf.py
27472783,1,1,2,docs/source/create_cla_docs.py
27472783,22,13,35,genestack_client/data_importer.py
27472783,5,1,6,docs/source/conf.py
27472783,25,0,25,docs/source/create_cla_docs.py
27472783,7,0,7,docs/source/conf.py
27472783,0,1,1,genestack_client/bio_metainfo.py
27472783,0,3,3,genestack_client/genestack_exceptions.py
27472783,0,4,4,genestack_client/genestack_shell.py
27472783,2,17,19,genestack_client/cla.py
27472783,15,0,15,genestack_client/files_util.py
27472783,17,2,19,genestack_client/cla.py
27472783,0,15,15,genestack_client/files_util.py
27472783,2,17,19,genestack_client/cla.py
27472783,15,0,15,genestack_client/files_util.py
27472783,2,1,3,genestack_client/bio_metainfo.py
27472783,20,12,32,genestack_client/cla.py
27472783,51,19,70,genestack_client/data_importer.py
27472783,15,10,25,genestack_client/files_util.py
27472783,5,3,8,genestack_client/genestack_connection.py
27472783,5,11,16,genestack_client/genestack_exceptions.py
27472783,3,3,6,genestack_client/genestack_metainfo.py
27472783,14,9,23,genestack_client/genestack_shell.py
27472783,4,3,7,genestack_client/settings/genestack_user.py
27472783,6,2,8,genestack_client/sudo_utils.py
27472783,5,4,9,genestack_client/task_log_viewer.py
27472783,6,6,12,genestack_client/utils.py
27472783,1,1,2,genestack_client/settings/genestack_user.py
27472783,1,1,2,genestack_client/data_importer.py
27472783,2,0,2,docs/source/make_shell_docs.py
27472783,2,0,2,docs/source/make_uploader_docs.py
27472783,1,1,2,genestack_client/genestack_connection.py
27472783,7,2,9,genestack_client/genestack_connection.py
27472783,1,4,5,genestack_client/genestack_connection.py
27472783,1,1,2,test/version_tests.py
27472783,3,0,3,docs/source/conf.py
27472783,40,0,40,docs/source/make_uploader_docs.py
27472783,2,2,4,genestack_client/files_util.py
27472783,1,1,2,docs/source/make_shell_docs.py
27472783,1,1,2,genestack_client/version.py
27472783,1,1,2,docs/source/sample_scripts/add_metainfo_from_table.py
27472783,2,2,4,docs/source/sample_scripts/add_metainfo_from_table.py
27472783,3,3,6,genestack_client/files_util.py
27472783,15,2,17,genestack_client/files_util.py
27472783,1,1,2,genestack_client/sudo_utils.py
27472783,27,0,27,genestack_client/data_importer.py
27472783,1,1,2,setup.py
27472783,18,0,18,genestack_client/cla.py
27472783,1,1,2,docs/source/sample_scripts/make_experiment_from_csv.py
27472783,1,1,2,genestack_client/chunked_upload.py
27472783,1,1,2,genestack_client/files_util.py
27472783,3,3,6,genestack_client/settings/genestack_config.py
27472783,1,1,2,genestack_client/settings/genestack_user.py
27472783,1,1,2,genestack_client/task_log_viewer.py
27472783,4,0,4,genestack_client/cla.py
27472783,15,7,22,genestack_client/GenestackShell.py
27472783,1,0,1,genestack_client/FilesUtil.py
27472783,3,3,6,genestack_client/__init__.py
27472783,2,2,4,genestack_client/chunked_upload.py
27472783,2,2,4,genestack_client/settings/__init__.py
27472783,1,1,2,test/test_connection.py
27472783,2,8,10,genestack_client/FilesUtil.py
27472783,92,0,92,docs/source/sample_scripts/add_metainfo_from_table.py
27472783,16,0,16,genestack_client/FilesUtil.py
27472783,0,1,1,genestack_client/__init__.py
27472783,5,0,5,genestack_client/GenestackShell.py
27472783,5,0,5,genestack_client/UnalignedReads.py
27472783,1,1,2,docs/source/make_shell_docs.py
27472783,11,12,23,genestack_client/__init__.py
27472783,1,1,2,genestack_client/BioMetainfo.py
27472783,1,1,2,genestack_client/CLApplications.py
27472783,4,4,8,genestack_client/Connection.py
27472783,1,3,4,genestack_client/DataImporter.py
27472783,1,1,2,genestack_client/FileInitializer.py
27472783,1,4,5,genestack_client/FilesUtil.py
27472783,1,1,2,genestack_client/Metainfo.py
27472783,1,2,3,genestack_client/SudoUtils.py
27472783,1,3,4,genestack_client/TaskLogViewer.py
27472783,1,0,1,genestack_client/__init__.py
27472783,2,1,3,genestack_client/chunked_upload.py
27472783,1,1,2,genestack_client/settings/Config.py
27472783,2,2,4,genestack_client/settings/__init__.py
27472783,1,1,2,test/test_connection.py
27472783,4,0,4,genestack_client/CLApplications.py
27472783,1,0,1,genestack_client/CLApplications.py
27472783,3,0,3,genestack_client/CLApplications.py
27472783,2,2,4,genestack_client/FilesUtil.py
27472783,10,10,20,genestack_client/FilesUtil.py
27472783,7,4,11,genestack_client/Exceptions.py
27472783,1,2,3,genestack_client/GenestackShell.py
27472783,1,1,2,docs/source/sample_scripts/run_vc_pipeline.py
27472783,8,8,16,genestack_client/FilesUtil.py
27472783,26,0,26,genestack_client/FilesUtil.py
27472783,3,3,6,docs/source/sample_scripts/run_vc_pipeline.py
27472783,1,1,2,docs/source/sample_scripts/run_vc_pipeline.py
27472783,1,1,2,docs/source/sample_scripts/group_files_into_folders.py
27472783,0,1,1,genestack_client/FilesUtil.py
27472783,2,2,4,docs/source/sample_scripts/make_experiment_from_csv.py
27472783,2,3,5,docs/source/sample_scripts/run_vc_pipeline.py
27472783,1,1,2,docs/source/sample_scripts/group_files_into_folders.py
27472783,1,1,2,docs/source/sample_scripts/make_experiment_from_csv.py
27472783,1,1,2,docs/source/sample_scripts/run_vc_pipeline.py
27472783,3,3,6,docs/source/sample_scripts/run_vc_pipeline.py
27472783,11,12,23,docs/source/sample_scripts/group_files_into_folders.py
27472783,2,2,4,docs/source/sample_scripts/make_experiment_from_csv.py
27472783,23,18,41,docs/source/sample_scripts/run_vc_pipeline.py
27472783,2,2,4,genestack_client/DataImporter.py
27472783,3,5,8,docs/source/sample_scripts/group_files_into_folders.py
27472783,2,1,3,docs/source/sample_scripts/group_files_into_folders.py
27472783,52,0,52,docs/source/sample_scripts/group_files_into_folders.py
27472783,2,2,4,docs/source/sample_scripts/run_vc_pipeline.py
27472783,12,9,21,genestack_client/CLApplications.py
27472783,15,13,28,genestack_client/DataImporter.py
27472783,1,1,2,genestack_client/FileInitializer.py
27472783,1,1,2,genestack_client/FilesUtil.py
27472783,5,5,10,genestack_client/Metainfo.py
27472783,6,4,10,genestack_client/SudoUtils.py
27472783,2,2,4,genestack_client/TaskLogViewer.py
27472783,0,1,1,docs/source/sample_scripts/run_vc_pipeline.py
27472783,3,4,7,docs/source/sample_scripts/run_vc_pipeline.py
27472783,104,0,104,docs/source/sample_scripts/run_vc_pipeline.py
27472783,5,7,12,genestack_client/CLApplications.py
27472783,8,7,15,genestack_client/CLApplications.py
27472783,2,2,4,docs/source/sample_scripts/make_experiment_from_csv.py
27472783,4,1,5,docs/source/make_shell_docs.py
27472783,74,0,74,docs/source/sample_scripts/make_experiment_from_csv.py
27472783,8,8,16,genestack_client/DataImporter.py
27472783,1,1,2,genestack_client/FilesUtil.py
27472783,3,3,6,genestack_client/Connection.py
27472783,2,2,4,genestack_client/DataFlowEditor.py
27472783,3,3,6,genestack_client/DataImporter.py
27472783,6,1,7,genestack_client/FileInitializer.py
27472783,65,48,113,genestack_client/FilesUtil.py
27472783,5,5,10,genestack_client/GenestackShell.py
27472783,9,9,18,genestack_client/settings/User.py
27472783,5,5,10,docs/source/make_shell_docs.py
27472783,11,10,21,genestack_client/CLApplications.py
27472783,8,6,14,genestack_client/DataImporter.py
27472783,1,1,2,genestack_client/CLApplications.py
27472783,2,2,4,genestack_client/CLApplications.py
27472783,6,0,6,genestack_client/CLApplications.py
27472783,14,12,26,genestack_client/CLApplications.py
27472783,13,45,58,genestack_client/DataImporter.py
27472783,4,4,8,genestack_client/BioMetainfo.py
27472783,20,21,41,genestack_client/CLApplications.py
27472783,24,25,49,genestack_client/Connection.py
27472783,9,9,18,genestack_client/DataFlowEditor.py
27472783,31,34,65,genestack_client/DataImporter.py
27472783,9,9,18,genestack_client/Exceptions.py
27472783,5,5,10,genestack_client/FileInitializer.py
27472783,41,42,83,genestack_client/FilesUtil.py
27472783,17,17,34,genestack_client/GenestackShell.py
27472783,20,20,40,genestack_client/Metainfo.py
27472783,3,3,6,genestack_client/SudoUtils.py
27472783,6,4,10,genestack_client/TaskLogViewer.py
27472783,8,8,16,genestack_client/chunked_upload.py
27472783,7,5,12,genestack_client/utils.py
27472783,18,69,87,genestack_client/DataImporter.py
27472783,2,2,4,genestack_client/CLApplications.py
27472783,0,1,1,genestack_client/DataImporter.py
27472783,11,1,12,genestack_client/DataImporter.py
27472783,2,1,3,genestack_client/DataImporter.py
27472783,7,2,9,genestack_client/DataImporter.py
27472783,3,0,3,genestack_client/CLApplications.py
27472783,1,1,2,genestack_client/version.py
27472783,1,1,2,docs/source/conf.py
27472783,2,2,4,docs/source/make_shell_docs.py
27472783,1,1,2,genestack_client/BioMetainfo.py
27472783,1,1,2,genestack_client/DataFlowEditor.py
27472783,3,3,6,genestack_client/GenestackShell.py
27472783,9,9,18,genestack_client/Metainfo.py
27472783,1,1,2,genestack_client/SudoUtils.py
27472783,1,1,2,genestack_client/TaskLogViewer.py
27472783,2,2,4,genestack_client/chunked_upload.py
27472783,1,1,2,genestack_client/settings/Config.py
27472783,3,3,6,genestack_client/settings/User.py
27472783,1,1,2,docs/source/conf.py
27472783,2,2,4,docs/source/make_shell_docs.py
27472783,1,1,2,{genestack_cli => genestack_client}/BioMetainfo.py
27472783,0,0,0,{genestack_cli => genestack_client}/CLApplications.py
27472783,0,0,0,{genestack_cli => genestack_client}/Connection.py
27472783,1,1,2,{genestack_cli => genestack_client}/DataFlowEditor.py
27472783,0,0,0,{genestack_cli => genestack_client}/DataImporter.py
27472783,0,0,0,{genestack_cli => genestack_client}/Exceptions.py
27472783,0,0,0,{genestack_cli => genestack_client}/FileInitializer.py
27472783,0,0,0,{genestack_cli => genestack_client}/FilesUtil.py
27472783,3,3,6,{genestack_cli => genestack_client}/GenestackShell.py
27472783,9,9,18,{genestack_cli => genestack_client}/Metainfo.py
27472783,1,1,2,{genestack_cli => genestack_client}/SudoUtils.py
27472783,1,1,2,{genestack_cli => genestack_client}/TaskLogViewer.py
27472783,0,0,0,{genestack_cli => genestack_client}/UnalignedReads.py
27472783,0,0,0,{genestack_cli => genestack_client}/__init__.py
27472783,2,2,4,{genestack_cli => genestack_client}/chunked_upload.py
27472783,1,1,2,{genestack_cli => genestack_client}/settings/Config.py
27472783,4,4,8,{genestack_cli => genestack_client}/settings/User.py
27472783,0,0,0,{genestack_cli => genestack_client}/settings/__init__.py
27472783,3,3,6,{genestack_cli => genestack_client}/utils.py
27472783,0,0,0,{genestack_cli => genestack_client}/version.py
27472783,3,3,6,setup.py
27472783,3,3,6,test/test_connection.py
27472783,1,1,2,test/test_file_utils.py
27472783,1,1,2,test/test_metainfo.py
27472783,2,2,4,test/version_tests.py
27472783,1,1,2,docs/source/conf.py
27472783,4,4,8,docs/source/make_shell_docs.py
27472783,1,1,2,{genestack => genestack_cli}/BioMetainfo.py
27472783,0,0,0,{genestack => genestack_cli}/CLApplications.py
27472783,0,0,0,{genestack => genestack_cli}/Connection.py
27472783,1,1,2,{genestack => genestack_cli}/DataFlowEditor.py
27472783,0,0,0,{genestack => genestack_cli}/DataImporter.py
27472783,0,0,0,{genestack => genestack_cli}/Exceptions.py
27472783,0,0,0,{genestack => genestack_cli}/FileInitializer.py
27472783,0,0,0,{genestack => genestack_cli}/FilesUtil.py
27472783,3,3,6,{genestack => genestack_cli}/GenestackShell.py
27472783,9,9,18,{genestack => genestack_cli}/Metainfo.py
27472783,1,1,2,{genestack => genestack_cli}/SudoUtils.py
27472783,1,1,2,{genestack => genestack_cli}/TaskLogViewer.py
27472783,0,0,0,{genestack => genestack_cli}/UnalignedReads.py
27472783,0,0,0,{genestack => genestack_cli}/__init__.py
27472783,2,2,4,{genestack => genestack_cli}/chunked_upload.py
27472783,1,1,2,{genestack => genestack_cli}/settings/Config.py
27472783,4,4,8,{genestack => genestack_cli}/settings/User.py
27472783,0,0,0,{genestack => genestack_cli}/settings/__init__.py
27472783,3,3,6,{genestack => genestack_cli}/utils.py
27472783,0,0,0,{genestack => genestack_cli}/version.py
27472783,3,3,6,setup.py
27472783,3,3,6,test/test_connection.py
27472783,1,1,2,test/test_file_utils.py
27472783,1,1,2,test/test_metainfo.py
27472783,2,2,4,test/version_tests.py
27472783,5,7,12,genestack/CLApplications.py
27472783,3,3,6,genestack/CLApplications.py
27472783,54,50,104,genestack/CLApplications.py
27472783,1,6,7,genestack/CLApplications.py
27472783,9,7,16,genestack/CLApplications.py
27472783,1,1,2,genestack/DataFlowEditor.py
27472783,5,5,10,genestack/DataFlowEditor.py
27472783,33,21,54,genestack/CLApplications.py
27472783,3,2,5,genestack/DataFlowEditor.py
27472783,6,2,8,genestack/DataFlowEditor.py
27472783,32,1,33,genestack/DataFlowEditor.py
27472783,1,1,2,genestack/DataFlowEditor.py
27472783,2,2,4,docs/source/make_shell_docs.py
27472783,6,9,15,docs/source/make_shell_docs.py
27472783,1,1,2,genestack/settings/Config.py
27472783,48,0,48,genestack/DataFlowEditor.py
27472783,1,0,1,genestack/__init__.py
27472783,1,1,2,setup.py
27472783,6,1,7,docs/source/make_shell_docs.py
27472783,2,2,4,setup.py
27472783,9,8,17,genestack/DataImporter.py
27472783,1,1,2,genestack/TaskLogViewer.py
27472783,2,5,7,genestack/TaskLogViewer.py
27472783,11,5,16,genestack/TaskLogViewer.py
27472783,0,2,2,genestack/TaskLogViewer.py
27472783,0,1,1,genestack/TaskLogViewer.py
27472783,3,2,5,genestack/TaskLogViewer.py
27472783,1,19,20,genestack/TaskLogViewer.py
27472783,17,6,23,genestack/TaskLogViewer.py
27472783,11,9,20,genestack/TaskLogViewer.py
27472783,4,0,4,genestack/TaskLogViewer.py
27472783,7,7,14,genestack/DataImporter.py
27472783,8,8,16,genestack/DataImporter.py
27472783,86,32,118,genestack/DataImporter.py
27472783,63,0,63,genestack/TaskLogViewer.py
27472783,1,0,1,genestack/__init__.py
27472783,16,13,29,docs/source/conf.py
27472783,3,4,7,test/test_connection.py
27472783,6,3,9,test/test_file_utils.py
27472783,7,2,9,test/test_metainfo.py
27472783,7,2,9,test/version_tests.py
27472783,2,2,4,genestack/Connection.py
27472783,34,0,34,test/version_tests.py
27472783,34,0,34,genestack/Connection.py
27472783,1,1,2,genestack/version.py
27472783,9,9,18,docs/source/conf.py
27472783,1,1,2,docs/source/make_shell_docs.py
27472783,0,1,1,genestack-uploader.py
27472783,2,0,2,genestack-uploader.py
27472783,4,0,4,genestack/CLApplications.py
27472783,3,10,13,genestack/CLApplications.py
27472783,6,0,6,genestack/CLApplications.py
27472783,1,1,2,setup.py
27472783,20,3,23,genestack-application-manager.py
27472783,15,28,43,test/test_connection.py
27472783,3,0,3,test/test_metainfo.py
27472783,1,1,2,genestack/Connection.py
27472783,1,1,2,genestack/version.py
27472783,0,4,4,genestack/CLApplications.py
27472783,1,1,2,genestack/CLApplications.py
27472783,56,1,57,genestack/CLApplications.py
27472783,1,1,2,genestack/settings/Config.py
27472783,11,13,24,genestack-uploader.py
27472783,24,14,38,genestack-uploader.py
27472783,10,6,16,genestack-uploader.py
27472783,9,11,20,genestack-uploader.py
27472783,49,19,68,genestack-uploader.py
27472783,43,4,47,genestack-uploader.py
27472783,94,0,94,genestack-uploader.py
27472783,1,1,2,setup.py
27472783,12,1,13,genestack/FilesUtil.py
27472783,1,1,2,test/test_file_utils.py
27472783,1,5,6,genestack/DataImporter.py
27472783,28,0,28,genestack/FilesUtil.py
27472783,17,1,18,test/test_file_utils.py
27472783,5,6,11,genestack/FilesUtil.py
27472783,1,1,2,test/test_file_utils.py
27472783,36,18,54,test/test_file_utils.py
27472783,35,0,35,genestack/FilesUtil.py
27472783,2,2,4,genestack/Metainfo.py
27472783,9,12,21,genestack/Connection.py
27472783,1,1,2,genestack/chunked_upload.py
27472783,2,0,2,genestack/Connection.py
27472783,1,3,4,genestack/Connection.py
27472783,13,17,30,genestack/DataImporter.py
27472783,5,1,6,genestack/Metainfo.py
27472783,2,4,6,genestack/Connection.py
27472783,21,6,27,genestack/CLApplications.py
27472783,2,2,4,genestack/CLApplications.py
27472783,1,0,1,genestack/DataImporter.py
27472783,4,1,5,genestack/DataImporter.py
27472783,1,1,2,genestack/version.py
27472783,1,1,2,genestack/version.py
27472783,3,5,8,genestack/DataImporter.py
27472783,1,1,2,genestack/version.py
27472783,1,1,2,genestack/version.py
27472783,1,1,2,genestack/version.py
27472783,6,1,7,genestack/DataImporter.py
27472783,1,1,2,setup.py
27472783,14,25,39,genestack/chunked_upload.py
27472783,2,4,6,genestack/GenestackShell.py
27472783,1,1,2,genestack/DataImporter.py
27472783,1,1,2,genestack/DataImporter.py
27472783,2,5,7,genestack/chunked_upload.py
27472783,1,1,2,genestack/chunked_upload.py
27472783,2,2,4,genestack/chunked_upload.py
27472783,12,12,24,genestack/chunked_upload.py
27472783,15,37,52,genestack/chunked_upload.py
27472783,2,2,4,docs/source/make_shell_docs.py
27472783,1,1,2,docs/source/make_shell_docs.py
27472783,1,1,2,genestack-application-manager.py
27472783,1,1,2,test/test_connection.py
27472783,3,3,6,genestack/DataImporter.py
27472783,14,10,24,genestack/DataImporter.py
27472783,3,3,6,genestack-application-manager.py
27472783,1,1,2,genestack-user-setup.py
27472783,2,0,2,genestack/GenestackShell.py
27472783,1,1,2,genestack-user-setup.py
27472783,1,1,2,genestack-user-setup.py
27472783,2,2,4,genestack-user-setup.py
27472783,1,1,2,genestack-application-manager.py
27472783,4,4,8,genestack-application-manager.py
27472783,1,0,1,genestack/GenestackShell.py
27472783,34,1,35,genestack-user-setup.py
27472783,0,1,1,genestack-user-setup.py
27472783,6,3,9,genestack-user-setup.py
27472783,2,1,3,genestack/settings/Config.py
27472783,1,1,2,genestack/chunked_upload.py
27472783,2,3,5,genestack/chunked_upload.py
27472783,27,28,55,genestack/chunked_upload.py
27472783,145,80,225,genestack/chunked_upload.py
27472783,18,13,31,genestack/chunked_upload.py
27472783,6,4,10,genestack/chunked_upload.py
27472783,106,75,181,genestack/chunked_upload.py
27472783,10,10,20,genestack/chunked_upload.py
27472783,1,1,2,genestack/Connection.py
27472783,1,2,3,genestack/DataImporter.py
27472783,2,3,5,genestack/chunked_upload.py
27472783,1,4,5,genestack/chunked_upload.py
27472783,2,2,4,genestack/Connection.py
27472783,1,2,3,genestack/Connection.py
27472783,50,52,102,genestack/chunk_upload.py
27472783,3,3,6,genestack/chunk_upload.py
27472783,54,30,84,genestack/chunk_upload.py
27472783,38,47,85,genestack/chunk_upload.py
27472783,2,1,3,genestack-application-manager.py
27472783,3,1,4,genestack/chunk_upload.py
27472783,21,1,22,genestack/DataImporter.py
27472783,1,1,2,genestack/Connection.py
27472783,6,6,12,genestack/chunk_upload.py
27472783,0,7,7,genestack/Connection.py
27472783,10,1,11,genestack/chunk_upload.py
27472783,35,8,43,genestack/chunk_upload.py
27472783,27,33,60,genestack/chunk_upload.py
27472783,14,12,26,genestack/chunk_upload.py
27472783,4,3,7,genestack/chunk_upload.py
27472783,6,1,7,genestack/chunk_upload.py
27472783,5,5,10,genestack/Connection.py
27472783,22,23,45,genestack/chunk_upload.py
27472783,10,0,10,genestack/chunk_upload.py
27472783,3,3,6,genestack/chunk_upload.py
27472783,1,0,1,genestack/BioMetainfo.py
27472783,1,1,2,genestack/DataImporter.py
27472783,1,1,2,genestack/Connection.py
27472783,4,0,4,genestack/DataImporter.py
27472783,45,29,74,genestack/Connection.py
27472783,1,1,2,genestack/DataImporter.py
27472783,147,216,363,genestack/chunk_upload.py
27472783,26,20,46,genestack/Connection.py
27472783,254,0,254,genestack/chunk_upload.py
27472783,2,2,4,genestack-application-manager.py
27472783,1,1,2,genestack-application-manager.py
27472783,3,1,4,genestack/DataImporter.py
27472783,18,0,18,genestack/DataImporter.py
27472783,0,30,30,docs/source/examples/code/connection.py
27472783,1,1,2,docs/source/make_shell_docs.py
27472783,2,2,4,genestack/DataImporter.py
27472783,19,8,27,genestack/FilesUtil.py
27472783,1,1,2,genestack/__init__.py
27472783,1,1,2,genestack/CLApplications.py
27472783,9,3,12,genestack/Metainfo.py
27472783,1,2,3,genestack/__init__.py
27472783,3,3,6,genestack/Metainfo.py
27472783,0,21,21,docs/source/examples/code/files_util.py
27472783,0,23,23,genestack/DataImporter.py
27472783,0,4,4,genestack/DataImporter.py
27472783,1,1,2,genestack/DataImporter.py
27472783,1,1,2,genestack/Connection.py
27472783,1,0,1,genestack/BioMetainfo.py
27472783,1,0,1,genestack/BioMetainfo.py
27472783,0,29,29,docs/source/examples/code/import_file.py
27472783,1,1,2,genestack/DataImporter.py
27472783,38,11,49,genestack/DataImporter.py
27472783,2,1,3,docs/source/examples/code/connection.py
27472783,5,3,8,docs/source/examples/code/import_file.py
27472783,1,2,3,docs/source/examples/code/import_file.py
27472783,1,1,2,genestack-application-manager.py
27472783,1,1,2,docs/source/conf.py
27472783,29,0,29,docs/source/examples/code/connection.py
27472783,21,0,21,docs/source/examples/code/files_util.py
27472783,0,8,8,docs/source/examples/connection_raw.py
27472783,0,10,10,docs/source/examples/connection_with_args.py
27472783,0,4,4,docs/source/examples/simple_connection.py
27472783,28,0,28,docs/source/examples/code/import_file.py
27472783,1,1,2,docs/source/make_shell_docs.py
27472783,8,0,8,docs/source/examples/connection_raw.py
27472783,10,0,10,docs/source/examples/connection_with_args.py
27472783,4,0,4,docs/source/examples/simple_connection.py
27472783,8,4,12,docs/source/make_shell_docs.py
27472783,31,3,34,genestack/settings/User.py
27472783,1,1,2,genestack/utils.py
27472783,6,3,9,genestack/GenestackShell.py
27472783,25,3,28,genestack/Metainfo.py
27472783,8,0,8,genestack/SudoUtils.py
27472783,7,4,11,genestack/utils.py
27472783,45,8,53,genestack/FilesUtil.py
27472783,1,0,1,genestack/Connection.py
27472783,0,1,1,genestack/FilesUtil.py
27472783,1,3,4,genestack/FilesUtil.py
27472783,9,1,10,genestack/Connection.py
27472783,5,1,6,genestack/FilesUtil.py
27472783,19,19,38,genestack/CLApplications.py
27472783,2,2,4,genestack/Connection.py
27472783,13,13,26,genestack/DataImporter.py
27472783,1,1,2,genestack/FileInitializer.py
27472783,3,3,6,genestack/FilesUtil.py
27472783,1,1,2,genestack/SudoUtils.py
27472783,0,63,63,genestack/Admin.py
27472783,0,1,1,genestack/__init__.py
27472783,3,0,3,genestack/GenestackShell.py
27472783,6,0,6,genestack/GenestackShell.py
27472783,1,1,2,genestack/BioMetainfo.py
27472783,10,0,10,genestack/Exceptions.py
27472783,4,1,5,genestack/GenestackShell.py
27472783,2,0,2,docs/source/conf.py
27472783,10,11,21,genestack/GenestackShell.py
27472783,30,1,31,genestack/GenestackShell.py
27472783,3,3,6,genestack/GenestackShell.py
27472783,23,2,25,genestack/GenestackShell.py
27472783,66,7,73,genestack/GenestackShell.py
27472783,38,0,38,genestack/DataImporter.py
27472783,14,15,29,genestack/FileInitializer.py
27472783,1,1,2,genestack/version.py
27472783,16,0,16,genestack/DataImporter.py
27472783,3,3,6,genestack/DataImporter.py
27472783,3,3,6,genestack/DataImporter.py
27472783,129,0,129,genestack/DataImporter.py
27472783,43,1,44,genestack/DataImporter.py
27472783,64,52,116,genestack/CLApplications.py
27472783,0,10,10,genestack/Admin.py
27472783,0,7,7,genestack/Metainfo.py
27472783,1,7,8,test/test_metainfo.py
27472783,0,10,10,genestack/Admin.py
27472783,0,7,7,genestack/Metainfo.py
27472783,1,7,8,test/test_metainfo.py
27472783,108,8,116,genestack/Metainfo.py
27472783,3,1,4,docs/source/conf.py
27472783,22,4,26,genestack/BioMetainfo.py
27472783,9,2,11,genestack/Admin.py
27472783,1,0,1,genestack-user-setup.py
27472783,0,1,1,genestack/Admin.py
27472783,1,0,1,genestack/CLApplications.py
27472783,2,0,2,genestack/GenestackShell.py
27472783,1,0,1,genestack/Metainfo.py
27472783,0,1,1,genestack/UnalignedReads.py
27472783,2,0,2,genestack/settings/Config.py
27472783,2,0,2,genestack/settings/User.py
27472783,3,0,3,genestack/utils.py
27472783,3,0,3,genestack/Admin.py
27472783,3,0,3,genestack/DataImporter.py
27472783,4,0,4,genestack/FileInitializer.py
27472783,4,0,4,genestack/SudoUtils.py
27472783,1,1,2,genestack/settings/Config.py
27472783,1,1,2,docs/source/conf.py
27472783,1,1,2,genestack-user-setup.py
27472783,1,0,1,genestack/UnalignedReads.py
27472783,1,1,2,genestack/utils.py
27472783,1,1,2,genestack/Connection.py
27472783,3,3,6,genestack/FilesUtil.py
27472783,23,3,26,genestack/utils.py
27472783,57,6,63,genestack/Connection.py
27472783,0,0,0,genestack-application-manager.py
27472783,0,0,0,genestack-user-setup.py
27472783,1,1,2,docs/source/make_shell_docs.py
27472783,7,2,9,docs/source/conf.py
27472783,1,1,2,genestack/version.py
27472783,4,8,12,docs/source/make_shell_docs.py
27472783,1,10,11,genestack/DataImporter.py
27472783,10,8,18,genestack/settings/Config.py
27472783,18,12,30,genestack/FilesUtil.py
27472783,2,0,2,genestack/__init__.py
27472783,1,0,1,genestack/version.py
27472783,2,1,3,setup.py
27472783,2,1,3,setup.py
27472783,2,0,2,genestack/__init__.py
27472783,1,0,1,genestack/version.py
27472783,1,1,2,genestack/Metainfo.py
27472783,0,1,1,genestack/utils.py
27472783,1,5,6,genestack/settings/Config.py
27472783,1,0,1,genestack-user-setup.py
27472783,3,3,6,genestack/settings/Config.py
27472783,2,2,4,genestack/settings/Config.py
27472783,1,1,2,genestack-user-setup.py
27472783,1,6,7,genestack-user-setup.py
27472783,7,0,7,genestack/settings/Config.py
27472783,2,2,4,genestack-user-setup.py
27472783,8,8,16,docs/source/conf.py
27472783,3,2,5,genestack-user-setup.py
27472783,25,4,29,genestack-user-setup.py
27472783,10,0,10,genestack/settings/Config.py
27472783,9,7,16,genestack/FilesUtil.py
27472783,13,10,23,genestack/FilesUtil.py
27472783,2,1,3,docs/source/conf.py
27472783,2,2,4,docs/source/make_shell_docs.py
27472783,4,4,8,genestack/FilesUtil.py
27472783,1,10,11,genestack/DataImporter.py
27472783,0,64,64,shell.py
27472783,1,1,2,genestack-user-setup.py
27472783,1,1,2,genestack/FilesUtil.py
27472783,12,13,25,genestack/FilesUtil.py
27472783,4,4,8,genestack/FilesUtil.py
27472783,2,2,4,docs/source/make_shell_docs.py
27472783,0,2,2,genestack/GenestackShell.py
27472783,2,2,4,shell.py
27472783,0,0,0,new_shell.py => shell.py
27472783,18,23,41,genestack/FilesUtil.py
27472783,30,9,39,test/test_file_utils.py
27472783,1,1,2,genestack/FilesUtil.py
27472783,3,0,3,genestack/FilesUtil.py
27472783,1,1,2,genestack/__init__.py
27472783,3,3,6,genestack/settings/User.py
27472783,1,1,2,genestack-user-setup.py
27472783,1,1,2,genestack-application-manager.py
27472783,1,1,2,genestack/GenestackShell.py
27472783,11,1,12,genestack-user-setup.py
27472783,1,1,2,genestack/DataImporter.py
27472783,1,0,1,genestack/DataImporter.py
27472783,18,8,26,genestack/DataImporter.py
27472783,25,0,25,genestack/FilesUtil.py
27472783,43,15,58,test/test_file_utils.py
27472783,23,0,23,genestack/FilesUtil.py
27472783,1,1,2,docs/source/make_shell_docs.py
27472783,33,12,45,docs/source/make_shell_docs.py
27472783,3,1,4,genestack-application-manager.py
27472783,1,0,1,genestack-user-setup.py
27472783,5,5,10,genestack-user-setup.py
27472783,1,1,2,genestack-user-setup.py
27472783,5,1,6,genestack/settings/Config.py
27472783,7,1,8,genestack-user-setup.py
27472783,1,1,2,genestack-user-setup.py
27472783,2,1,3,setup.py
27472783,4,2,6,genestack/FilesUtil.py
27472783,1,1,2,genestack/FilesUtil.py
27472783,1,1,2,genestack/settings/Config.py
27472783,2,3,5,genestack-user-setup.py
27472783,1,3,4,genestack/settings/User.py
27472783,0,1,1,genestack-user-setup.py
27472783,22,5,27,docs/source/make_shell_docs.py
27472783,9,2,11,genestack/GenestackShell.py
27472783,6,0,6,docs/source/conf.py
27472783,47,0,47,docs/source/make_shell_docs.py
27472783,1,8,9,genestack-application-manager.py
27472783,1,6,7,genestack-user-setup.py
27472783,3,2,5,genestack/GenestackShell.py
27472783,1,1,2,new_shell.py
27472783,8,8,16,genestack/GenestackShell.py
27472783,1,1,2,genestack-application-manager.py
27472783,1,1,2,genestack-user-setup.py
27472783,1,1,2,setup.py
27472783,438,0,438,genestack-application-manager.py
27472783,239,0,239,genestack-user-setup.py
27472783,73,0,73,genestack/Admin.py
27472783,56,0,56,genestack/BioMetainfo.py
27472783,190,0,190,genestack/CLApplications.py
27472783,196,0,196,genestack/Connection.py
27472783,190,0,190,genestack/DataImporter.py
27472783,48,0,48,genestack/Exceptions.py
27472783,46,0,46,genestack/FileInitializer.py
27472783,232,0,232,genestack/FilesUtil.py
27472783,231,0,231,genestack/GenestackShell.py
27472783,139,0,139,genestack/Metainfo.py
27472783,49,0,49,genestack/SudoUtils.py
27472783,45,0,45,genestack/UnalignedReads.py
27472783,22,0,22,genestack/__init__.py
27472783,184,0,184,genestack/settings/Config.py
27472783,70,0,70,genestack/settings/User.py
27472783,14,0,14,genestack/settings/__init__.py
27472783,60,0,60,genestack/utils.py
27472783,64,0,64,new_shell.py
27472783,24,0,24,setup.py
27472783,79,0,79,test/test_connection.py
27472783,60,0,60,test/test_file_utils.py
27472783,63,0,63,test/test_metainfo.py
27472783,306,0,306,docs/source/conf.py
52512066,1,1,2,create_mats_ped.py
52512066,1,0,1,create_mats_ped.py
52512066,2,2,4,IEP.py
52512066,4,4,8,utils.py
52512066,1,1,2,Data.py
52512066,66,51,117,create_mats_ped.py
52512066,6,6,12,Data.py
52512066,13,0,13,Input.py
52512066,84,46,130,create_mats_ped.py
52512066,8,3,11,create_mats_ped.py
52512066,16,1,17,baselines.py
52512066,2,1,3,baselines.py
52512066,2,5,7,baselines.py
52512066,6,1,7,baselines.py
52512066,5,5,10,baselines.py
52512066,10,10,20,baselines.py
52512066,3,1,4,baselines.py
52512066,12,2,14,baselines.py
52512066,1,1,2,baselines.py
52512066,2,2,4,baselines.py
52512066,2,2,4,baselines.py
52512066,5,3,8,create_mats_ped.py
52512066,1,1,2,create_mats_ped.py
52512066,1,1,2,create_mats_ped.py
52512066,4,1,5,create_mats_ped.py
52512066,4,4,8,create_mats_ped.py
52512066,5,2,7,Output.py
52512066,1,1,2,create_mats_ped.py
52512066,1,1,2,create_mats_ped.py
52512066,1,1,2,Data.py
52512066,1,1,2,Input.py
52512066,1,1,2,Data.py
52512066,2,2,4,Data.py
52512066,2,2,4,Input.py
52512066,3,3,6,Data.py
52512066,2,2,4,create_mats_ped.py
52512066,1,1,2,Data.py
52512066,3,0,3,Output.py
52512066,2,2,4,create_mats_ped.py
52512066,336,336,672,Data.py
52512066,399,388,787,Input.py
52512066,209,0,209,create_mats_ped.py
52512066,3,3,6,average_nodes_ints.py
52512066,3,2,5,average_nodes_ints.py
52512066,2,0,2,Data.py
52512066,1,1,2,IEP.py
52512066,101,0,101,average_nodes_ints.py
52512066,1,1,2,IEP.py
52512066,31,30,61,IEP.py
52512066,3,2,5,IEP.py
52512066,2,1,3,IEP.py
52512066,45,32,77,IEP.py
52512066,1,1,2,Experiment1b_abs.py
52512066,1,0,1,IEP.py
52512066,1,1,2,IEP.py
52512066,7,1,8,IEP.py
52512066,1,1,2,Input.py
52512066,2,2,4,Experiment1b_abs.py
52512066,29,0,29,IEP.py
52512066,1,0,1,mscoco_baselines.py
52512066,5,1,6,mscoco_baselines.py
52512066,9,17,26,mscoco_baselines.py
52512066,6,0,6,mscoco_baselines.py
52512066,1,1,2,plot_errors.py
52512066,1,1,2,plot_errors.py
52512066,1,1,2,plot_errors.py
52512066,1,1,2,plot_errors.py
52512066,1,1,2,plot_errors.py
52512066,1,1,2,plot_errors.py
52512066,4,3,7,plot_errors.py
52512066,2,0,2,plot_errors.py
52512066,12,12,24,plot_errors.py
52512066,18,13,31,plot_errors.py
52512066,5,1,6,plot_errors.py
52512066,4,0,4,mscoco_baselines.py
52512066,2,1,3,plot_errors.py
52512066,1,0,1,plot_errors.py
52512066,1,0,1,visualize_iep.py
52512066,16,7,23,plot_errors.py
52512066,40,41,81,visualize_iep.py
52512066,5,4,9,mscoco_baselines.py
52512066,3,1,4,plot_errors.py
52512066,3,3,6,mscoco_baselines.py
52512066,14,14,28,plot_errors.py
52512066,2,2,4,mscoco_baselines.py
52512066,46,0,46,plot_errors.py
52512066,14,2,16,mscoco_baselines.py
52512066,0,2,2,visualize_iep.py
52512066,2,2,4,visualize_iep.py
52512066,2,0,2,mscoco_baselines.py
52512066,8,5,13,visualize_iep.py
52512066,3,3,6,visualize_iep.py
52512066,2,0,2,visualize_iep.py
52512066,4,3,7,mscoco_baselines.py
52512066,1,1,2,visualize_iep.py
52512066,3,3,6,mscoco_baselines.py
52512066,2,3,5,visualize_iep.py
52512066,2,2,4,visualize_iep.py
52512066,0,1,1,mscoco_baselines.py
52512066,3,2,5,visualize_iep.py
52512066,0,1,1,mscoco_baselines.py
52512066,4,4,8,visualize_iep.py
52512066,1,0,1,visualize_iep.py
52512066,10,8,18,mscoco_baselines.py
52512066,7,4,11,visualize_iep.py
52512066,42,0,42,visualize_iep.py
52512066,2,2,4,mscoco_baselines.py
52512066,2,0,2,mscoco_baselines.py
52512066,25,0,25,mscoco_baselines.py
52512066,0,3,3,Data.py
52512066,2,1,3,Data.py
52512066,1,1,2,Data.py
52512066,14,30,44,Data.py
52512066,1,0,1,Data.py
52512066,1,1,2,Data.py
52512066,1,1,2,Data.py
52512066,0,5,5,create_mats.py
52512066,2,2,4,create_mats.py
52512066,2,2,4,stack_mats.py
52512066,64,0,64,stack_mats_test.py
52512066,73,42,115,Data.py
52512066,6,6,12,Output.py
52512066,3,3,6,create_mats.py
52512066,4,4,8,create_mats.py
52512066,1,1,2,Output.py
52512066,4,4,8,create_mats.py
52512066,3,3,6,create_mats.py
52512066,27,7,34,stack_mats.py
52512066,1,1,2,Data.py
52512066,1,1,2,create_mats.py
52512066,4,4,8,Output.py
52512066,2,2,4,create_mats.py
52512066,1,1,2,Data.py
52512066,0,1,1,Data.py
52512066,5,1,6,create_mats.py
52512066,1,0,1,Data.py
52512066,1,1,2,create_mats.py
52512066,200,199,399,Data.py
52512066,22,21,43,create_mats.py
52512066,1,1,2,Output.py
52512066,1,1,2,create_mats.py
52512066,6,6,12,Output.py
52512066,1,1,2,Output.py
52512066,1,0,1,Output.py
52512066,1,1,2,Output.py
52512066,1,1,2,create_mats.py
52512066,1,1,2,Input.py
52512066,2,3,5,create_mats.py
52512066,2,2,4,Output.py
52512066,2,1,3,create_mats.py
52512066,99,97,196,create_mats.py
52512066,13,6,19,Data.py
52512066,1,1,2,Input.py
52512066,3,2,5,Output.py
52512066,10,5,15,create_mats.py
52512066,14,0,14,stack_mats.py
52512066,17,9,26,Data.py
52512066,2,2,4,Experiment_3_comp.py
52512066,20,12,32,Input.py
52512066,13,8,21,Output.py
52512066,74,32,106,create_mats.py
52512066,2,2,4,create_mats.py
52512066,1,5,6,create_mats.py
52512066,1,1,2,create_mats.py
52512066,1,1,2,Input.py
52512066,5,0,5,Input.py
52512066,1,1,2,Input.py
52512066,3,3,6,Input.py
52512066,3,2,5,Input.py
52512066,2,1,3,Input.py
52512066,1,1,2,Input.py
52512066,1,1,2,Input.py
52512066,8,6,14,Data.py
52512066,1,1,2,Data.py
52512066,6,6,12,create_mats.py
52512066,6,6,12,create_mats.py
52512066,1,1,2,Data.py
52512066,2,2,4,Input.py
52512066,4,4,8,create_mats.py
52512066,2,0,2,Input.py
52512066,1,1,2,create_mats.py
52512066,1,1,2,create_mats.py
52512066,4,4,8,create_mats.py
52512066,2,2,4,create_mats.py
52512066,3,1,4,Data.py
52512066,5,1,6,create_mats.py
52512066,0,2,2,Data.py
52512066,1,0,1,Output.py
52512066,6,15,21,create_mats.py
52512066,0,3,3,Data.py
52512066,16,17,33,Data.py
52512066,1,4,5,Data.py
52512066,4,4,8,Data.py
52512066,2,1,3,Data.py
52512066,2,0,2,Data.py
52512066,1,0,1,Data.py
52512066,2,1,3,Data.py
52512066,2,1,3,Data.py
52512066,2,1,3,Data.py
52512066,1,0,1,Data.py
52512066,1,0,1,Data.py
52512066,0,1,1,Data.py
52512066,2,1,3,Output.py
52512066,5,2,7,create_mats.py
52512066,1,1,2,Data.py
52512066,3,6,9,Data.py
52512066,2,2,4,Data.py
52512066,2,1,3,Data.py
52512066,1,1,2,Data.py
52512066,1,1,2,Data.py
52512066,3,2,5,Data.py
52512066,1,1,2,Input.py
52512066,3,0,3,Data.py
52512066,1,1,2,Input.py
52512066,2,2,4,Input.py
52512066,1,1,2,Input.py
52512066,0,2,2,Data.py
52512066,1,1,2,create_mats.py
52512066,80,69,149,Data.py
52512066,19,3,22,Input.py
52512066,6,4,10,Output.py
52512066,40,10,50,create_mats.py
52512066,13,14,27,iep_counting.py
52512066,2,2,4,Data.py
52512066,4,4,8,Input.py
52512066,1,1,2,Data.py
52512066,1,1,2,Data.py
52512066,3,3,6,Input.py
52512066,6,4,10,create_mats.py
52512066,30,1,31,test_counting.py
52512066,1,5,6,SGD.py
52512066,1,0,1,Data.py
52512066,1,1,2,SGD.py
52512066,2,1,3,SGD.py
52512066,2,1,3,SGD.py
52512066,1,2,3,SGD.py
52512066,1,0,1,SGD.py
52512066,2,1,3,SGD.py
52512066,5,0,5,iep_counting.py
52512066,327,0,327,test_counting.py
52512066,2,0,2,SGD.py
52512066,20,5,25,iep_counting.py
52512066,161,0,161,iep_counting.py
52512066,91,0,91,loss_counting.py
52512066,3,3,6,Experiment_3_comp.py
52512066,0,1,1,SGD.py
52512066,3,3,6,Experiment_3_comp.py
52512066,1,1,2,SGD.py
52512066,2,2,4,Data.py
52512066,3,3,6,Input.py
52512066,1,1,2,Data.py
52512066,1,1,2,Input.py
52512066,1,1,2,Data.py
52512066,2,2,4,Input.py
52512066,0,1,1,SGD.py
52512066,2,1,3,SGD.py
52512066,2,2,4,Experiment_3_comp.py
52512066,1,1,2,SGD.py
52512066,2,2,4,Experiment_3_comp.py
52512066,1,1,2,Data.py
52512066,6,3,9,SGD.py
52512066,1,1,2,SGD.py
52512066,1,1,2,SGD.py
52512066,1,1,2,SGD.py
52512066,1,1,2,SGD.py
52512066,3,3,6,SGD.py
52512066,1,1,2,Experiment6.py
52512066,2,2,4,Experiment6.py
52512066,1,1,2,SGD.py
52512066,1,1,2,SGD.py
52512066,1,3,4,Data.py
52512066,1,1,2,Experiment6.py
52512066,1,1,2,Input.py
52512066,1,1,2,Data.py
52512066,1,1,2,Experiment_3_comp.py
52512066,2,2,4,Experiment_3_comp.py
52512066,192,186,378,Data.py
52512066,2,2,4,Experiment_3_comp.py
52512066,1,1,2,Input.py
52512066,3,1,4,SGD.py
52512066,2,2,4,Experiment_3_comp.py
52512066,0,1,1,Input.py
52512066,5,5,10,Experiment_3_comp.py
52512066,0,2,2,Input.py
52512066,0,2,2,Data.py
52512066,2,2,4,Experiment_3_comp.py
52512066,2,2,4,Experiment_3_comp.py
52512066,1,1,2,Input.py
52512066,1,1,2,Input.py
52512066,1,0,1,Input.py
52512066,1,1,2,Input.py
52512066,6,6,12,Input.py
52512066,2,0,2,Input.py
52512066,4,4,8,Input.py
52512066,1,1,2,Data.py
52512066,2,0,2,SGD.py
52512066,3,0,3,Data.py
52512066,1,1,2,Experiment6.py
52512066,1,1,2,Experiment_3_comp.py
52512066,121,0,121,Experiment6.py
52512066,1,1,2,Experiment_3_comp.py
52512066,12,1,13,Input.py
52512066,1,1,2,Experiment_3_comp.py
52512066,2,2,4,Experiment_3_comp.py
52512066,1,1,2,Experiment_3_comp.py
52512066,1,1,2,SGD.py
52512066,2,3,5,Data.py
52512066,2,5,7,Input.py
52512066,175,176,351,Data.py
52512066,5,6,11,Data.py
52512066,2,2,4,Experiment_3_comp.py
52512066,3,3,6,Input.py
52512066,1,1,2,Data.py
52512066,2,3,5,Data.py
52512066,1,1,2,Data.py
52512066,287,282,569,Data.py
52512066,121,0,121,Experiment5.py
52512066,121,121,242,Experiment_3_comp.py
52512066,346,336,682,Input.py
52512066,249,249,498,Output.py
52512066,748,746,1494,SGD.py
52512066,1,1,2,Experiment_3_comp.py
52512066,0,1,1,SGD.py
52512066,1,1,2,Experiment_3_comp.py
52512066,1,1,2,Experiment_3_comp.py
52512066,0,2,2,SGD.py
52512066,6,4,10,SGD.py
52512066,1,3,4,SGD.py
52512066,2,0,2,SGD.py
52512066,4,3,7,SGD.py
52512066,1,2,3,SGD.py
52512066,2,2,4,Experiment_3_comp.py
52512066,1,2,3,SGD.py
52512066,2,2,4,Experiment_3_comp.py
52512066,2,2,4,SGD.py
52512066,4,4,8,Experiment_3_comp.py
52512066,1,1,2,SGD.py
52512066,3,3,6,SGD.py
52512066,1,1,2,Data.py
52512066,4,4,8,SGD.py
52512066,4,4,8,SGD.py
52512066,65,63,128,Data.py
52512066,121,0,121,Experiment_3_comp.py
52512066,58,0,58,SGD.py
52512066,5,3,8,Data.py
52512066,1,0,1,Data.py
52512066,2,0,2,Input.py
52512066,179,178,357,Data.py
52512066,2,0,2,Input.py
52512066,9,8,17,create_mats.py
52512066,1,1,2,Data.py
52512066,4,4,8,Input.py
52512066,1,1,2,create_mats.py
52512066,0,1,1,create_mats.py
52512066,2,2,4,create_mats.py
52512066,2,1,3,Output.py
52512066,2,1,3,create_mats.py
52512066,1,1,2,create_mats.py
52512066,26,19,45,create_mats.py
52512066,8,4,12,create_mats.py
52512066,13,13,26,create_mats.py
52512066,5,5,10,create_mats.py
52512066,2,2,4,Input.py
52512066,1,1,2,create_mats.py
52512066,1,1,2,create_mats.py
52512066,0,2,2,Data.py
52512066,7,3,10,Input.py
52512066,1,1,2,Data.py
52512066,1,0,1,Data.py
52512066,19,4,23,Data.py
52512066,1,0,1,Data.py
52512066,1,1,2,Data.py
52512066,1,1,2,Data.py
52512066,1,1,2,create_mats.py
52512066,1,1,2,create_mats.py
52512066,1,1,2,create_mats.py
52512066,1,1,2,create_mats.py
52512066,1,1,2,create_mats.py
52512066,1,1,2,Input.py
52512066,6,3,9,Input.py
52512066,6,2,8,create_mats.py
52512066,2,1,3,Input.py
52512066,1,1,2,Input.py
52512066,1,1,2,Input.py
52512066,1,1,2,Input.py
52512066,3,1,4,Input.py
52512066,1,1,2,Output.py
52512066,84,73,157,Data.py
52512066,39,24,63,Input.py
52512066,9,4,13,Output.py
52512066,11,5,16,create_mats.py
52512066,8,0,8,utils.py
52512066,75,75,150,Data.py
52512066,1,1,2,Experiment1b_abs.py
52512066,4,4,8,Output.py
52512066,16,16,32,create_mats.py
52512066,2,2,4,create_mats.py
52512066,1,1,2,Data.py
52512066,3,7,10,create_mats.py
52512066,7,7,14,Data.py
52512066,4,7,11,create_mats.py
52512066,4,4,8,Data.py
52512066,2,2,4,Data.py
52512066,2,2,4,create_mats.py
52512066,2,2,4,create_mats.py
52512066,2,13,15,Data.py
52512066,1,1,2,Data.py
52512066,5,0,5,create_mats.py
52512066,2,1,3,Data.py
52512066,2,2,4,create_mats.py
52512066,2,2,4,Data.py
52512066,3,2,5,create_mats.py
52512066,2,2,4,Data.py
52512066,2,2,4,Data.py
52512066,4,4,8,Data.py
52512066,10,0,10,Data.py
52512066,2,0,2,Data.py
52512066,1,0,1,Data.py
52512066,1,4,5,Data.py
52512066,2,1,3,create_mats.py
52512066,4,2,6,Data.py
52512066,2,2,4,Data.py
52512066,4,4,8,Data.py
52512066,4,4,8,Data.py
52512066,1,1,2,Data.py
52512066,4,0,4,Data.py
52512066,2,0,2,Data.py
52512066,1,1,2,Data.py
52512066,2,0,2,Data.py
52512066,4,3,7,Data.py
52512066,1,0,1,create_mats.py
52512066,15,7,22,Data.py
52512066,2,2,4,Data.py
52512066,1,0,1,Data.py
52512066,1,1,2,Data.py
52512066,1,1,2,create_mats.py
52512066,6,6,12,Data.py
52512066,2,22,24,create_mats.py
52512066,1,2,3,Data.py
52512066,1,1,2,Data.py
52512066,1,1,2,Data.py
52512066,2,2,4,Data.py
52512066,7,2,9,Data.py
52512066,2,1,3,Data.py
52512066,2,2,4,Data.py
52512066,2,0,2,Data.py
52512066,2,2,4,Data.py
52512066,1,0,1,create_mats.py
52512066,1,0,1,create_mats.py
52512066,1,0,1,create_mats.py
52512066,3,0,3,create_mats.py
52512066,8,6,14,create_mats.py
52512066,1,1,2,create_mats.py
52512066,3,3,6,create_mats.py
52512066,2,2,4,create_mats.py
52512066,3,3,6,create_mats.py
52512066,3,2,5,create_mats.py
52512066,2,2,4,create_mats.py
52512066,1,7,8,Data.py
52512066,5,2,7,create_mats.py
52512066,0,5,5,create_mats.py
52512066,2,1,3,create_mats.py
52512066,0,3,3,Data.py
52512066,4,0,4,create_mats.py
52512066,1,1,2,create_mats.py
52512066,1,1,2,create_mats.py
52512066,1,1,2,Data.py
52512066,1,1,2,create_mats.py
52512066,3,0,3,Data.py
52512066,1,2,3,create_mats.py
52512066,3,2,5,create_mats.py
52512066,0,1,1,Data.py
52512066,5,1,6,create_mats.py
52512066,3,2,5,Data.py
52512066,1,1,2,Data.py
52512066,2,2,4,Data.py
52512066,2,1,3,Data.py
52512066,1,1,2,create_mats.py
52512066,0,2,2,Data.py
52512066,1,1,2,Data.py
52512066,9,1,10,Data.py
52512066,1,1,2,create_mats.py
52512066,2,1,3,Data.py
52512066,1,0,1,Data.py
52512066,1,1,2,Data.py
52512066,2,2,4,Data.py
52512066,2,1,3,Data.py
52512066,5,2,7,Data.py
52512066,5,2,7,Data.py
52512066,1,1,2,create_mats.py
52512066,1,1,2,Data.py
52512066,3,2,5,create_mats.py
52512066,1,1,2,create_mats.py
52512066,1,1,2,create_mats.py
52512066,2,2,4,create_mats.py
52512066,23,0,23,create_mats.py
52512066,215,0,215,layer_toby.py
52512066,115,0,115,train_net_1im_toby.py
52512066,1,1,2,Data.py
52512066,3,3,6,create_mats.py
52512066,0,3,3,Data.py
52512066,2,2,4,Output.py
52512066,16,16,32,create_mats.py
52512066,2,2,4,Data.py
52512066,2,3,5,Data.py
52512066,3,3,6,Input.py
52512066,1,0,1,Data.py
52512066,1,1,2,Data.py
52512066,1,1,2,Input.py
52512066,1,1,2,utils.py
52512066,1,0,1,Data.py
52512066,1,1,2,create_mats.py
52512066,1,1,2,Data.py
52512066,1,1,2,Data.py
52512066,41,28,69,Data.py
52512066,14,0,14,Input.py
52512066,2,0,2,Output.py
52512066,5,0,5,create_mats.py
52512066,2,2,4,Experiment1b_abs.py
52512066,1,1,2,SGD.py
52512066,1,0,1,SGD.py
52512066,3,3,6,Experiment1b_abs.py
52512066,1,1,2,utils.py
52512066,2,2,4,utils.py
52512066,1,1,2,utils.py
52512066,1,1,2,utils.py
52512066,0,1,1,Data.py
52512066,2,2,4,utils.py
52512066,1,0,1,Data.py
52512066,0,5,5,utils.py
52512066,2,2,4,utils.py
52512066,2,2,4,utils.py
52512066,1,1,2,utils.py
52512066,3,2,5,utils.py
52512066,1,0,1,utils.py
52512066,2,2,4,utils.py
52512066,2,2,4,utils.py
52512066,2,2,4,utils.py
52512066,0,1,1,utils.py
52512066,2,1,3,utils.py
52512066,3,3,6,utils.py
52512066,4,4,8,utils.py
52512066,4,4,8,utils.py
52512066,1,1,2,utils.py
52512066,4,4,8,utils.py
52512066,3,0,3,utils.py
52512066,1,0,1,utils.py
52512066,2,2,4,Experiment1b_abs.py
52512066,2,2,4,Experiment1b_abs.py
52512066,2,3,5,SGD.py
52512066,1,1,2,SGD.py
52512066,2,2,4,SGD.py
52512066,2,2,4,Experiment1b_abs.py
52512066,1,1,2,Output.py
52512066,1,1,2,Experiment1b_abs.py
52512066,1,1,2,Experiment1b_abs.py
52512066,1,0,1,SGD.py
52512066,1,2,3,baselines.py
52512066,1,4,5,baselines.py
52512066,1,1,2,baselines.py
52512066,6,3,9,baselines.py
52512066,3,0,3,baselines.py
52512066,2,2,4,baselines.py
52512066,3,3,6,baselines.py
52512066,4,4,8,baselines.py
52512066,1,7,8,baselines.py
52512066,1,1,2,baselines.py
52512066,11,4,15,baselines.py
52512066,1,1,2,baselines.py
52512066,10,1,11,baselines.py
52512066,2,1,3,baselines.py
52512066,2,2,4,Experiment1b_abs.py
52512066,1,1,2,Experiment1b_abs.py
52512066,3,3,6,Experiment1b_abs.py
52512066,11,11,22,Experiment1b_abs.py
52512066,6,1,7,Output.py
52512066,1,1,2,SGD.py
52512066,2,2,4,Experiment1b_abs.py
52512066,2,2,4,Experiment1b_abs.py
52512066,1,1,2,IEP.py
52512066,1,0,1,SGD.py
52512066,2,2,4,Experiment1b_abs.py
52512066,10,6,16,Output.py
52512066,2,6,8,baselines.py
52512066,4,4,8,baselines.py
52512066,2,2,4,baselines.py
52512066,29,27,56,Data.py
52512066,70,0,70,baselines.py
52512066,1,1,2,Output.py
52512066,0,1,1,create_mats.py
52512066,0,1,1,create_mats.py
52512066,3,3,6,create_mats.py
52512066,9,3,12,Data.py
52512066,2,1,3,create_mats.py
52512066,2,1,3,create_mats.py
52512066,44,16,60,create_mats.py
52512066,1,1,2,Input.py
52512066,1,1,2,create_mats.py
52512066,2,2,4,create_mats.py
52512066,1,1,2,create_mats.py
52512066,6,1,7,create_mats.py
52512066,6,6,12,create_mats.py
52512066,2,2,4,create_mats.py
52512066,1,1,2,create_mats.py
52512066,0,6,6,Data.py
52512066,1,1,2,Output.py
52512066,3,6,9,create_mats.py
52512066,1,1,2,Data.py
52512066,1,0,1,Data.py
52512066,2,5,7,Data.py
52512066,1,1,2,Data.py
52512066,2,2,4,Data.py
52512066,3,2,5,Data.py
52512066,3,0,3,Data.py
52512066,1,1,2,Data.py
52512066,26,20,46,Data.py
52512066,2,1,3,create_mats.py
52512066,5,4,9,create_mats.py
52512066,3,3,6,Output.py
52512066,1,1,2,create_mats.py
52512066,3,3,6,Data.py
52512066,1,1,2,Data.py
52512066,1,0,1,Data.py
52512066,1,0,1,Data.py
52512066,1,0,1,Data.py
52512066,8,6,14,Data.py
52512066,10,10,20,Data.py
52512066,71,6,77,Data.py
52512066,2,3,5,create_mats.py
52512066,2,1,3,Data.py
52512066,1,0,1,Output.py
52512066,3,3,6,create_mats.py
52512066,1,1,2,Data.py
52512066,2,2,4,create_mats.py
52512066,2,2,4,Data.py
52512066,6,2,8,Data.py
52512066,1,1,2,Data.py
52512066,2,0,2,Data.py
52512066,2,1,3,Data.py
52512066,1,1,2,Input.py
52512066,5,3,8,Data.py
52512066,1,1,2,Data.py
52512066,1,1,2,Data.py
52512066,1,1,2,Data.py
52512066,0,4,4,create_mats.py
52512066,1,1,2,Data.py
52512066,12,0,12,Data.py
52512066,14,0,14,Input.py
52512066,7,1,8,Output.py
52512066,67,0,67,create_mats.py
52512066,1,1,2,Experiment1b_abs.py
52512066,4,4,8,Experiment1b_abs.py
52512066,1,1,2,IEP.py
52512066,0,1,1,SGD.py
52512066,0,1,1,SGD.py
52512066,2,2,4,Experiment1b_abs.py
52512066,1,1,2,Experiment1b_abs.py
52512066,2,2,4,SGD.py
52512066,3,4,7,SGD.py
52512066,2,0,2,SGD.py
52512066,1,1,2,Experiment1b_abs.py
52512066,1,0,1,SGD.py
52512066,1,1,2,Experiment1b_abs.py
52512066,6,4,10,Loss_layer.py
52512066,1,0,1,SGD.py
52512066,1,1,2,Experiment1b_abs.py
52512066,2,2,4,Experiment1b_abs.py
52512066,3,3,6,Experiment1b_mine.py
52512066,5,4,9,SGD.py
52512066,0,3,3,SGD.py
52512066,0,1,1,IEP.py
52512066,1,1,2,IEP.py
52512066,3,7,10,IEP_Loss_Layer.py
52512066,2,2,4,IEP.py
52512066,1,1,2,SGD.py
52512066,1,1,2,SGD.py
52512066,1,0,1,IEP.py
52512066,1,1,2,SGD.py
52512066,2,1,3,IEP.py
52512066,4,3,7,IEP.py
52512066,1,1,2,SGD.py
52512066,1,1,2,Experiment1b_abs.py
52512066,1,1,2,IEP.py
52512066,2,1,3,IEP.py
52512066,1,0,1,IEP.py
52512066,4,0,4,SGD.py
52512066,8,8,16,Experiment1b_mine.py
52512066,1,1,2,SGD.py
52512066,9,9,18,Experiment1b_abs.py
52512066,17,18,35,IEP_Loss_Layer.py
52512066,62,0,62,Loss_layer.py
52512066,20,0,20,test_layer.py
52512066,1,1,2,Experiment1b_abs.py
52512066,2,2,4,Experiment1b_abs.py
52512066,3,3,6,SGD.py
52512066,1,1,2,Experiment1b_abs.py
52512066,20,8,28,IEP_Loss_Layer.py
52512066,2,2,4,Experiment1b_abs.py
52512066,0,1,1,SGD.py
52512066,8,9,17,SGD.py
52512066,1,1,2,SGD.py
52512066,2,2,4,SGD.py
52512066,1,1,2,SGD.py
52512066,3,3,6,Experiment1b_mine.py
52512066,5,4,9,SGD.py
52512066,0,1,1,IEP.py
52512066,0,4,4,SGD.py
52512066,1,2,3,SGD.py
52512066,1,1,2,Experiment1b_abs.py
52512066,1,2,3,IEP.py
52512066,2,3,5,SGD.py
52512066,16,9,25,SGD.py
52512066,2,0,2,IEP.py
52512066,3,3,6,SGD.py
52512066,6,5,11,IEP.py
52512066,1,1,2,SGD.py
52512066,1,1,2,Input.py
52512066,2,2,4,Experiment1b_abs.py
52512066,9,2,11,IEP.py
52512066,13,4,17,SGD.py
52512066,2,2,4,Experiment1b_abs.py
52512066,2,2,4,Experiment1b_mine.py
52512066,29,16,45,IEP_Loss_Layer.py
52512066,188,0,188,Tree_Layer.py
52512066,1,1,2,SGD.py
52512066,3,3,6,Experiment1b_abs.py
52512066,28,11,39,SGD.py
52512066,3,1,4,IEP_Loss_Layer.py
52512066,1,1,2,Experiment1b_mine.py
52512066,2,2,4,Experiment1b_mine.py
52512066,24,9,33,IEP.py
52512066,26,1,27,SGD.py
52512066,3,3,6,Experiment1b_abs.py
52512066,31,0,31,IEP_Loss_Layer.py
52512066,3,3,6,Experiment1b_mine.py
52512066,2,2,4,Experiment1b_mine.py
52512066,1,1,2,Experiment1b_mine.py
52512066,1,1,2,Experiment1b_mine.py
52512066,1,1,2,Output.py
52512066,4,4,8,SGD.py
52512066,4,4,8,Experiment1b_abs.py
52512066,3,3,6,Experiment1b_mine.py
52512066,1,1,2,Experiment1b_abs.py
52512066,1,1,2,Experiment1b_mine.py
52512066,1,0,1,Experiment1b_abs.py
52512066,4,3,7,Experiment1b_mine.py
52512066,0,1,1,Experiment1b_mine.py
52512066,0,3,3,SGD.py
52512066,4,4,8,SGD.py
52512066,4,2,6,SGD.py
52512066,1,1,2,Experiment1b_mine.py
52512066,2,1,3,SGD.py
52512066,1,0,1,Experiment1b_mine.py
52512066,4,4,8,SGD.py
52512066,1,1,2,Experiment1b_mine.py
52512066,2,2,4,Experiment1b_mine.py
52512066,1,1,2,Experiment1b_mine.py
52512066,5,5,10,Experiment1b_mine.py
52512066,2,2,4,Experiment1b_mine.py
52512066,3,3,6,Experiment1b_mine.py
52512066,1,1,2,Experiment1b_mine.py
52512066,1,2,3,Output.py
52512066,1,2,3,SGD.py
52512066,1,1,2,Output.py
52512066,0,1,1,SGD.py
52512066,2,2,4,Experiment1b_mine.py
52512066,2,8,10,SGD.py
52512066,8,3,11,Output.py
52512066,8,0,8,utils.py
52512066,2,2,4,SGD.py
52512066,2,0,2,SGD.py
52512066,3,0,3,SGD.py
52512066,1,0,1,SGD.py
52512066,2,1,3,Output.py
52512066,1,3,4,Output.py
52512066,2,0,2,SGD.py
52512066,2,0,2,Output.py
52512066,3,3,6,Output.py
52512066,0,3,3,Output.py
52512066,3,3,6,Experiment1b_mine.py
52512066,2,2,4,Output.py
52512066,3,3,6,Experiment1b_mine.py
52512066,1,1,2,Output.py
52512066,1,1,2,Output.py
52512066,4,4,8,Output.py
52512066,0,2,2,SGD.py
52512066,3,3,6,Experiment1b_mine.py
52512066,1,0,1,Output.py
52512066,120,0,120,Experiment1b_abs.py
52512066,0,1,1,Experiment1b_mine.py
52512066,1,1,2,Experiment1b_mine.py
52512066,5,5,10,Experiment1b_mine.py
52512066,0,10,10,Output.py
52512066,0,6,6,SGD.py
52512066,1,1,2,Output.py
52512066,2,2,4,SGD.py
52512066,10,19,29,Output.py
52512066,7,8,15,SGD.py
52512066,1,1,2,Experiment1b_mine.py
52512066,2,2,4,Output.py
52512066,1,1,2,SGD.py
52512066,1,1,2,SGD.py
52512066,1,1,2,SGD.py
52512066,1,1,2,SGD.py
52512066,5,2,7,SGD.py
52512066,1,1,2,SGD.py
52512066,4,1,5,Output.py
52512066,6,1,7,SGD.py
52512066,1,1,2,SGD.py
52512066,1,1,2,Experiment1b_mine.py
52512066,33,34,67,Output.py
52512066,18,6,24,SGD.py
52512066,2,2,4,Experiment1b_mine.py
52512066,1,1,2,Input.py
52512066,3,1,4,Output.py
52512066,2,2,4,Experiment1b_mine.py
52512066,2,10,12,Output.py
52512066,2,2,4,Output.py
52512066,2,2,4,Output.py
52512066,4,4,8,Output.py
52512066,2,2,4,Output.py
52512066,1,1,2,Output.py
52512066,2,2,4,Output.py
52512066,1,1,2,Experiment1b_mine.py
52512066,1,1,2,Output.py
52512066,1,1,2,Output.py
52512066,8,1,9,Output.py
52512066,6,2,8,Output.py
52512066,1,1,2,Output.py
52512066,1,1,2,Output.py
52512066,10,2,12,Output.py
52512066,8,0,8,utils.py
52512066,3,1,4,Output.py
52512066,1,0,1,Output.py
52512066,2,0,2,Output.py
52512066,1,1,2,Output.py
52512066,1,1,2,Output.py
52512066,12,2,14,Output.py
52512066,2,1,3,Output.py
52512066,1,1,2,Experiment1b_mine.py
52512066,1,1,2,Output.py
52512066,1,0,1,SGD.py
52512066,5,5,10,Experiment1b_mine.py
52512066,13,3,16,Output.py
52512066,16,8,24,SGD.py
52512066,4,5,9,Experiment1b_mine.py
52512066,3,3,6,Output.py
52512066,6,1,7,SGD.py
52512066,1,4,5,Experiment1b_mine.py
52512066,10,23,33,Experiment1b_mine.py
52512066,1,1,2,Input.py
52512066,2,1,3,Output.py
52512066,5,5,10,Experiment1b_mine.py
52512066,3,3,6,SGD.py
52512066,2,2,4,Experiment1b_mine.py
52512066,1,1,2,SGD.py
52512066,0,3,3,SGD.py
52512066,2,2,4,Experiment1bDummy1Feat.py
52512066,15,9,24,Experiment1b_mine.py
52512066,25,0,25,Output.py
52512066,9,4,13,SGD.py
52512066,8,8,16,Experiment1bDummy1Feat.py
52512066,3,0,3,SGD.py
52512066,3,3,6,Experiment1bDummy1Feat.py
52512066,0,1,1,SGD.py
52512066,13,13,26,Experiment1bDummy1Feat.py
52512066,0,1,1,SGD.py
52512066,7,7,14,Experiment1bDummy1Feat.py
52512066,2,1,3,SGD.py
52512066,4,3,7,SGD.py
52512066,2,2,4,SGD.py
52512066,1,2,3,SGD.py
52512066,2,4,6,SGD.py
52512066,1,1,2,SGD.py
52512066,5,2,7,SGD.py
52512066,5,5,10,Experiment1bDummy1Feat.py
52512066,1,1,2,SGD.py
52512066,2,0,2,SGD.py
52512066,3,5,8,Experiment1bDummy1Feat.py
52512066,1,1,2,SGD.py
52512066,1,2,3,SGD.py
52512066,2,2,4,Experiment1bDummy1Feat.py
52512066,4,4,8,Experiment1bDummy1Feat.py
52512066,1,1,2,SGD.py
52512066,11,4,15,Experiment1bDummy1Feat.py
52512066,3,7,10,SGD.py
52512066,2,0,2,Experiment1bDummy1Feat.py
52512066,2,2,4,Data.py
52512066,3,3,6,Experiment1bDummy1Feat.py
52512066,38,12,50,SGD.py
52512066,0,1,1,SGD.py
52512066,2,2,4,Data.py
52512066,10,3,13,Experiment1bDummy1Feat.py
52512066,0,2,2,SGD.py
52512066,0,4,4,Experiment1bDummy1Feat.py
52512066,4,2,6,SGD.py
52512066,0,12,12,SGD.py
52512066,4,10,14,SGD.py
52512066,2,0,2,SGD.py
52512066,2,0,2,SGD.py
52512066,2,2,4,Data.py
52512066,7,3,10,Experiment1bDummy1Feat.py
52512066,15,1,16,SGD.py
52512066,1,1,2,Experiment1bDummy1Feat.py
52512066,1,1,2,SGD.py
52512066,4,1,5,SGD.py
52512066,2,6,8,SGD.py
52512066,4,1,5,SGD.py
52512066,19,6,25,Experiment1bDummy1Feat.py
52512066,62,10,72,SGD.py
52512066,2,8,10,SGD.py
52512066,1,9,10,SGD.py
52512066,2,0,2,SGD.py
52512066,1,1,2,SGD.py
52512066,1,0,1,SGD.py
52512066,0,2,2,Data.py
52512066,1,0,1,SGD.py
52512066,2,0,2,Data.py
52512066,1,1,2,SGD.py
52512066,2,2,4,SGD.py
52512066,6,0,6,SGD.py
52512066,6,6,12,SGD.py
52512066,3,3,6,SGD.py
52512066,2,2,4,SGD.py
52512066,1,1,2,SGD.py
52512066,1,1,2,SGD.py
52512066,2,0,2,SGD.py
52512066,2,2,4,SGD.py
52512066,4,3,7,SGD.py
52512066,2,0,2,Experiment1bDummy1Feat.py
52512066,2,2,4,Experiment1b_mine.py
52512066,9,2,11,SGD.py
52512066,2,2,4,Experiment1bDummy1Feat.py
52512066,5,0,5,SGD.py
52512066,0,7,7,SGD.py
52512066,5,6,11,SGD.py
52512066,2,1,3,SGD.py
52512066,4,3,7,SGD.py
52512066,2,0,2,SGD.py
52512066,1,1,2,Experiment1bDummy1Feat.py
52512066,1,4,5,SGD.py
52512066,4,1,5,SGD.py
52512066,13,0,13,SGD.py
52512066,2,2,4,Data.py
52512066,9,1,10,Experiment1bDummy1Feat.py
52512066,6,0,6,SGD.py
52512066,1,1,2,Experiment1b_mine.py
52512066,1,1,2,Experiment1bDummy1Feat.py
52512066,2,2,4,Data.py
52512066,5,5,10,Experiment1bDummy1Feat.py
52512066,0,1,1,utils.py
52512066,1,1,2,Experiment1b_scipy.py
52512066,2,1,3,utils.py
52512066,1,1,2,Experiment1b_mine.py
52512066,2,1,3,utils.py
52512066,1,1,2,Experiment1b_scipy.py
52512066,1,0,1,SGD.py
52512066,2,2,4,Experiment1b_scipy.py
52512066,3,3,6,SGD.py
52512066,1,1,2,utils.py
52512066,1,1,2,Experiment1b_scipy.py
52512066,2,2,4,SGD.py
52512066,3,2,5,Experiment1b_mine.py
52512066,2,2,4,Experiment1b_scipy.py
52512066,1,1,2,Experiment1b_mine.py
52512066,2,2,4,Experiment1b_mine.py
52512066,0,2,2,Experiment1b_mine.py
52512066,1,1,2,Experiment1b_scipy.py
52512066,1,1,2,Experiment1b_mine.py
52512066,0,1,1,SGD.py
52512066,9,1,10,Output.py
52512066,6,4,10,SGD.py
52512066,2,1,3,plot_updates.py
52512066,1,1,2,Output.py
52512066,0,3,3,plot_updates.py
52512066,2,2,4,Output.py
52512066,1,1,2,SGD.py
52512066,1,1,2,SGD.py
52512066,1,1,2,SGD.py
52512066,3,3,6,Experiment1b_scipy.py
52512066,1,1,2,SGD.py
52512066,13,2,15,plot_updates.py
52512066,7,7,14,Experiment1b_scipy.py
52512066,2,2,4,Experiment1b_scipy.py
52512066,2,12,14,plot_updates.py
52512066,0,2,2,Experiment1b_mine.py
52512066,12,1,13,Output.py
52512066,2,0,2,SGD.py
52512066,119,0,119,plot_updates.py
52512066,0,1,1,utils.py
52512066,6,4,10,Experiment1b_scipy.py
52512066,1,0,1,utils.py
52512066,1,1,2,SGD.py
52512066,3,3,6,Experiment1b_scipy.py
52512066,3,3,6,SGD.py
52512066,1,1,2,Experiment1b_mine.py
52512066,3,0,3,Experiment1b_scipy.py
52512066,1,0,1,Experiment1b_scipy.py
52512066,1,0,1,SGD.py
52512066,1,1,2,Output.py
52512066,5,5,10,Experiment1b_mine.py
52512066,1,1,2,Output.py
52512066,2,2,4,Experiment1b_mine.py
52512066,4,4,8,Experiment1b_all.py
52512066,2,2,4,Experiment1b_mine.py
52512066,1,1,2,SGD.py
52512066,0,2,2,SGD.py
52512066,7,3,10,Experiment1b_scipy.py
52512066,9,9,18,Experiment1b_scipy.py
52512066,2,2,4,SGD.py
52512066,1,1,2,Experiment1b_mine.py
52512066,6,6,12,Experiment1b_mine.py
52512066,2,2,4,Experiment1b_scipy.py
52512066,2,2,4,SGD.py
52512066,135,0,135,Experiment1b_mine.py
52512066,151,0,151,Experiment1b_all.py
52512066,105,0,105,Experiment1b_scipy.py
52512066,0,2,2,utils.py
52512066,1,1,2,Experiment1b.py
52512066,1,1,2,Experiment1b.py
52512066,0,13,13,SGD.py
52512066,2,2,4,SGD.py
52512066,4,5,9,SGD.py
52512066,2,4,6,SGD.py
52512066,1,1,2,SGD.py
52512066,2,0,2,SGD.py
52512066,1,0,1,SGD.py
52512066,2,1,3,SGD.py
52512066,2,0,2,SGD.py
52512066,3,1,4,Experiment1b.py
52512066,20,20,40,Experiment1b.py
52512066,1,0,1,SGD.py
52512066,44,53,97,Experiment1b.py
52512066,9,2,11,SGD.py
52512066,6,2,8,Experiment1b.py
52512066,2,2,4,SGD.py
52512066,2,3,5,Experiment1b.py
52512066,1,2,3,SGD.py
52512066,8,8,16,Output.py
52512066,2,2,4,Experiment1b.py
52512066,21,0,21,Output.py
52512066,2,2,4,SGD.py
52512066,4,4,8,Experiment1b.py
52512066,0,5,5,SGD.py
52512066,7,8,15,SGD.py
52512066,3,3,6,Experiment1b.py
52512066,2,2,4,SGD.py
52512066,2,2,4,SGD.py
52512066,1,1,2,IEP.py
52512066,1,1,2,SGD.py
52512066,3,3,6,Experiment1b.py
52512066,4,2,6,SGD.py
52512066,2,2,4,Data.py
52512066,1,2,3,test_new_loss_derivatives.py
52512066,2,2,4,IEP.py
52512066,0,5,5,SGD.py
52512066,3,0,3,test_new_loss_derivatives.py
52512066,5,1,6,SGD.py
52512066,1,1,2,Experiment1bDummy1Feat.py
52512066,1,2,3,SGD.py
52512066,1,1,2,Experiment1bDummy1Feat.py
52512066,4,2,6,SGD.py
52512066,1,0,1,SGD.py
52512066,1,1,2,Experiment1b.py
52512066,2,2,4,SGD.py
52512066,2,2,4,SGD.py
52512066,4,4,8,Experiment1b.py
52512066,1,1,2,Experiment1bDummy1Feat.py
52512066,3,2,5,SGD.py
52512066,0,3,3,SGD.py
52512066,2,2,4,Experiment1bDummy1Feat.py
52512066,1,0,1,SGD.py
52512066,4,4,8,Experiment1bDummy1Feat.py
52512066,1,1,2,SGD.py
52512066,1,1,2,Experiment1bDummy1Feat.py
52512066,3,3,6,Experiment1bDummy1Feat.py
52512066,1,3,4,SGD.py
52512066,2,2,4,SGD.py
52512066,2,2,4,Experiment1bDummy1Feat.py
52512066,3,0,3,SGD.py
52512066,4,3,7,Experiment1bDummy1Feat.py
52512066,2,3,5,IEP.py
52512066,1,1,2,Experiment1bDummy1Feat.py
52512066,3,0,3,SGD.py
52512066,1,1,2,IEP.py
52512066,2,1,3,Experiment1bDummy1Feat.py
52512066,11,2,13,SGD.py
52512066,1,1,2,test_new_loss_derivatives.py
52512066,4,1,5,utils.py
52512066,0,1,1,test_new_loss_derivatives.py
52512066,21,18,39,test_new_loss_derivatives.py
52512066,4,1,5,test_new_loss_derivatives.py
52512066,16,14,30,test_new_loss_derivatives.py
52512066,1,2,3,test_new_loss_derivatives.py
52512066,5,2,7,test_new_loss_derivatives.py
52512066,3,3,6,test_new_loss_derivatives.py
52512066,3,2,5,test_new_loss_derivatives.py
52512066,2,5,7,test_new_loss_derivatives.py
52512066,1,0,1,test_new_loss_derivatives.py
52512066,1,3,4,test_new_loss_derivatives.py
52512066,1,1,2,test_new_loss_derivatives.py
52512066,4,4,8,test_new_loss_derivatives.py
52512066,8,5,13,test_new_loss_derivatives.py
52512066,2,2,4,Experiment1bDummy1Feat.py
52512066,21,21,42,test_new_loss_derivatives.py
52512066,9,9,18,Experiment1b.py
52512066,0,15,15,Experiment1bDummy1Feat.py
52512066,17,16,33,IEP.py
52512066,22,5,27,SGD.py
52512066,64,64,128,IEP.py
52512066,4,4,8,Experiment1bDummy1Feat.py
52512066,69,0,69,IEP.py
52512066,1,2,3,SGD.py
52512066,1,1,2,SGD.py
52512066,1,1,2,SGD.py
52512066,2,2,4,SGD.py
52512066,4,2,6,Experiment1b.py
52512066,6,1,7,SGD.py
52512066,597,0,597,show_best_per_level.py
52512066,2,6,8,SGD.py
52512066,0,597,597,show_best_per_level.py
52512066,0,690,690,show_best_per_level_new.py
52512066,0,585,585,show_predictions_per_levels.py
52512066,4,4,8,Experiment1b.py
52512066,2,3,5,SGD.py
52512066,0,3,3,utils.py
52512066,1,0,1,utils.py
52512066,1,1,2,SGD.py
52512066,1,1,2,SGD.py
52512066,1,0,1,utils.py
52512066,4,7,11,Experiment1b.py
52512066,2,2,4,IEP.py
52512066,3,2,5,SGD.py
52512066,1,1,2,SGD.py
52512066,5,3,8,SGD.py
52512066,1,1,2,SGD.py
52512066,2,1,3,Input.py
52512066,1,1,2,SGD.py
52512066,597,0,597,show_best_per_level.py
52512066,690,0,690,show_best_per_level_new.py
52512066,585,0,585,show_predictions_per_levels.py
52512066,2,2,4,untitled.py
52512066,2,2,4,Experiment1b.py
52512066,3,3,6,Experiment1b.py
52512066,17,11,28,SGD.py
52512066,7,17,24,utils.py
52512066,2,2,4,untitled.py
52512066,2,2,4,untitled.py
52512066,1,1,2,untitled.py
52512066,2,2,4,untitled.py
52512066,4,4,8,untitled.py
52512066,2,2,4,untitled.py
52512066,1,1,2,untitled.py
52512066,1,1,2,untitled.py
52512066,1,1,2,untitled.py
52512066,1,1,2,untitled.py
52512066,2,2,4,untitled.py
52512066,3,3,6,untitled.py
52512066,3,3,6,untitled.py
52512066,3,3,6,utils.py
52512066,47,29,76,Experiment1b.py
52512066,2,2,4,Experiment1bDummy1Feat.py
52512066,9,16,25,SGD.py
52512066,9,2,11,untitled.py
52512066,30,0,30,utils.py
52512066,3,3,6,untitled.py
52512066,4,4,8,untitled.py
52512066,14,14,28,untitled.py
52512066,1,1,2,untitled.py
52512066,1,1,2,untitled.py
52512066,10,3,13,untitled.py
52512066,1,1,2,test_new_loss_derivatives.py
52512066,6,3,9,test_new_loss_derivatives.py
52512066,2,2,4,untitled.py
52512066,10,3,13,test_new_loss_derivatives.py
52512066,22,0,22,untitled.py
52512066,0,1,1,test_new_loss_derivatives.py
52512066,5,1,6,test_new_loss_derivatives.py
52512066,1,1,2,test_new_loss_derivatives.py
52512066,1,1,2,Experiment1bDummy1Feat.py
52512066,12,13,25,test_new_loss_derivatives.py
52512066,3,3,6,test_new_loss_derivatives.py
52512066,10,9,19,test_new_loss_derivatives.py
52512066,4,3,7,test_new_loss_derivatives.py
52512066,0,1,1,test_new_loss_derivatives.py
52512066,2,1,3,test_new_loss_derivatives.py
52512066,16,15,31,test_new_loss_derivatives.py
52512066,1,1,2,test_new_loss_derivatives.py
52512066,1,1,2,test_new_loss_derivatives.py
52512066,1,1,2,test_new_loss_derivatives.py
52512066,1,1,2,test_new_loss_derivatives.py
52512066,5,2,7,test_new_loss_derivatives.py
52512066,1,1,2,test_new_loss_derivatives.py
52512066,0,4,4,test_new_loss_derivatives.py
52512066,1,1,2,test_new_loss_derivatives.py
52512066,1,1,2,test_new_loss_derivatives.py
52512066,1,1,2,test_new_loss_derivatives.py
52512066,1,1,2,test_new_loss_derivatives.py
52512066,1,1,2,test_new_loss_derivatives.py
52512066,2,1,3,test_new_loss_derivatives.py
52512066,2,1,3,test_new_loss_derivatives.py
52512066,1,1,2,test_new_loss_derivatives.py
52512066,3,1,4,test_new_loss_derivatives.py
52512066,3,8,11,test_new_loss_derivatives.py
52512066,1,1,2,test_new_loss_derivatives.py
52512066,1,1,2,test_new_loss_derivatives.py
52512066,3,3,6,test_new_loss_derivatives.py
52512066,1,3,4,test_new_loss_derivatives.py
52512066,2,2,4,test_new_loss_derivatives.py
52512066,4,3,7,test_new_loss_derivatives.py
52512066,14,14,28,test_new_loss_derivatives.py
52512066,3,0,3,test_new_loss_derivatives.py
52512066,1,0,1,test_new_loss_derivatives.py
52512066,1,0,1,test_new_loss_derivatives.py
52512066,2,0,2,test_new_loss_derivatives.py
52512066,2,1,3,test_new_loss_derivatives.py
52512066,9,3,12,test_new_loss_derivatives.py
52512066,8,6,14,SGD.py
52512066,9,7,16,utils.py
52512066,1,6,7,test_new_loss_derivatives.py
52512066,5,2,7,test_new_loss_derivatives.py
52512066,2,0,2,test_new_loss_derivatives.py
52512066,4,4,8,test_new_loss_derivatives.py
52512066,9,6,15,test_new_loss_derivatives.py
52512066,1,0,1,utils.py
52512066,2,4,6,test_new_loss_derivatives.py
52512066,1,2,3,test_new_loss_derivatives.py
52512066,2,2,4,test_new_loss_derivatives.py
52512066,2,10,12,SGD.py
52512066,4,3,7,test_new_loss_derivatives.py
52512066,9,0,9,utils.py
52512066,1,0,1,test_new_loss_derivatives.py
52512066,5,5,10,Experiment1bDummy1Feat.py
52512066,0,1,1,Experiment1bDummy1Feat.py
52512066,1,1,2,SGD.py
52512066,2,2,4,Data.py
52512066,5,5,10,Experiment1bDummy1Feat.py
52512066,3,2,5,test_new_loss_derivatives.py
52512066,13,3,16,test_new_loss_derivatives.py
52512066,1,7,8,test_new_loss_derivatives.py
52512066,1,1,2,utils.py
52512066,3,1,4,test_new_loss_derivatives.py
52512066,1,1,2,SGD.py
52512066,4,0,4,test_new_loss_derivatives.py
52512066,1,1,2,test_new_loss_derivatives.py
52512066,2,2,4,test_new_loss_derivatives.py
52512066,2,0,2,test_new_loss_derivatives.py
52512066,2,2,4,test_new_loss_derivatives.py
52512066,1,1,2,test_new_loss_derivatives.py
52512066,11,7,18,test_new_loss_derivatives.py
52512066,1,1,2,Experiment1bDummy1Feat.py
52512066,29,0,29,test_new_loss_derivatives.py
52512066,5,5,10,Experiment1bDummy1Feat.py
52512066,15,3,18,SGD.py
52512066,16,5,21,Experiment1bDummy1Feat.py
52512066,6,11,17,SGD.py
52512066,10,25,35,utils.py
52512066,48,4,52,SGD.py
52512066,28,0,28,utils.py
52512066,2,2,4,Experiment1bDummy1Feat.py
52512066,0,3,3,SGD.py
52512066,1,1,2,Experiment1bDummy1Feat.py
52512066,1,2,3,Experiment1bDummy1Feat.py
52512066,4,2,6,Experiment1bDummy1Feat.py
52512066,1,1,2,Experiment1bDummy1Feat.py
52512066,1,1,2,SGD.py
52512066,3,1,4,SGD.py
52512066,1,1,2,Experiment1bDummy1Feat.py
52512066,2,1,3,SGD.py
52512066,2,2,4,Experiment1bDummy1Feat.py
52512066,4,2,6,Experiment1bDummy1Feat.py
52512066,0,1,1,SGD.py
52512066,1,1,2,SGD.py
52512066,2,2,4,SGD.py
52512066,1,1,2,SGD.py
52512066,1,3,4,SGD.py
52512066,1,5,6,SGD.py
52512066,4,1,5,SGD.py
52512066,1,1,2,SGD.py
52512066,7,6,13,SGD.py
52512066,3,3,6,SGD.py
52512066,1,1,2,IEP.py
52512066,10,5,15,SGD.py
52512066,2,2,4,SGD.py
52512066,4,4,8,Experiment1bDummy1Feat.py
52512066,6,4,10,SGD.py
52512066,2,2,4,Experiment1bDummy1Feat.py
52512066,3,3,6,Experiment1bDummy1Feat.py
52512066,4,4,8,SGD.py
52512066,4,4,8,Experiment1bDummy1Feat.py
52512066,1,4,5,Output.py
52512066,0,1,1,SGD.py
52512066,1,1,2,SGD.py
52512066,3,4,7,SGD.py
52512066,1,5,6,SGD.py
52512066,2,2,4,SGD.py
52512066,2,0,2,SGD.py
52512066,1,1,2,SGD.py
52512066,2,2,4,SGD.py
52512066,2,2,4,SGD.py
52512066,2,2,4,SGD.py
52512066,1,1,2,SGD.py
52512066,13,7,20,SGD.py
52512066,3,2,5,SGD.py
52512066,1,1,2,SGD.py
52512066,8,2,10,SGD.py
52512066,1,1,2,SGD.py
52512066,20,5,25,SGD.py
52512066,1,1,2,Experiment1bDummy1Feat.py
52512066,10,4,14,SGD.py
52512066,4,2,6,SGD.py
52512066,6,4,10,SGD.py
52512066,1,1,2,SGD.py
52512066,1,3,4,SGD.py
52512066,1,1,2,SGD.py
52512066,1,1,2,Experiment1bDummy1Feat.py
52512066,1,0,1,SGD.py
52512066,1,2,3,SGD.py
52512066,0,2,2,IEP.py
52512066,0,1,1,SGD.py
52512066,0,1,1,IEP.py
52512066,1,2,3,SGD.py
52512066,1,1,2,SGD.py
52512066,11,6,17,SGD.py
52512066,1,1,2,SGD.py
52512066,3,0,3,IEP.py
52512066,5,2,7,SGD.py
52512066,2,2,4,SGD.py
52512066,2,2,4,IEP.py
52512066,5,6,11,SGD.py
52512066,1,1,2,SGD.py
52512066,2,1,3,SGD.py
52512066,1,1,2,Experiment1bDummy1Feat.py
52512066,2,2,4,IEP.py
52512066,13,3,16,SGD.py
52512066,3,8,11,Data.py
52512066,3,1,4,Data.py
52512066,2,2,4,Data.py
52512066,0,2,2,IEP.py
52512066,2,2,4,Data.py
52512066,1,1,2,Experiment1bDummy1Feat.py
52512066,1,1,2,IEP.py
52512066,8,1,9,Data.py
52512066,1,1,2,Experiment1bDummy1Feat.py
52512066,1,0,1,IEP.py
52512066,0,5,5,Data.py
52512066,2,3,5,Data.py
52512066,6,0,6,Data.py
52512066,3,2,5,IEP.py
52512066,4,3,7,SGD.py
52512066,2,0,2,SGD.py
52512066,1,1,2,Data.py
52512066,3,0,3,Input.py
52512066,0,4,4,Data.py
52512066,1,0,1,Data.py
52512066,5,0,5,Input.py
52512066,2,0,2,Data.py
52512066,12,12,24,SGD.py
52512066,24,3,27,Data.py
52512066,104,0,104,Experiment1bDummy1Feat.py
52512066,24,6,30,SGD.py
52512066,2,2,4,BlobExperiment.py
52512066,2,2,4,BlobExperiment.py
52512066,1,1,2,SGD.py
52512066,2,1,3,BlobExperiment.py
52512066,9,0,9,SGD.py
52512066,1,1,2,BlobExperiment.py
52512066,1,1,2,SGD.py
52512066,1,1,2,BlobExperiment.py
52512066,1,1,2,BlobExperiment.py
52512066,4,4,8,BlobExperiment.py
52512066,1,0,1,BlobExperiment.py
52512066,2,2,4,SGD.py
52512066,2,2,4,BlobExperiment.py
52512066,1,2,3,BlobData.py
52512066,2,5,7,SGD.py
52512066,3,1,4,BlobExperiment.py
52512066,3,0,3,SGD.py
52512066,8,4,12,BlobExperiment.py
52512066,2,2,4,Experiment1b.py
52512066,5,0,5,SGD.py
52512066,3,1,4,BlobExperiment.py
52512066,41,19,60,BlobExperiment.py
52512066,1,1,2,BlobExperiment.py
52512066,0,1,1,SGD.py
52512066,5,5,10,BlobExperiment.py
52512066,410,0,410,MLPTutorial.py
52512066,2,3,5,SGD.py
52512066,34,0,34,adam.py
52512066,18,17,35,BlobExperiment.py
52512066,0,1,1,SGD.py
52512066,1,1,2,BlobExperiment.py
52512066,1,0,1,SGD.py
52512066,5,10,15,BlobData.py
52512066,8,14,22,Input.py
52512066,2,2,4,Experiment1b.py
52512066,1,1,2,Experiment1b.py
52512066,2,2,4,Experiment1b.py
52512066,1,1,2,Experiment1b.py
52512066,5,3,8,Experiment1b.py
52512066,0,7,7,SGD.py
52512066,1,1,2,Experiment1b.py
52512066,2,2,4,Experiment1b.py
52512066,3,3,6,Experiment1b.py
52512066,2,1,3,Input.py
52512066,1,1,2,SGD.py
52512066,2,2,4,Experiment1b.py
52512066,4,1,5,Experiment1b.py
52512066,1,2,3,SGD.py
52512066,1,0,1,Input.py
52512066,1,1,2,BlobExperiment.py
52512066,9,7,16,Experiment1b.py
52512066,16,1,17,Input.py
52512066,28,13,41,SGD.py
52512066,1,1,2,BlobData.py
52512066,6,2,8,SGD.py
52512066,2,2,4,IEP.py
52512066,0,1,1,IEP.py
52512066,0,3,3,IEP.py
52512066,2,1,3,IEP.py
52512066,2,0,2,IEP.py
52512066,3,2,5,IEP.py
52512066,5,1,6,SGD.py
52512066,6,3,9,SGD.py
52512066,2,1,3,SGD.py
52512066,1,1,2,Experiment1b.py
52512066,2,0,2,SGD.py
52512066,2,2,4,BlobExperiment.py
52512066,1,1,2,BlobData.py
52512066,1,1,2,BlobExperiment.py
52512066,1,0,1,SGD.py
52512066,1,1,2,SGD.py
52512066,1,1,2,BlobData.py
52512066,10,2,12,BlobExperiment.py
52512066,0,4,4,SGD.py
52512066,4,1,5,BlobData.py
52512066,10,1,11,BlobExperiment.py
52512066,4,0,4,SGD.py
52512066,2,2,4,BlobExperiment.py
52512066,2,1,3,SGD.py
52512066,4,0,4,BlobExperiment.py
52512066,16,5,21,SGD.py
52512066,1,1,2,SGD.py
52512066,1,1,2,SGD.py
52512066,1,1,2,SGD.py
52512066,8,9,17,BlobData.py
52512066,3,1,4,Input.py
52512066,6,1,7,SGD.py
52512066,3,3,6,BlobData.py
52512066,14,9,23,BlobData.py
52512066,7,6,13,BlobData.py
52512066,1,1,2,BlobData.py
52512066,1,1,2,BlobData.py
52512066,2,2,4,BlobData.py
52512066,17,17,34,BlobData.py
52512066,0,1,1,utils.py
52512066,1,2,3,BlobData.py
52512066,0,2,2,BlobData.py
52512066,4,3,7,utils.py
52512066,2,0,2,BlobData.py
52512066,1,1,2,BlobData.py
52512066,2,0,2,utils.py
52512066,1,9,10,utils.py
52512066,1,1,2,BlobData.py
52512066,1,1,2,SGD.py
52512066,1,1,2,utils.py
52512066,5,3,8,utils.py
52512066,3,2,5,utils.py
52512066,2,4,6,utils.py
52512066,5,0,5,utils.py
52512066,2,2,4,utils.py
52512066,2,0,2,utils.py
52512066,1,1,2,utils.py
52512066,1,1,2,utils.py
52512066,1,1,2,utils.py
52512066,1,1,2,BlobData.py
52512066,1,1,2,BlobData.py
52512066,1,1,2,BlobData.py
52512066,10,12,22,BlobData.py
52512066,11,0,11,BlobData.py
52512066,10,4,14,Input.py
52512066,2,2,4,Experiment1b.py
52512066,2,2,4,BlobData.py
52512066,4,4,8,BlobData.py
52512066,13,9,22,BlobData.py
52512066,14,14,28,BlobData.py
52512066,7,7,14,BlobData.py
52512066,7,7,14,BlobData.py
52512066,2,2,4,Experiment1b.py
52512066,1,1,2,BlobData.py
52512066,30,2,32,BlobData.py
52512066,5,5,10,BlobData.py
52512066,1,0,1,BlobData.py
52512066,1,0,1,SGD.py
52512066,2,5,7,BlobData.py
52512066,3,0,3,BlobData.py
52512066,30,1,31,BlobData.py
52512066,1,2,3,Input.py
52512066,4,6,10,BlobData.py
52512066,1,0,1,BlobData.py
52512066,2,2,4,BlobData.py
52512066,1,1,2,BlobData.py
52512066,18,2,20,BlobData.py
52512066,1,1,2,Experiment1b.py
52512066,4,1,5,Experiment1b.py
52512066,0,1,1,Experiment1b.py
52512066,3,3,6,Experiment1b.py
52512066,3,3,6,Experiment1b.py
52512066,2,2,4,Experiment1b.py
52512066,4,4,8,Experiment1b.py
52512066,3,3,6,Experiment1b.py
52512066,3,2,5,Output.py
52512066,1,14,15,SGD.py
52512066,1,14,15,SGD.py
52512066,1,1,2,SGD.py
52512066,2,3,5,Data.py
52512066,1,0,1,SGD.py
52512066,2,2,4,Experiment1a_validation.py
52512066,2,2,4,Experiment1b_validation.py
52512066,6,6,12,ExperimentSGDvsMLP.py
52512066,1,0,1,Data.py
52512066,4,4,8,SGD.py
52512066,1,3,4,Data.py
52512066,1,1,2,Data.py
52512066,1,1,2,Data.py
52512066,1,0,1,Data.py
52512066,2,1,3,Data.py
52512066,2,2,4,Experiment1b.py
52512066,27,2,29,SGD.py
52512066,9,9,18,Experiment1b_validation.py
52512066,1,1,2,Experiment1b_validation.py
52512066,1,0,1,Experiment1b_validation.py
52512066,6,4,10,Experiment1b.py
52512066,22,19,41,Experiment1b_validation.py
52512066,10,10,20,Experiment1b_validation.py
52512066,34,2,36,Experiment1b_validation.py
52512066,3,2,5,Experiment1b_validation.py
52512066,1,1,2,Experiment1b_validation.py
52512066,5,5,10,ExperimentSGDvsMLP.py
52512066,1,1,2,Experiment1b.py
52512066,5,5,10,ExperimentSGDvsMLP.py
52512066,1,4,5,Input.py
52512066,1,1,2,BlobData.py
52512066,1,1,2,BlobExperiment.py
52512066,1,1,2,BlobData.py
52512066,1,0,1,BlobData.py
52512066,1,1,2,Input.py
52512066,1,1,2,BlobData.py
52512066,3,2,5,Input.py
52512066,5,5,10,Input.py
52512066,2,2,4,Input.py
52512066,1,1,2,Input.py
52512066,4,0,4,Input.py
52512066,1,0,1,Input.py
52512066,2,2,4,Input.py
52512066,0,1,1,BlobData.py
52512066,1,0,1,Input.py
52512066,1,1,2,Input.py
52512066,2,1,3,SGD.py
52512066,1,1,2,Input.py
52512066,1,1,2,Input.py
52512066,35,0,35,BlobData.py
52512066,19,0,19,BlobExperiment.py
52512066,2,2,4,Data.py
52512066,60,4,64,Input.py
52512066,5,1,6,SGD.py
52512066,2,2,4,Experiment1b.py
52512066,1,1,2,Output.py
52512066,5,7,12,SGD.py
52512066,4,1,5,SGD.py
52512066,3,1,4,SGD.py
52512066,7,7,14,Experiment1b.py
52512066,34,21,55,Output.py
52512066,9,5,14,SGD.py
52512066,1,1,2,Experiment1b.py
52512066,1,0,1,SGD.py
52512066,3,3,6,Experiment1b.py
52512066,4,4,8,SGD.py
52512066,4,4,8,SGD.py
52512066,2,1,3,Experiment1b_validation.py
52512066,1,1,2,Experiment1b_validation.py
52512066,1,1,2,Experiment1a_validation.py
52512066,5,5,10,Experiment1b_validation.py
52512066,3,0,3,Experiment1b_validation.py
52512066,2,2,4,Experiment1b_validation.py
52512066,1,1,2,Experiment1b_validation.py
52512066,12,12,24,Experiment1b_validation.py
52512066,13,5,18,Experiment1b_validation.py
52512066,12,6,18,Experiment1a_validation.py
52512066,1,1,2,Experiment1b.py
52512066,1,1,2,Experiment1b.py
52512066,2,2,4,Experiment1b.py
52512066,0,1,1,SGD.py
52512066,1,1,2,Experiment1b.py
52512066,1,0,1,SGD.py
52512066,1,1,2,SGD.py
52512066,4,4,8,Experiment1b.py
52512066,7,7,14,Experiment1a_validation.py
52512066,1,1,2,Experiment1b.py
52512066,8,2,10,Experiment1b.py
52512066,9,8,17,SGD.py
52512066,1,1,2,Experiment1b.py
52512066,12,5,17,SGD.py
52512066,20,12,32,Experiment1a_validation.py
52512066,14,13,27,Experiment1a_validation.py
52512066,15,12,27,Experiment1a_validation.py
52512066,2,1,3,Experiment1a_validation.py
52512066,10,8,18,Experiment1b_validation.py
52512066,1,0,1,Experiment1a_validation.py
52512066,4,2,6,Experiment1b_validation.py
52512066,5,5,10,Experiment1a_validation.py
52512066,86,0,86,Experiment1b_validation.py
52512066,1,0,1,Experiment1a_validation.py
52512066,3,6,9,Experiment1a_validation.py
52512066,2,2,4,Experiment1a_validation.py
52512066,4,0,4,Experiment1a_validation.py
52512066,1,3,4,Experiment1a_validation.py
52512066,1,2,3,Experiment1a_validation.py
52512066,5,3,8,Experiment1a_validation.py
52512066,1,0,1,Experiment1a_validation.py
52512066,1,0,1,Experiment1a_validation.py
52512066,2,6,8,Experiment1a_validation.py
52512066,33,8,41,Experiment1a_validation.py
52512066,1,0,1,Experiment1a_validation.py
52512066,1,1,2,Experiment1a_validation.py
52512066,1,0,1,Experiment1a_validation.py
52512066,1,1,2,Experiment1b.py
52512066,3,3,6,Experiment1b.py
52512066,1,1,2,Output.py
52512066,66,0,66,Experiment1a_validation.py
52512066,4,4,8,Experiment1b.py
52512066,1,1,2,Experiment1b.py
52512066,4,4,8,Experiment1b.py
52512066,2,2,4,Experiment1b.py
52512066,1,1,2,Experiment1b.py
52512066,9,8,17,Experiment1b.py
52512066,1,1,2,SGD.py
52512066,3,3,6,Experiment1b.py
52512066,1,1,2,SGD.py
52512066,5,2,7,SGD.py
52512066,1,1,2,SGD.py
52512066,7,3,10,SGD.py
52512066,5,2,7,SGD.py
52512066,2,2,4,SGD.py
52512066,5,8,13,Experiment1b.py
52512066,5,5,10,Output.py
52512066,23,17,40,SGD.py
52512066,3,3,6,Experiment1b.py
52512066,10,4,14,Output.py
52512066,2,5,7,Experiment1b.py
52512066,2,2,4,Experiment1b.py
52512066,3,3,6,Experiment1b.py
52512066,6,2,8,Output.py
52512066,4,4,8,Experiment1b.py
52512066,16,7,23,Output.py
52512066,6,2,8,Experiment1b.py
52512066,1,2,3,SGD.py
52512066,5,1,6,SGD.py
52512066,1,0,1,SGD.py
52512066,3,3,6,Experiment1b.py
52512066,2,2,4,SGD.py
52512066,3,3,6,Experiment1b.py
52512066,1,1,2,SGD.py
52512066,5,5,10,ExperimentSGDvsMLP.py
52512066,2,2,4,SGD.py
52512066,2,8,10,SGD.py
52512066,9,6,15,SGD.py
52512066,3,1,4,Experiment1b.py
52512066,0,4,4,SGD.py
52512066,1,1,2,SGD.py
52512066,2,2,4,SGD.py
52512066,3,5,8,SGD.py
52512066,3,2,5,SGD.py
52512066,1,1,2,SGD.py
52512066,2,1,3,SGD.py
52512066,2,0,2,SGD.py
52512066,1,0,1,SGD.py
52512066,3,2,5,SGD.py
52512066,2,2,4,SGD.py
52512066,1,1,2,SGD.py
52512066,2,2,4,SGD.py
52512066,1,1,2,Experiment1b.py
52512066,3,2,5,SGD.py
52512066,8,7,15,SGD.py
52512066,2,3,5,SGD.py
52512066,1,1,2,Experiment1b.py
52512066,9,9,18,SGD.py
52512066,8,3,11,Experiment1b.py
52512066,2,1,3,SGD.py
52512066,28,11,39,SGD.py
52512066,1,1,2,Experiment1b.py
52512066,0,4,4,SGD.py
52512066,5,5,10,Experiment1b.py
52512066,0,6,6,SGD.py
52512066,0,8,8,IEP.py
52512066,2,2,4,IEP.py
52512066,2,2,4,IEP.py
52512066,1,1,2,IEP.py
52512066,1,1,2,SGD.py
52512066,2,1,3,IEP.py
52512066,1,1,2,Experiment1b.py
52512066,5,0,5,IEP.py
52512066,2,0,2,IEP.py
52512066,1,1,2,SGD.py
52512066,2,0,2,SGD.py
52512066,2,1,3,SGD.py
52512066,3,2,5,SGD.py
52512066,1,0,1,SGD.py
52512066,2,2,4,SGD.py
52512066,2,1,3,SGD.py
52512066,1,1,2,Experiment1b.py
52512066,15,1,16,SGD.py
52512066,6,4,10,Experiment1b.py
52512066,1,1,2,SGD.py
52512066,1,1,2,SGD.py
52512066,1,1,2,SGD.py
52512066,3,3,6,SGD.py
52512066,8,8,16,SGD.py
52512066,1,1,2,Experiment1b.py
52512066,19,10,29,SGD.py
52512066,12,7,19,ExperimentSGDvsMLP.py
52512066,15,0,15,SGD.py
52512066,1,0,1,SGD.py
52512066,3,4,7,Experiment1b.py
52512066,4,4,8,SGD.py
52512066,21,7,28,ExperimentSGDvsMLP.py
52512066,2,2,4,Experiment1b.py
52512066,0,2,2,SGD.py
52512066,2,2,4,SGD.py
52512066,1,1,2,Experiment1b.py
52512066,2,0,2,SGD.py
52512066,1,1,2,Experiment1b.py
52512066,1,1,2,ExperimentOld.py
52512066,1,1,2,ExperimentOld.py
52512066,37,38,75,ExperimentOld.py
52512066,39,38,77,Experiment1b.py
52512066,1,1,2,plot_different_methods.py
52512066,1,1,2,plot_different_methods.py
52512066,1,1,2,plot_different_methods.py
52512066,1,1,2,plot_different_methods.py
52512066,1,1,2,plot_different_methods.py
52512066,1,1,2,plot_different_methods.py
52512066,1,1,2,plot_different_methods.py
52512066,1,1,2,plot_different_methods.py
52512066,1,1,2,plot_different_methods.py
52512066,1,1,2,plot_different_methods.py
52512066,1,1,2,plot_different_methods.py
52512066,1,1,2,plot_different_methods.py
52512066,1,1,2,plot_different_methods.py
52512066,1,1,2,plot_different_methods.py
52512066,1,1,2,plot_different_methods.py
52512066,2,2,4,plot_different_methods.py
52512066,1,1,2,ExperimentSGDvsMLP.py
52512066,5,3,8,Experiment1b.py
52512066,1,1,2,Experiment1b.py
52512066,2,2,4,Experiment1b.py
52512066,1,10,11,SGD.py
52512066,1,1,2,SGD.py
52512066,1,1,2,SGD.py
52512066,1,0,1,SGD.py
52512066,2,1,3,Experiment1b.py
52512066,8,0,8,SGD.py
52512066,1,9,10,SGD.py
52512066,1,1,2,SGD.py
52512066,2,2,4,SGD.py
52512066,1,1,2,SGD.py
52512066,1,0,1,SGD.py
52512066,2,2,4,SGD.py
52512066,1,1,2,SGD.py
52512066,1,1,2,SGD.py
52512066,1,1,2,SGD.py
52512066,8,8,16,SGD.py
52512066,2,2,4,Experiment1b.py
52512066,29,0,29,SGD.py
52512066,1,1,2,plot_different_methods.py
52512066,1,1,2,plot_different_methods.py
52512066,1,1,2,plot_different_methods.py
52512066,37,0,37,plot_different_methods.py
52512066,1,1,2,SGD.py
52512066,1,1,2,ExperimentOld.py
52512066,2,2,4,SGD.py
52512066,2,2,4,ExperimentSGDvsMLP.py
52512066,2,2,4,ExperimentSGDvsMLP.py
52512066,3,3,6,ExperimentSGDvsMLP.py
52512066,1,1,2,ExperimentOld.py
52512066,19,32,51,ExperimentSGDvsMLP.py
52512066,2,2,4,ExperimentOld.py
52512066,73,34,107,ExperimentSGDvsMLP.py
52512066,1,1,2,SGD.py
52512066,110,0,110,ExperimentOld.py
52512066,25,9,34,SGD.py
52512066,1169,0,1169,ml.py
52512066,0,1,1,Input.py
52512066,1,1,2,Input.py
52512066,0,7,7,Input.py
52512066,2,2,4,Input.py
52512066,5,2,7,Input.py
52512066,2,2,4,Input.py
52512066,2,1,3,Input.py
52512066,5,4,9,Input.py
52512066,2,0,2,Input.py
52512066,1,0,1,SGD.py
52512066,10,10,20,ExperimentSGDvsMLP.py
52512066,1,1,2,Experiment1b.py
52512066,1,1,2,Experiment1b.py
52512066,1,1,2,Experiment1b.py
52512066,3,3,6,ExperimentSGDvsMLP.py
52512066,3,5,8,Experiment1b.py
52512066,5,1,6,ExperimentSGDvsMLP.py
52512066,3,1,4,SGD.py
52512066,2,1,3,ExperimentSGDvsMLP.py
52512066,1,1,2,Experiment1b.py
52512066,2,2,4,Experiment1b.py
52512066,6,6,12,ExperimentSGDvsMLP.py
52512066,29,26,55,ExperimentSGDvsMLP.py
52512066,1,1,2,Experiment1b.py
52512066,1,1,2,Experiment1b.py
52512066,0,1,1,SGD.py
52512066,2,2,4,Experiment1b.py
52512066,1,2,3,Data.py
52512066,3,3,6,ExperimentSGDvsMLP.py
52512066,2,2,4,IEP.py
52512066,6,4,10,IEP.py
52512066,1,1,2,Data.py
52512066,2,0,2,DummyData.py
52512066,1,0,1,Data.py
52512066,1,5,6,DummyData.py
52512066,1,1,2,DummyData.py
52512066,1,1,2,DummyData.py
52512066,1,1,2,DummyData.py
52512066,1,0,1,DummyData.py
52512066,2,1,3,DummyData.py
52512066,1,1,2,DummyData.py
52512066,1,1,2,DummyData.py
52512066,1,1,2,DummyData.py
52512066,4,4,8,DummyData.py
52512066,1,1,2,DummyData.py
52512066,1,0,1,DummyData.py
52512066,2,1,3,DummyData.py
52512066,2,2,4,DummyData.py
52512066,5,1,6,DummyData.py
52512066,2,2,4,DummyData.py
52512066,0,1,1,IEP.py
52512066,1,2,3,Data.py
52512066,0,3,3,DummyData.py
52512066,1,1,2,IEP.py
52512066,1,1,2,DummyData.py
52512066,1,0,1,Data.py
52512066,2,1,3,DummyData.py
52512066,1,0,1,DummyData.py
52512066,2,2,4,DummyData.py
52512066,3,0,3,DummyData.py
52512066,1,4,5,DummyData.py
52512066,1,0,1,IEP.py
52512066,1,0,1,SGD.py
52512066,1,1,2,DummyData.py
52512066,1,1,2,DummyData.py
52512066,1,1,2,DummyDataExperiment.py
52512066,1,1,2,DummyData.py
52512066,1,1,2,DummyData.py
52512066,2,0,2,DummyDataExperiment.py
52512066,0,1,1,ExperimentSGDvsMLP.py
52512066,0,2,2,ExperimentSGDvsMLP.py
52512066,1,2,3,ExperimentSGDvsMLP.py
52512066,6,36,42,ExperimentSGDvsMLP.py
52512066,3,3,6,ExperimentSGDvsMLP.py
52512066,3,3,6,ExperimentSGDvsMLP.py
52512066,2,2,4,ExperimentSGDvsMLP.py
52512066,2,3,5,ExperimentSGDvsMLP.py
52512066,2,2,4,ExperimentSGDvsMLP.py
52512066,2,2,4,ExperimentSGDvsMLP.py
52512066,6,5,11,ExperimentSGDvsMLP.py
52512066,5,3,8,ExperimentSGDvsMLP.py
52512066,1,1,2,ExperimentSGDvsMLP.py
52512066,8,4,12,ExperimentSGDvsMLP.py
52512066,1,1,2,ExperimentSGDvsMLP.py
52512066,3,3,6,ExperimentSGDvsMLP.py
52512066,1,0,1,ExperimentSGDvsMLP.py
52512066,131,0,131,ExperimentSGDvsMLP.py
52512066,681,0,681,compare_methods.py
52512066,3,8,11,Experiment1b.py
52512066,1,1,2,Data.py
52512066,0,2,2,DummyData.py
52512066,5,5,10,Experiment1b.py
52512066,4,2,6,utils.py
52512066,2,1,3,DummyData.py
52512066,9,10,19,DummyData.py
52512066,3,1,4,DummyData.py
52512066,3,2,5,DummyData.py
52512066,1,0,1,DummyData.py
52512066,0,2,2,utils.py
52512066,1,1,2,DummyData.py
52512066,0,1,1,DummyDataExperiment.py
52512066,2,0,2,utils.py
52512066,1,0,1,DummyData.py
52512066,5,1,6,DummyDataExperiment.py
52512066,1,0,1,DummyData.py
52512066,1,0,1,DummyDataExperiment.py
52512066,27,26,53,DummyData.py
52512066,0,1,1,DummyData.py
52512066,2,2,4,DummyDataExperiment.py
52512066,0,1,1,Data.py
52512066,32,0,32,DummyData.py
52512066,15,0,15,DummyDataExperiment.py
52512066,16,17,33,plot_experiment1a.py
52512066,1,3,4,plot_trend.py
52512066,3,1,4,plot_trend.py
52512066,1,5,6,plot_trend.py
52512066,3,3,6,plot_trend.py
52512066,2,2,4,plot_trend.py
52512066,10,11,21,plot_trend.py
52512066,9,9,18,plot_trend.py
52512066,3,1,4,plot_trend.py
52512066,1,1,2,plot_trend.py
52512066,2,2,4,plot_trend.py
52512066,3,2,5,plot_trend.py
52512066,2,1,3,plot_trend.py
52512066,10,10,20,plot_trend.py
52512066,1,2,3,plot_trend.py
52512066,1,1,2,plot_trend.py
52512066,2,2,4,plot_trend.py
52512066,4,1,5,plot_trend.py
52512066,63,0,63,plot_trend.py
52512066,7,5,12,Experiment1b.py
52512066,1,1,2,Experiment1b.py
52512066,5,5,10,Experiment1b.py
52512066,1,1,2,Experiment1b.py
52512066,2,2,4,Experiment1b.py
52512066,4,4,8,Experiment1b.py
52512066,4,0,4,SGD.py
52512066,2,4,6,SGD.py
52512066,3,3,6,SGD.py
52512066,2,1,3,SGD.py
52512066,2,2,4,SGD.py
52512066,3,1,4,SGD.py
52512066,3,3,6,SGD.py
52512066,7,4,11,Experiment1b.py
52512066,1,1,2,SGD.py
52512066,1,1,2,Experiment1b.py
52512066,2,2,4,SGD.py
52512066,1,1,2,Experiment1b.py
52512066,3,3,6,Experiment1b.py
52512066,1,1,2,Experiment1b.py
52512066,9,9,18,Output.py
52512066,38,19,57,Experiment1b.py
52512066,11,8,19,Input.py
52512066,2,2,4,SGD.py
52512066,3,3,6,SGD.py
52512066,9,6,15,Experiment1b.py
52512066,11,8,19,SGD.py
52512066,1,1,2,Experiment1b.py
52512066,7,14,21,Experiment1b.py
52512066,12,12,24,Output.py
52512066,9,9,18,Experiment1b.py
52512066,1,1,2,Experiment1b.py
52512066,2,2,4,Experiment1b.py
52512066,1,1,2,SGD.py
52512066,2,1,3,Experiment1b.py
52512066,1,1,2,Experiment1b.py
52512066,5,5,10,Experiment1b.py
52512066,6,3,9,Experiment1b.py
52512066,1,1,2,Experiment1b.py
52512066,1,1,2,Experiment1b.py
52512066,22,21,43,Experiment1b.py
52512066,1,1,2,compare_dennis_resnet.py
52512066,1,1,2,SGD.py
52512066,7,6,13,SGD.py
52512066,4,3,7,SGD.py
52512066,5,2,7,compare_dennis_resnet.py
52512066,6,23,29,Experiment1b.py
52512066,2,2,4,Output.py
52512066,1,1,2,Output.py
52512066,1,1,2,compare_dennis_resnet.py
52512066,0,1,1,utils.py
52512066,2,1,3,Experiment1b.py
52512066,3,1,4,compare_dennis_resnet.py
52512066,11,5,16,compare_dennis_resnet.py
52512066,2,2,4,utils.py
52512066,13,7,20,Experiment1b.py
52512066,24,4,28,SGD.py
52512066,3,4,7,compare_features.py
52512066,1,0,1,compare_features.py
52512066,6,6,12,Data.py
52512066,5,3,8,compare_features.py
52512066,9,7,16,Input.py
52512066,1,0,1,Input.py
52512066,1,0,1,Data.py
52512066,2,1,3,Data.py
52512066,1,1,2,utils.py
52512066,2,2,4,utils.py
52512066,2,1,3,utils.py
52512066,1,0,1,Data.py
52512066,1,1,2,Input.py
52512066,44,26,70,Input.py
52512066,3,4,7,Data.py
52512066,1,0,1,Data.py
52512066,8,0,8,Data.py
52512066,0,6,6,SGD.py
52512066,1,7,8,Experiment1b.py
52512066,8,0,8,SGD.py
52512066,7,0,7,Experiment1b.py
52512066,8,0,8,Output.py
52512066,5,4,9,Experiment1b.py
52512066,8,4,12,Experiment1b.py
52512066,1,1,2,Experiment1b.py
52512066,5,4,9,Experiment1b.py
52512066,3,0,3,plot_experiment1a.py
52512066,4,1,5,plot_experiment1a.py
52512066,2,2,4,plot_experiment1a.py
52512066,1,0,1,plot_experiment1a.py
52512066,28,0,28,plot_experiment1a.py
52512066,781,0,781,extract_features_from_coords_152_32.py
52512066,5,1,6,compare_features.py
52512066,1,1,2,compare_features.py
52512066,2,1,3,Experiment1b.py
52512066,1,0,1,Experiment1b.py
52512066,10,11,21,Experiment1b.py
52512066,9,9,18,Output.py
52512066,1,1,2,compare_dennis_resnet.py
52512066,1,0,1,Output.py
52512066,3,3,6,compare_dennis_resnet.py
52512066,2,2,4,compare_dennis_resnet.py
52512066,1,1,2,compare_dennis_resnet.py
52512066,2,1,3,compare_dennis_resnet.py
52512066,0,4,4,IEP.py
52512066,1,1,2,IEP.py
52512066,1,1,2,Input.py
52512066,1,1,2,IEP.py
52512066,4,1,5,IEP.py
52512066,3,2,5,compare_dennis_resnet.py
52512066,2,2,4,Output.py
52512066,2,1,3,IEP.py
52512066,1,0,1,Input.py
52512066,4,1,5,Output.py
52512066,90,0,90,compare_dennis_resnet.py
52512066,0,7,7,compare_features.py
52512066,1,1,2,compare_features.py
52512066,1,1,2,compare_features.py
52512066,1,1,2,compare_features.py
52512066,4,0,4,compare_features.py
52512066,3,3,6,compare_features.py
52512066,2,2,4,Output.py
52512066,2,1,3,compare_features.py
52512066,1,1,2,Output.py
52512066,1,0,1,Output.py
52512066,1,5,6,compare_features.py
52512066,2,2,4,compare_features.py
52512066,1,2,3,Experiment1b.py
52512066,7,1,8,Output.py
52512066,47,0,47,compare_features.py
52512066,5,5,10,Experiment1b.py
52512066,1,1,2,Experiment1b.py
52512066,3,3,6,Experiment1b.py
52512066,3,3,6,Experiment1b.py
52512066,1,1,2,SGD.py
52512066,5,5,10,Experiment1b.py
52512066,5,4,9,Experiment1b.py
52512066,4,0,4,SGD.py
52512066,2,1,3,Experiment1b.py
52512066,1,2,3,Data.py
52512066,1,1,2,Experiment1b.py
52512066,5,5,10,Experiment1b.py
52512066,2,2,4,SGD.py
52512066,1,1,2,Experiment1b.py
52512066,1,0,1,Experiment1b.py
52512066,11,11,22,Experiment1b.py
52512066,7,4,11,Input.py
52512066,1,1,2,Experiment1b.py
52512066,6,0,6,Input.py
52512066,17,10,27,Experiment1b.py
52512066,8,0,8,Input.py
52512066,8,0,8,Output.py
52512066,5,2,7,SGD.py
52512066,2,5,7,Data.py
52512066,0,1,1,IEP.py
52512066,5,0,5,Data.py
52512066,2,9,11,Experiment1b.py
52512066,2,0,2,Experiment1b.py
52512066,7,0,7,Input.py
52512066,4,0,4,Output.py
52512066,3,1,4,Data.py
52512066,5,5,10,Experiment1b.py
52512066,3,6,9,Data.py
52512066,1,0,1,IEP.py
52512066,3,3,6,Experiment1b.py
52512066,0,1,1,IEP.py
52512066,1,1,2,SGD.py
52512066,1,0,1,Data.py
52512066,1,1,2,IEP.py
52512066,1,1,2,Data.py
52512066,4,4,8,Data.py
52512066,1,0,1,Data.py
52512066,1,6,7,Data.py
52512066,8,8,16,Experiment1b.py
52512066,1,0,1,Data.py
52512066,2,2,4,Data.py
52512066,2,1,3,Data.py
52512066,2,2,4,Data.py
52512066,0,2,2,Data.py
52512066,5,2,7,Data.py
52512066,2,1,3,Data.py
52512066,5,0,5,Output.py
52512066,2,4,6,Output.py
52512066,8,2,10,Output.py
52512066,1,1,2,Output.py
52512066,4,3,7,Data.py
52512066,1,0,1,Experiment1b.py
52512066,20,3,23,Output.py
52512066,1,2,3,Data.py
52512066,0,1,1,Input.py
52512066,2,0,2,Data.py
52512066,3,3,6,Experiment1b.py
52512066,1,0,1,Input.py
52512066,4,0,4,Data.py
52512066,4,0,4,Data.py
52512066,1,1,2,IEP.py
52512066,4,4,8,Experiment1b.py
52512066,1,1,2,IEP.py
52512066,2,2,4,Data.py
52512066,2,2,4,Data.py
52512066,7,1,8,Data.py
52512066,9,9,18,Experiment1b.py
52512066,1,0,1,IEP.py
52512066,25,0,25,Input.py
52512066,2,2,4,Output.py
52512066,3,3,6,Experiment1b.py
52512066,2,1,3,Output.py
52512066,0,1,1,Experiment1b.py
52512066,2,2,4,Output.py
52512066,0,1,1,SGD.py
52512066,6,3,9,Output.py
52512066,2,2,4,Experiment1b.py
52512066,1,0,1,Experiment1b.py
52512066,1,0,1,SGD.py
52512066,27,23,50,Experiment1b.py
52512066,23,1,24,Output.py
52512066,11,1,12,SGD.py
52512066,1,1,2,Experiment1b.py
52512066,2,2,4,Input.py
52512066,2,3,5,Data.py
52512066,22,15,37,Experiment1b.py
52512066,6,1,7,Input.py
52512066,2,2,4,SGD.py
52512066,25,24,49,Experiment1b.py
52512066,0,1,1,Experiment1b.py
52512066,4,3,7,Experiment1b.py
52512066,0,4,4,SGD.py
52512066,4,4,8,Experiment1b.py
52512066,1,1,2,Experiment1b.py
52512066,4,0,4,SGD.py
52512066,3,2,5,Experiment1b.py
52512066,1,1,2,SGD.py
52512066,19,0,19,Experiment1b.py
52512066,3,2,5,Experiment1b.py
52512066,4,1,5,SGD.py
52512066,7,3,10,Experiment1b.py
52512066,2,2,4,SGD.py
52512066,1,1,2,SGD.py
52512066,1,1,2,Experiment1b.py
52512066,2,2,4,Experiment1b.py
52512066,4,4,8,Experiment1b.py
52512066,1,1,2,SGD.py
52512066,1,1,2,Experiment1b.py
52512066,1,1,2,Experiment1b.py
52512066,2,2,4,Experiment1b.py
52512066,1,1,2,SGD.py
52512066,1,1,2,Experiment1b.py
52512066,1,1,2,Experiment1b.py
52512066,1,1,2,Experiment1b.py
52512066,2,1,3,Experiment1b.py
52512066,2,2,4,Experiment1b.py
52512066,2,2,4,Experiment1b.py
52512066,1,1,2,Experiment1b.py
52512066,5,5,10,Experiment1b.py
52512066,3,1,4,SGD.py
52512066,2,1,3,SGD.py
52512066,1,1,2,Experiment1b.py
52512066,0,2,2,SGD.py
52512066,2,3,5,SGD.py
52512066,1,1,2,SGD.py
52512066,2,2,4,SGD.py
52512066,3,1,4,SGD.py
52512066,1,1,2,SGD.py
52512066,0,1,1,IEP.py
52512066,2,2,4,SGD.py
52512066,2,2,4,SGD.py
52512066,1,0,1,IEP.py
52512066,1,1,2,SGD.py
52512066,1,0,1,SGD.py
52512066,1,0,1,SGD.py
52512066,1,1,2,Experiment1b.py
52512066,4,4,8,IEP.py
52512066,4,3,7,SGD.py
52512066,1,1,2,IEP.py
52512066,4,1,5,IEP.py
52512066,1,1,2,IEP.py
52512066,1,0,1,IEP.py
52512066,1,1,2,SGD.py
52512066,1,1,2,Experiment1b.py
52512066,1,1,2,SGD.py
52512066,6,5,11,SGD.py
52512066,1,1,2,Experiment1b.py
52512066,2,2,4,SGD.py
52512066,2,2,4,Experiment1b.py
52512066,0,1,1,Data.py
52512066,3,3,6,SGD.py
52512066,2,2,4,Experiment1b.py
52512066,1,0,1,Data.py
52512066,1,1,2,Experiment1b.py
52512066,0,2,2,SGD.py
52512066,1,1,2,Experiment1b.py
52512066,1,1,2,Experiment1b.py
52512066,1,1,2,Experiment1b.py
52512066,1,1,2,Experiment1b.py
52512066,1,4,5,Data.py
52512066,1,1,2,SGD.py
52512066,4,2,6,Experiment1b.py
52512066,3,3,6,Experiment1b.py
52512066,1,1,2,Experiment1b.py
52512066,2,2,4,Experiment1b.py
52512066,0,2,2,SGD.py
52512066,3,3,6,Experiment1b.py
52512066,1,1,2,SGD.py
52512066,3,3,6,Experiment1b.py
52512066,1,4,5,Data.py
52512066,3,3,6,Experiment1b.py
52512066,2,0,2,Data.py
52512066,2,0,2,Data.py
52512066,2,2,4,Experiment1b.py
52512066,1,1,2,SGD.py
52512066,2,1,3,SGD.py
52512066,1,2,3,SGD.py
52512066,1,1,2,Experiment1b.py
52512066,0,1,1,SGD.py
52512066,2,2,4,Experiment1b.py
52512066,2,1,3,SGD.py
52512066,2,2,4,Experiment1b.py
52512066,1,1,2,Experiment1b.py
52512066,2,1,3,SGD.py
52512066,1,1,2,Experiment1b.py
52512066,1,3,4,SGD.py
52512066,1,1,2,Experiment1b.py
52512066,1,3,4,SGD.py
52512066,1,0,1,SGD.py
52512066,2,2,4,SGD.py
52512066,1,1,2,SGD.py
52512066,1,1,2,SGD.py
52512066,4,1,5,SGD.py
52512066,1,1,2,SGD.py
52512066,1,1,2,Experiment1b.py
52512066,1,0,1,SGD.py
52512066,1,1,2,Experiment1b.py
52512066,1,1,2,Experiment1b.py
52512066,0,1,1,IEP.py
52512066,1,1,2,Data.py
52512066,3,4,7,Data.py
52512066,7,2,9,Data.py
52512066,2,2,4,Experiment1b.py
52512066,4,4,8,SGD.py
52512066,1,1,2,IEP.py
52512066,1,0,1,IEP.py
52512066,2,2,4,SGD.py
52512066,1,1,2,SGD.py
52512066,4,4,8,Experiment1b.py
52512066,0,1,1,SGD.py
52512066,2,2,4,SGD.py
52512066,1,3,4,SGD.py
52512066,1,1,2,SGD.py
52512066,1,1,2,Experiment1b.py
52512066,1,1,2,IEP.py
52512066,1,1,2,Experiment1b.py
52512066,4,3,7,SGD.py
52512066,2,2,4,Experiment1b.py
52512066,1,0,1,SGD.py
52512066,3,3,6,Experiment1b.py
52512066,5,4,9,SGD.py
52512066,28,28,56,Experiment1b.py
52512066,5,5,10,Experiment1b.py
52512066,2,1,3,Output.py
52512066,4,4,8,SGD.py
52512066,6,9,15,Input.py
52512066,1,1,2,Input.py
52512066,4,0,4,Input.py
52512066,0,6,6,Data.py
52512066,0,10,10,Data.py
52512066,1,0,1,Input.py
52512066,3,1,4,Input.py
52512066,18,1,19,Data.py
52512066,0,15,15,SGD.py
52512066,2,2,4,SGD.py
52512066,16,0,16,SGD.py
52512066,2,2,4,SGD.py
52512066,1,1,2,Experiment1b.py
52512066,2,3,5,SGD.py
52512066,2,1,3,SGD.py
52512066,2,2,4,SGD.py
52512066,4,4,8,Experiment1b.py
52512066,1,1,2,SGD.py
52512066,0,2,2,utils.py
52512066,0,1,1,IEP.py
52512066,1,2,3,SGD.py
52512066,3,2,5,SGD.py
52512066,1,1,2,SGD.py
52512066,1,1,2,IEP.py
52512066,1,0,1,IEP.py
52512066,4,3,7,IEP.py
52512066,2,3,5,IEP.py
52512066,2,0,2,IEP.py
52512066,4,5,9,SGD.py
52512066,1,1,2,Experiment1b.py
52512066,5,2,7,Data.py
52512066,4,4,8,Experiment1b.py
52512066,3,3,6,SGD.py
52512066,3,2,5,Experiment1b.py
52512066,9,6,15,SGD.py
52512066,2,2,4,SGD.py
52512066,3,3,6,SGD.py
52512066,4,4,8,SGD.py
52512066,4,4,8,SGD.py
52512066,1,4,5,SGD.py
52512066,1,0,1,SGD.py
52512066,2,0,2,SGD.py
52512066,1,0,1,SGD.py
52512066,2,2,4,SGD.py
52512066,2,2,4,SGD.py
52512066,5,1,6,Input.py
52512066,2,1,3,SGD.py
52512066,1,1,2,Experiment1b.py
52512066,1,2,3,SGD.py
52512066,3,3,6,SGD.py
52512066,1,1,2,IEP.py
52512066,2,2,4,IEP.py
52512066,1,1,2,SGD.py
52512066,1,1,2,SGD.py
52512066,1,1,2,Experiment1b.py
52512066,2,1,3,SGD.py
52512066,1,1,2,SGD.py
52512066,2,0,2,SGD.py
52512066,2,1,3,SGD.py
52512066,5,1,6,IEP.py
52512066,4,3,7,SGD.py
52512066,0,1,1,Data.py
52512066,1,1,2,SGD.py
52512066,0,2,2,Data.py
52512066,0,2,2,IEP.py
52512066,1,0,1,SGD.py
52512066,2,3,5,Data.py
52512066,1,0,1,IEP.py
52512066,1,0,1,Data.py
52512066,1,1,2,Experiment1b.py
52512066,0,4,4,Data.py
52512066,1,0,1,IEP.py
52512066,0,1,1,Input.py
52512066,1,1,2,Input.py
52512066,1,1,2,Input.py
52512066,1,0,1,Data.py
52512066,1,0,1,Input.py
52512066,1,1,2,Data.py
52512066,5,1,6,Input.py
52512066,2,2,4,Data.py
52512066,1,0,1,Data.py
52512066,18,7,25,Data.py
52512066,2,1,3,Experiment1b.py
52512066,0,2,2,IEP.py
52512066,3,1,4,Data.py
52512066,1,0,1,Data.py
52512066,4,4,8,utils.py
52512066,3,3,6,Data.py
52512066,52,0,52,utils.py
52512066,2,0,2,Data.py
52512066,2,2,4,utils.py
52512066,2,2,4,Data.py
52512066,44,0,44,utils.py
52512066,1,1,2,Data.py
52512066,2,0,2,Data.py
52512066,2,2,4,utils.py
52512066,2,2,4,Data.py
52512066,41,0,41,utils.py
52512066,3,3,6,Experiment1b.py
52512066,2,1,3,IEP.py
52512066,2,1,3,IEP.py
52512066,1,1,2,IEP.py
52512066,1,1,2,IEP.py
52512066,2,1,3,IEP.py
52512066,1,1,2,IEP.py
52512066,1,1,2,IEP.py
52512066,1,1,2,IEP.py
52512066,1,1,2,IEP.py
52512066,0,1,1,SGD.py
52512066,2,0,2,SGD.py
52512066,0,2,2,utils.py
52512066,2,2,4,Data.py
52512066,0,1,1,utils.py
52512066,1,5,6,utils.py
52512066,7,0,7,utils.py
52512066,1,8,9,utils.py
52512066,4,1,5,utils.py
52512066,1,0,1,utils.py
52512066,1,0,1,utils.py
52512066,3,0,3,utils.py
52512066,2,6,8,utils.py
52512066,2,2,4,Data.py
52512066,2,1,3,Data.py
52512066,17,12,29,Input.py
52512066,1,1,2,utils.py
52512066,9,8,17,utils.py
52512066,2,1,3,utils.py
52512066,0,43,43,utils.py
52512066,1,0,1,utils.py
52512066,1,2,3,utils.py
52512066,1,1,2,utils.py
52512066,2,2,4,utils.py
52512066,44,1,45,utils.py
52512066,1,1,2,utils.py
52512066,1,1,2,utils.py
52512066,1,0,1,utils.py
52512066,1,0,1,utils.py
52512066,2,2,4,utils.py
52512066,1,1,2,utils.py
52512066,0,1,1,Data.py
52512066,1,0,1,utils.py
52512066,1,0,1,Data.py
52512066,0,1,1,Experiment1b.py
52512066,2,2,4,Input.py
52512066,13,12,25,Input.py
52512066,1,1,2,Input.py
52512066,5,3,8,Experiment1b.py
52512066,2,2,4,SGD.py
52512066,3,4,7,Input.py
52512066,6,5,11,Input.py
52512066,1,1,2,Input.py
52512066,1,1,2,Input.py
52512066,1,3,4,Input.py
52512066,2,0,2,Input.py
52512066,1,0,1,Input.py
52512066,19,17,36,Input.py
52512066,5,1,6,Experiment1b.py
52512066,1,0,1,Experiment1b.py
52512066,4,0,4,Experiment1b.py
52512066,1,1,2,IEP.py
52512066,5,5,10,Data.py
52512066,17,3,20,utils.py
52512066,17,1,18,utils.py
52512066,4,1,5,Data.py
52512066,25,5,30,Experiment1b.py
52512066,2,2,4,Output.py
52512066,41,9,50,SGD.py
52512066,9,2,11,Data.py
52512066,17,0,17,Experiment1b.py
52512066,14,3,17,IEP.py
52512066,35,3,38,Input.py
52512066,21,0,21,Output.py
52512066,61,13,74,SGD.py
52512066,21,0,21,Data.py
52512066,62,0,62,Input.py
52512066,26,0,26,SGD.py
52512066,279,0,279,utils.py
52512066,89,3,92,IEP.py
52512066,5,0,5,IEP.py
31400029,2,0,2,delft3dcontainermanager/celery.py
31400029,6,0,6,delft3dcontainermanager/settings.py
31400029,2,1,3,delft3dgtmain/celery.py
31400029,6,0,6,delft3dgtmain/settings.py
31400029,2,0,2,delft3dworker/models.py
31400029,10,0,10,delft3dworker/test_models.py
31400029,4,2,6,delft3dworker/admin.py
31400029,21,18,39,delft3dworker/models.py
31400029,68,4,72,delft3dworker/test_models.py
31400029,9,5,14,delft3dworker/management/commands/sync_cluster_state.py
31400029,10,6,16,delft3dworker/test_management.py
31400029,4,1,5,delft3dworker/test_management.py
31400029,1,1,2,delft3dworker/management/commands/sync_cluster_state.py
31400029,1,1,2,delft3dgtmain/settings.py
31400029,13,2,15,delft3dworker/test_models.py
31400029,12,0,12,delft3dworker/utils.py
31400029,1,1,2,delft3dworker/test_models.py
31400029,1,2,3,delft3dworker/utils.py
31400029,1,1,2,delft3dworker/utils.py
31400029,2,2,4,delft3dworker/utils.py
31400029,6,0,6,delft3dcontainermanager/__init__.py
31400029,6,6,12,delft3dcontainermanager/celery.py
31400029,8,4,12,delft3dcontainermanager/settings.py
31400029,42,176,218,delft3dcontainermanager/tasks.py
31400029,65,158,223,delft3dcontainermanager/test_tasks.py
31400029,1,0,1,delft3dgtfrontend/admin.py
31400029,1,0,1,delft3dgtfrontend/apps.py
31400029,1,0,1,delft3dgtfrontend/models.py
31400029,1,0,1,delft3dgtfrontend/tests.py
31400029,1,0,1,delft3dgtfrontend/urls.py
31400029,5,6,11,delft3dgtmain/celery.py
31400029,1,0,1,delft3dgtmain/provisionedsettings.sample.py
31400029,11,13,24,delft3dgtmain/settings.py
31400029,1,0,1,delft3dgtprotectedservices/admin.py
31400029,1,0,1,delft3dgtprotectedservices/models.py
31400029,1,0,1,delft3dgtprotectedservices/test_views.py
31400029,1,0,1,delft3dgtprotectedservices/tests.py
31400029,1,0,1,delft3dgtprotectedservices/urls.py
31400029,1,0,1,delft3dgtprotectedservices/views.py
31400029,46,46,92,delft3dworker/admin.py
31400029,1,1,2,delft3dworker/management/commands/cleanup.py
31400029,55,0,55,delft3dworker/management/commands/migrate_legacy_scenes.py
31400029,2,4,6,delft3dworker/management/commands/scanbucket.py
31400029,126,0,126,delft3dworker/management/commands/sync_cluster_state.py
31400029,5,5,10,delft3dworker/management/commands/synchronize_data_sources.py
31400029,6,6,12,delft3dworker/migrations/0010_celerytask_postprocessingtask_processingtask_scene_simulationtask.py
31400029,2,2,4,delft3dworker/migrations/0019_auto_20160421_1319.py
31400029,1,1,2,delft3dworker/migrations/0024_auto_20160602_0715.py
31400029,2,2,4,delft3dworker/migrations/0025_auto_20160602_1100.py
31400029,1,1,2,delft3dworker/migrations/0027_auto_20160602_1435.py
31400029,1,1,2,delft3dworker/migrations/0034_scene_shared.py
31400029,1,1,2,delft3dworker/migrations/0039_auto_20160706_1418.py
31400029,1,1,2,delft3dworker/migrations/0040_searchform_templates.py
31400029,2,2,4,delft3dworker/migrations/0045_auto_20160714_0811.py
31400029,3,3,6,delft3dworker/migrations/0047_container.py
31400029,1,1,2,delft3dworker/migrations/0048_container_scene.py
31400029,2,2,4,delft3dworker/migrations/0049_auto_20160825_0932.py
31400029,1,1,2,delft3dworker/migrations/0050_auto_20160825_0934.py
31400029,1,1,2,delft3dworker/migrations/0051_auto_20160825_0935.py
31400029,2,2,4,delft3dworker/migrations/0052_auto_20160825_1404.py
31400029,1,1,2,delft3dworker/migrations/0055_container_docker_log.py
31400029,1,1,2,delft3dworker/migrations/0056_auto_20160825_0548.py
31400029,1,1,2,delft3dworker/migrations/0057_auto_20160829_1429.py
31400029,1,1,2,delft3dworker/migrations/0058_scene_phase.py
31400029,1,1,2,delft3dworker/migrations/0060_auto_20160830_1258.py
31400029,1,1,2,delft3dworker/migrations/0065_auto_20160831_1441.py
31400029,1,1,2,delft3dworker/migrations/0066_auto_20160831_1311.py
31400029,1,1,2,delft3dworker/migrations/0070_auto_20160901_0755.py
31400029,1,1,2,delft3dworker/migrations/0071_auto_20160830_2301.py
31400029,1,1,2,delft3dworker/migrations/0072_auto_20160830_2334.py
31400029,1,1,2,delft3dworker/migrations/0073_auto_20160907_1301.py
31400029,1,1,2,delft3dworker/migrations/0074_auto_20160907_1315.py
31400029,1,1,2,delft3dworker/migrations/0075_auto_20161012_1147.py
31400029,1,1,2,delft3dworker/migrations/0076_auto_20161012_1241.py
31400029,2,2,4,delft3dworker/migrations/0077_auto_20161018_0925.py
31400029,3,3,6,delft3dworker/migrations/0079_auto_20161118_1341.py
31400029,1,1,2,delft3dworker/migrations/0080_auto_20161121_1302.py
31400029,1,1,2,delft3dworker/migrations/0082_auto_20161122_1530.py
31400029,3,3,6,delft3dworker/migrations/0083_auto_20170412_0907.py
31400029,3,3,6,delft3dworker/migrations/0084_auto_20170419_1510.py
31400029,1,1,2,delft3dworker/migrations/0087_auto_20180214_1324.py
31400029,70,0,70,delft3dworker/migrations/0088_auto_20180529_0942.py
31400029,20,0,20,delft3dworker/migrations/0089_template_shortname.py
31400029,45,0,45,delft3dworker/migrations/0090_auto_20180530_0832.py
31400029,22,0,22,delft3dworker/migrations/0091_auto_20180530_1505.py
31400029,22,0,22,delft3dworker/migrations/0092_auto_20180530_1506.py
31400029,53,0,53,delft3dworker/migrations/0093_auto_20181112_1250.py
31400029,62,0,62,delft3dworker/migrations/0094_auto_20181204_1539.py
31400029,21,0,21,delft3dworker/migrations/0095_auto_20181204_1559.py
31400029,24,0,24,delft3dworker/migrations/0096_auto_20181206_1234.py
31400029,79,0,79,delft3dworker/migrations/0097_auto_20190211_1126.py
31400029,422,1463,1885,delft3dworker/models.py
31400029,12,0,12,delft3dworker/permissions.py
31400029,43,22,65,delft3dworker/serializers.py
31400029,56,47,103,delft3dworker/test_admin.py
31400029,47,95,142,delft3dworker/test_management.py
31400029,373,985,1358,delft3dworker/test_models.py
31400029,16,5,21,delft3dworker/test_utils.py
31400029,118,58,176,delft3dworker/test_views.py
31400029,1,1,2,delft3dworker/urls.py
31400029,122,28,150,delft3dworker/utils.py
31400029,66,64,130,delft3dworker/views.py
31400029,1,0,1,manage.py
31400029,3,0,3,delft3dgtmain/settings.py
31400029,1,0,1,delft3dgtmain/settings.py
31400029,6,11,17,delft3dworker/admin.py
31400029,1,3,4,delft3dworker/models.py
31400029,1,1,2,delft3dworker/views.py
31400029,2,1,3,delft3dgtmain/settings.py
31400029,111,1,112,delft3dworker/admin.py
31400029,16,0,16,delft3dworker/models.py
31400029,0,0,0,delft3dworker/templatetags/__init__.py
31400029,14,0,14,delft3dworker/templatetags/custom_tags.py
31400029,104,23,127,delft3dworker/test_admin.py
31400029,3,2,5,delft3dworker/test_models.py
31400029,2,0,2,delft3dworker/urls.py
31400029,20,0,20,delft3dworker/views.py
31400029,1,1,2,delft3dcontainermanager/celery.py
31400029,7,2,9,delft3dcontainermanager/provisionedsettings.sample.py
31400029,28,0,28,delft3dcontainermanager/settings.py
31400029,29,19,48,delft3dcontainermanager/test_tasks.py
31400029,0,34,34,delft3dgtfrontend/views.py
31400029,1,0,1,delft3dgtmain/celery.py
31400029,7,2,9,delft3dgtmain/provisionedsettings.sample.py
31400029,37,12,49,delft3dgtmain/settings.py
31400029,0,16,16,delft3dgtmain/test_wsgi.py
31400029,0,3,3,delft3dgtmain/urls.py
31400029,1,37,38,delft3dgtmain/wsgi.py
31400029,1,1,2,delft3dgtprotectedservices/views.py
31400029,39,0,39,delft3dworker/admin.py
31400029,109,0,109,delft3dworker/migrations/0087_auto_20180214_1324.py
31400029,25,26,51,delft3dworker/models.py
31400029,40,0,40,delft3dworker/test_admin.py
31400029,15,5,20,delft3dworker/test_management.py
31400029,25,2,27,delft3dworker/test_models.py
31400029,20,0,20,delft3dworker/test_utils.py
31400029,6,3,9,delft3dworker/test_views.py
31400029,21,0,21,delft3dworker/utils.py
31400029,32,27,59,delft3dworker/views.py
31400029,28,1,29,delft3dworker/admin.py
31400029,12,0,12,delft3dworker/admin.py
31400029,40,0,40,delft3dworker/test_admin.py
31400029,0,34,34,delft3dgtfrontend/views.py
31400029,0,3,3,delft3dgtmain/urls.py
31400029,2,0,2,delft3dcontainermanager/settings.py
31400029,1,1,2,delft3dcontainermanager/celery.py
31400029,7,2,9,delft3dcontainermanager/provisionedsettings.sample.py
31400029,26,0,26,delft3dcontainermanager/settings.py
31400029,29,19,48,delft3dcontainermanager/test_tasks.py
31400029,1,0,1,delft3dgtmain/celery.py
31400029,7,0,7,delft3dgtmain/provisionedsettings.sample.py
31400029,9,0,9,delft3dgtmain/settings.py
31400029,15,5,20,delft3dworker/test_management.py
31400029,18,12,30,delft3dgtmain/settings.py
31400029,0,16,16,delft3dgtmain/test_wsgi.py
31400029,1,37,38,delft3dgtmain/wsgi.py
31400029,1,1,2,delft3dgtprotectedservices/views.py
31400029,109,0,109,delft3dworker/migrations/0087_auto_20180214_1324.py
31400029,16,18,34,delft3dworker/models.py
31400029,1,1,2,delft3dworker/test_models.py
31400029,2,1,3,delft3dworker/test_views.py
31400029,21,16,37,delft3dworker/views.py
31400029,0,2,2,delft3dgtmain/provisionedsettings.sample.py
31400029,10,0,10,delft3dgtmain/settings.py
31400029,9,8,17,delft3dworker/models.py
31400029,24,1,25,delft3dworker/test_models.py
31400029,20,0,20,delft3dworker/test_utils.py
31400029,4,2,6,delft3dworker/test_views.py
31400029,21,0,21,delft3dworker/utils.py
31400029,11,11,22,delft3dworker/views.py
31400029,1,1,2,delft3dworker/views.py
31400029,12,0,12,delft3dworker/serializers.py
31400029,1,0,1,delft3dworker/urls.py
31400029,10,0,10,delft3dworker/views.py
31400029,2,2,4,delft3dworker/views.py
31400029,3,1,4,delft3dworker/serializers.py
31400029,26,19,45,delft3dworker/models.py
31400029,0,1,1,delft3dworker/views.py
31400029,3,2,5,delft3dworker/views.py
31400029,1,1,2,delft3dworker/models.py
31400029,16,5,21,delft3dworker/test_models.py
31400029,1,5,6,delft3dworker/models.py
31400029,2,3,5,delft3dworker/test_models.py
31400029,4,2,6,delft3dworker/views.py
31400029,3,0,3,delft3dworker/models.py
31400029,15,0,15,delft3dworker/test_models.py
31400029,3,2,5,delft3dworker/models.py
31400029,1,1,2,delft3dgtfrontend/views.py
31400029,1,2,3,delft3dworker/models.py
31400029,3,2,5,delft3dworker/models.py
31400029,1,1,2,delft3dworker/models.py
31400029,1,1,2,delft3dworker/models.py
31400029,1,1,2,delft3dworker/views.py
31400029,3,3,6,delft3dworker/views.py
31400029,2,0,2,delft3dworker/management/commands/get_latest_svn_releases.py
31400029,3,3,6,delft3dworker/models.py
31400029,4,20,24,delft3dworker/views.py
31400029,3,2,5,delft3dworker/management/commands/get_latest_svn_releases.py
31400029,18,0,18,delft3dworker/migrations/0086_auto_20170425_0852.py
31400029,16,11,27,delft3dworker/models.py
31400029,2,3,5,delft3dworker/test_models.py
31400029,28,0,28,delft3dworker/test_views.py
31400029,8,13,21,delft3dworker/views.py
31400029,19,7,26,delft3dworker/models.py
31400029,98,17,115,delft3dworker/test_models.py
31400029,12,4,16,delft3dworker/models.py
31400029,1,1,2,delft3dworker/models.py
31400029,4,0,4,delft3dworker/test_models.py
31400029,50,11,61,delft3dworker/test_models.py
31400029,7,4,11,delft3dworker/models.py
31400029,4,4,8,delft3dworker/management/commands/get_latest_svn_releases.py
31400029,3,2,5,delft3dworker/models.py
31400029,31,0,31,delft3dgtfrontend/views.py
31400029,3,0,3,delft3dgtmain/urls.py
31400029,1,1,2,delft3dworker/models.py
31400029,9,79,88,delft3dworker/test_models.py
31400029,0,148,148,delft3dworker/test_views.py
31400029,15,0,15,delft3dworker/migrations/0085_merge.py
31400029,2,2,4,delft3dcontainermanager/tasks.py
31400029,11,6,17,delft3dworker/management/commands/get_latest_svn_releases.py
31400029,26,12,38,delft3dworker/models.py
31400029,7,1,8,delft3dworker/serializers.py
31400029,3,2,5,delft3dworker/models.py
31400029,2,1,3,delft3dworker/views.py
31400029,2,2,4,delft3dworker/models.py
31400029,13,0,13,delft3dworker/admin.py
31400029,12,5,17,delft3dworker/management/commands/get_latest_svn_releases.py
31400029,10,2,12,delft3dworker/models.py
31400029,21,10,31,delft3dworker/management/commands/get_latest_svn_releases.py
31400029,2,2,4,delft3dworker/models.py
31400029,1,1,2,delft3dworker/views.py
31400029,6,4,10,delft3dworker/migrations/0084_migrate_scene_finished_state.py
31400029,3,3,6,delft3dworker/migrations/0084_migrate_scene_finished_state.py
31400029,1,1,2,delft3dworker/models.py
31400029,1,1,2,delft3dworker/models.py
31400029,16,0,16,delft3dworker/migrations/0084_migrate_scene_finished_state.py
31400029,2,2,4,delft3dworker/views.py
31400029,16,16,32,delft3dworker/views.py
31400029,2,2,4,delft3dworker/models.py
31400029,3,3,6,delft3dworker/models.py
31400029,42,0,42,delft3dworker/migrations/0084_auto_20170412_1138.py
31400029,15,2,17,delft3dworker/models.py
31400029,12,0,12,delft3dcontainermanager/tasks.py
31400029,1,1,2,delft3dgtmain/provisionedsettings.sample.py
31400029,6,0,6,delft3dgtmain/settings.py
31400029,45,0,45,delft3dworker/management/commands/get_latest_svn_releases.py
31400029,75,55,130,delft3dworker/models.py
31400029,3,1,4,delft3dworker/serializers.py
31400029,2,10,12,delft3dworker/views.py
31400029,14,2,16,delft3dworker/test_models.py
31400029,1,1,2,delft3dworker/models.py
31400029,114,3,117,delft3dworker/test_models.py
31400029,26,3,29,delft3dworker/models.py
31400029,3,4,7,delft3dworker/views.py
31400029,2,1,3,delft3dworker/models.py
31400029,18,5,23,delft3dworker/models.py
31400029,9,0,9,delft3dworker/models.py
31400029,3,3,6,delft3dworker/models.py
31400029,6,0,6,delft3dworker/test_models.py
31400029,44,0,44,delft3dworker/test_models.py
31400029,24,0,24,delft3dworker/migrations/0083_auto_20170410_0948.py
31400029,21,3,24,delft3dworker/test_models.py
31400029,102,31,133,delft3dworker/models.py
31400029,4,4,8,delft3dworker/views.py
31400029,10,10,20,delft3dworker/models.py
31400029,1,2,3,delft3dworker/views.py
31400029,5,0,5,delft3dgtmain/provisionedsettings.sample.py
31400029,4,0,4,delft3dgtmain/settings.py
31400029,16,18,34,delft3dworker/models.py
31400029,28,4,32,delft3dworker/test_models.py
31400029,32,2,34,delft3dworker/utils.py
31400029,97,1,98,delft3dworker/models.py
31400029,16,0,16,delft3dworker/views.py
31400029,13,0,13,delft3dworker/models.py
31400029,1,0,1,delft3dworker/serializers.py
31400029,2,2,4,delft3dgtprotectedservices/views.py
31400029,6,0,6,delft3dgtprotectedservices/urls.py
31400029,14,0,14,delft3dgtprotectedservices/views.py
31400029,1,1,2,delft3dgtprotectedservices/urls.py
31400029,3,3,6,delft3dgtprotectedservices/views.py
31400029,19,3,22,delft3dgtprotectedservices/views.py
31400029,1,1,2,delft3dworker/models.py
31400029,2,1,3,delft3dworker/views.py
31400029,1,0,1,delft3dgtprotectedservices/views.py
31400029,17,4,21,delft3dgtprotectedservices/views.py
31400029,4,0,4,delft3dgtmain/provisionedsettings.sample.py
31400029,0,4,4,delft3dgtmain/settings.py
31400029,13,14,27,delft3dgtfrontend/urls.py
31400029,3,0,3,delft3dgtmain/settings.py
31400029,20,2,22,delft3dgtfrontend/urls.py
31400029,6,2,8,delft3dworker/serializers.py
31400029,2,1,3,delft3dgtprotectedservices/views.py
31400029,2,2,4,delft3dgtprotectedservices/test_views.py
31400029,32,12,44,delft3dworker/serializers.py
31400029,10,2,12,delft3dworker/views.py
31400029,206,0,206,delft3dworker/management/commands/synchronize_data_sources.py
31400029,7,3,10,delft3dworker/models.py
31400029,65,0,65,delft3dgtprotectedservices/test_views.py
31400029,5,0,5,delft3dworker/test_utils.py
31400029,22,12,34,delft3dworker/test_views.py
31400029,4,3,7,delft3dworker/views.py
31400029,2,1,3,delft3dworker/models.py
31400029,37,35,72,delft3dworker/test_models.py
31400029,10,6,16,delft3dworker/models.py
31400029,1,1,2,delft3dgtmain/settings.py
31400029,3,0,3,delft3dgtmain/settings.py
31400029,1,1,2,delft3dcontainermanager/provisionedsettings.sample.py
31400029,2,0,2,delft3dcontainermanager/provisionedsettings.sample.py
31400029,7,6,13,delft3dcontainermanager/tasks.py
31400029,148,0,148,delft3dworker/test_views.py
31400029,28,4,32,delft3dworker/views.py
31400029,6,6,12,delft3dcontainermanager/tasks.py
31400029,2,0,2,delft3dworker/models.py
31400029,1,1,2,delft3dworker/views.py
31400029,8,22,30,delft3dworker/models.py
31400029,20,16,36,delft3dworker/test_views.py
31400029,74,21,95,delft3dworker/views.py
31400029,7,5,12,delft3dworker/models.py
31400029,256,241,497,delft3dworker/test_models.py
31400029,138,7,145,delft3dworker/test_views.py
31400029,19,7,26,delft3dworker/views.py
31400029,6,6,12,delft3dcontainermanager/tasks.py
31400029,6,0,6,delft3dworker/models.py
31400029,12,0,12,delft3dworker/test_views.py
31400029,31,11,42,delft3dworker/views.py
31400029,1,4,5,delft3dworker/urls.py
31400029,14,14,28,delft3dworker/test_views.py
31400029,4,4,8,delft3dworker/views.py
31400029,6,5,11,delft3dworker/views.py
31400029,2,1,3,delft3dcontainermanager/tasks.py
31400029,1,0,1,delft3dgtmain/settings.py
31400029,4,0,4,delft3dgtmain/urls.py
31400029,0,0,0,delft3dgtprotectedservices/__init__.py
31400029,3,0,3,delft3dgtprotectedservices/admin.py
31400029,0,0,0,delft3dgtprotectedservices/migrations/__init__.py
31400029,3,0,3,delft3dgtprotectedservices/models.py
31400029,3,0,3,delft3dgtprotectedservices/tests.py
31400029,16,0,16,delft3dgtprotectedservices/urls.py
31400029,69,0,69,delft3dgtprotectedservices/views.py
31400029,0,2,2,delft3dworker/views.py
31400029,4,1,5,delft3dworker/management/commands/containersync_sceneupdate.py
31400029,1,1,2,delft3dworker/test_models.py
31400029,1,1,2,delft3dworker/test_models.py
31400029,4,4,8,delft3dworker/models.py
31400029,44,0,44,delft3dworker/test_models.py
31400029,1,0,1,delft3dworker/test_views.py
31400029,8,10,18,delft3dworker/models.py
31400029,84,9,93,delft3dworker/test_models.py
31400029,4,0,4,delft3dworker/models.py
31400029,19,0,19,delft3dworker/migrations/0082_auto_20161122_1530.py
31400029,20,3,23,delft3dworker/models.py
31400029,1,1,2,delft3dworker/test_models.py
31400029,11,0,11,delft3dworker/models.py
31400029,5,48,53,delft3dworker/test_models.py
31400029,31,0,31,delft3dworker/test_views.py
31400029,9,0,9,delft3dworker/views.py
31400029,1,7,8,delft3dworker/models.py
31400029,7,0,7,delft3dworker/utils.py
31400029,7,2,9,delft3dworker/models.py
31400029,20,0,20,delft3dworker/migrations/0081_auto_20161121_2023.py
31400029,5,3,8,delft3dworker/models.py
31400029,0,1,1,delft3dworker/test_models.py
31400029,32,0,32,delft3dworker/migrations/0080_auto_20161121_1302.py
31400029,16,22,38,delft3dworker/models.py
31400029,1,1,2,delft3dworker/serializers.py
31400029,27,10,37,delft3dworker/test_models.py
31400029,1,1,2,delft3dworker/test_management.py
31400029,8,14,22,delft3dworker/test_management.py
31400029,29,38,67,delft3dworker/management/commands/containersync_sceneupdate.py
31400029,3,3,6,delft3dworker/management/commands/containersync_sceneupdate.py
31400029,8,2,10,delft3dworker/management/commands/containersync_sceneupdate.py
31400029,4,5,9,delft3dworker/test_models.py
31400029,8,0,8,delft3dworker/models.py
31400029,2,1,3,delft3dworker/serializers.py
31400029,13,0,13,delft3dworker/test_models.py
31400029,5,0,5,delft3dgtmain/settings.py
31400029,29,0,29,delft3dworker/migrations/0079_auto_20161118_1341.py
31400029,2,2,4,delft3dworker/models.py
31400029,6,2,8,delft3dworker/test_models.py
31400029,2,2,4,delft3dcontainermanager/test_tasks.py
31400029,5,0,5,delft3dgtmain/provisionedsettings.sample.py
31400029,19,5,24,delft3dworker/models.py
31400029,1,0,1,delft3dcontainermanager/tasks.py
31400029,6,5,11,delft3dworker/management/commands/containersync_sceneupdate.py
31400029,6,6,12,delft3dcontainermanager/tasks.py
31400029,0,1,1,delft3dworker/test_management.py
31400029,6,2,8,delft3dworker/test_management.py
31400029,6,1,7,delft3dcontainermanager/test_tasks.py
31400029,22,12,34,delft3dworker/test_management.py
31400029,8,6,14,delft3dcontainermanager/tasks.py
31400029,9,9,18,delft3dworker/management/commands/containersync_sceneupdate.py
31400029,18,6,24,delft3dworker/management/commands/containersync_sceneupdate.py
31400029,0,1,1,delft3dcontainermanager/provisionedsettings.sample.py
31400029,6,6,12,delft3dcontainermanager/tasks.py
31400029,0,3,3,delft3dgtmain/settings.py
31400029,1,1,2,delft3dgtmain/settings.py
31400029,3,0,3,delft3dgtmain/settings.py
31400029,1,0,1,delft3dworker/models.py
31400029,44,11,55,delft3dworker/test_views.py
31400029,2,0,2,delft3dworker/models.py
31400029,18,6,24,delft3dworker/views.py
31400029,25,0,25,delft3dworker/migrations/0078_auto_20161116_0958.py
31400029,4,1,5,delft3dworker/models.py
31400029,2,0,2,delft3dworker/serializers.py
31400029,35,4,39,delft3dworker/test_views.py
31400029,14,2,16,delft3dworker/views.py
31400029,1,0,1,delft3dcontainermanager/provisionedsettings.sample.py
31400029,16,8,24,delft3dcontainermanager/tasks.py
31400029,2,1,3,delft3dworker/management/commands/containersync_sceneupdate.py
31400029,3,3,6,delft3dworker/models.py
31400029,11,2,13,delft3dworker/test_models.py
31400029,0,1,1,delft3dcontainermanager/test_tasks.py
31400029,35,6,41,delft3dcontainermanager/test_tasks.py
31400029,6,0,6,delft3dworker/test_models.py
31400029,8,3,11,delft3dcontainermanager/test_tasks.py
31400029,0,1,1,delft3dcontainermanager/tasks.py
31400029,0,8,8,delft3dworker/models.py
31400029,6,8,14,delft3dcontainermanager/tasks.py
31400029,1,0,1,delft3dcontainermanager/provisionedsettings.sample.py
31400029,1,1,2,delft3dcontainermanager/settings.py
31400029,17,9,26,delft3dcontainermanager/tasks.py
31400029,1,1,2,delft3dgtmain/settings.py
31400029,64,41,105,delft3dworker/models.py
31400029,23,2,25,delft3dcontainermanager/test_tasks.py
31400029,9,2,11,delft3dcontainermanager/tasks.py
31400029,2,2,4,delft3dworker/models.py
31400029,30,0,30,delft3dworker/management/commands/scanbucket.py
31400029,9,0,9,delft3dworker/test_management.py
31400029,28,1,29,delft3dworker/test_views.py
31400029,14,2,16,delft3dworker/views.py
31400029,5,5,10,delft3dworker/models.py
31400029,2,2,4,delft3dworker/test_models.py
31400029,6,17,23,delft3dworker/models.py
31400029,2,2,4,delft3dworker/test_models.py
31400029,2,2,4,delft3dworker/test_models.py
31400029,5,5,10,delft3dworker/models.py
31400029,2,1,3,delft3dcontainermanager/tasks.py
31400029,6,1,7,delft3dworker/models.py
31400029,3,3,6,delft3dworker/test_models.py
31400029,4,2,6,delft3dcontainermanager/tasks.py
31400029,5,3,8,delft3dcontainermanager/tasks.py
31400029,34,18,52,delft3dworker/models.py
31400029,4,4,8,delft3dworker/test_management.py
31400029,3,3,6,delft3dworker/test_models.py
31400029,15,0,15,delft3dworker/test_views.py
31400029,1,1,2,delft3dworker/views.py
31400029,5,0,5,delft3dworker/views.py
31400029,0,12,12,delft3dworker/models.py
31400029,6,6,12,delft3dcontainermanager/tasks.py
31400029,6,6,12,delft3dcontainermanager/tasks.py
31400029,3,3,6,delft3dworker/test_models.py
31400029,1,1,2,delft3dworker/models.py
31400029,24,0,24,delft3dworker/migrations/0077_auto_20161018_0925.py
31400029,23,13,36,delft3dcontainermanager/tasks.py
31400029,11,3,14,delft3dworker/models.py
31400029,47,2,49,delft3dworker/test_models.py
31400029,3,0,3,delft3dgtmain/settings.py
31400029,3,0,3,delft3dgtmain/provisionedsettings.sample.py
31400029,0,3,3,delft3dgtmain/settings.py
31400029,3,4,7,delft3dworker/models.py
31400029,4,2,6,delft3dworker/models.py
31400029,71,13,84,delft3dworker/models.py
31400029,69,30,99,delft3dworker/test_models.py
31400029,1,1,2,delft3dworker/models.py
31400029,2,1,3,delft3dworker/models.py
31400029,1,0,1,delft3dworker/views.py
31400029,5,5,10,delft3dworker/test_views.py
31400029,4,4,8,delft3dworker/views.py
31400029,15,11,26,delft3dcontainermanager/tasks.py
31400029,3,2,5,delft3dcontainermanager/tasks.py
31400029,2,1,3,delft3dcontainermanager/test_tasks.py
31400029,6,0,6,delft3dworker/models.py
31400029,2,0,2,delft3dworker/test_models.py
31400029,67,0,67,delft3dworker/test_models.py
31400029,46,12,58,delft3dworker/models.py
31400029,6,6,12,delft3dworker/models.py
31400029,1,108,109,delft3dworker/models.py
31400029,108,85,193,delft3dworker/test_models.py
31400029,19,0,19,delft3dworker/migrations/0075_auto_20161012_1147.py
31400029,19,0,19,delft3dworker/migrations/0076_auto_20161012_1241.py
31400029,194,114,308,delft3dworker/models.py
31400029,34,7,41,delft3dworker/test_models.py
31400029,7,34,41,delft3dworker/test_models.py
31400029,2,2,4,delft3dworker/models.py
31400029,22,7,29,delft3dworker/test_models.py
31400029,4,2,6,delft3dworker/models.py
31400029,33,24,57,delft3dworker/models.py
31400029,8,2,10,delft3dworker/models.py
31400029,40,1,41,delft3dworker/models.py
31400029,6,6,12,delft3dcontainermanager/tasks.py
31400029,2,2,4,delft3dworker/test_models.py
31400029,26,27,53,delft3dworker/test_views.py
31400029,0,68,68,delft3dworker/views.py
31400029,4,4,8,delft3dworker/models.py
31400029,3,1,4,delft3dworker/models.py
31400029,37,9,46,delft3dworker/models.py
31400029,1,1,2,delft3dgtmain/settings.py
31400029,1,0,1,delft3dcontainermanager/settings.py
31400029,1,1,2,delft3dcontainermanager/test_tasks.py
31400029,1,0,1,delft3dcontainermanager/tasks.py
31400029,14,14,28,delft3dworker/test_views.py
31400029,2,98,100,delft3dworker/views.py
31400029,1,0,1,delft3dworker/views.py
31400029,4,4,8,delft3dworker/test_management.py
31400029,6,4,10,delft3dworker/management/commands/containersync_sceneupdate.py
31400029,30,4,34,delft3dworker/test_management.py
31400029,1,1,2,delft3dworker/models.py
31400029,0,5,5,delft3dworker/management/commands/containersync_sceneupdate.py
31400029,8,4,12,delft3dworker/management/commands/containersync_sceneupdate.py
31400029,9,0,9,delft3dcontainermanager/provisionedsettings.sample.py
31400029,3,5,8,delft3dcontainermanager/settings.py
31400029,2,2,4,delft3dworker/test_management.py
31400029,0,2,2,delft3dworker/management/commands/containersync_sceneupdate.py
31400029,2,0,2,delft3dworker/management/commands/containersync_sceneupdate.py
31400029,7,4,11,delft3dworker/test_management.py
31400029,6,1,7,delft3dworker/management/commands/containersync_sceneupdate.py
31400029,1,0,1,delft3dgtmain/settings.py
31400029,2,2,4,delft3dworker/test_management.py
31400029,8,2,10,delft3dworker/test_models.py
31400029,2,2,4,delft3dworker/models.py
31400029,1,1,2,delft3dworker/models.py
31400029,1,2,3,delft3dworker/models.py
31400029,4,2,6,delft3dworker/models.py
31400029,19,0,19,delft3dworker/migrations/0074_auto_20160907_1315.py
31400029,49,3,52,delft3dworker/models.py
31400029,19,0,19,delft3dworker/migrations/0073_auto_20160907_1301.py
31400029,14,0,14,delft3dworker/models.py
31400029,19,1,20,delft3dcontainermanager/tasks.py
31400029,11,3,14,delft3dworker/models.py
31400029,1,0,1,delft3dgtmain/settings.py
31400029,1,1,2,delft3dcontainermanager/celery.py
31400029,1,3,4,delft3dcontainermanager/settings.py
31400029,0,2,2,delft3dgtmain/settings.py
31400029,6,0,6,delft3dcontainermanager/settings.py
31400029,1,1,2,delft3dgtmain/provisionedsettings.sample.py
31400029,2,7,9,delft3dgtmain/provisionedsettings.sample.py
31400029,22,0,22,delft3dcontainermanager/celery.py
31400029,66,0,66,delft3dcontainermanager/settings.py
31400029,0,3,3,delft3dgtmain/settings.py
31400029,1,1,2,delft3dworker/test_models.py
31400029,25,29,54,delft3dworker/models.py
31400029,253,2,255,delft3dworker/test_models.py
31400029,2,0,2,delft3dworker/utils.py
31400029,3,3,6,delft3dworker/models.py
31400029,6,12,18,delft3dworker/test_views.py
31400029,2,12,14,delft3dworker/views.py
31400029,1,3,4,delft3dworker/models.py
31400029,19,0,19,delft3dworker/migrations/0072_auto_20160830_2334.py
31400029,5,3,8,delft3dworker/models.py
31400029,1,1,2,delft3dworker/management/commands/containersync_sceneupdate.py
31400029,27,12,39,delft3dworker/test_models.py
31400029,19,0,19,delft3dworker/migrations/0071_auto_20160830_2301.py
31400029,1,0,1,delft3dworker/management/commands/containersync_sceneupdate.py
31400029,3,0,3,delft3dgtmain/settings.py
31400029,18,1,19,delft3dworker/models.py
31400029,0,1,1,delft3dworker/utils.py
31400029,0,2,2,delft3dworker/models.py
31400029,12,45,57,delft3dworker/test_utils.py
31400029,1,196,197,delft3dworker/utils.py
31400029,19,0,19,delft3dworker/migrations/0070_auto_20160901_0755.py
31400029,85,14,99,delft3dworker/models.py
31400029,3,1,4,delft3dworker/models.py
31400029,1,1,2,delft3dworker/utils.py
31400029,6,7,13,delft3dworker/utils.py
31400029,1,2,3,delft3dworker/test_views.py
31400029,24,10,34,delft3dworker/models.py
31400029,2,1,3,delft3dworker/models.py
31400029,1,1,2,delft3dworker/test_management.py
31400029,16,13,29,delft3dworker/test_models.py
31400029,17,8,25,delft3dworker/models.py
31400029,0,1,1,delft3dworker/models.py
31400029,26,17,43,delft3dworker/management/commands/containersync_sceneupdate.py
31400029,15,18,33,delft3dworker/models.py
31400029,44,1,45,delft3dworker/models.py
31400029,1,1,2,delft3dcontainermanager/tasks.py
31400029,8,7,15,delft3dworker/models.py
31400029,13,5,18,delft3dworker/utils.py
31400029,2,2,4,delft3dcontainermanager/tasks.py
31400029,20,12,32,delft3dworker/models.py
31400029,15,0,15,delft3dworker/migrations/0069_merge.py
31400029,1,1,2,delft3dworker/utils.py
31400029,0,1,1,delft3dworker/models.py
31400029,19,0,19,delft3dworker/migrations/0065_auto_20160831_1441.py
31400029,19,0,19,delft3dworker/migrations/0068_container_container_progress.py
31400029,11,2,13,delft3dworker/models.py
31400029,6,0,6,delft3dworker/utils.py
31400029,1,13,14,delft3dworker/test_models.py
31400029,19,0,19,delft3dworker/migrations/0067_container_container_exitcode.py
31400029,5,21,26,delft3dworker/models.py
31400029,15,0,15,delft3dworker/migrations/0065_merge.py
31400029,19,0,19,delft3dworker/migrations/0066_auto_20160831_1311.py
31400029,2,1,3,delft3dcontainermanager/tasks.py
31400029,5,3,8,delft3dcontainermanager/test_tasks.py
31400029,0,1,1,delft3dworker/management/commands/containersync_sceneupdate.py
31400029,10,0,10,delft3dworker/models.py
31400029,6,4,10,delft3dworker/test_models.py
31400029,1,0,1,delft3dworker/models.py
31400029,1,1,2,delft3dgtmain/settings.py
31400029,1,1,2,delft3dworker/models.py
31400029,15,0,15,delft3dworker/migrations/0064_merge.py
31400029,15,0,15,delft3dworker/migrations/0060_merge.py
31400029,30,0,30,delft3dworker/migrations/0061_auto_20160830_1329.py
31400029,3,3,6,delft3dworker/models.py
31400029,20,9,29,delft3dworker/models.py
31400029,1,3,4,delft3dworker/models.py
31400029,4,4,8,delft3dworker/test_models.py
31400029,1,5,6,delft3dworker/models.py
31400029,20,0,20,delft3dworker/migrations/0059_auto_20160830_1304.py
31400029,2,2,4,delft3dworker/models.py
31400029,26,0,26,delft3dworker/migrations/0060_auto_20160830_1258.py
31400029,21,0,21,delft3dworker/migrations/0061_auto_20160830_1300.py
31400029,21,0,21,delft3dworker/migrations/0062_auto_20160830_1300.py
31400029,20,0,20,delft3dworker/migrations/0063_auto_20160830_1301.py
31400029,1,1,2,delft3dworker/models.py
31400029,0,4,4,delft3dworker/models.py
31400029,2,2,4,delft3dcontainermanager/test_tasks.py
31400029,1,1,2,delft3dgtmain/settings.py
31400029,12,10,22,delft3dworker/models.py
31400029,5,0,5,delft3dworker/test_management.py
31400029,58,44,102,delft3dworker/test_models.py
31400029,15,0,15,delft3dworker/migrations/0059_merge.py
31400029,2,1,3,delft3dworker/models.py
31400029,1,1,2,delft3dgtmain/settings.py
31400029,4,4,8,delft3dworker/management/commands/containersync_sceneupdate.py
31400029,19,0,19,delft3dworker/migrations/0058_scene_phase.py
31400029,289,18,307,delft3dworker/models.py
31400029,2,3,5,delft3dworker/serializers.py
31400029,0,4,4,delft3dworker/views.py
31400029,4,0,4,delft3dgtmain/settings.py
31400029,35,18,53,delft3dworker/models.py
31400029,5,1,6,delft3dcontainermanager/tasks.py
31400029,2,0,2,delft3dgtmain/settings.py
31400029,0,2,2,delft3dworker/management/commands/containersync_sceneupdate.py
31400029,31,0,31,delft3dworker/migrations/0059_auto_20160830_1042.py
31400029,33,9,42,delft3dworker/models.py
31400029,21,0,21,delft3dworker/migrations/0058_container_task_starttime.py
31400029,8,7,15,delft3dworker/models.py
31400029,5,4,9,delft3dworker/management/commands/containersync_sceneupdate.py
31400029,32,14,46,delft3dworker/models.py
31400029,19,19,38,delft3dworker/models.py
31400029,4,2,6,delft3dworker/management/commands/containersync_sceneupdate.py
31400029,2,1,3,delft3dworker/management/commands/containersync_sceneupdate.py
31400029,1,1,2,delft3dworker/models.py
31400029,28,7,35,delft3dworker/management/commands/containersync_sceneupdate.py
31400029,1,2,3,delft3dcontainermanager/tasks.py
31400029,9,4,13,delft3dworker/models.py
31400029,1,0,1,delft3dworker/management/commands/containersync_sceneupdate.py
31400029,2,0,2,delft3dworker/models.py
31400029,0,1,1,delft3dworker/test_management.py
31400029,15,5,20,delft3dworker/models.py
31400029,2,2,4,delft3dworker/test_models.py
31400029,0,5,5,delft3dworker/models.py
31400029,4,0,4,delft3dworker/test_management.py
31400029,19,0,19,delft3dworker/migrations/0057_auto_20160829_1429.py
31400029,1,1,2,delft3dworker/models.py
31400029,6,0,6,delft3dworker/test_management.py
31400029,2,2,4,delft3dworker/management/commands/containersync_sceneupdate.py
31400029,0,7,7,delft3dcontainermanager/tasks.py
31400029,2,2,4,delft3dworker/models.py
31400029,18,2,20,delft3dworker/test_models.py
31400029,4,4,8,delft3dworker/management/commands/containersync_sceneupdate.py
31400029,25,1,26,delft3dworker/test_management.py
31400029,3,6,9,delft3dcontainermanager/tasks.py
31400029,2,2,4,delft3dcontainermanager/test_tasks.py
31400029,69,10,79,delft3dworker/models.py
31400029,5,5,10,delft3dworker/management/commands/containersync_sceneupdate.py
31400029,24,0,24,delft3dworker/migrations/0056_auto_20160825_0548.py
31400029,1,1,2,delft3dworker/models.py
31400029,1,0,1,delft3dworker/test_management.py
31400029,20,4,24,delft3dworker/management/commands/containersync_sceneupdate.py
31400029,34,38,72,delft3dworker/test_models.py
31400029,0,1,1,delft3dworker/models.py
31400029,51,28,79,delft3dworker/test_models.py
31400029,38,53,91,delft3dcontainermanager/tasks.py
31400029,30,37,67,delft3dcontainermanager/test_tasks.py
31400029,6,0,6,delft3dworker/models.py
31400029,3,1,4,delft3dcontainermanager/tasks.py
31400029,2,2,4,delft3dcontainermanager/tasks.py
31400029,13,1,14,delft3dcontainermanager/test_tasks.py
31400029,9,4,13,delft3dcontainermanager/test_tasks.py
31400029,8,8,16,delft3dworker/models.py
31400029,7,1,8,delft3dworker/models.py
31400029,40,26,66,delft3dworker/models.py
31400029,6,6,12,delft3dworker/test_models.py
31400029,6,9,15,delft3dcontainermanager/tasks.py
31400029,8,1,9,delft3dgtmain/settings.py
31400029,20,0,20,delft3dworker/migrations/0053_auto_20160826_0747.py
31400029,20,0,20,delft3dworker/migrations/0054_auto_20160826_0747.py
31400029,19,0,19,delft3dworker/migrations/0055_container_docker_log.py
31400029,56,22,78,delft3dworker/models.py
31400029,201,66,267,delft3dworker/test_models.py
31400029,1,2,3,delft3dworker/management/commands/containersync_sceneupdate.py
31400029,0,2,2,delft3dworker/test_management.py
31400029,3,2,5,delft3dworker/test_management.py
31400029,36,19,55,delft3dworker/test_management.py
31400029,42,0,42,delft3dworker/test_management.py
31400029,6,6,12,delft3dcontainermanager/tasks.py
31400029,30,0,30,delft3dworker/migrations/0052_auto_20160825_1404.py
31400029,35,12,47,delft3dworker/models.py
31400029,23,6,29,delft3dworker/test_models.py
31400029,22,13,35,delft3dworker/management/commands/containersync_sceneupdate.py
31400029,3,2,5,delft3dworker/models.py
31400029,5,5,10,delft3dworker/management/commands/containersync_sceneupdate.py
31400029,26,5,31,delft3dworker/management/commands/containersync_sceneupdate.py
31400029,1,1,2,delft3dworker/models.py
31400029,2,1,3,delft3dcontainermanager/tasks.py
31400029,107,4,111,delft3dworker/models.py
31400029,92,1,93,delft3dworker/test_models.py
31400029,18,1,19,delft3dworker/management/commands/containersync_sceneupdate.py
31400029,3,2,5,delft3dcontainermanager/tasks.py
31400029,6,2,8,delft3dcontainermanager/test_tasks.py
31400029,0,1,1,delft3dcontainermanager/tasks.py
31400029,9,11,20,delft3dcontainermanager/tasks.py
31400029,1,10,11,delft3dcontainermanager/test_tasks.py
31400029,3,2,5,delft3dcontainermanager/test_tasks.py
31400029,0,1,1,delft3dcontainermanager/tasks.py
31400029,8,1,9,delft3dcontainermanager/test_tasks.py
31400029,1,1,2,delft3dcontainermanager/test_tasks.py
31400029,70,7,77,delft3dcontainermanager/tasks.py
31400029,38,7,45,delft3dcontainermanager/test_tasks.py
31400029,24,0,24,delft3dworker/migrations/0049_auto_20160825_0932.py
31400029,19,0,19,delft3dworker/migrations/0050_auto_20160825_0934.py
31400029,19,0,19,delft3dworker/migrations/0051_auto_20160825_0935.py
31400029,3,3,6,delft3dworker/models.py
31400029,13,0,13,delft3dworker/admin.py
31400029,24,0,24,delft3dworker/migrations/0047_container.py
31400029,20,0,20,delft3dworker/migrations/0048_container_scene.py
31400029,55,1,56,delft3dworker/models.py
31400029,12,0,12,delft3dworker/test_models.py
31400029,2,2,4,delft3dcontainermanager/tasks.py
31400029,2,2,4,delft3dcontainermanager/test_tasks.py
31400029,1,1,2,delft3dworker/management/commands/containersync_sceneupdate.py
31400029,2,1,3,delft3dworker/management/commands/containersync_sceneupdate.py
31400029,1,2,3,delft3dgtmain/settings.py
31400029,5,3,8,delft3dcontainermanager/tasks.py
31400029,6,4,10,delft3dcontainermanager/test_tasks.py
31400029,18,0,18,delft3dworker/management/commands/containersync_sceneupdate.py
31400029,2,2,4,delft3dcontainermanager/tasks.py
31400029,34,20,54,delft3dcontainermanager/tasks.py
31400029,36,15,51,delft3dcontainermanager/test_tasks.py
31400029,1,1,2,delft3dgtmain/settings.py
31400029,9,9,18,delft3dcontainermanager/tasks.py
31400029,1,1,2,delft3dcontainermanager/test_tasks.py
31400029,2,2,4,delft3dcontainermanager/tasks.py
31400029,15,11,26,delft3dcontainermanager/tasks.py
31400029,10,0,10,delft3dcontainermanager/tasks.py
31400029,8,0,8,delft3dcontainermanager/test_tasks.py
31400029,2,2,4,delft3dgtmain/settings.py
31400029,2,3,5,delft3dcontainermanager/test_tasks.py
31400029,15,4,19,delft3dcontainermanager/tasks.py
31400029,12,4,16,delft3dcontainermanager/test_tasks.py
31400029,12,0,12,delft3dgtmain/settings.py
31400029,6,0,6,delft3dgtmain/settings.py
31400029,8,2,10,delft3dgtmain/settings.py
31400029,0,14,14,delft3dgtmain/settings.py
31400029,0,80,80,delft3dworker/tests.py
31400029,0,1,1,delft3dgtmain/settings.py
31400029,61,1,62,delft3dcontainermanager/test_tasks.py
31400029,0,17,17,delft3dgtmain/settings.py
31400029,67,5,72,delft3dcontainermanager/tasks.py
31400029,0,1,1,delft3dworker/models.py
31400029,4,2,6,delft3dcontainermanager/tasks.py
31400029,1,0,1,delft3dgtmain/settings.py
31400029,0,1,1,delft3dworker/models.py
31400029,0,0,0,delft3dcontainermanager/__init__.py
31400029,13,0,13,delft3dcontainermanager/tasks.py
31400029,3,0,3,delft3dcontainermanager/test_tasks.py
31400029,14,122,136,delft3dworker/models.py
31400029,0,845,845,delft3dworker/tasks.py
31400029,11,17,28,delft3dworker/test_models.py
31400029,0,103,103,delft3dworker/test_tasks.py
31400029,1,1,2,delft3dworker/models.py
31400029,6,6,12,delft3dworker/test_tasks.py
31400029,23,3,26,delft3dworker/tasks.py
31400029,2,1,3,delft3dworker/serializers.py
31400029,3,3,6,delft3dworker/test_tasks.py
31400029,60,41,101,delft3dworker/test_tasks.py
31400029,34,12,46,delft3dworker/views.py
31400029,30,14,44,delft3dworker/models.py
31400029,8,6,14,delft3dworker/models.py
31400029,26,17,43,delft3dworker/tasks.py
31400029,7,3,10,delft3dworker/models.py
31400029,45,51,96,delft3dworker/test_views.py
31400029,55,104,159,delft3dworker/views.py
31400029,3,2,5,delft3dworker/test_views.py
31400029,2,0,2,delft3dworker/views.py
31400029,72,8,80,delft3dworker/test_views.py
31400029,63,29,92,delft3dworker/views.py
31400029,1,1,2,delft3dworker/models.py
31400029,26,23,49,delft3dworker/tasks.py
31400029,48,42,90,delft3dworker/test_models.py
31400029,47,40,87,delft3dworker/test_tasks.py
31400029,52,1,53,delft3dworker/views.py
31400029,22,16,38,delft3dworker/views.py
31400029,3,2,5,delft3dworker/models.py
31400029,19,0,19,delft3dworker/migrations/0046_auto_20160715_1022.py
31400029,11,6,17,delft3dworker/models.py
31400029,2,2,4,delft3dworker/serializers.py
31400029,1,0,1,delft3dworker/views.py
31400029,4,6,10,delft3dworker/test_views.py
31400029,34,5,39,delft3dworker/views.py
31400029,4,34,38,delft3dworker/views.py
31400029,8,7,15,delft3dgtmain/settings.py
31400029,35,81,116,delft3dworker/tasks.py
31400029,14,6,20,delft3dworker/models.py
31400029,1,1,2,delft3dworker/views.py
31400029,1,1,2,delft3dworker/tasks.py
31400029,34,20,54,delft3dworker/tasks.py
31400029,1,3,4,delft3dworker/models.py
31400029,10,7,17,delft3dworker/test_utils.py
31400029,10,9,19,delft3dworker/utils.py
31400029,10,6,16,delft3dworker/models.py
31400029,3,60,63,delft3dworker/models.py
31400029,84,17,101,delft3dworker/tasks.py
31400029,1,1,2,delft3dworker/serializers.py
31400029,0,5,5,delft3dworker/utils.py
31400029,1,1,2,delft3dworker/test_models.py
31400029,10,3,13,delft3dworker/test_models.py
31400029,5,5,10,delft3dworker/test_models.py
31400029,0,9,9,delft3dworker/models.py
31400029,9,0,9,delft3dworker/models.py
31400029,0,16,16,delft3dworker/test_models.py
31400029,30,0,30,delft3dworker/test_utils.py
31400029,5,3,8,delft3dworker/utils.py
31400029,3,1,4,delft3dworker/tasks.py
31400029,5,6,11,delft3dworker/utils.py
31400029,4,1,5,delft3dworker/models.py
31400029,9,6,15,delft3dworker/utils.py
31400029,20,1,21,delft3dworker/models.py
31400029,0,17,17,delft3dworker/utils.py
31400029,0,4,4,delft3dworker/serializers.py
31400029,1,1,2,delft3dworker/utils.py
31400029,0,6,6,delft3dgtmain/settings.py
31400029,1,8,9,delft3dworker/models.py
31400029,5,14,19,delft3dworker/utils.py
31400029,3,1,4,delft3dgtmain/settings.py
31400029,29,0,29,delft3dworker/migrations/0044_auto_20160713_1222.py
31400029,24,0,24,delft3dworker/migrations/0045_auto_20160714_0811.py
31400029,56,91,147,delft3dworker/models.py
31400029,5,0,5,delft3dworker/serializers.py
31400029,15,11,26,delft3dworker/tasks.py
31400029,115,1,116,delft3dworker/utils.py
31400029,0,4,4,delft3dgtmain/settings.py
31400029,9,4,13,delft3dgtmain/settings.py
31400029,11,7,18,delft3dgtmain/settings.py
31400029,2,0,2,delft3dworker/models.py
31400029,12,27,39,delft3dworker/models.py
31400029,22,20,42,delft3dworker/test_models.py
31400029,33,15,48,delft3dworker/test_views.py
31400029,20,34,54,delft3dworker/views.py
31400029,29,5,34,delft3dworker/models.py
31400029,58,0,58,delft3dworker/test_models.py
31400029,25,1,26,delft3dworker/test_views.py
31400029,50,1,51,delft3dworker/views.py
31400029,4,4,8,delft3dworker/test_views.py
31400029,4,4,8,delft3dworker/test_views.py
31400029,52,4,56,delft3dworker/test_views.py
31400029,22,5,27,delft3dworker/views.py
31400029,1,1,2,delft3dworker/views.py
31400029,2,35,37,delft3dworker/serializers.py
31400029,293,96,389,delft3dworker/test_views.py
31400029,110,6,116,delft3dworker/views.py
31400029,1,1,2,delft3dworker/views.py
31400029,38,10,48,delft3dworker/serializers.py
31400029,23,22,45,delft3dworker/test_views.py
31400029,7,2,9,delft3dworker/views.py
31400029,0,5,5,delft3dgtmain/settings.py
31400029,2,2,4,delft3dworker/models.py
31400029,11,11,22,delft3dworker/test_models.py
31400029,18,0,18,delft3dworker/migrations/0042_remove_scene_suid.py
31400029,20,0,20,delft3dworker/migrations/0043_scene_suid.py
31400029,66,57,123,delft3dworker/models.py
31400029,19,0,19,delft3dworker/test_models.py
31400029,1,1,2,delft3dworker/models.py
31400029,48,44,92,delft3dworker/test_views.py
31400029,3,2,5,delft3dworker/views.py
31400029,2,1,3,delft3dworker/test_models.py
31400029,2,5,7,delft3dworker/test_tasks.py
31400029,17,0,17,delft3dworker/test_models.py
31400029,17,1,18,delft3dworker/test_tasks.py
31400029,20,2,22,delft3dworker/test_views.py
31400029,97,56,153,delft3dworker/test_views.py
31400029,3,20,23,delft3dgtmain/settings.py
31400029,2,3,5,delft3dworker/tests.py
31400029,2,0,2,delft3dworker/test_models.py
31400029,6,3,9,delft3dworker/test_tasks.py
31400029,2,0,2,delft3dworker/test_utils.py
31400029,18,8,26,delft3dworker/test_views.py
31400029,4,3,7,delft3dworker/tests.py
31400029,8,0,8,delft3dworker/tasks.py
31400029,17,1,18,delft3dworker/test_tasks.py
31400029,1,1,2,delft3dgtmain/settings.py
31400029,6,0,6,delft3dworker/test_tasks.py
31400029,4,4,8,delft3dworker/models.py
31400029,1,1,2,delft3dworker/test_models.py
31400029,20,0,20,delft3dworker/migrations/0040_searchform_templates.py
31400029,31,2,33,delft3dworker/models.py
31400029,3,1,4,delft3dworker/serializers.py
31400029,11,17,28,delft3dworker/test_models.py
31400029,2,1,3,delft3dworker/tasks.py
31400029,2,4,6,delft3dworker/models.py
31400029,63,0,63,delft3dworker/test_models.py
31400029,9,6,15,delft3dworker/models.py
31400029,6,0,6,delft3dworker/models.py
31400029,9,10,19,delft3dworker/models.py
31400029,0,32,32,delft3dworker/test_models.py
31400029,25,16,41,delft3dworker/test_views.py
31400029,1,1,2,delft3dworker/urls.py
31400029,5,5,10,delft3dworker/views.py
31400029,2,1,3,delft3dworker/models.py
31400029,1,1,2,delft3dworker/views.py
31400029,20,0,20,delft3dworker/migrations/0039_auto_20160706_1418.py
31400029,12,3,15,delft3dworker/admin.py
31400029,23,0,23,delft3dworker/migrations/0038_searchform.py
31400029,95,3,98,delft3dworker/models.py
31400029,17,0,17,delft3dworker/serializers.py
31400029,259,7,266,delft3dworker/test_models.py
31400029,2,3,5,delft3dworker/urls.py
31400029,14,0,14,delft3dworker/views.py
31400029,1,4,5,delft3dgtmain/settings.py
31400029,0,4,4,delft3dworker/models.py
31400029,4,4,8,delft3dworker/test_models.py
31400029,5,5,10,delft3dworker/test_views.py
31400029,46,12,58,delft3dworker/test_models.py
31400029,4,0,4,delft3dworker/test_views.py
31400029,56,0,56,delft3dworker/models.py
31400029,155,7,162,delft3dworker/test_models.py
31400029,18,10,28,delft3dworker/test_views.py
31400029,12,56,68,delft3dworker/views.py
31400029,30,0,30,delft3dgtmain/settings.py
31400029,2,0,2,delft3dworker/views.py
31400029,3,2,5,delft3dworker/models.py
31400029,3,10,13,delft3dworker/views.py
31400029,1,1,2,delft3dworker/views.py
31400029,0,2,2,delft3dworker/views.py
31400029,1,1,2,delft3dworker/views.py
31400029,1,0,1,delft3dworker/models.py
31400029,9,6,15,delft3dworker/views.py
31400029,4,1,5,delft3dworker/views.py
31400029,6,1,7,delft3dworker/views.py
31400029,3,0,3,delft3dworker/tasks.py
31400029,19,0,19,delft3dworker/migrations/0037_auto_20160608_2304.py
31400029,49,16,65,delft3dworker/tasks.py
31400029,18,21,39,delft3dworker/test_models.py
31400029,61,12,73,delft3dworker/test_views.py
31400029,0,1,1,delft3dworker/models.py
31400029,7,0,7,delft3dworker/models.py
31400029,1,3,4,delft3dworker/models.py
31400029,3,2,5,delft3dworker/models.py
31400029,5,0,5,delft3dworker/views.py
31400029,3,3,6,delft3dworker/models.py
31400029,6,6,12,delft3dworker/views.py
31400029,1,1,2,delft3dgtmain/settings.py
31400029,8,6,14,delft3dworker/models.py
31400029,1,42,43,delft3dworker/urls.py
31400029,28,350,378,delft3dworker/views.py
31400029,1,1,2,delft3dworker/serializers.py
31400029,1,3,4,delft3dworker/models.py
31400029,2,2,4,delft3dworker/tasks.py
31400029,23,26,49,delft3dworker/serializers.py
31400029,0,2,2,delft3dworker/models.py
31400029,3,0,3,delft3dworker/models.py
31400029,3,0,3,delft3dworker/serializers.py
31400029,0,4,4,delft3dworker/views.py
31400029,5,0,5,delft3dworker/views.py
31400029,3,3,6,delft3dworker/tasks.py
31400029,2,8,10,delft3dworker/serializers.py
31400029,14,3,17,delft3dworker/views.py
31400029,3,8,11,delft3dworker/models.py
31400029,10,3,13,delft3dworker/tasks.py
31400029,6,16,22,delft3dworker/models.py
31400029,12,0,12,delft3dworker/tasks.py
31400029,19,0,19,delft3dworker/migrations/0036_auto_20160527_1445.py
31400029,3,2,5,delft3dworker/models.py
31400029,18,2,20,delft3dworker/models.py
31400029,0,1,1,delft3dworker/models.py
31400029,3,3,6,delft3dworker/models.py
31400029,0,1,1,delft3dworker/models.py
31400029,2,8,10,delft3dworker/serializers.py
31400029,19,9,28,delft3dworker/models.py
31400029,1,1,2,delft3dworker/serializers.py
31400029,2,2,4,delft3dworker/views.py
31400029,5,3,8,delft3dworker/views.py
31400029,1,0,1,delft3dworker/models.py
31400029,4,3,7,delft3dworker/models.py
31400029,1,1,2,delft3dworker/views.py
31400029,20,0,20,delft3dworker/migrations/0034_scene_shared.py
31400029,5,5,10,delft3dworker/views.py
31400029,2,1,3,delft3dworker/models.py
31400029,18,13,31,delft3dworker/views.py
31400029,2,0,2,delft3dworker/models.py
31400029,1,0,1,delft3dworker/serializers.py
31400029,33,20,53,delft3dworker/views.py
31400029,6,6,12,delft3dworker/views.py
31400029,9,5,14,delft3dgtmain/settings.py
31400029,8,7,15,delft3dworker/views.py
31400029,5,2,7,delft3dgtmain/settings.py
31400029,7,3,10,delft3dworker/views.py
31400029,1,3,4,delft3dworker/views.py
31400029,10,9,19,delft3dworker/views.py
31400029,15,0,15,delft3dworker/migrations/0033_merge.py
31400029,2,3,5,delft3dworker/test_tasks.py
31400029,3,1,4,delft3dgtmain/settings.py
31400029,0,1,1,delft3dworker/tasks.py
31400029,1,0,1,delft3dworker/test_tasks.py
31400029,1,0,1,delft3dworker/tasks.py
31400029,31,2,33,delft3dworker/test_tasks.py
31400029,19,15,34,delft3dworker/views.py
31400029,2,1,3,delft3dworker/models.py
31400029,3,1,4,delft3dworker/models.py
31400029,67,11,78,delft3dworker/tasks.py
31400029,0,1,1,delft3dworker/permissions.py
31400029,15,0,15,delft3dworker/migrations/0029_merge.py
31400029,1,0,1,delft3dworker/tasks.py
31400029,29,0,29,delft3dworker/test_tasks.py
31400029,40,0,40,delft3dworker/test_utils.py
31400029,0,36,36,delft3dworker/tests.py
31400029,1,1,2,delft3dworker/views.py
31400029,26,2,28,delft3dworker/views.py
31400029,15,0,15,delft3dworker/migrations/0029_merge.py
31400029,1,0,1,delft3dworker/models.py
31400029,15,0,15,delft3dworker/migrations/0032_merge.py
31400029,2,1,3,delft3dworker/permissions.py
31400029,13,4,17,delft3dgtmain/settings.py
31400029,12,7,19,delft3dworker/admin.py
31400029,2,1,3,delft3dworker/management/commands/cleanup.py
31400029,26,0,26,delft3dworker/migrations/0029_auto_20160531_0908.py
31400029,22,0,22,delft3dworker/migrations/0030_auto_20160531_0922.py
31400029,18,0,18,delft3dworker/migrations/0031_auto_20160531_0923.py
31400029,22,0,22,delft3dworker/models.py
31400029,16,0,16,delft3dworker/permissions.py
31400029,156,69,225,delft3dworker/views.py
31400029,19,0,19,delft3dworker/migrations/0027_auto_20160602_1435.py
31400029,6,12,18,delft3dworker/models.py
31400029,33,23,56,delft3dworker/tasks.py
31400029,6,4,10,delft3dworker/views.py
31400029,13,10,23,delft3dworker/views.py
31400029,35,0,35,delft3dworker/test_views.py
31400029,10,0,10,delft3dworker/views.py
31400029,5,4,9,delft3dworker/models.py
31400029,2,2,4,delft3dworker/test_views.py
31400029,1,1,2,delft3dworker/serializers.py
31400029,107,14,121,delft3dworker/test_views.py
31400029,5,10,15,delft3dworker/views.py
31400029,24,0,24,delft3dworker/migrations/0028_auto_20160602_1433.py
31400029,6,5,11,delft3dworker/models.py
31400029,13,1,14,delft3dworker/serializers.py
31400029,3,3,6,delft3dworker/views.py
31400029,4,1,5,delft3dgtmain/settings.py
31400029,1,0,1,delft3dgtmain/settings.py
31400029,3,3,6,delft3dworker/views.py
31400029,4,4,8,delft3dworker/views.py
31400029,7,10,17,delft3dworker/models.py
31400029,16,6,22,delft3dworker/test_views.py
31400029,0,1,1,delft3dworker/urls.py
31400029,5,7,12,delft3dworker/views.py
31400029,15,0,15,delft3dworker/migrations/0027_merge.py
31400029,24,0,24,delft3dworker/migrations/0026_auto_20160602_1334.py
31400029,5,7,12,delft3dworker/models.py
31400029,12,0,12,delft3dworker/serializers.py
31400029,12,3,15,delft3dworker/models.py
31400029,1,1,2,delft3dworker/tasks.py
31400029,16,0,16,delft3dworker/test_views.py
31400029,1,1,2,delft3dworker/urls.py
31400029,28,1,29,delft3dworker/views.py
31400029,15,0,15,delft3dworker/migrations/0026_merge.py
31400029,2,2,4,delft3dworker/views.py
31400029,4,2,6,delft3dworker/models.py
31400029,5,3,8,delft3dworker/models.py
31400029,26,0,26,delft3dworker/migrations/0025_auto_20160602_1100.py
31400029,6,0,6,delft3dworker/models.py
31400029,2,0,2,delft3dworker/serializers.py
31400029,11,2,13,delft3dworker/views.py
31400029,57,0,57,delft3dworker/test_views.py
31400029,39,0,39,delft3dworker/serializers.py
31400029,5,3,8,delft3dworker/urls.py
31400029,36,5,41,delft3dworker/views.py
31400029,9,9,18,delft3dworker/views.py
31400029,24,0,24,delft3dworker/migrations/0025_auto_20160602_0955.py
31400029,4,2,6,delft3dworker/models.py
31400029,3,2,5,delft3dworker/serializers.py
31400029,6,2,8,delft3dworker/views.py
31400029,1,0,1,delft3dgtmain/settings.py
31400029,16,11,27,delft3dworker/views.py
31400029,63,16,79,delft3dworker/views.py
31400029,2,0,2,delft3dworker/views.py
31400029,19,0,19,delft3dworker/migrations/0024_auto_20160602_0715.py
31400029,1,1,2,delft3dworker/models.py
31400029,2,7,9,delft3dworker/models.py
31400029,1,1,2,delft3dworker/test_models.py
31400029,20,21,41,delft3dworker/models.py
31400029,1,1,2,delft3dworker/views.py
31400029,0,5,5,delft3dworker/views.py
31400029,26,27,53,delft3dworker/models.py
31400029,2,16,18,delft3dworker/test_models.py
31400029,22,1,23,delft3dworker/views.py
31400029,1,1,2,delft3dworker/models.py
31400029,0,46,46,delft3dworker/migrations/0024_auto_20160530_1805.py
31400029,0,46,46,delft3dworker/migrations/0025_auto_20160530_1810.py
31400029,4,0,4,delft3dgtmain/settings.py
31400029,46,0,46,delft3dworker/migrations/0024_auto_20160530_1805.py
31400029,46,0,46,delft3dworker/migrations/0025_auto_20160530_1810.py
31400029,1,0,1,delft3dworker/models.py
31400029,67,1,68,delft3dworker/views.py
31400029,58,0,58,delft3dworker/migrations/0023_auto_20160531_0851.py
31400029,4,11,15,delft3dworker/models.py
31400029,3,9,12,delft3dworker/serializers.py
31400029,8,0,8,delft3dgtmain/provisionedsettings.sample.py
31400029,7,4,11,delft3dworker/models.py
31400029,151,6,157,delft3dworker/tasks.py
31400029,7,2,9,delft3dworker/views.py
31400029,1,2,3,delft3dworker/models.py
31400029,30,0,30,delft3dworker/test_models.py
31400029,0,2,2,delft3dworker/models.py
31400029,6,4,10,delft3dworker/models.py
31400029,4,6,10,delft3dworker/views.py
31400029,11,2,13,delft3dworker/models.py
31400029,6,1,7,delft3dworker/views.py
31400029,19,0,19,delft3dworker/migrations/0023_scene_parameters_hash.py
31400029,23,0,23,delft3dworker/migrations/0024_auto_20160525_2159.py
31400029,31,8,39,delft3dworker/models.py
31400029,1,1,2,delft3dgtfrontend/urls.py
31400029,1,1,2,delft3dgtmain/test_wsgi.py
31400029,16,0,16,delft3dgtmain/test_wsgi.py
31400029,48,0,48,delft3dworker/test_models.py
31400029,39,37,76,delft3dworker/tests.py
31400029,1,1,2,delft3dgtfrontend/urls.py
31400029,0,3,3,delft3dworker/models.py
31400029,48,0,48,delft3dworker/test_models.py
31400029,25,0,25,delft3dworker/migrations/0021_auto_20160525_1826.py
31400029,19,0,19,delft3dworker/migrations/0022_auto_20160525_1906.py
31400029,6,6,12,delft3dworker/models.py
31400029,4,4,8,delft3dgtfrontend/urls.py
31400029,1,1,2,delft3dgtmain/settings.py
31400029,10,7,17,delft3dworker/models.py
31400029,1,2,3,delft3dworker/models.py
31400029,4,4,8,delft3dgtfrontend/urls.py
31400029,0,5,5,delft3dgtmain/provisionedsettings.sample.py
31400029,8,12,20,delft3dgtmain/settings.py
31400029,8,8,16,delft3dworker/models.py
31400029,4,2,6,delft3dgtmain/settings.py
31400029,7,0,7,delft3dworker/authentication.py
31400029,9,0,9,delft3dworker/serializers.py
31400029,0,4,4,delft3dgtmain/urls.py
31400029,3,0,3,delft3dworker/models.py
31400029,3,0,3,delft3dworker/urls.py
31400029,0,6,6,delft3dworker/views.py
31400029,50,38,88,delft3dgtmain/settings.py
31400029,13,4,17,delft3dgtmain/urls.py
31400029,0,3,3,delft3dworker/models.py
31400029,62,0,62,delft3dworker/serializers.py
31400029,2,2,4,delft3dworker/tests.py
31400029,40,36,76,delft3dworker/urls.py
31400029,45,0,45,delft3dworker/views.py
31400029,37,1,38,delft3dgtmain/wsgi.py
31400029,58,0,58,delft3dworker/tasks.py
31400029,11,9,20,delft3dworker/utils.py
31400029,7,0,7,delft3dworker/tasks.py
31400029,1,1,2,delft3dworker/utils.py
31400029,39,0,39,delft3dworker/management/commands/compress.py
31400029,1,1,2,delft3dworker/management/commands/cleanup.py
31400029,5,2,7,delft3dworker/models.py
31400029,1,0,1,delft3dworker/management/__init__.py
31400029,1,0,1,delft3dworker/management/commands/__init__.py
31400029,35,0,35,delft3dworker/management/commands/cleanup.py
31400029,26,23,49,delft3dworker/tasks.py
31400029,5,5,10,delft3dworker/models.py
31400029,13,7,20,delft3dworker/models.py
31400029,14,11,25,delft3dworker/tasks.py
31400029,3,3,6,delft3dworker/models.py
31400029,3,2,5,delft3dworker/tasks.py
31400029,0,1,1,delft3dworker/views.py
31400029,1,1,2,delft3dworker/tasks.py
31400029,2,2,4,delft3dworker/models.py
31400029,1,1,2,delft3dworker/tasks.py
31400029,1,1,2,delft3dworker/models.py
31400029,12,7,19,delft3dworker/models.py
31400029,5,4,9,delft3dgtmain/provisionedsettings.sample.py
31400029,4,4,8,delft3dworker/models.py
31400029,6,6,12,delft3dworker/tasks.py
31400029,37,14,51,delft3dworker/models.py
31400029,46,26,72,delft3dworker/tasks.py
31400029,3,2,5,delft3dworker/utils.py
31400029,7,5,12,delft3dworker/models.py
31400029,7,1,8,delft3dworker/tasks.py
31400029,7,6,13,delft3dworker/tasks.py
31400029,7,0,7,delft3dworker/models.py
31400029,19,10,29,delft3dworker/tasks.py
31400029,8,3,11,delft3dworker/models.py
31400029,7,7,14,delft3dworker/utils.py
31400029,28,14,42,delft3dworker/utils.py
31400029,19,4,23,delft3dworker/tasks.py
31400029,4,4,8,delft3dworker/utils.py
31400029,13,6,19,delft3dworker/models.py
31400029,8,5,13,delft3dgtmain/provisionedsettings.sample.py
31400029,23,84,107,delft3dworker/models.py
31400029,29,9,38,delft3dworker/utils.py
31400029,47,32,79,delft3dworker/utils.py
31400029,16,15,31,delft3dworker/tasks.py
31400029,4,1,5,delft3dworker/tasks.py
31400029,3,0,3,delft3dworker/models.py
31400029,153,132,285,delft3dworker/models.py
31400029,0,3,3,delft3dworker/views.py
31400029,1,1,2,delft3dworker/models.py
31400029,10,4,14,delft3dworker/views.py
31400029,2,0,2,delft3dworker/urls.py
31400029,5,0,5,delft3dworker/models.py
31400029,24,13,37,delft3dworker/urls.py
31400029,47,0,47,delft3dworker/views.py
31400029,3,6,9,delft3dworker/models.py
31400029,1,1,2,delft3dworker/views.py
31400029,4,4,8,delft3dworker/admin.py
31400029,50,0,50,delft3dworker/migrations/0020_auto_20160422_2304.py
31400029,2,2,4,delft3dworker/models.py
31400029,4,3,7,delft3dworker/tasks.py
31400029,4,4,8,delft3dworker/utils.py
31400029,10,0,10,delft3dworker/models.py
31400029,1,5,6,delft3dworker/admin.py
31400029,11,1,12,delft3dworker/utils.py
31400029,25,14,39,delft3dworker/tasks.py
31400029,23,17,40,delft3dworker/tests.py
31400029,12,6,18,delft3dworker/urls.py
31400029,14,11,25,delft3dworker/utils.py
31400029,1,1,2,delft3dworker/views.py
31400029,16,200,216,delft3dworker/models.py
31400029,35,6,41,delft3dworker/tasks.py
31400029,89,0,89,delft3dworker/utils.py
31400029,3,2,5,delft3dworker/models.py
31400029,4,0,4,delft3dworker/tasks.py
31400029,6,2,8,delft3dworker/models.py
31400029,5,5,10,delft3dworker/models.py
31400029,38,16,54,delft3dworker/tasks.py
31400029,44,38,82,delft3dworker/utils.py
31400029,4,1,5,delft3dgtfrontend/urls.py
31400029,1,0,1,delft3dworker/models.py
31400029,6,169,175,delft3dworker/tests.py
31400029,20,12,32,delft3dworker/utils.py
31400029,12,2,14,delft3dworker/models.py
31400029,6,2,8,delft3dworker/views.py
31400029,9,5,14,delft3dworker/models.py
31400029,77,42,119,delft3dworker/models.py
31400029,8,3,11,delft3dworker/views.py
31400029,3,7,10,delft3dworker/utils.py
31400029,9,6,15,delft3dworker/tests.py
31400029,44,8,52,delft3dworker/utils.py
31400029,19,1,20,delft3dworker/models.py
31400029,14,9,23,delft3dworker/models.py
31400029,3,2,5,delft3dworker/models.py
31400029,6,9,15,delft3dworker/models.py
31400029,43,3,46,delft3dworker/models.py
31400029,4,4,8,delft3dworker/tasks.py
31400029,5,3,8,delft3dworker/views.py
31400029,5,3,8,delft3dworker/models.py
31400029,19,0,19,delft3dworker/models.py
31400029,41,20,61,delft3dworker/views.py
31400029,4,4,8,delft3dworker/tasks.py
31400029,1,1,2,delft3dworker/models.py
31400029,2,1,3,delft3dworker/models.py
31400029,0,37,37,delft3dworker/views.py
31400029,0,2,2,delft3dworker/views.py
31400029,22,4,26,delft3dworker/views.py
31400029,7,4,11,delft3dworker/models.py
31400029,40,0,40,delft3dworker/migrations/0019_auto_20160421_1319.py
31400029,2,2,4,delft3dworker/models.py
31400029,0,6,6,delft3dgtmain/settings.py
31400029,8,1,9,delft3dgtmain/provisionedsettings.sample.py
31400029,4,4,8,delft3dgtmain/settings.py
31400029,15,9,24,delft3dworker/tasks.py
31400029,9,9,18,delft3dworker/models.py
31400029,6,1,7,delft3dgtmain/settings.py
31400029,6,0,6,delft3dworker/models.py
31400029,1,1,2,delft3dworker/views.py
31400029,29,5,34,delft3dworker/models.py
31400029,32,0,32,delft3dworker/models.py
31400029,2,37,39,delft3dworker/views.py
31400029,1,1,2,delft3dworker/models.py
31400029,15,0,15,delft3dworker/migrations/0018_merge.py
31400029,8,1,9,delft3dworker/views.py
31400029,3,6,9,delft3dworker/models.py
31400029,2,6,8,delft3dworker/models.py
31400029,0,4,4,delft3dworker/urls.py
31400029,1,1,2,delft3dworker/views.py
31400029,4,4,8,delft3dworker/urls.py
31400029,9,2,11,delft3dworker/views.py
31400029,2,2,4,delft3dworker/urls.py
31400029,4,4,8,delft3dworker/urls.py
31400029,20,0,20,delft3dworker/migrations/0017_template_groups.py
31400029,4,0,4,delft3dworker/models.py
31400029,2,0,2,delft3dworker/urls.py
31400029,22,1,23,delft3dworker/views.py
31400029,0,1,1,delft3dworker/models.py
31400029,20,0,20,delft3dworker/migrations/0014_scene_task_id.py
31400029,57,47,104,delft3dworker/models.py
31400029,180,125,305,delft3dworker/tasks.py
31400029,1,1,2,delft3dworker/views.py
31400029,2,2,4,delft3dworker/models.py
31400029,6,2,8,delft3dworker/admin.py
31400029,21,0,21,delft3dworker/migrations/0014_scenario.py
31400029,23,0,23,delft3dworker/migrations/0015_template.py
31400029,55,0,55,delft3dworker/migrations/0016_auto_20160318_1719.py
31400029,41,0,41,delft3dworker/models.py
31400029,20,2,22,delft3dworker/urls.py
31400029,90,1,91,delft3dworker/views.py
31400029,0,3,3,delft3dgtfrontend/urls.py
31400029,0,53,53,delft3dgtfrontend/views.py
31400029,2,0,2,delft3dworker/urls.py
31400029,63,0,63,delft3dworker/views.py
31400029,2,1,3,delft3dworker/tasks.py
31400029,33,0,33,delft3dworker/tests.py
31400029,15,0,15,delft3dworker/utils.py
31400029,1,1,2,delft3dgtfrontend/urls.py
31400029,7,3,10,delft3dgtfrontend/views.py
31400029,3,1,4,delft3dgtfrontend/urls.py
31400029,52,0,52,delft3dgtfrontend/views.py
31400029,32,15,47,delft3dworker/models.py
31400029,79,49,128,delft3dworker/tasks.py
31400029,1,1,2,delft3dworker/views.py
31400029,4,1,5,delft3dgtmain/settings.py
31400029,12,23,35,delft3dworker/tasks.py
31400029,9,10,19,delft3dworker/tasks.py
31400029,6,2,8,delft3dworker/tasks.py
31400029,60,50,110,delft3dworker/tasks.py
31400029,2,0,2,delft3dworker/tasks.py
31400029,6,2,8,delft3dworker/tasks.py
31400029,19,8,27,delft3dworker/tasks.py
31400029,19,15,34,delft3dworker/tasks.py
31400029,5,3,8,delft3dworker/models.py
31400029,2,2,4,delft3dworker/models.py
31400029,2,2,4,delft3dworker/models.py
31400029,1,1,2,delft3dworker/views.py
31400029,47,8,55,delft3dworker/models.py
31400029,5,1,6,delft3dworker/tasks.py
31400029,2,0,2,delft3dworker/models.py
31400029,21,3,24,delft3dworker/models.py
31400029,19,7,26,delft3dworker/tasks.py
31400029,9,2,11,delft3dworker/views.py
31400029,0,2,2,delft3dworker/tasks.py
31400029,14,7,21,delft3dworker/tasks.py
31400029,8,3,11,delft3dgtfrontend/urls.py
31400029,2,1,3,delft3dgtmain/settings.py
31400029,5,5,10,delft3dworker/tasks.py
31400029,2,2,4,delft3dworker/tasks.py
31400029,2,0,2,delft3dworker/models.py
31400029,13,7,20,delft3dworker/models.py
31400029,7,4,11,delft3dworker/tasks.py
31400029,0,2,2,delft3dworker/admin.py
31400029,17,0,17,delft3dworker/migrations/0013_delete_delft3dworker.py
31400029,7,66,73,delft3dworker/models.py
31400029,8,8,16,delft3dgtmain/provisionedsettings.sample.py
31400029,4,2,6,delft3dworker/models.py
31400029,4,0,4,delft3dworker/views.py
31400029,2,2,4,delft3dworker/models.py
31400029,5,5,10,delft3dworker/tasks.py
31400029,3,2,5,delft3dworker/models.py
31400029,5,0,5,delft3dworker/urls.py
31400029,20,0,20,delft3dworker/migrations/0012_auto_20160317_1423.py
31400029,1,1,2,delft3dworker/models.py
31400029,4,1,5,delft3dworker/models.py
31400029,1,1,2,delft3dworker/tasks.py
31400029,1,1,2,delft3dgtmain/provisionedsettings.sample.py
31400029,1,0,1,delft3dgtmain/provisionedsettings.sample.py
31400029,1,1,2,delft3dworker/tasks.py
31400029,1,1,2,delft3dworker/models.py
31400029,10,6,16,delft3dworker/tasks.py
31400029,19,7,26,delft3dworker/models.py
31400029,68,109,177,delft3dworker/tasks.py
31400029,6,12,18,delft3dworker/urls.py
31400029,0,140,140,delft3dworker/views.py
31400029,25,0,25,delft3dworker/migrations/0011_auto_20160317_1116.py
31400029,2,4,6,delft3dworker/models.py
31400029,3,3,6,delft3dworker/tests.py
31400029,23,0,23,delft3dworker/migrations/0001_initial.py
31400029,26,0,26,delft3dworker/migrations/0002_modelruns.py
31400029,22,0,22,delft3dworker/migrations/0003_auto_20160128_0349.py
31400029,19,0,19,delft3dworker/migrations/0004_auto_20160201_1516.py
31400029,21,0,21,delft3dworker/migrations/0005_delft3dworker_json.py
31400029,26,0,26,delft3dworker/migrations/0006_auto_20160202_1341.py
31400029,21,0,21,delft3dworker/migrations/0007_delft3dworker_workerid.py
31400029,21,0,21,delft3dworker/migrations/0008_delft3dworker_info.py
31400029,29,0,29,delft3dworker/migrations/0009_auto_20160205_1206.py
31400029,61,0,61,delft3dworker/migrations/0010_celerytask_postprocessingtask_processingtask_scene_simulationtask.py
31400029,0,76,76,delft3dworker/migrations/0001_initial.py
31400029,0,20,20,delft3dworker/migrations/0002_celerytask_state_meta.py
31400029,0,18,18,delft3dworker/migrations/0003_remove_scene_json.py
31400029,0,35,35,delft3dworker/migrations/0004_auto_20160310_1101.py
31400029,3,1,4,delft3dworker/models.py
31400029,1,1,2,delft3dgtmain/provisionedsettings.sample.py
31400029,49,2,51,delft3dworker/models.py
31400029,48,20,68,delft3dworker/tasks.py
31400029,36,8,44,delft3dworker/tests.py
31400029,2,2,4,delft3dworker/models.py
31400029,3,0,3,delft3dworker/models.py
31400029,6,13,19,delft3dworker/tests.py
31400029,2,6,8,delft3dgtmain/settings.py
31400029,14,12,26,delft3dworker/tests.py
31400029,7,3,10,delft3dgtmain/settings.py
31400029,33,17,50,delft3dworker/tasks.py
31400029,10,4,14,delft3dworker/tests.py
31400029,32,0,32,delft3dgtmain/provisionedsettings.sample.py
31400029,46,63,109,delft3dgtmain/settings.py
31400029,2,2,4,delft3dgtmain/settings.py
31400029,2,0,2,delft3dgtmain/settings.py
31400029,2,0,2,delft3dgtmain/settings.py
31400029,3,3,6,delft3dworker/tests.py
31400029,12,7,19,delft3dworker/models.py
31400029,5,6,11,delft3dworker/urls.py
31400029,36,6,42,delft3dworker/views.py
31400029,9,6,15,delft3dworker/urls.py
31400029,0,6,6,delft3dworker/views.py
31400029,29,23,52,delft3dworker/views.py
31400029,73,67,140,delft3dworker/tests.py
31400029,3,3,6,delft3dworker/urls.py
31400029,11,4,15,delft3dworker/views.py
31400029,7,7,14,delft3dworker/urls.py
31400029,2,2,4,delft3dworker/views.py
31400029,0,4,4,delft3dgtmain/settings.py
31400029,16,3,19,delft3dgtmain/settings.py
31400029,1,1,2,delft3dworker/tasks.py
31400029,102,2,104,delft3dworker/tests.py
31400029,17,13,30,delft3dworker/tasks.py
31400029,63,22,85,delft3dworker/tests.py
31400029,56,39,95,delft3dworker/views.py
31400029,35,0,35,delft3dworker/migrations/0004_auto_20160310_1101.py
31400029,69,70,139,delft3dworker/models.py
31400029,48,41,89,delft3dworker/tasks.py
31400029,4,1,5,delft3dgtmain/settings.py
31400029,20,0,20,delft3dworker/migrations/0002_celerytask_state_meta.py
31400029,18,0,18,delft3dworker/migrations/0003_remove_scene_json.py
31400029,27,3,30,delft3dworker/models.py
31400029,22,4,26,delft3dworker/tasks.py
31400029,1,1,2,delft3dworker/views.py
31400029,3,3,6,delft3dgtmain/settings.py
31400029,9,2,11,delft3dworker/tests.py
31400029,55,2,57,delft3dworker/migrations/0001_initial.py
31400029,0,26,26,delft3dworker/migrations/0002_modelruns.py
31400029,0,22,22,delft3dworker/migrations/0003_auto_20160128_0349.py
31400029,0,19,19,delft3dworker/migrations/0004_auto_20160201_1516.py
31400029,0,21,21,delft3dworker/migrations/0005_delft3dworker_json.py
31400029,0,26,26,delft3dworker/migrations/0006_auto_20160202_1341.py
31400029,0,21,21,delft3dworker/migrations/0007_delft3dworker_workerid.py
31400029,0,21,21,delft3dworker/migrations/0008_delft3dworker_info.py
31400029,0,29,29,delft3dworker/migrations/0009_auto_20160205_1206.py
31400029,0,67,67,delft3dworker/migrations/0010_simrun_task_taskproc_tasksim_taskvis.py
31400029,0,75,75,delft3dworker/migrations/0011_auto_20160309_1158.py
31400029,0,19,19,delft3dworker/migrations/0012_remove_simulationrun_workerid.py
31400029,0,95,95,delft3dworker/migrations/0013_auto_20160309_1237.py
31400029,0,34,34,delft3dworker/migrations/0014_auto_20160309_1243.py
31400029,0,20,20,delft3dworker/migrations/0015_auto_20160309_1343.py
31400029,0,20,20,delft3dworker/migrations/0016_auto_20160309_1346.py
31400029,0,19,19,delft3dworker/migrations/0017_remove_celerytask_name.py
31400029,0,30,30,delft3dworker/migrations/0018_auto_20160309_1407.py
31400029,2,2,4,delft3dworker/models.py
31400029,1,2,3,delft3dgtmain/settings.py
31400029,7,1,8,delft3dworker/admin.py
31400029,75,0,75,delft3dworker/migrations/0011_auto_20160309_1158.py
31400029,19,0,19,delft3dworker/migrations/0012_remove_simulationrun_workerid.py
31400029,95,0,95,delft3dworker/migrations/0013_auto_20160309_1237.py
31400029,34,0,34,delft3dworker/migrations/0014_auto_20160309_1243.py
31400029,20,0,20,delft3dworker/migrations/0015_auto_20160309_1343.py
31400029,20,0,20,delft3dworker/migrations/0016_auto_20160309_1346.py
31400029,19,0,19,delft3dworker/migrations/0017_remove_celerytask_name.py
31400029,30,0,30,delft3dworker/migrations/0018_auto_20160309_1407.py
31400029,71,34,105,delft3dworker/models.py
31400029,22,0,22,delft3dworker/tasks.py
31400029,6,10,16,delft3dworker/urls.py
31400029,29,10,39,delft3dworker/views.py
31400029,2,1,3,delft3dgtmain/settings.py
31400029,5,5,10,delft3dworker/tests.py
31400029,1,1,2,delft3dworker/tests.py
31400029,0,1,1,delft3dgtmain/settings.py
31400029,20,8,28,delft3dworker/tests.py
31400029,24,17,41,delft3dgtmain/settings.py
31400029,67,0,67,delft3dworker/migrations/0010_simrun_task_taskproc_tasksim_taskvis.py
31400029,2,3,5,delft3dworker/tasks.py
31400029,17,6,23,delft3dworker/tests.py
31400029,1,0,1,delft3dworker/views.py
31400029,12,10,22,delft3dgtmain/settings.py
31400029,22,3,25,delft3dgtmain/settings.py
31400029,69,5,74,delft3dworker/models.py
31400029,14,1,15,delft3dworker/tests.py
31400029,6,0,6,delft3dworker/urls.py
31400029,18,1,19,delft3dworker/views.py
31400029,5,5,10,delft3dgtmain/settings.py
31400029,11,2,13,delft3dgtfrontend/urls.py
31400029,6,1,7,delft3dgtmain/settings.py
31400029,1,1,2,delft3dworker/tasks.py
31400029,5,7,12,delft3dgtmain/settings.py
31400029,22,14,36,delft3dworker/tasks.py
31400029,8,2,10,delft3dworker/views.py
31400029,5,4,9,delft3dgtmain/settings.py
31400029,0,2,2,delft3dworker/views.py
31400029,5,2,7,delft3dgtfrontend/urls.py
31400029,1,1,2,delft3dgtmain/settings.py
31400029,2,2,4,delft3dworker/models.py
31400029,6,3,9,delft3dgtfrontend/urls.py
31400029,0,7,7,delft3dgtfrontend/views.py
31400029,5,0,5,delft3dgtmain/settings.py
31400029,29,0,29,delft3dworker/migrations/0009_auto_20160205_1206.py
31400029,4,5,9,delft3dworker/models.py
31400029,5,0,5,delft3dworker/tasks.py
31400029,21,0,21,delft3dworker/migrations/0008_delft3dworker_info.py
31400029,5,9,14,delft3dworker/models.py
31400029,8,0,8,delft3dworker/tasks.py
31400029,10,2,12,delft3dworker/views.py
31400029,0,0,0,delft3dgtmain/celery.py
31400029,0,0,0,delft3dworker/__init__.py
31400029,0,0,0,delft3dworker/models.py
31400029,0,0,0,delft3dworker/tasks.py
31400029,0,0,0,delft3dworker/tests.py
31400029,0,0,0,delft3dworker/views.py
31400029,21,0,21,delft3dworker/migrations/0007_delft3dworker_workerid.py
31400029,39,6,45,delft3dworker/models.py
31400029,14,6,20,delft3dworker/tasks.py
31400029,14,14,28,delft3dworker/views.py
31400029,1,1,2,delft3dgtmain/urls.py
31400029,1,1,2,delft3dworker/urls.py
31400029,2,0,2,delft3dgtmain/urls.py
31400029,8,0,8,delft3dworker/urls.py
31400029,6,2,8,delft3dworker/views.py
31400029,2,0,2,delft3dgtmain/urls.py
31400029,0,0,0,delft3dgtfrontend/__init__.py
31400029,3,0,3,delft3dgtfrontend/admin.py
31400029,7,0,7,delft3dgtfrontend/apps.py
31400029,0,0,0,delft3dgtfrontend/migrations/__init__.py
31400029,5,0,5,delft3dgtfrontend/models.py
31400029,3,0,3,delft3dgtfrontend/tests.py
31400029,10,0,10,delft3dgtfrontend/urls.py
31400029,7,0,7,delft3dgtfrontend/views.py
31400029,2,1,3,delft3dgtmain/settings.py
31400029,5,2,7,delft3dgtmain/urls.py
31400029,1,0,1,delft3dworker/tasks.py
31400029,2,2,4,delft3dworker/views.py
31400029,19,2,21,delft3dgtmain/settings.py
31400029,26,0,26,delft3dworker/migrations/0006_auto_20160202_1341.py
31400029,36,7,43,delft3dworker/models.py
31400029,28,19,47,delft3dworker/tasks.py
31400029,2,3,5,delft3dworker/urls.py
31400029,31,11,42,delft3dworker/views.py
31400029,21,0,21,delft3dworker/migrations/0005_delft3dworker_json.py
31400029,5,0,5,delft3dworker/models.py
31400029,0,4,4,delft3dworker/views.py
31400029,1,1,2,delft3dgtmain/urls.py
31400029,0,0,0,{taskmanager => delft3dworker}/__init__.py
31400029,6,0,6,delft3dworker/admin.py
31400029,0,0,0,{taskmanager => delft3dworker}/migrations/0001_initial.py
31400029,1,1,2,{taskmanager => delft3dworker}/migrations/0002_modelruns.py
31400029,1,1,2,{taskmanager => delft3dworker}/migrations/0003_auto_20160128_0349.py
31400029,19,0,19,delft3dworker/migrations/0004_auto_20160201_1516.py
31400029,0,0,0,{taskmanager => delft3dworker}/migrations/__init__.py
31400029,1,1,2,{taskmanager => delft3dworker}/models.py
31400029,0,0,0,{taskmanager => delft3dworker}/tasks.py
31400029,0,0,0,{taskmanager => delft3dworker}/tests.py
31400029,4,4,8,{taskmanager => delft3dworker}/urls.py
31400029,13,8,21,{taskmanager => delft3dworker}/views.py
31400029,0,6,6,taskmanager/admin.py
31400029,3,14,17,taskmanager/tasks.py
31400029,2,8,10,taskmanager/views.py
31400029,5,0,5,delft3dgtmain/__init__.py
31400029,22,0,22,delft3dgtmain/celery.py
31400029,4,0,4,delft3dgtmain/urls.py
31400029,0,0,0,taskmanager/__init__.py
31400029,6,0,6,taskmanager/admin.py
31400029,23,0,23,taskmanager/migrations/0001_initial.py
31400029,26,0,26,taskmanager/migrations/0002_modelruns.py
31400029,22,0,22,taskmanager/migrations/0003_auto_20160128_0349.py
31400029,0,0,0,taskmanager/migrations/__init__.py
31400029,9,0,9,taskmanager/models.py
31400029,63,0,63,taskmanager/tasks.py
31400029,16,0,16,taskmanager/tests.py
31400029,14,0,14,taskmanager/urls.py
31400029,103,0,103,taskmanager/views.py
31400029,9,4,13,delft3dgtmain/settings.py
31400029,0,0,0,delft3dgtmain/__init__.py
31400029,121,0,121,delft3dgtmain/settings.py
31400029,21,0,21,delft3dgtmain/urls.py
31400029,16,0,16,delft3dgtmain/wsgi.py
31400029,10,0,10,manage.py
27489574,5,1,6,src/cloudant/_common_util.py
27489574,1,1,2,src/cloudant/_common_util.py
27489574,4,2,6,tests/unit/client_tests.py
27489574,1,0,1,src/cloudant/client.py
27489574,7,1,8,src/cloudant/error.py
27489574,52,1,53,tests/unit/client_tests.py
27489574,1,1,2,src/cloudant/database.py
27489574,7,0,7,setup.py
27489574,2,2,4,docs/conf.py
27489574,1,1,2,src/cloudant/__init__.py
27489574,2,2,4,docs/conf.py
27489574,1,1,2,src/cloudant/__init__.py
27489574,3,2,5,src/cloudant/_common_util.py
27489574,4,2,6,src/cloudant/client.py
27489574,184,15,199,src/cloudant/database.py
27489574,24,3,27,src/cloudant/design_document.py
27489574,22,2,24,src/cloudant/index.py
27489574,12,1,13,src/cloudant/query.py
27489574,12,2,14,src/cloudant/view.py
27489574,130,0,130,tests/unit/database_partition_tests.py
27489574,18,3,21,tests/unit/unit_t_db_base.py
27489574,1,0,1,src/cloudant/result.py
27489574,4,3,7,src/cloudant/result.py
27489574,82,13,95,src/cloudant/result.py
27489574,2,12,14,tests/unit/query_result_tests.py
27489574,48,12,60,tests/unit/result_tests.py
27489574,5,0,5,tests/unit/unit_t_db_base.py
27489574,3,3,6,src/cloudant/client.py
27489574,9,29,38,src/cloudant/document.py
27489574,0,3,3,tests/unit/document_tests.py
27489574,2,0,2,docs/conf.py
27489574,5,4,9,src/cloudant/document.py
27489574,41,0,41,tests/unit/document_tests.py
27489574,27,7,34,tests/unit/database_tests.py
27489574,13,3,16,tests/unit/document_tests.py
27489574,2,2,4,src/cloudant/database.py
27489574,4,4,8,src/cloudant/query.py
27489574,2,2,4,src/cloudant/result.py
27489574,2,2,4,docs/conf.py
27489574,1,1,2,src/cloudant/__init__.py
27489574,2,2,4,docs/conf.py
27489574,1,1,2,src/cloudant/__init__.py
27489574,1,1,2,src/cloudant/_client_session.py
27489574,7,3,10,src/cloudant/_client_session.py
27489574,11,2,13,src/cloudant/client.py
27489574,33,2,35,tests/unit/iam_auth_tests.py
27489574,2,2,4,docs/conf.py
27489574,1,1,2,src/cloudant/__init__.py
27489574,2,2,4,docs/conf.py
27489574,1,1,2,src/cloudant/__init__.py
27489574,2,0,2,src/cloudant/_client_session.py
27489574,2,0,2,src/cloudant/_common_util.py
27489574,2,2,4,docs/conf.py
27489574,1,1,2,src/cloudant/__init__.py
27489574,2,2,4,docs/conf.py
27489574,1,1,2,src/cloudant/__init__.py
27489574,6,5,11,src/cloudant/_client_session.py
27489574,12,1,13,src/cloudant/_common_util.py
27489574,8,7,15,src/cloudant/client.py
27489574,19,17,36,src/cloudant/database.py
27489574,5,5,10,src/cloudant/design_document.py
27489574,10,9,19,src/cloudant/document.py
27489574,4,3,7,src/cloudant/index.py
27489574,3,2,5,src/cloudant/query.py
27489574,5,3,8,src/cloudant/scheduler.py
27489574,3,2,5,src/cloudant/security_document.py
27489574,3,3,6,src/cloudant/view.py
27489574,2,3,5,tests/unit/client_tests.py
27489574,2,1,3,tests/unit/database_tests.py
27489574,7,6,13,tests/unit/design_document_tests.py
27489574,26,27,53,tests/unit/iam_auth_tests.py
27489574,133,137,270,tests/unit/scheduler_tests.py
27489574,6,3,9,tests/unit/auth_renewal_tests.py
27489574,8,8,16,tests/unit/changes_tests.py
27489574,16,18,34,tests/unit/client_tests.py
27489574,16,23,39,tests/unit/database_tests.py
27489574,8,8,16,tests/unit/db_updates_tests.py
27489574,12,24,36,tests/unit/design_document_tests.py
27489574,8,6,14,tests/unit/document_tests.py
27489574,12,15,27,tests/unit/index_tests.py
27489574,12,12,24,tests/unit/infinite_feed_tests.py
27489574,4,3,7,tests/unit/query_result_tests.py
27489574,7,7,14,tests/unit/query_tests.py
27489574,9,7,16,tests/unit/replicator_tests.py
27489574,5,3,8,tests/unit/result_tests.py
27489574,4,4,8,tests/unit/security_document_tests.py
27489574,4,0,4,tests/unit/view_execution_tests.py
27489574,7,5,12,tests/unit/view_tests.py
27489574,2,2,4,docs/conf.py
27489574,1,1,2,src/cloudant/__init__.py
27489574,2,2,4,docs/conf.py
27489574,1,1,2,src/cloudant/__init__.py
27489574,1,1,2,src/cloudant/feed.py
27489574,4,0,4,src/cloudant/_common_util.py
27489574,14,7,21,src/cloudant/feed.py
27489574,12,6,18,tests/unit/changes_tests.py
27489574,6,3,9,src/cloudant/result.py
27489574,2,2,4,src/cloudant/_common_util.py
27489574,1,1,2,src/cloudant/client.py
27489574,2,2,4,src/cloudant/database.py
27489574,6,8,14,src/cloudant/document.py
27489574,1,2,3,src/cloudant/feed.py
27489574,0,2,2,src/cloudant/index.py
27489574,5,5,10,src/cloudant/result.py
27489574,4,4,8,src/cloudant/scheduler.py
27489574,6,3,9,src/cloudant/document.py
27489574,44,0,44,tests/unit/document_tests.py
27489574,2,1,3,src/cloudant/document.py
27489574,56,0,56,tests/unit/document_tests.py
27489574,3,1,4,src/cloudant/_common_util.py
27489574,10,1,11,src/cloudant/database.py
27489574,15,5,20,src/cloudant/result.py
27489574,9,1,10,tests/unit/param_translation_tests.py
27489574,43,3,46,tests/unit/view_execution_tests.py
27489574,2,2,4,docs/conf.py
27489574,1,1,2,src/cloudant/__init__.py
27489574,2,2,4,docs/conf.py
27489574,1,1,2,src/cloudant/__init__.py
27489574,3,0,3,src/cloudant/document.py
27489574,23,0,23,tests/unit/document_tests.py
27489574,15,8,23,tests/unit/changes_tests.py
27489574,9,1,10,tests/unit/database_tests.py
27489574,93,52,145,tests/unit/db_updates_tests.py
27489574,4,4,8,tests/unit/document_tests.py
27489574,49,16,65,tests/unit/unit_t_db_base.py
27489574,0,24,24,tests/unit/view_tests.py
27489574,23,0,23,src/cloudant/client.py
27489574,31,12,43,src/cloudant/replicator.py
27489574,81,0,81,src/cloudant/scheduler.py
27489574,8,4,12,tests/unit/replicator_tests.py
27489574,225,0,225,tests/unit/scheduler_tests.py
27489574,17,6,23,src/cloudant/client.py
27489574,27,0,27,tests/unit/client_tests.py
27489574,4,7,11,src/cloudant/replicator.py
27489574,10,1,11,tests/unit/replicator_tests.py
27489574,10,1,11,src/cloudant/_client_session.py
27489574,11,0,11,src/cloudant/client.py
27489574,34,14,48,src/cloudant/replicator.py
27489574,175,0,175,tests/unit/replicator_mock_tests.py
27489574,3,7,10,tests/unit/replicator_tests.py
27489574,152,125,277,src/cloudant/database.py
27489574,51,37,88,tests/unit/database_tests.py
27489574,1,0,1,src/cloudant/__init__.py
27489574,13,3,16,src/cloudant/_common_util.py
27489574,1,0,1,src/cloudant/_messages.py
27489574,13,5,18,src/cloudant/client.py
27489574,87,6,93,tests/unit/client_tests.py
27489574,84,26,110,tests/unit/cloud_foundry_tests.py
27489574,3,2,5,tests/unit/unit_t_db_base.py
27489574,3,2,5,tests/unit/database_tests.py
27489574,2,1,3,tests/unit/design_document_tests.py
27489574,7,0,7,tests/unit/unit_t_db_base.py
27489574,15,26,41,tests/unit/changes_tests.py
27489574,66,47,113,tests/unit/db_updates_tests.py
27489574,30,3,33,tests/unit/unit_t_db_base.py
27489574,8,14,22,tests/unit/view_tests.py
27489574,2,2,4,docs/conf.py
27489574,1,1,2,src/cloudant/__init__.py
27489574,2,2,4,docs/conf.py
27489574,1,1,2,src/cloudant/__init__.py
27489574,2,2,4,docs/conf.py
27489574,1,1,2,src/cloudant/__init__.py
27489574,2,2,4,docs/conf.py
27489574,2,2,4,src/cloudant/__init__.py
27489574,12,0,12,src/cloudant/design_document.py
27489574,40,0,40,tests/unit/design_document_tests.py
27489574,1,1,2,src/cloudant/_client_session.py
27489574,2,2,4,tests/unit/iam_auth_tests.py
27489574,2,2,4,src/cloudant/database.py
27489574,2,2,4,src/cloudant/document.py
27489574,3,3,6,src/cloudant/replicator.py
27489574,5,1,6,setup.py
27489574,17,26,43,src/cloudant/replicator.py
27489574,0,51,51,tests/integration/replicator_test.py
27489574,5,1,6,tests/unit/replicator_tests.py
27489574,2,2,4,docs/conf.py
27489574,1,1,2,setup.py
27489574,1,1,2,src/cloudant/__init__.py
27489574,2,2,4,docs/conf.py
27489574,1,1,2,setup.py
27489574,1,1,2,src/cloudant/__init__.py
27489574,4,4,8,src/cloudant/client.py
27489574,1,1,2,src/cloudant/client.py
27489574,1,1,2,tests/unit/auth_renewal_tests.py
27489574,4,4,8,tests/unit/client_tests.py
27489574,21,21,42,tests/unit/iam_auth_tests.py
27489574,3,2,5,tests/unit/auth_renewal_tests.py
27489574,23,23,46,tests/unit/client_tests.py
27489574,8,8,16,tests/unit/database_tests.py
27489574,5,5,10,tests/unit/replicator_tests.py
27489574,24,9,33,tests/unit/unit_t_db_base.py
27489574,3,2,5,tests/unit/auth_renewal_tests.py
27489574,23,1,24,tests/unit/client_tests.py
27489574,8,1,9,tests/unit/database_tests.py
27489574,5,1,6,tests/unit/replicator_tests.py
27489574,50,30,80,tests/unit/unit_t_db_base.py
27489574,2,2,4,tests/unit/client_tests.py
27489574,5,1,6,src/cloudant/client_session.py
27489574,26,0,26,tests/unit/client_tests.py
27489574,33,22,55,src/cloudant/client.py
27489574,94,44,138,src/cloudant/client_session.py
27489574,4,2,6,src/cloudant/database.py
27489574,71,1,72,tests/unit/client_tests.py
27489574,0,1,1,tests/unit/unit_t_db_base.py
27489574,1,208,209,src/cloudant/_common_util.py
27489574,3,3,6,src/cloudant/client.py
27489574,231,0,231,src/cloudant/client_session.py
27489574,1,1,2,tests/unit/auth_renewal_tests.py
27489574,1,1,2,tests/unit/client_tests.py
27489574,21,21,42,tests/unit/iam_auth_tests.py
27489574,6,6,12,src/cloudant/__init__.py
27489574,4,4,8,src/cloudant/_common_util.py
27489574,6,2,8,src/cloudant/client.py
27489574,28,0,28,tests/unit/client_tests.py
27489574,63,14,77,tests/unit/cloud_foundry_tests.py
27489574,101,95,196,tests/unit/database_tests.py
27489574,95,112,207,tests/unit/index_tests.py
27489574,5,4,9,src/cloudant/database.py
27489574,5,5,10,src/cloudant/design_document.py
27489574,23,0,23,src/cloudant/_common_util.py
27489574,2,1,3,src/cloudant/client.py
27489574,26,1,27,tests/unit/client_tests.py
27489574,41,0,41,tests/unit/iam_auth_tests.py
27489574,7,0,7,src/cloudant/_common_util.py
27489574,1,1,2,src/cloudant/_2to3.py
27489574,1,1,2,src/cloudant/__init__.py
27489574,1,1,2,src/cloudant/_common_util.py
27489574,1,1,2,src/cloudant/client.py
27489574,1,1,2,tests/unit/auth_renewal_tests.py
27489574,1,1,2,tests/unit/client_tests.py
27489574,0,2,2,src/cloudant/client.py
27489574,3,7,10,src/cloudant/_common_util.py
27489574,6,1,7,src/cloudant/client.py
27489574,19,5,24,src/cloudant/__init__.py
27489574,14,28,42,src/cloudant/client.py
27489574,5,7,12,src/cloudant/_common_util.py
27489574,0,23,23,tests/unit/iam_auth_tests.py
27489574,4,2,6,src/cloudant/client.py
27489574,2,0,2,src/cloudant/_2to3.py
27489574,334,0,334,tests/unit/iam_auth_tests.py
27489574,6,6,12,tests/unit/auth_renewal_tests.py
27489574,5,5,10,tests/unit/client_tests.py
27489574,2,0,2,src/cloudant/_2to3.py
27489574,15,0,15,src/cloudant/__init__.py
27489574,157,33,190,src/cloudant/_common_util.py
27489574,31,11,42,src/cloudant/client.py
27489574,12,0,12,src/cloudant/result.py
27489574,10,0,10,tests/unit/result_tests.py
27489574,17,27,44,src/cloudant/client.py
27489574,14,17,31,src/cloudant/database.py
27489574,7,8,15,src/cloudant/document.py
27489574,2,3,5,src/cloudant/index.py
27489574,1,2,3,src/cloudant/query.py
27489574,2,3,5,src/cloudant/view.py
27489574,4,6,10,tests/unit/database_tests.py
27489574,7,14,21,tests/unit/document_tests.py
27489574,1,2,3,tests/unit/index_tests.py
27489574,1,2,3,tests/unit/query_tests.py
27489574,1,2,3,tests/unit/view_tests.py
27489574,2,2,4,docs/conf.py
27489574,1,1,2,setup.py
27489574,1,1,2,src/cloudant/__init__.py
27489574,2,2,4,docs/conf.py
27489574,1,1,2,setup.py
27489574,1,1,2,src/cloudant/__init__.py
27489574,30,1,31,src/cloudant/client.py
27489574,108,0,108,tests/unit/client_tests.py
27489574,1,1,2,src/cloudant/feed.py
27489574,14,0,14,tests/unit/changes_tests.py
27489574,2,2,4,src/cloudant/__init__.py
27489574,26,2,28,tests/unit/client_tests.py
27489574,2,2,4,docs/conf.py
27489574,1,1,2,setup.py
27489574,1,1,2,src/cloudant/__init__.py
27489574,2,2,4,docs/conf.py
27489574,1,1,2,setup.py
27489574,1,1,2,src/cloudant/__init__.py
27489574,8,6,14,src/cloudant/database.py
27489574,3,0,3,src/cloudant/_2to3.py
27489574,34,0,34,tests/unit/database_tests.py
27489574,2,2,4,src/cloudant/adapters.py
27489574,1,1,2,src/cloudant/_common_util.py
27489574,2,0,2,src/cloudant/_common_util.py
27489574,1,1,2,src/cloudant/adapters.py
27489574,2,2,4,src/cloudant/_common_util.py
27489574,9,0,9,tests/unit/database_tests.py
27489574,4,5,9,src/cloudant/_common_util.py
27489574,2,2,4,src/cloudant/client.py
27489574,4,4,8,src/cloudant/database.py
27489574,2,2,4,src/cloudant/result.py
27489574,8,3,11,src/cloudant/database.py
27489574,11,0,11,tests/unit/database_tests.py
27489574,8,4,12,src/cloudant/client.py
27489574,6,2,8,src/cloudant/database.py
27489574,9,4,13,tests/unit/database_tests.py
27489574,3,2,5,src/cloudant/_messages.py
27489574,1,1,2,src/cloudant/client.py
27489574,1,1,2,tests/unit/client_tests.py
27489574,1,1,2,src/cloudant/database.py
27489574,2,2,4,docs/conf.py
27489574,1,1,2,setup.py
27489574,1,1,2,src/cloudant/__init__.py
27489574,2,2,4,docs/conf.py
27489574,1,1,2,setup.py
27489574,1,1,2,src/cloudant/__init__.py
27489574,26,4,30,src/cloudant/_common_util.py
27489574,21,6,27,src/cloudant/client.py
27489574,12,1,13,tests/unit/client_tests.py
27489574,44,2,46,tests/unit/replicator_tests.py
27489574,7,4,11,tests/unit/unit_t_db_base.py
27489574,0,53,53,tests/unit/lint_test.py
27489574,2,0,2,src/cloudant/_2to3.py
27489574,19,18,37,src/cloudant/_common_util.py
27489574,24,0,24,tests/unit/_test_util.py
27489574,12,0,12,tests/unit/database_tests.py
27489574,23,0,23,tests/unit/param_translation_tests.py
27489574,0,4,4,tests/unit/unit_t_db_base.py
27489574,5,18,23,src/cloudant/_common_util.py
27489574,66,5,71,src/cloudant/_messages.py
27489574,1,3,4,src/cloudant/client.py
27489574,6,23,29,src/cloudant/database.py
27489574,8,22,30,src/cloudant/design_document.py
27489574,27,8,35,src/cloudant/error.py
27489574,7,19,26,src/cloudant/feed.py
27489574,7,21,28,src/cloudant/index.py
27489574,3,11,14,src/cloudant/query.py
27489574,7,14,21,src/cloudant/view.py
27489574,1,1,2,tests/unit/client_tests.py
27489574,4,4,8,tests/unit/database_tests.py
27489574,8,8,16,tests/unit/design_document_tests.py
27489574,4,2,6,tests/unit/infinite_feed_tests.py
27489574,34,5,39,tests/unit/view_tests.py
27489574,80,0,80,src/cloudant/_messages.py
27489574,17,21,38,src/cloudant/client.py
27489574,6,14,20,src/cloudant/database.py
27489574,8,24,32,src/cloudant/design_document.py
27489574,6,15,21,src/cloudant/document.py
27489574,120,13,133,src/cloudant/error.py
27489574,2,3,5,src/cloudant/feed.py
27489574,3,5,8,src/cloudant/index.py
27489574,8,19,27,src/cloudant/replicator.py
27489574,53,17,70,tests/unit/client_tests.py
27489574,41,3,44,tests/unit/database_tests.py
27489574,49,11,60,tests/unit/design_document_tests.py
27489574,45,7,52,tests/unit/document_tests.py
27489574,32,3,35,tests/unit/index_tests.py
27489574,31,2,33,tests/unit/infinite_feed_tests.py
27489574,47,9,56,tests/unit/replicator_tests.py
27489574,3,0,3,tests/unit/replicator_tests.py
27489574,46,55,101,tests/unit/database_tests.py
27489574,1,1,2,tests/unit/unit_t_db_base.py
27489574,24,7,31,src/cloudant/__init__.py
27489574,5,3,8,src/cloudant/_common_util.py
27489574,59,53,112,tests/unit/cloud_foundry_tests.py
27489574,53,0,53,src/cloudant/__init__.py
27489574,68,1,69,src/cloudant/_common_util.py
27489574,186,0,186,tests/unit/cloud_foundry_tests.py
27489574,11,4,15,tests/unit/client_tests.py
27489574,16,2,18,tests/unit/replicator_tests.py
27489574,17,9,26,src/cloudant/_common_util.py
27489574,5,5,10,tests/unit/database_tests.py
27489574,11,7,18,tests/unit/design_document_tests.py
27489574,18,8,26,tests/unit/document_tests.py
27489574,2,2,4,docs/conf.py
27489574,1,1,2,setup.py
27489574,1,1,2,src/cloudant/__init__.py
27489574,2,2,4,docs/conf.py
27489574,1,1,2,setup.py
27489574,1,1,2,src/cloudant/__init__.py
27489574,24,15,39,src/cloudant/feed.py
27489574,1,2,3,src/cloudant/replicator.py
27489574,4,0,4,tests/unit/replicator_tests.py
27489574,2,2,4,docs/conf.py
27489574,1,1,2,setup.py
27489574,1,1,2,src/cloudant/__init__.py
27489574,2,2,4,docs/conf.py
27489574,1,1,2,setup.py
27489574,1,1,2,src/cloudant/__init__.py
27489574,1,5,6,tests/unit/database_tests.py
27489574,143,0,143,tests/unit/auth_renewal_tests.py
27489574,28,0,28,tests/unit/client_tests.py
27489574,3,1,4,tests/unit/unit_t_db_base.py
27489574,4,1,5,src/cloudant/_2to3.py
27489574,39,1,40,src/cloudant/_common_util.py
27489574,22,4,26,src/cloudant/client.py
27489574,16,4,20,src/cloudant/database.py
27489574,133,0,133,src/cloudant/security_document.py
27489574,11,1,12,tests/unit/database_tests.py
27489574,115,0,115,tests/unit/security_document_tests.py
27489574,42,0,42,tests/unit/unit_t_db_base.py
27489574,1,1,2,src/cloudant/client.py
27489574,6,6,12,src/cloudant/database.py
27489574,1,1,2,src/cloudant/index.py
27489574,56,0,56,tests/unit/database_tests.py
27489574,11,0,11,tests/unit/index_tests.py
27489574,5,3,8,tests/unit/unit_t_db_base.py
27489574,2,2,4,docs/conf.py
27489574,1,1,2,setup.py
27489574,1,1,2,src/cloudant/__init__.py
27489574,2,2,4,docs/conf.py
27489574,1,1,2,setup.py
27489574,1,1,2,src/cloudant/__init__.py
27489574,1,3,4,src/cloudant/client.py
27489574,9,1,10,src/cloudant/database.py
27489574,9,1,10,src/cloudant/document.py
27489574,0,21,21,tests/unit/client_tests.py
27489574,14,0,14,tests/unit/database_tests.py
27489574,17,0,17,tests/unit/document_tests.py
27489574,0,1,1,tests/unit/replicator_tests.py
27489574,38,0,38,tests/unit/client_tests.py
27489574,14,2,16,tests/unit/unit_t_db_base.py
27489574,11,3,14,src/cloudant/client.py
27489574,1,1,2,tests/unit/database_tests.py
27489574,1,0,1,src/cloudant/_common_util.py
27489574,2,2,4,docs/conf.py
27489574,1,1,2,setup.py
27489574,1,1,2,src/cloudant/__init__.py
27489574,2,2,4,docs/conf.py
27489574,1,1,2,setup.py
27489574,1,1,2,src/cloudant/__init__.py
27489574,5,1,6,src/cloudant/database.py
27489574,2,0,2,src/cloudant/design_document.py
27489574,5,1,6,src/cloudant/document.py
27489574,37,1,38,tests/unit/database_tests.py
27489574,39,0,39,tests/unit/design_document_tests.py
27489574,19,1,20,tests/unit/document_tests.py
27489574,2,0,2,tests/unit/database_tests.py
27489574,2,2,4,docs/conf.py
27489574,1,1,2,setup.py
27489574,1,1,2,src/cloudant/__init__.py
27489574,2,2,4,docs/conf.py
27489574,1,1,2,setup.py
27489574,1,1,2,src/cloudant/__init__.py
27489574,3,3,6,src/cloudant/database.py
27489574,8,4,12,src/cloudant/database.py
27489574,39,3,42,tests/unit/database_tests.py
27489574,14,0,14,src/cloudant/_common_util.py
27489574,5,1,6,src/cloudant/client.py
27489574,28,4,32,tests/unit/document_tests.py
27489574,45,6,51,tests/unit/design_document_tests.py
27489574,4,9,13,tests/unit/index_tests.py
27489574,6,14,20,tests/unit/result_tests.py
27489574,4,4,8,tests/unit/index_tests.py
27489574,2,1,3,tests/unit/database_tests.py
27489574,2,2,4,tests/unit/database_tests.py
27489574,18,9,27,tests/unit/design_document_tests.py
27489574,21,19,40,tests/unit/database_tests.py
27489574,1,1,2,src/cloudant/_common_util.py
27489574,1,1,2,tests/unit/database_tests.py
27489574,12,8,20,tests/unit/client_tests.py
27489574,37,0,37,src/cloudant/design_document.py
27489574,1,1,2,src/cloudant/database.py
27489574,4,1,5,src/cloudant/_common_util.py
27489574,26,0,26,src/cloudant/design_document.py
27489574,22,0,22,tests/unit/design_document_tests.py
27489574,51,0,51,src/cloudant/database.py
27489574,38,0,38,src/cloudant/design_document.py
27489574,55,0,55,tests/unit/database_tests.py
27489574,37,0,37,src/cloudant/database.py
27489574,88,4,92,src/cloudant/design_document.py
27489574,30,1,31,tests/unit/database_tests.py
27489574,261,8,269,tests/unit/design_document_tests.py
27489574,12,6,18,tests/unit/index_tests.py
27489574,40,0,40,src/cloudant/design_document.py
27489574,53,0,53,tests/unit/design_document_tests.py
27489574,14,1,15,src/cloudant/design_document.py
27489574,48,7,55,tests/unit/design_document_tests.py
27489574,4,3,7,src/cloudant/_common_util.py
27489574,43,0,43,src/cloudant/database.py
27489574,96,22,118,src/cloudant/design_document.py
27489574,47,1,48,tests/unit/database_tests.py
27489574,255,5,260,tests/unit/design_document_tests.py
27489574,18,6,24,tests/unit/index_tests.py
27489574,48,0,48,src/cloudant/adapters.py
27489574,7,18,25,src/cloudant/client.py
27489574,66,0,66,tests/unit/adapter_tests.py
27489574,25,0,25,src/cloudant/_common_util.py
27489574,5,12,17,src/cloudant/database.py
27489574,3,3,6,src/cloudant/document.py
27489574,5,11,16,src/cloudant/view.py
27489574,38,0,38,src/cloudant/design_document.py
27489574,26,0,26,tests/unit/design_document_tests.py
27489574,140,6,146,src/cloudant/design_document.py
27489574,3,2,5,tests/unit/database_tests.py
27489574,413,4,417,tests/unit/design_document_tests.py
27489574,9,5,14,tests/unit/index_tests.py
27489574,21,0,21,src/cloudant/_common_util.py
27489574,133,5,138,src/cloudant/database.py
27489574,151,0,151,tests/unit/database_tests.py
27489574,14,0,14,tests/unit/unit_t_db_base.py
27489574,2,2,4,docs/conf.py
27489574,1,1,2,setup.py
27489574,1,1,2,src/cloudant/__init__.py
27489574,2,2,4,docs/conf.py
27489574,1,1,2,setup.py
27489574,1,1,2,src/cloudant/__init__.py
27489574,1,1,2,docs/conf.py
27489574,2,2,4,docs/conf.py
27489574,1,1,2,setup.py
27489574,1,1,2,src/cloudant/__init__.py
27489574,2,2,4,docs/conf.py
27489574,1,1,2,setup.py
27489574,1,1,2,src/cloudant/__init__.py
27489574,3,3,6,src/cloudant/_common_util.py
27489574,2,2,4,docs/conf.py
27489574,1,1,2,setup.py
27489574,1,1,2,src/cloudant/__init__.py
27489574,2,2,4,docs/conf.py
27489574,1,1,2,setup.py
27489574,1,1,2,src/cloudant/__init__.py
27489574,225,0,225,src/cloudant/_common_util.py
27489574,2,13,15,src/cloudant/client.py
27489574,5,4,9,src/cloudant/database.py
27489574,3,8,11,src/cloudant/design_document.py
27489574,0,1,1,src/cloudant/document.py
27489574,2,30,32,src/cloudant/feed.py
27489574,4,4,8,src/cloudant/index.py
27489574,0,23,23,src/cloudant/index_constants.py
27489574,5,15,20,src/cloudant/query.py
27489574,7,117,124,src/cloudant/result.py
27489574,14,38,52,src/cloudant/view.py
27489574,1,1,2,tests/unit/param_translation_tests.py
27489574,9,9,18,tests/unit/view_tests.py
27489574,17,0,17,src/cloudant/client.py
27489574,9,4,13,src/cloudant/client.py
27489574,10,1,11,tests/unit/client_tests.py
27489574,30,32,62,src/cloudant/client.py
27489574,5,5,10,src/cloudant/database.py
27489574,5,5,10,src/cloudant/document.py
27489574,2,2,4,src/cloudant/feed.py
27489574,1,1,2,src/cloudant/query.py
27489574,4,4,8,tests/unit/client_tests.py
27489574,3,3,6,tests/unit/database_tests.py
27489574,2,2,4,tests/unit/db_updates_tests.py
27489574,1,1,2,tests/unit/infinite_feed_tests.py
27489574,1,1,2,tests/unit/{db => }/changes_tests.py
27489574,1,1,2,tests/unit/{db => }/client_tests.py
27489574,1,1,2,tests/unit/{db => }/database_tests.py
27489574,0,20,20,tests/unit/db/__init__.py
27489574,1,1,2,tests/unit/{db => }/db_updates_tests.py
27489574,0,0,0,tests/unit/{db => }/design_document_tests.py
27489574,2,2,4,tests/unit/{db => }/document_tests.py
27489574,0,0,0,tests/unit/{db => }/fixtures/__init__.py
27489574,3,7,10,tests/unit/{db => }/index_tests.py
27489574,0,0,0,tests/unit/{db => }/infinite_feed_tests.py
27489574,53,0,53,tests/unit/lint_test.py
27489574,0,0,0,tests/unit/{db => }/param_translation_tests.py
27489574,0,0,0,tests/unit/{db => }/query_result_tests.py
27489574,0,0,0,tests/unit/{db => }/query_tests.py
27489574,1,1,2,tests/unit/{db => }/replicator_tests.py
27489574,0,0,0,tests/unit/{db => }/result_tests.py
27489574,1,1,2,tests/unit/{db => }/unit_t_db_base.py
27489574,0,0,0,tests/unit/{db => }/view_execution_tests.py
27489574,0,0,0,tests/unit/{db => }/view_tests.py
27489574,0,19,19,tests/unit/mocked/__init__.py
27489574,0,605,605,tests/unit/mocked/client_test.py
27489574,0,430,430,tests/unit/mocked/database_test.py
27489574,0,108,108,tests/unit/mocked/design_doc_test.py
27489574,0,371,371,tests/unit/mocked/document_test.py
27489574,0,53,53,tests/unit/mocked/lint_test.py
27489574,0,212,212,tests/unit/mocked/replicator_test.py
27489574,0,146,146,tests/unit/mocked/result_test.py
27489574,0,99,99,tests/unit/mocked/view_test.py
27489574,467,0,467,tests/unit/db/db_updates_tests.py
27489574,69,31,100,src/cloudant/client.py
27489574,2,4,6,src/cloudant/database.py
27489574,99,67,166,src/cloudant/feed.py
27489574,1,1,2,tests/unit/db/client_tests.py
27489574,87,26,113,tests/unit/db/infinite_feed_tests.py
27489574,4,0,4,tests/unit/db/unit_t_db_base.py
27489574,0,93,93,tests/unit/mocked/feed_test.py
27489574,54,6,60,src/cloudant/client.py
27489574,61,2,63,src/cloudant/database.py
27489574,34,0,34,tests/unit/db/client_tests.py
27489574,18,30,48,tests/unit/db/database_tests.py
27489574,50,3,53,src/cloudant/feed.py
27489574,134,0,134,tests/unit/db/infinite_feed_tests.py
27489574,49,22,71,src/cloudant/client.py
27489574,59,20,79,src/cloudant/database.py
27489574,158,62,220,src/cloudant/feed.py
27489574,17,21,38,tests/unit/db/database_tests.py
27489574,544,0,544,tests/unit/db/feed_tests.py
27489574,15,6,21,tests/unit/db/replicator_tests.py
27489574,2,4,6,tests/unit/mocked/client_test.py
27489574,2,0,2,tests/__init__.py
27489574,3,2,5,tests/unit/db/unit_t_db_base.py
27489574,3,3,6,src/cloudant/database.py
27489574,1,38,39,src/cloudant/query.py
27489574,51,8,59,src/cloudant/result.py
27489574,6,58,64,src/cloudant/view.py
27489574,1,1,2,tests/unit/db/database_tests.py
27489574,0,19,19,tests/unit/db/query_tests.py
27489574,3,31,34,tests/unit/db/view_tests.py
27489574,1,1,2,src/cloudant/client.py
27489574,1,1,2,src/cloudant/database.py
27489574,1,1,2,src/cloudant/design_document.py
27489574,1,1,2,src/cloudant/document.py
27489574,1,1,2,src/cloudant/index.py
27489574,1,1,2,src/cloudant/query.py
27489574,1,1,2,src/cloudant/replicator.py
27489574,1,1,2,src/cloudant/result.py
27489574,1,1,2,src/cloudant/view.py
27489574,1,1,2,tests/unit/db/client_tests.py
27489574,1,1,2,tests/unit/db/database_tests.py
27489574,1,1,2,tests/unit/db/design_document_tests.py
27489574,1,1,2,tests/unit/db/document_tests.py
27489574,1,1,2,tests/unit/db/index_tests.py
27489574,1,1,2,tests/unit/db/param_translation_tests.py
27489574,1,1,2,tests/unit/db/query_result_tests.py
27489574,1,1,2,tests/unit/db/query_tests.py
27489574,1,1,2,tests/unit/db/replicator_tests.py
27489574,1,1,2,tests/unit/db/result_tests.py
27489574,1,1,2,tests/unit/db/view_tests.py
27489574,1,1,2,tests/unit/mocked/client_test.py
27489574,1,1,2,tests/unit/mocked/database_test.py
27489574,1,1,2,tests/unit/mocked/document_test.py
27489574,1,1,2,tests/unit/mocked/replicator_test.py
27489574,1,1,2,tests/unit/mocked/result_test.py
27489574,1,1,2,docs/conf.py
27489574,4,4,8,src/cloudant/database.py
27489574,1,1,2,tests/unit/db/database_tests.py
27489574,1,1,2,tests/unit/db/index_tests.py
27489574,1,1,2,src/cloudant/database.py
27489574,5,5,10,src/cloudant/design_document.py
27489574,4,4,8,src/cloudant/result.py
27489574,1,1,2,tests/unit/db/design_document_tests.py
27489574,1,1,2,tests/unit/db/index_tests.py
27489574,1,1,2,src/cloudant/__init__.py
27489574,1,1,2,src/cloudant/changes.py
27489574,1,1,2,src/cloudant/replicator.py
27489574,2,2,4,tests/unit/db/database_tests.py
27489574,2,2,4,tests/unit/db/replicator_tests.py
27489574,1,1,2,tests/unit/db/unit_t_db_base.py
27489574,13,13,26,tests/unit/mocked/database_test.py
27489574,5,5,10,tests/unit/mocked/document_test.py
27489574,15,15,30,tests/unit/mocked/replicator_test.py
27489574,63,51,114,src/cloudant/result.py
27489574,406,266,672,tests/unit/db/query_result_tests.py
27489574,570,57,627,tests/unit/db/result_tests.py
27489574,41,0,41,tests/unit/db/unit_t_db_base.py
27489574,1,36,37,tests/unit/db/view_execution_tests.py
27489574,2,2,4,src/cloudant/result.py
27489574,52,34,86,src/cloudant/account.py
27489574,205,7,212,tests/unit/db/account_tests.py
27489574,0,87,87,src/cloudant/credentials.py
27489574,88,0,88,tests/credentials.py
27489574,1,1,2,tests/integration/end_to_end_example_test.py
27489574,58,59,117,src/cloudant/database.py
27489574,64,36,100,src/cloudant/views.py
27489574,238,104,342,src/cloudant/result.py
27489574,13,27,40,tests/unit/db/query_result_tests.py
27489574,5,5,10,tests/unit/mocked/result_test.py
27489574,27,0,27,src/cloudant/errors.py
27489574,37,67,104,src/cloudant/database.py
27489574,3,2,5,src/cloudant/views.py
27489574,2,1,3,tests/unit/db/database_tests.py
27489574,14,9,23,tests/unit/db/view_execution_tests.py
27489574,1,27,28,tests/unit/db/view_execution_tests.py
27489574,628,0,628,tests/unit/db/view_execution_tests.py
27489574,64,51,115,src/cloudant/result.py
27489574,357,0,357,tests/unit/db/param_translation_tests.py
27489574,2,2,4,tests/unit/mocked/result_test.py
27489574,37,9,46,tests/unit/db/database_tests.py
27489574,52,3,55,tests/unit/db/views_tests.py
27489574,10,9,19,src/cloudant/database.py
27489574,4,0,4,src/cloudant/result.py
27489574,8,1,9,src/cloudant/views.py
27489574,28,0,28,src/cloudant/__init__.py
27489574,4,14,18,src/cloudant/account.py
27489574,11,1,12,src/cloudant/database.py
27489574,3,3,6,src/cloudant/replicator.py
27489574,48,3,51,tests/unit/db/account_tests.py
27489574,4,4,8,tests/unit/db/database_tests.py
27489574,5,1,6,tests/unit/db/unit_t_db_base.py
27489574,2,0,2,tests/unit/mocked/replicator_test.py
27489574,27,3,30,src/cloudant/account.py
27489574,2,0,2,src/cloudant/database.py
27489574,22,20,42,src/cloudant/replicator.py
27489574,30,13,43,tests/unit/db/account_tests.py
27489574,12,6,18,tests/unit/db/database_tests.py
27489574,6,2,8,tests/unit/db/replicator_tests.py
27489574,17,4,21,tests/unit/db/unit_t_db_base.py
27489574,3,0,3,tests/unit/mocked/replicator_test.py
27489574,29,12,41,src/cloudant/document.py
27489574,81,1,82,tests/unit/db/document_tests.py
27489574,20,0,20,tests/unit/db/fixtures/__init__.py
27489574,7,8,15,src/cloudant/database.py
27489574,14,14,28,src/cloudant/design_document.py
27489574,11,11,22,src/cloudant/indexes.py
27489574,4,4,8,src/cloudant/views.py
27489574,23,23,46,tests/unit/db/database_tests.py
27489574,2,2,4,tests/unit/db/design_document_tests.py
27489574,14,13,27,src/cloudant/database.py
27489574,12,11,23,src/cloudant/design_document.py
27489574,17,17,34,src/cloudant/indexes.py
27489574,5,4,9,src/cloudant/views.py
27489574,31,29,60,tests/unit/db/database_tests.py
27489574,18,18,36,tests/unit/db/index_tests.py
27489574,18,10,28,src/cloudant/database.py
27489574,19,0,19,tests/unit/db/database_tests.py
27489574,28,14,42,src/cloudant/database.py
27489574,69,9,78,tests/unit/db/database_tests.py
27489574,1,2,3,tests/unit/mocked/database_test.py
27489574,28,17,45,src/cloudant/design_document.py
27489574,2,0,2,tests/unit/db/database_tests.py
27489574,41,1,42,tests/unit/db/design_document_tests.py
27489574,2,0,2,tests/unit/db/index_tests.py
27489574,2,2,4,docs/conf.py
27489574,2,2,4,setup.py
27489574,1,1,2,src/cloudant/__init__.py
27489574,2,2,4,docs/conf.py
27489574,4,2,6,setup.py
27489574,1,1,2,src/cloudant/__init__.py
27489574,3,3,6,tests/unit/db/unit_t_db_base.py
27489574,15,3,18,src/cloudant/_2to3.py
27489574,0,1,1,src/cloudant/changes.py
27489574,1,7,8,src/cloudant/credentials.py
27489574,21,15,36,src/cloudant/database.py
27489574,5,11,16,src/cloudant/document.py
27489574,1,1,2,src/cloudant/indexes.py
27489574,4,0,4,tests/__init__.py
27489574,0,1,1,tests/integration/changes_test.py
27489574,0,1,1,tests/integration/iter_test.py
27489574,0,1,1,tests/integration/replicator_test.py
27489574,3,4,7,tests/unit/db/account_tests.py
27489574,11,13,24,tests/unit/db/database_tests.py
27489574,0,1,1,tests/unit/db/design_document_tests.py
27489574,1,7,8,tests/unit/db/document_tests.py
27489574,4,3,7,tests/unit/db/index_tests.py
27489574,0,1,1,tests/unit/db/query_result_tests.py
27489574,0,1,1,tests/unit/db/query_tests.py
27489574,2,5,7,tests/unit/db/replicator_tests.py
27489574,0,2,2,tests/unit/db/result_tests.py
27489574,8,10,18,tests/unit/db/unit_t_db_base.py
27489574,3,7,10,tests/unit/db/views_tests.py
27489574,0,2,2,tests/unit/mocked/document_test.py
27489574,48,43,91,src/cloudant/_2to3.py
27489574,2,2,4,src/cloudant/account.py
27489574,4,3,7,src/cloudant/changes.py
27489574,3,4,7,src/cloudant/document.py
27489574,1,2,3,src/cloudant/credentials.py
27489574,1,2,3,src/cloudant/database.py
27489574,1,2,3,src/cloudant/document.py
27489574,2,2,4,src/cloudant/account.py
27489574,2,2,4,src/cloudant/changes.py
27489574,1,1,2,src/cloudant/credentials.py
27489574,1,1,2,src/cloudant/database.py
27489574,1,1,2,src/cloudant/design_document.py
27489574,2,2,4,src/cloudant/document.py
27489574,1,1,2,src/cloudant/indexes.py
27489574,1,1,2,src/cloudant/query.py
27489574,5,8,13,src/cloudant/replicator.py
27489574,1,1,2,src/cloudant/result.py
27489574,1,1,2,src/cloudant/views.py
27489574,9,2,11,tests/__init__.py
27489574,5,5,10,tests/integration/changes_test.py
27489574,3,3,6,tests/integration/document_test.py
27489574,3,3,6,tests/integration/iter_test.py
27489574,30,30,60,tests/integration/replicator_test.py
27489574,3,1,4,tests/unit/db/account_tests.py
27489574,3,3,6,tests/unit/db/database_tests.py
27489574,2,2,4,tests/unit/db/document_tests.py
27489574,17,17,34,tests/unit/db/replicator_tests.py
27489574,3,3,6,tests/unit/db/unit_t_db_base.py
27489574,2,2,4,tests/unit/mocked/document_test.py
27489574,4,4,8,setup.py
27489574,0,15,15,src/cloudant/__init__.py
27489574,67,0,67,src/cloudant/_py2to3.py
27489574,3,2,5,src/cloudant/account.py
27489574,4,2,6,src/cloudant/changes.py
27489574,5,3,8,src/cloudant/credentials.py
27489574,14,25,39,src/cloudant/database.py
27489574,4,4,8,src/cloudant/design_document.py
27489574,6,2,8,src/cloudant/document.py
27489574,4,4,8,src/cloudant/indexes.py
27489574,7,7,14,src/cloudant/query.py
27489574,2,2,4,src/cloudant/replicator.py
27489574,18,18,36,src/cloudant/result.py
27489574,5,5,10,src/cloudant/views.py
27489574,9,0,9,tests/__init__.py
27489574,7,4,11,tests/integration/changes_test.py
27489574,5,5,10,tests/integration/document_test.py
27489574,26,26,52,tests/integration/end_to_end_example_test.py
27489574,7,5,12,tests/integration/iter_test.py
27489574,33,31,64,tests/integration/replicator_test.py
27489574,10,10,20,tests/unit/db/account_tests.py
27489574,19,17,36,tests/unit/db/database_tests.py
27489574,6,5,11,tests/unit/db/design_document_tests.py
27489574,22,16,38,tests/unit/db/document_tests.py
27489574,8,7,15,tests/unit/db/index_tests.py
27489574,10,10,20,tests/unit/db/query_result_tests.py
27489574,7,6,13,tests/unit/db/query_tests.py
27489574,20,17,37,tests/unit/db/replicator_tests.py
27489574,6,3,9,tests/unit/db/result_tests.py
27489574,24,22,46,tests/unit/db/unit_t_db_base.py
27489574,12,8,20,tests/unit/db/views_tests.py
27489574,1,1,2,tests/unit/mocked/account_test.py
27489574,12,12,24,tests/unit/mocked/design_doc_test.py
27489574,4,1,5,tests/unit/mocked/document_test.py
27489574,15,0,15,src/cloudant/__init__.py
27489574,3,3,6,src/cloudant/account.py
27489574,9,2,11,src/cloudant/credentials.py
27489574,10,5,15,src/cloudant/database.py
27489574,4,3,7,src/cloudant/design_document.py
27489574,13,9,22,src/cloudant/document.py
27489574,6,5,11,src/cloudant/indexes.py
27489574,8,8,16,src/cloudant/query.py
27489574,7,7,14,src/cloudant/replicator.py
27489574,24,23,47,src/cloudant/result.py
27489574,3,2,5,src/cloudant/views.py
27489574,6,2,8,src/cloudant/database.py
27489574,51,0,51,tests/unit/db/database_tests.py
27489574,0,30,30,tests/unit/db/query_tests.py
27489574,2,2,4,src/cloudant/database.py
27489574,0,6,6,src/cloudant/query.py
27489574,11,2,13,src/cloudant/result.py
27489574,129,0,129,tests/unit/db/result_tests.py
27489574,1,1,2,tests/unit/mocked/result_test.py
27489574,2,2,4,docs/conf.py
27489574,1,1,2,setup.py
27489574,1,1,2,src/cloudant/__init__.py
27489574,2,2,4,docs/conf.py
27489574,1,1,2,setup.py
27489574,1,1,2,src/cloudant/__init__.py
27489574,38,0,38,tests/unit/db/database_tests.py
27489574,3,6,9,src/cloudant/database.py
27489574,49,0,49,tests/unit/db/design_document_tests.py
27489574,103,0,103,tests/unit/db/document_tests.py
27489574,12,1,13,src/cloudant/document.py
27489574,1,6,7,tests/unit/mocked/lint_test.py
27489574,1,0,1,src/cloudant/result.py
27489574,4,1,5,src/cloudant/indexes.py
27489574,1,1,2,src/cloudant/design_document.py
27489574,4,2,6,src/cloudant/database.py
27489574,1,4,5,src/cloudant/account.py
27489574,2,1,3,src/cloudant/__init__.py
27489574,588,0,588,tests/unit/db/index_tests.py
27489574,223,9,232,tests/unit/db/database_tests.py
27489574,166,8,174,tests/unit/db/views_tests.py
27489574,284,19,303,tests/unit/db/design_document_tests.py
27489574,131,3,134,src/cloudant/database.py
27489574,89,27,116,src/cloudant/design_document.py
27489574,1,1,2,tests/unit/mocked/design_doc_test.py
27489574,104,2,106,src/cloudant/views.py
27489574,260,0,260,src/cloudant/indexes.py
27489574,23,0,23,src/cloudant/index_constants.py
27489574,3,3,6,src/cloudant/query.py
27489574,6,6,12,src/cloudant/result.py
27489574,380,0,380,tests/unit/db/query_result_tests.py
27489574,2,2,4,src/cloudant/query.py
27489574,239,0,239,tests/unit/db/query_tests.py
27489574,60,1,61,tests/unit/db/database_tests.py
27489574,79,0,79,src/cloudant/database.py
27489574,4,2,6,src/cloudant/query.py
27489574,45,71,116,src/cloudant/result.py
27489574,279,0,279,src/cloudant/query.py
27489574,163,26,189,src/cloudant/result.py
27489574,1,1,2,src/cloudant/document.py
27489574,2,0,2,src/cloudant/views.py
27489574,2,2,4,docs/conf.py
27489574,2,2,4,setup.py
27489574,1,1,2,src/cloudant/__init__.py
27489574,2,2,4,docs/conf.py
27489574,1,1,2,setup.py
27489574,1,1,2,src/cloudant/__init__.py
27489574,2,2,4,docs/conf.py
27489574,2,2,4,setup.py
27489574,1,1,2,src/cloudant/__init__.py
27489574,219,81,300,src/cloudant/views.py
27489574,95,89,184,src/cloudant/result.py
27489574,61,50,111,src/cloudant/replicator.py
27489574,20,8,28,src/cloudant/errors.py
27489574,150,101,251,src/cloudant/document.py
27489574,60,43,103,src/cloudant/design_document.py
27489574,311,260,571,src/cloudant/database.py
27489574,31,19,50,src/cloudant/credentials.py
27489574,31,27,58,src/cloudant/changes.py
27489574,171,172,343,src/cloudant/account.py
27489574,48,12,60,src/cloudant/__init__.py
27489574,2,0,2,tests/unit/mocked/lint_test.py
27489574,294,0,294,docs/conf.py
27489574,2,2,4,setup.py
27489574,1,1,2,src/cloudant/__init__.py
27489574,2,2,4,setup.py
27489574,1,1,2,src/cloudant/__init__.py
27489574,269,0,269,tests/unit/db/views_tests.py
27489574,276,0,276,tests/unit/db/design_document_tests.py
27489574,24,21,45,src/cloudant/design_document.py
27489574,1,1,2,tests/unit/db/document_tests.py
27489574,290,0,290,tests/unit/db/replicator_tests.py
27489574,32,24,56,src/cloudant/replicator.py
27489574,11,11,22,tests/integration/replicator_test.py
27489574,35,45,80,tests/unit/mocked/replicator_test.py
27489574,1,0,1,src/cloudant/account.py
27489574,501,0,501,tests/unit/db/document_tests.py
27489574,109,50,159,src/cloudant/document.py
27489574,1,1,2,tests/unit/db/database_tests.py
27489574,8,6,14,tests/unit/mocked/document_test.py
27489574,100,121,221,src/cloudant/database.py
27489574,147,15,162,tests/unit/db/database_tests.py
27489574,7,22,29,tests/unit/mocked/database_test.py
27489574,19,1,20,tests/unit/mocked/account_test.py
27489574,23,0,23,src/cloudant/account.py
27489574,1,3,4,tests/unit/db/account_tests.py
27489574,36,19,55,tests/unit/db/unit_t_db_base.py
27489574,473,0,473,tests/unit/db/database_tests.py
27489574,12,122,134,tests/unit/db/account_tests.py
27489574,150,0,150,tests/unit/db/unit_t_db_base.py
27489574,29,38,67,src/cloudant/database.py
27489574,1,0,1,src/cloudant/result.py
27489574,1,1,2,tests/integration/changes_test.py
27489574,1,13,14,tests/unit/mocked/database_test.py
27489574,20,0,20,tests/unit/db/__init__.py
27489574,660,0,660,tests/unit/db/account_tests.py
27489574,1,1,2,src/cloudant/database.py
27489574,3,3,6,src/cloudant/account.py
27489574,0,0,0,tests/unit/{cloudant_t => mocked}/__init__.py
27489574,0,0,0,tests/unit/{cloudant_t => mocked}/account_test.py
27489574,0,0,0,tests/unit/{cloudant_t => mocked}/changes_test.py
27489574,0,0,0,tests/unit/{cloudant_t => mocked}/database_test.py
27489574,0,0,0,tests/unit/{cloudant_t => mocked}/design_doc_test.py
27489574,0,0,0,tests/unit/{cloudant_t => mocked}/document_test.py
27489574,0,0,0,tests/unit/{cloudant_t => mocked}/lint_test.py
27489574,0,0,0,tests/unit/{cloudant_t => mocked}/replicator_test.py
27489574,0,0,0,tests/unit/{cloudant_t => mocked}/result_test.py
27489574,0,0,0,tests/unit/{cloudant_t => mocked}/views_test.py
27489574,1,1,2,setup.py
27489574,1,1,2,setup.py
27489574,1,1,2,src/cloudant/__init__.py
27489574,0,1,1,setup.py
27489574,1,1,2,src/cloudant/account.py
27489574,1,1,2,src/cloudant/database.py
27489574,1,1,2,src/cloudant/design_document.py
27489574,19,5,24,setup.py
27489574,2,2,4,src/cloudant/__init__.py
27489574,30,13,43,src/cloudant/account.py
27489574,18,13,31,tests/unit/cloudant_t/account_test.py
27489574,1,1,2,setup.py
27489574,1,1,2,src/cloudant/__init__.py
27489574,2,2,4,tests/integration/changes_test.py
27489574,2,2,4,tests/integration/document_test.py
27489574,2,2,4,tests/integration/end_to_end_example_test.py
27489574,3,3,6,tests/integration/iter_test.py
27489574,7,7,14,tests/integration/replicator_test.py
27489574,9,8,17,src/cloudant/account.py
27489574,12,11,23,tests/unit/cloudant_t/account_test.py
27489574,1,1,2,src/cloudant/database.py
27489574,11,6,17,src/cloudant/account.py
27489574,5,2,7,tests/unit/cloudant_t/account_test.py
27489574,56,0,56,tests/unit/cloudant_t/lint_test.py
27489574,7,7,14,setup.py
27489574,40,38,78,src/cloudant/account.py
27489574,54,48,102,src/cloudant/database.py
27489574,39,45,84,src/cloudant/document.py
27489574,12,13,25,src/cloudant/views.py
27489574,9,9,18,tests/unit/cloudant_t/database_test.py
27489574,5,5,10,tests/unit/cloudant_t/document_test.py
27489574,2,2,4,tests/unit/cloudant_t/views_test.py
27489574,16,16,32,src/cloudant/design_document.py
27489574,25,24,49,src/cloudant/result.py
27489574,12,6,18,src/cloudant/replicator.py
27489574,8,8,16,src/cloudant/errors.py
27489574,36,22,58,src/cloudant/credentials.py
27489574,6,6,12,src/cloudant/changes.py
27489574,15,15,30,src/cloudant/__init__.py
27489574,4,1,5,tests/integration/changes_test.py
27489574,4,1,5,tests/integration/document_test.py
27489574,35,31,66,tests/integration/end_to_end_example_test.py
27489574,3,1,4,tests/integration/iter_test.py
27489574,3,1,4,tests/integration/replicator_test.py
27489574,1,1,2,tests/unit/cloudant_t/__init__.py
27489574,35,35,70,tests/unit/cloudant_t/account_test.py
27489574,2,2,4,tests/unit/cloudant_t/changes_test.py
27489574,19,16,35,tests/unit/cloudant_t/database_test.py
27489574,14,12,26,tests/unit/cloudant_t/design_doc_test.py
27489574,14,14,28,tests/unit/cloudant_t/document_test.py
27489574,8,7,15,tests/unit/cloudant_t/replicator_test.py
27489574,15,9,24,tests/unit/cloudant_t/result_test.py
27489574,8,4,12,tests/unit/cloudant_t/views_test.py
27489574,0,286,286,conf.py
27489574,15,1,16,setup.py
27489574,13,0,13,tests/integration/__init__.py
27489574,14,0,14,tests/integration/changes_test.py
27489574,18,0,18,tests/integration/document_test.py
27489574,13,0,13,tests/integration/end_to_end_example_test.py
27489574,19,0,19,tests/integration/iter_test.py
27489574,15,0,15,tests/integration/replicator_test.py
27489574,13,0,13,tests/__init__.py
27489574,13,0,13,tests/unit/__init__.py
27489574,13,0,13,tests/unit/cloudant_t/__init__.py
27489574,13,0,13,tests/unit/cloudant_t/account_test.py
27489574,13,0,13,tests/unit/cloudant_t/changes_test.py
27489574,14,0,14,tests/unit/cloudant_t/database_test.py
27489574,13,0,13,tests/unit/cloudant_t/design_doc_test.py
27489574,13,0,13,tests/unit/cloudant_t/document_test.py
27489574,13,0,13,tests/unit/cloudant_t/replicator_test.py
27489574,13,0,13,tests/unit/cloudant_t/result_test.py
27489574,13,0,13,tests/unit/cloudant_t/views_test.py
27489574,14,1,15,src/cloudant/__init__.py
27489574,13,0,13,src/cloudant/account.py
27489574,13,0,13,src/cloudant/changes.py
27489574,13,0,13,src/cloudant/credentials.py
27489574,13,0,13,src/cloudant/database.py
27489574,13,0,13,src/cloudant/design_document.py
27489574,14,1,15,src/cloudant/document.py
27489574,13,0,13,src/cloudant/errors.py
27489574,14,0,14,src/cloudant/replicator.py
27489574,13,0,13,src/cloudant/result.py
27489574,13,0,13,src/cloudant/views.py
27489574,2,0,2,src/cloudant/document.py
27489574,8,1,9,tests/unit/cloudant_t/document_test.py
27489574,103,0,103,src/cloudant/database.py
27489574,11,1,12,src/cloudant/document.py
27489574,0,3,3,src/cloudant/design_document.py
27489574,38,17,55,tests/unit/cloudant_t/design_doc_test.py
27489574,8,1,9,src/cloudant/views.py
27489574,22,2,24,src/cloudant/database.py
27489574,39,1,40,src/cloudant/design_document.py
27489574,15,4,19,tests/unit/cloudant_t/design_doc_test.py
27489574,8,9,17,src/cloudant/views.py
27489574,2,1,3,src/cloudant/design_document.py
27489574,1,1,2,src/cloudant/database.py
27489574,0,97,97,src/cloudant/views.py
27489574,2,49,51,tests/unit/cloudant_t/views_test.py
27489574,61,0,61,tests/unit/cloudant_t/design_doc_test.py
27489574,106,0,106,src/cloudant/design_document.py
27489574,0,249,249,src/cloudant/index.py
27489574,0,127,127,tests/unit/cloudant_t/index_test.py
27489574,30,30,60,src/cloudant/views.py
27489574,3,3,6,tests/unit/cloudant_t/views_test.py
27489574,17,16,33,src/cloudant/database.py
27489574,127,0,127,tests/unit/cloudant_t/result_test.py
27489574,248,0,248,src/cloudant/result.py
27489574,23,23,46,tests/unit/cloudant_t/account_test.py
27489574,15,15,30,tests/unit/cloudant_t/document_test.py
27489574,4,1,5,setup.py
27489574,10,39,49,setup.py
27489574,12,4,16,src/cloudant/account.py
27489574,38,1,39,tests/unit/cloudant_t/account_test.py
27489574,8,6,14,tests/unit/cloudant_t/database_test.py
27489574,15,0,15,tests/unit/cloudant_t/database_test.py
27489574,0,1,1,src/cloudant/account.py
27489574,2,1,3,tests/unit/cloudant_t/account_test.py
27489574,38,6,44,src/cloudant/account.py
27489574,27,12,39,tests/unit/cloudant_t/account_test.py
27489574,33,4,37,src/cloudant/account.py
27489574,76,0,76,tests/unit/cloudant_t/account_test.py
27489574,20,4,24,src/cloudant/database.py
27489574,3,2,5,src/cloudant/database.py
27489574,7,5,12,tests/unit/cloudant_t/database_test.py
27489574,8,1,9,src/cloudant/database.py
27489574,11,0,11,tests/unit/cloudant_t/database_test.py
27489574,1,1,2,src/cloudant/database.py
27489574,1,1,2,tests/unit/cloudant_t/database_test.py
27489574,150,0,150,tests/unit/cloudant_t/database_test.py
27489574,94,24,118,src/cloudant/database.py
27489574,2,1,3,src/cloudant/document.py
27489574,114,0,114,src/cloudant/document.py
27489574,92,5,97,tests/unit/cloudant_t/document_test.py
27489574,2,1,3,src/cloudant/replicator.py
27489574,203,0,203,tests/unit/cloudant_t/replicator_test.py
27489574,83,0,83,tests/unit/cloudant_t/changes_test.py
27489574,0,1,1,src/cloudant/document.py
27489574,21,0,21,tests/unit/cloudant_t/document_test.py
27489574,25,1,26,tests/unit/cloudant_t/index_test.py
27489574,2,2,4,src/cloudant/database.py
27489574,103,0,103,tests/unit/cloudant_t/index_test.py
27489574,32,8,40,src/cloudant/database.py
27489574,41,0,41,tests/unit/cloudant_t/database_test.py
27489574,34,0,34,tests/unit/cloudant_t/views_test.py
27489574,6,6,12,src/cloudant/database.py
27489574,6,4,10,src/cloudant/document.py
27489574,2,2,4,src/cloudant/views.py
27489574,3,0,3,tests/integration/changes_test.py
27489574,5,3,8,tests/integration/document_test.py
27489574,4,1,5,tests/integration/iter_test.py
27489574,7,7,14,tests/unit/cloudant_t/document_test.py
27489574,2,2,4,tests/unit/cloudant_t/views_test.py
27489574,100,0,100,tests/unit/cloudant_t/account_test.py
27489574,68,1,69,tests/unit/cloudant_t/database_test.py
27489574,0,42,42,tests/unit/cloudant_t/database_test.py
27489574,201,2,203,tests/unit/cloudant_t/account_test.py
27489574,195,0,195,tests/unit/cloudant_t/database_test.py
27489574,286,0,286,conf.py
27489574,1,1,2,src/cloudant/__init__.py
27489574,6,6,12,src/cloudant/document.py
27489574,3,3,6,src/cloudant/account.py
27489574,61,6,67,src/cloudant/database.py
27489574,26,6,32,src/cloudant/document.py
27489574,1,1,2,src/cloudant/database.py
27489574,9,3,12,src/cloudant/account.py
27489574,19,6,25,src/cloudant/credentials.py
27489574,1,1,2,src/cloudant/database.py
27489574,62,4,66,tests/integration/end_to_end_example_test.py
27489574,1,2,3,src/cloudant/account.py
27489574,16,1,17,src/cloudant/__init__.py
27489574,58,34,92,src/cloudant/account.py
27489574,53,44,97,src/cloudant/database.py
27489574,2,4,6,src/cloudant/database.py
27489574,2,1,3,src/cloudant/errors.py
27489574,5,5,10,src/cloudant/document.py
27489574,74,1,75,tests/unit/cloudant_t/document_test.py
27489574,15,6,21,src/cloudant/document.py
27489574,21,18,39,src/cloudant/document.py
27489574,62,2,64,src/cloudant/document.py
27489574,1,1,2,src/cloudant/__init__.py
27489574,6,4,10,src/cloudant/changes.py
27489574,3,2,5,src/cloudant/database.py
27489574,67,2,69,tests/integration/changes_test.py
27489574,1,1,2,src/cloudant/__init__.py
27489574,1,1,2,src/cloudant/__init__.py
27489574,10,20,30,src/cloudant/database.py
27489574,103,39,142,src/cloudant/account.py
27489574,13,15,28,src/cloudant/database.py
27489574,33,1,34,src/cloudant/account.py
27489574,55,5,60,src/cloudant/database.py
27489574,51,8,59,src/cloudant/account.py
27489574,106,0,106,src/cloudant/database.py
27489574,5,4,9,src/cloudant/index.py
27489574,25,0,25,src/cloudant/views.py
27489574,2,2,4,src/cloudant/database.py
27489574,51,10,61,src/cloudant/index.py
27489574,0,1,1,src/cloudant/views.py
27489574,1,1,2,src/cloudant/database.py
27489574,50,17,67,src/cloudant/database.py
27489574,31,10,41,src/cloudant/index.py
27489574,1,0,1,src/cloudant/views.py
27489574,8,0,8,src/cloudant/errors.py
27489574,20,11,31,src/cloudant/index.py
27489574,1,4,5,src/cloudant/database.py
27489574,66,73,139,src/cloudant/index.py
27489574,1,4,5,src/cloudant/views.py
27489574,13,16,29,src/cloudant/index.py
27489574,31,17,48,src/cloudant/index.py
27489574,3,4,7,src/cloudant/views.py
27489574,24,10,34,src/cloudant/database.py
27489574,38,21,59,src/cloudant/index.py
27489574,38,2,40,src/cloudant/views.py
27489574,2,57,59,src/cloudant/database.py
27489574,156,0,156,src/cloudant/index.py
27489574,9,48,57,src/cloudant/views.py
27489574,61,1,62,src/cloudant/database.py
27489574,20,63,83,src/cloudant/views.py
27489574,167,1,168,src/cloudant/views.py
27489574,19,0,19,tests/unit/cloudant_t/views_test.py
27489574,4,2,6,src/cloudant/views.py
27489574,6,5,11,tests/unit/cloudant_t/views_test.py
27489574,2,0,2,src/cloudant/database.py
27489574,15,20,35,src/cloudant/views.py
27489574,0,2,2,tests/unit/cloudant_t/document_test.py
27489574,6,1,7,src/cloudant/document.py
27489574,169,0,169,tests/unit/cloudant_t/document_test.py
27489574,19,8,27,src/cloudant/views.py
27489574,1,1,2,src/cloudant/views.py
27489574,75,0,75,tests/unit/cloudant_t/views_test.py
27489574,13,1,14,src/cloudant/account.py
27489574,4,1,5,src/cloudant/database.py
27489574,86,17,103,src/cloudant/views.py
27489574,30,2,32,src/cloudant/database.py
27489574,48,0,48,src/cloudant/views.py
27489574,1,1,2,src/cloudant/__init__.py
27489574,2,0,2,setup.py
27489574,2,2,4,src/cloudant/__init__.py
27489574,3,1,4,src/cloudant/replicator.py
27489574,0,1,1,src/cloudant/replicator.py
27489574,0,3,3,src/cloudant/document.py
27489574,7,5,12,src/cloudant/replicator.py
27489574,84,4,88,tests/integration/replicator_test.py
27489574,17,0,17,src/cloudant/account.py
27489574,25,13,38,src/cloudant/database.py
27489574,25,1,26,src/cloudant/document.py
27489574,169,0,169,src/cloudant/replicator.py
27489574,39,0,39,tests/integration/document_test.py
27489574,1,1,2,tests/integration/iter_test.py
27489574,250,0,250,tests/integration/replicator_test.py
27489574,8,2,10,tests/unit/cloudant_t/account_test.py
27489574,29,0,29,src/cloudant/database.py
27489574,57,0,57,tests/integration/changes_test.py
27489574,3,1,4,src/cloudant/database.py
27489574,44,1,45,src/cloudant/database.py
27489574,84,0,84,tests/integration/iter_test.py
27489574,1,1,2,src/cloudant/__init__.py
27489574,91,0,91,src/cloudant/changes.py
27489574,6,0,6,tests/unit/cloudant_t/__init__.py
27489574,136,0,136,tests/unit/cloudant_t/account_t.py
27489574,33,0,33,src/cloudant/credentials.py
27489574,48,0,48,setup.py
27489574,2,0,2,src/cloudant/__init__.py
27489574,104,7,111,src/cloudant/account.py
27489574,2,0,2,src/cloudant/database.py
27489574,0,0,0,src/metson/__init__.py
27489574,0,41,41,src/metson/authentication.py
27489574,0,428,428,src/metson/cloudant.py
27489574,0,27,27,src/metson/connection.py
27489574,7,0,7,tests/__init__.py
27489574,7,0,7,tests/integration/__init__.py
27489574,77,0,77,tests/integration/end_to_end_example.py
27489574,7,0,7,tests/unit/__init__.py
27489574,25,0,25,src/cloudant/__init__.py
27489574,161,0,161,src/cloudant/account.py
27489574,131,0,131,src/cloudant/database.py
27489574,102,0,102,src/cloudant/document.py
27489574,17,0,17,src/cloudant/errors.py
27489574,0,0,0,src/metson/__init__.py
27489574,41,0,41,src/metson/authentication.py
27489574,428,0,428,src/metson/cloudant.py
27489574,27,0,27,src/metson/connection.py
31657027,1,1,2,tests/test_create_fiat_element.py
31657027,1,1,2,tests/test_create_finat_element.py
31657027,14,4,18,tsfc/driver.py
31657027,18,3,21,tsfc/kernel_interface/firedrake.py
31657027,19,3,22,tsfc/kernel_interface/firedrake_loopy.py
31657027,3,1,4,tsfc/kernel_interface/ufc.py
31657027,10,10,20,tsfc/kernel_interface/firedrake_loopy.py
31657027,2,5,7,tsfc/loopy.py
31657027,2,5,7,tsfc/coffee.py
31657027,2,5,7,tsfc/kernel_interface/firedrake.py
31657027,0,3,3,tsfc/parameters.py
31657027,0,11,11,tsfc/fiatinterface.py
31657027,1,10,11,tsfc/fiatinterface.py
31657027,1,10,11,tsfc/finatinterface.py
31657027,4,0,4,tests/test_create_fiat_element.py
31657027,4,0,4,tests/test_create_finat_element.py
31657027,14,3,17,tests/test_create_fiat_element.py
31657027,14,3,17,tests/test_create_finat_element.py
31657027,7,3,10,tsfc/fiatinterface.py
31657027,7,3,10,tsfc/finatinterface.py
31657027,2,0,2,tsfc/driver.py
31657027,1,0,1,tests/test_flexibly_indexed.py
31657027,4,3,7,tsfc/driver.py
31657027,2,2,4,tests/test_create_fiat_element.py
31657027,2,2,4,tests/test_create_finat_element.py
31657027,0,1,1,tsfc/finatinterface.py
31657027,1,1,2,tsfc/fiatinterface.py
31657027,1,1,2,tsfc/finatinterface.py
31657027,4,4,8,tsfc/finatinterface.py
31657027,6,5,11,tsfc/fiatinterface.py
31657027,6,5,11,tsfc/finatinterface.py
31657027,10,0,10,tsfc/fiatinterface.py
31657027,10,0,10,tsfc/finatinterface.py
31657027,1,1,2,tsfc/loopy.py
31657027,7,0,7,tests/test_idempotency.py
31657027,5,32,37,tsfc/coffee.py
31657027,30,18,48,tsfc/driver.py
31657027,12,4,16,tsfc/kernel_interface/firedrake.py
31657027,387,0,387,tsfc/kernel_interface/firedrake_loopy.py
31657027,20,3,23,tsfc/kernel_interface/ufc.py
31657027,372,0,372,tsfc/loopy.py
31657027,15,7,22,tests/test_underintegration.py
31657027,2,5,7,tsfc/kernel_interface/ufc.py
31657027,17,28,45,tsfc/kernel_interface/firedrake.py
31657027,6,18,24,tsfc/driver.py
31657027,7,2,9,tsfc/kernel_interface/common.py
31657027,37,44,81,tsfc/kernel_interface/firedrake.py
31657027,0,19,19,tsfc/kernel_interface/ufc.py
31657027,13,3,16,tsfc/driver.py
31657027,2,2,4,tsfc/fem.py
31657027,29,5,34,tsfc/finatinterface.py
31657027,4,0,4,tsfc/kernel_interface/common.py
31657027,32,5,37,tsfc/kernel_interface/firedrake.py
31657027,5,1,6,tsfc/kernel_interface/ufc.py
31657027,11,6,17,tsfc/kernel_interface/firedrake.py
31657027,6,7,13,tsfc/driver.py
31657027,9,2,11,tsfc/kernel_interface/firedrake.py
31657027,33,0,33,tests/test_tsfc_182.py
31657027,0,34,34,gem/optimise.py
31657027,38,7,45,gem/refactorise.py
31657027,1,1,2,gem/gem.py
31657027,3,2,5,tsfc/coffee_mode.py
31657027,11,3,14,tsfc/spectral.py
31657027,1,1,2,tsfc/finatinterface.py
31657027,1,1,2,tsfc/fiatinterface.py
31657027,1,0,1,tsfc/finatinterface.py
31657027,1,0,1,tsfc/fiatinterface.py
31657027,4,2,6,tsfc/driver.py
31657027,1,0,1,tsfc/coffee.py
31657027,3,2,5,tsfc/fem.py
31657027,2,1,3,tsfc/fem.py
31657027,1,1,2,tsfc/fem.py
31657027,67,37,104,tsfc/coffee.py
31657027,5,2,7,tsfc/coffee.py
31657027,5,2,7,tsfc/kernel_interface/firedrake.py
31657027,3,0,3,tsfc/parameters.py
31657027,4,2,6,tsfc/coffee.py
31657027,14,8,22,tsfc/driver.py
31657027,5,0,5,tsfc/parameters.py
31657027,3,0,3,tsfc/fem.py
31657027,1,0,1,tsfc/coffee.py
31657027,1,3,4,tsfc/driver.py
31657027,1,2,3,tsfc/fem.py
31657027,2,7,9,tsfc/parameters.py
31657027,0,4,4,tsfc/driver.py
31657027,2,0,2,tsfc/finatinterface.py
31657027,1,0,1,tsfc/fiatinterface.py
31657027,2,2,4,gem/optimise.py
31657027,4,0,4,tsfc/driver.py
31657027,1,1,2,tsfc/kernel_interface/firedrake.py
31657027,1,0,1,tsfc/finatinterface.py
31657027,5,2,7,tsfc/driver.py
31657027,10,2,12,tsfc/fem.py
31657027,2,0,2,tsfc/kernel_interface/common.py
31657027,25,27,52,tsfc/kernel_interface/firedrake.py
31657027,1,1,2,gem/interpreter.py
31657027,1,1,2,tsfc/tensor.py
31657027,1,2,3,gem/interpreter.py
31657027,9,14,23,gem/interpreter.py
31657027,5,6,11,tsfc/coffee.py
31657027,3,15,18,tsfc/fem.py
31657027,2,3,5,tsfc/driver.py
31657027,1,1,2,tsfc/kernel_interface/firedrake.py
31657027,1,2,3,tsfc/kernel_interface/firedrake.py
31657027,0,1,1,tsfc/fem.py
31657027,9,0,9,tsfc/kernel_interface/firedrake.py
31657027,44,10,54,gem/gem.py
31657027,14,5,19,tests/test_syntax_sugar.py
31657027,23,0,23,gem/gem.py
31657027,26,0,26,tests/test_syntax_sugar.py
31657027,2,1,3,gem/optimise.py
31657027,4,0,4,tsfc/driver.py
31657027,3,0,3,tsfc/fem.py
31657027,4,0,4,tsfc/kernel_interface/__init__.py
31657027,5,0,5,tsfc/kernel_interface/common.py
31657027,36,3,39,tsfc/kernel_interface/firedrake.py
31657027,16,0,16,tsfc/kernel_interface/ufc.py
31657027,88,75,163,tsfc/fem.py
31657027,17,30,47,tsfc/fem.py
31657027,4,28,32,tsfc/finatinterface.py
31657027,8,1,9,tsfc/finatinterface.py
31657027,10,11,21,tsfc/fem.py
31657027,7,0,7,tsfc/finatinterface.py
31657027,32,25,57,tsfc/fem.py
31657027,51,1,52,tsfc/fem.py
31657027,7,0,7,tsfc/finatinterface.py
31657027,1,1,2,tsfc/coffee.py
31657027,1,0,1,tsfc/fiatinterface.py
31657027,1,0,1,tsfc/finatinterface.py
31657027,1,4,5,gem/pprint.py
31657027,1,1,2,gem/pprint.py
31657027,31,24,55,gem/pprint.py
31657027,145,54,199,gem/pprint.py
31657027,114,0,114,gem/pprint.py
31657027,30,1,31,gem/node.py
31657027,11,4,15,tsfc/fiatinterface.py
31657027,12,5,17,tsfc/finatinterface.py
31657027,18,18,36,tsfc/fiatinterface.py
31657027,8,5,13,tsfc/fiatinterface.py
31657027,5,0,5,tsfc/finatinterface.py
31657027,3,2,5,tsfc/fem.py
31657027,6,1,7,tsfc/kernel_interface/__init__.py
31657027,6,0,6,tsfc/kernel_interface/common.py
31657027,1,1,2,tsfc/driver.py
31657027,4,4,8,tsfc/fem.py
31657027,3,8,11,tsfc/fem.py
31657027,1,1,2,tsfc/driver.py
31657027,0,1,1,tsfc/driver.py
31657027,0,1,1,tsfc/fem.py
31657027,2,0,2,tsfc/parameters.py
31657027,9,11,20,tsfc/driver.py
31657027,3,4,7,tsfc/fem.py
31657027,2,1,3,tsfc/kernel_interface/common.py
31657027,15,15,30,tsfc/kernel_interface/firedrake.py
31657027,11,12,23,tsfc/kernel_interface/ufc.py
31657027,4,23,27,tsfc/parameters.py
31657027,4,4,8,gem/gem.py
31657027,12,5,17,gem/gem.py
31657027,2,14,16,gem/interpreter.py
31657027,1,1,2,tsfc/ufl_utils.py
31657027,8,8,16,tsfc/fem.py
31657027,3,2,5,tsfc/ufl_utils.py
31657027,7,36,43,tsfc/fem.py
31657027,19,0,19,tsfc/ufl_utils.py
31657027,26,6,32,tsfc/fem.py
31657027,26,6,32,tsfc/fem.py
31657027,26,0,26,tsfc/fem.py
31657027,5,27,32,tsfc/modified_terminals.py
31657027,0,3,3,tsfc/ufl_utils.py
31657027,4,4,8,tsfc/fem.py
31657027,3,2,5,tests/test_create_fiat_element.py
31657027,3,3,6,gem/interpreter.py
31657027,3,3,6,tsfc/coffee.py
31657027,3,3,6,tsfc/driver.py
31657027,0,1,1,tsfc/kernel_interface/ufc.py
31657027,2,3,5,tsfc/parameters.py
31657027,0,3,3,tsfc/ufl_utils.py
31657027,3,2,5,tsfc/coffee.py
31657027,2,2,4,tsfc/coffee.py
31657027,7,1,8,gem/gem.py
31657027,6,3,9,tsfc/ufl_utils.py
31657027,9,2,11,gem/interpreter.py
31657027,1,13,14,gem/gem.py
31657027,3,13,16,tsfc/coffee.py
31657027,7,7,14,tsfc/ufl2gem.py
31657027,1,1,2,tsfc/driver.py
31657027,1,1,2,tsfc/driver.py
31657027,0,2,2,tsfc/coffee.py
31657027,0,7,7,tsfc/ufl_utils.py
31657027,6,3,9,tsfc/coffee.py
31657027,1,1,2,tsfc/driver.py
31657027,1,1,2,tsfc/driver.py
31657027,4,1,5,tsfc/driver.py
31657027,7,1,8,tsfc/ufl_utils.py
31657027,1,4,5,gem/gem.py
31657027,4,2,6,gem/gem.py
31657027,4,0,4,tsfc/driver.py
31657027,2,3,5,gem/gem.py
31657027,0,2,2,tsfc/coffee.py
31657027,0,30,30,gem/interpreter.py
31657027,2,44,46,gem/gem.py
31657027,4,0,4,tsfc/driver.py
31657027,5,5,10,tsfc/kernel_interface/firedrake.py
31657027,7,6,13,tsfc/kernel_interface/ufc.py
31657027,3,2,5,tsfc/ufl_utils.py
31657027,4,5,9,tsfc/driver.py
31657027,3,1,4,gem/gem.py
31657027,18,33,51,tsfc/coffee.py
31657027,10,1,11,tsfc/parameters.py
31657027,34,19,53,gem/interpreter.py
31657027,41,29,70,gem/gem.py
31657027,7,7,14,tsfc/ufl2gem.py
31657027,11,2,13,gem/interpreter.py
31657027,2,2,4,tsfc/ufl2gem.py
31657027,16,0,16,tsfc/coffee.py
31657027,4,4,8,tsfc/ufl_utils.py
31657027,15,1,16,tsfc/ufl2gem.py
31657027,12,2,14,gem/interpreter.py
31657027,29,1,30,gem/gem.py
31657027,0,1,1,tsfc/coffee.py
31657027,22,9,31,tsfc/coffee.py
31657027,2,1,3,tsfc/driver.py
31657027,4,4,8,tsfc/ufl_utils.py
31657027,1,1,2,tsfc/coffee.py
31657027,2,2,4,tsfc/ufl2gem.py
31657027,2,1,3,gem/interpreter.py
31657027,10,3,13,tsfc/coffee.py
31657027,9,3,12,tsfc/coffee.py
31657027,2,2,4,tsfc/driver.py
31657027,3,3,6,tsfc/parameters.py
31657027,2,1,3,gem/interpreter.py
31657027,2,1,3,tsfc/parameters.py
31657027,1,1,2,tsfc/ufl2gem.py
31657027,4,1,5,tsfc/driver.py
31657027,12,2,14,tsfc/parameters.py
31657027,3,1,4,tsfc/ufl_utils.py
31657027,10,3,13,tsfc/coffee.py
31657027,8,1,9,tsfc/ufl_utils.py
31657027,1,1,2,tsfc/ufl2gem.py
31657027,8,1,9,tsfc/ufl2gem.py
31657027,18,4,22,gem/gem.py
31657027,9,0,9,gem/interpreter.py
31657027,0,2,2,gem/__init__.py
31657027,0,2,2,gem/coffee.py
31657027,0,2,2,gem/gem.py
31657027,0,2,2,gem/impero.py
31657027,0,2,2,gem/impero_utils.py
31657027,0,2,2,gem/interpreter.py
31657027,0,2,2,gem/node.py
31657027,0,2,2,gem/optimise.py
31657027,0,2,2,gem/refactorise.py
31657027,0,2,2,gem/scheduling.py
31657027,0,2,2,gem/unconcatenate.py
31657027,0,2,2,gem/utils.py
31657027,0,2,2,setup.py
31657027,0,2,2,tests/test_codegen.py
31657027,0,2,2,tests/test_coffee_optimise.py
31657027,0,1,1,tests/test_create_fiat_element.py
31657027,0,1,1,tests/test_create_finat_element.py
31657027,0,2,2,tests/test_delta_elimination.py
31657027,0,1,1,tests/test_estimated_degree.py
31657027,0,1,1,tests/test_firedrake_972.py
31657027,0,2,2,tests/test_flexibly_indexed.py
31657027,0,1,1,tests/test_gem_failure.py
31657027,0,2,2,tests/test_geometry.py
31657027,0,1,1,tests/test_idempotency.py
31657027,0,1,1,tests/test_pickle_gem.py
31657027,0,2,2,tests/test_refactorise.py
31657027,0,2,2,tests/test_simplification.py
31657027,0,2,2,tests/test_sum_factorisation.py
31657027,0,2,2,tests/test_tensor.py
31657027,0,2,2,tests/test_underintegration.py
31657027,0,2,2,tsfc/__init__.py
31657027,0,2,2,tsfc/coffee.py
31657027,0,2,2,tsfc/coffee_mode.py
31657027,0,2,2,tsfc/driver.py
31657027,0,2,2,tsfc/fem.py
31657027,0,2,2,tsfc/fiatinterface.py
31657027,0,2,2,tsfc/finatinterface.py
31657027,0,2,2,tsfc/kernel_interface/__init__.py
31657027,0,2,2,tsfc/kernel_interface/common.py
31657027,0,2,2,tsfc/kernel_interface/firedrake.py
31657027,0,2,2,tsfc/kernel_interface/ufc.py
31657027,0,2,2,tsfc/logging.py
31657027,0,2,2,tsfc/modified_terminals.py
31657027,0,2,2,tsfc/parameters.py
31657027,0,2,2,tsfc/spectral.py
31657027,0,2,2,tsfc/tensor.py
31657027,0,2,2,tsfc/ufl2gem.py
31657027,0,2,2,tsfc/ufl_utils.py
31657027,0,2,2,tsfc/vanilla.py
31657027,1,2,3,gem/impero_utils.py
31657027,1,1,2,gem/interpreter.py
31657027,1,2,3,gem/optimise.py
31657027,1,1,2,gem/unconcatenate.py
31657027,1,2,3,tsfc/coffee.py
31657027,1,1,2,tsfc/fem.py
31657027,1,2,3,tsfc/fiatinterface.py
31657027,1,1,2,tsfc/finatinterface.py
31657027,2,1,3,tsfc/ufl_utils.py
31657027,0,1,1,gem/coffee.py
31657027,2,4,6,gem/gem.py
31657027,1,2,3,gem/impero.py
31657027,0,1,1,gem/impero_utils.py
31657027,0,1,1,gem/interpreter.py
31657027,0,1,1,gem/node.py
31657027,1,2,3,gem/optimise.py
31657027,5,6,11,gem/refactorise.py
31657027,0,1,1,gem/unconcatenate.py
31657027,1,2,3,gem/utils.py
31657027,0,1,1,tests/test_flexibly_indexed.py
31657027,1,1,2,tests/test_pickle_gem.py
31657027,0,1,1,tests/test_sum_factorisation.py
31657027,0,1,1,tests/test_underintegration.py
31657027,0,1,1,tsfc/coffee_mode.py
31657027,4,6,10,tsfc/driver.py
31657027,8,10,18,tsfc/fem.py
31657027,1,2,3,tsfc/finatinterface.py
31657027,1,2,3,tsfc/kernel_interface/__init__.py
31657027,0,1,1,tsfc/kernel_interface/ufc.py
31657027,1,2,3,tsfc/spectral.py
31657027,1,3,4,tsfc/tensor.py
31657027,15,27,42,tsfc/kernel_interface/firedrake.py
31657027,0,7,7,gem/coffee.py
31657027,14,1,15,tsfc/__init__.py
31657027,1,1,2,tsfc/driver.py
31657027,10,0,10,tsfc/driver.py
31657027,1,1,2,gem/coffee.py
31657027,1,1,2,tsfc/__init__.py
31657027,11,2,13,tsfc/modified_terminals.py
31657027,5,1,6,gem/gem.py
31657027,2,1,3,gem/gem.py
31657027,42,5,47,tsfc/fem.py
31657027,7,8,15,tsfc/fem.py
31657027,1,0,1,tsfc/kernel_interface/ufc.py
31657027,2,1,3,tsfc/driver.py
31657027,35,7,42,tsfc/fem.py
31657027,7,0,7,tsfc/finatinterface.py
31657027,1,1,2,tsfc/kernel_interface/firedrake.py
31657027,20,5,25,tsfc/fem.py
31657027,2,33,35,tsfc/ufl_utils.py
31657027,1,15,16,tsfc/driver.py
31657027,11,1,12,tsfc/fem.py
31657027,0,32,32,tsfc/driver.py
31657027,26,3,29,tsfc/fem.py
31657027,14,18,32,tsfc/driver.py
31657027,6,3,9,tsfc/kernel_interface/firedrake.py
31657027,8,4,12,tsfc/kernel_interface/ufc.py
31657027,18,3,21,tsfc/fem.py
31657027,5,0,5,tsfc/kernel_interface/__init__.py
31657027,6,0,6,tsfc/kernel_interface/common.py
31657027,9,7,16,tsfc/modified_terminals.py
31657027,1,2,3,tsfc/kernel_interface/ufc.py
31657027,12,3,15,tsfc/fem.py
31657027,8,0,8,gem/interpreter.py
31657027,74,45,119,tsfc/finatinterface.py
31657027,1,1,2,tsfc/kernel_interface/__init__.py
31657027,2,2,4,tsfc/kernel_interface/firedrake.py
31657027,5,5,10,tsfc/kernel_interface/ufc.py
31657027,0,1,1,tests/test_create_finat_element.py
31657027,1,1,2,tsfc/finatinterface.py
31657027,20,7,27,tsfc/finatinterface.py
31657027,9,25,34,tsfc/finatinterface.py
31657027,0,34,34,tsfc/ufl_utils.py
31657027,2,2,4,gem/impero_utils.py
31657027,51,0,51,gem/utils.py
31657027,1,3,4,gem/utils.py
31657027,6,0,6,gem/interpreter.py
31657027,3,0,3,tsfc/spectral.py
31657027,7,3,10,gem/optimise.py
31657027,28,0,28,tests/test_delta_elimination.py
31657027,1,1,2,tsfc/parameters.py
31657027,23,2,25,tsfc/spectral.py
31657027,20,20,40,gem/coffee.py
31657027,202,0,202,gem/coffee.py
31657027,7,187,194,tsfc/coffee_mode.py
31657027,1,1,2,tsfc/spectral.py
31657027,6,1,7,tsfc/ufl_utils.py
31657027,2,2,4,gem/gem.py
31657027,24,24,48,tsfc/finatinterface.py
31657027,1,1,2,tsfc/kernel_interface/ufc.py
31657027,103,0,103,tests/test_underintegration.py
31657027,4,3,7,tsfc/driver.py
31657027,15,3,18,tsfc/kernel_interface/ufc.py
31657027,2,3,5,tsfc/driver.py
31657027,3,3,6,tsfc/fem.py
31657027,38,23,61,tsfc/finatinterface.py
31657027,5,0,5,tsfc/kernel_interface/__init__.py
31657027,5,0,5,tsfc/kernel_interface/firedrake.py
31657027,11,1,12,tsfc/kernel_interface/ufc.py
31657027,17,33,50,tsfc/kernel_interface/ufc.py
31657027,3,0,3,tsfc/ufl_utils.py
31657027,7,43,50,tsfc/kernel_interface/ufc.py
31657027,7,1,8,gem/gem.py
31657027,7,0,7,tsfc/finatinterface.py
31657027,1,1,2,tsfc/spectral.py
31657027,2,1,3,tsfc/spectral.py
31657027,110,54,164,tsfc/spectral.py
31657027,5,2,7,tsfc/coffee_mode.py
31657027,9,3,12,gem/optimise.py
31657027,23,3,26,tsfc/coffee_mode.py
31657027,22,10,32,tsfc/spectral.py
31657027,7,0,7,tsfc/__init__.py
31657027,5,0,5,tsfc/coffee_mode.py
31657027,41,56,97,tsfc/coffee_mode.py
31657027,7,2,9,gem/optimise.py
31657027,0,2,2,tests/test_sum_factorisation.py
31657027,6,5,11,tests/test_sum_factorisation.py
31657027,51,1,52,gem/unconcatenate.py
31657027,63,4,67,tests/test_sum_factorisation.py
31657027,60,2,62,tests/test_sum_factorisation.py
31657027,0,5,5,tests/test_sum_factorisation.py
31657027,27,4,31,gem/optimise.py
31657027,5,0,5,tsfc/finatinterface.py
31657027,5,0,5,tsfc/finatinterface.py
31657027,4,0,4,tsfc/tensor.py
31657027,34,3,37,gem/unconcatenate.py
31657027,11,0,11,tests/test_tensor.py
31657027,2,2,4,gem/gem.py
31657027,1,1,2,gem/unconcatenate.py
31657027,1,6,7,tsfc/driver.py
31657027,1,1,2,gem/interpreter.py
31657027,2,0,2,tsfc/driver.py
31657027,14,26,40,tsfc/coffee_mode.py
31657027,5,3,8,tsfc/coffee_mode.py
31657027,1,4,5,tsfc/coffee_mode.py
31657027,25,36,61,tsfc/coffee_mode.py
31657027,30,31,61,tsfc/coffee_mode.py
31657027,30,7,37,tsfc/driver.py
31657027,8,4,12,tsfc/fem.py
31657027,34,20,54,tsfc/spectral.py
31657027,1,1,2,tsfc/tensor.py
31657027,7,5,12,tsfc/vanilla.py
31657027,192,0,192,gem/unconcatenate.py
31657027,5,0,5,tsfc/finatinterface.py
31657027,2,0,2,tsfc/finatinterface.py
31657027,11,0,11,gem/gem.py
31657027,7,13,20,gem/impero_utils.py
31657027,3,4,7,gem/impero_utils.py
31657027,0,36,36,gem/utils.py
31657027,6,0,6,gem/optimise.py
31657027,7,7,14,gem/gem.py
31657027,20,0,20,gem/interpreter.py
31657027,30,30,60,gem/interpreter.py
31657027,19,2,21,gem/gem.py
31657027,35,0,35,tests/test_estimated_degree.py
31657027,6,20,26,tsfc/coffee_mode.py
31657027,13,9,22,tsfc/spectral.py
31657027,8,3,11,gem/interpreter.py
31657027,22,2,24,gem/interpreter.py
31657027,2,2,4,gem/interpreter.py
31657027,3,3,6,gem/interpreter.py
31657027,15,0,15,tsfc/driver.py
31657027,2,2,4,tests/test_geometry.py
31657027,2,75,77,tsfc/fiatinterface.py
31657027,2,2,4,tsfc/coffee_mode.py
31657027,8,9,17,tsfc/coffee_mode.py
31657027,54,26,80,tsfc/coffee_mode.py
31657027,37,21,58,tsfc/coffee_mode.py
31657027,3,0,3,gem/gem.py
31657027,8,0,8,tests/test_pickle_gem.py
31657027,108,0,108,tests/test_tensor.py
31657027,2,0,2,tsfc/driver.py
31657027,93,0,93,tsfc/tensor.py
31657027,57,4,61,gem/optimise.py
31657027,22,9,31,gem/refactorise.py
31657027,1,3,4,gem/optimise.py
31657027,2,6,8,tsfc/fiatinterface.py
31657027,3,6,9,tsfc/finatinterface.py
31657027,13,12,25,tsfc/fiatinterface.py
31657027,2,2,4,tsfc/finatinterface.py
31657027,4,4,8,tests/test_create_fiat_element.py
31657027,1,2,3,tsfc/fiatinterface.py
31657027,0,108,108,tsfc/mixedelement.py
31657027,3,1,4,tsfc/driver.py
31657027,4,0,4,tsfc/driver.py
31657027,3,0,3,tsfc/ufl2gem.py
31657027,1,1,2,gem/optimise.py
31657027,2,0,2,gem/optimise.py
31657027,64,31,95,tsfc/fem.py
31657027,4,1,5,gem/gem.py
31657027,34,0,34,gem/optimise.py
31657027,6,1,7,gem/refactorise.py
31657027,3,3,6,tests/test_coffee_optimise.py
31657027,6,7,13,tsfc/coffee_mode.py
31657027,61,22,83,gem/optimise.py
31657027,3,0,3,gem/refactorise.py
31657027,17,0,17,gem/utils.py
31657027,80,0,80,tests/test_coffee_optimise.py
31657027,246,0,246,tsfc/coffee_mode.py
31657027,2,0,2,tsfc/driver.py
31657027,1,1,2,tsfc/parameters.py
31657027,2,2,4,tsfc/driver.py
31657027,1,2,3,tsfc/kernel_interface/firedrake.py
31657027,1,2,3,tsfc/kernel_interface/ufc.py
31657027,4,1,5,tsfc/finatinterface.py
31657027,8,5,13,tsfc/driver.py
31657027,1,0,1,tsfc/kernel_interface/firedrake.py
31657027,3,1,4,tsfc/driver.py
31657027,1,0,1,tsfc/kernel_interface/ufc.py
31657027,0,12,12,tsfc/fiatinterface.py
31657027,18,17,35,tsfc/driver.py
31657027,3,3,6,gem/gem.py
31657027,28,2,30,tsfc/coffee.py
31657027,12,0,12,tsfc/ufl2gem.py
31657027,25,22,47,tsfc/driver.py
31657027,8,0,8,tsfc/kernel_interface/firedrake.py
31657027,13,2,15,tsfc/kernel_interface/ufc.py
31657027,10,0,10,tsfc/finatinterface.py
31657027,7,1,8,tsfc/fiatinterface.py
31657027,4,0,4,tsfc/fiatinterface.py
31657027,6,0,6,tsfc/fiatinterface.py
31657027,1,1,2,tests/test_create_fiat_element.py
31657027,1,8,9,tsfc/fiatinterface.py
31657027,2,2,4,tsfc/fem.py
31657027,2,2,4,tsfc/kernel_interface/__init__.py
31657027,4,4,8,tsfc/kernel_interface/common.py
31657027,3,3,6,tsfc/kernel_interface/firedrake.py
31657027,4,4,8,tsfc/kernel_interface/ufc.py
31657027,2,0,2,tsfc/driver.py
31657027,4,0,4,tsfc/kernel_interface/ufc.py
31657027,14,1,15,tsfc/spectral.py
31657027,5,0,5,tests/test_sum_factorisation.py
31657027,62,0,62,tests/test_sum_factorisation.py
31657027,46,0,46,tests/test_firedrake_972.py
31657027,1,2,3,gem/optimise.py
31657027,21,6,27,tsfc/spectral.py
31657027,2,0,2,tsfc/driver.py
31657027,49,0,49,tsfc/spectral.py
31657027,4,3,7,tsfc/vanilla.py
31657027,5,3,8,gem/impero_utils.py
31657027,7,2,9,tsfc/driver.py
31657027,5,0,5,tsfc/vanilla.py
31657027,1,0,1,tsfc/parameters.py
31657027,22,1,23,tsfc/vanilla.py
31657027,3,6,9,tsfc/driver.py
31657027,8,5,13,tsfc/driver.py
31657027,3,4,7,tsfc/vanilla.py
31657027,34,17,51,tsfc/driver.py
31657027,2,0,2,tsfc/parameters.py
31657027,21,0,21,tsfc/vanilla.py
31657027,11,12,23,gem/impero_utils.py
31657027,1,1,2,tests/test_codegen.py
31657027,4,3,7,tsfc/driver.py
31657027,3,6,9,tsfc/driver.py
31657027,3,2,5,tsfc/fem.py
31657027,9,10,19,tsfc/driver.py
31657027,5,5,10,tsfc/fem.py
31657027,3,3,6,tsfc/kernel_interface/firedrake.py
31657027,3,3,6,tsfc/kernel_interface/ufc.py
31657027,4,4,8,gem/refactorise.py
31657027,2,4,6,gem/refactorise.py
31657027,68,0,68,tests/test_refactorise.py
31657027,19,239,258,gem/optimise.py
31657027,234,0,234,gem/refactorise.py
31657027,90,44,134,gem/optimise.py
31657027,24,6,30,gem/optimise.py
31657027,26,8,34,gem/optimise.py
31657027,2,2,4,gem/optimise.py
31657027,40,10,50,gem/optimise.py
31657027,3,17,20,gem/optimise.py
31657027,88,0,88,gem/optimise.py
31657027,1,1,2,gem/optimise.py
31657027,76,4,80,gem/optimise.py
31657027,44,2,46,gem/optimise.py
31657027,7,7,14,gem/optimise.py
31657027,3,1,4,tsfc/driver.py
31657027,1,1,2,gem/gem.py
31657027,6,0,6,gem/gem.py
31657027,24,0,24,tests/test_pickle_gem.py
31657027,12,1,13,gem/gem.py
31657027,13,9,22,gem/node.py
31657027,33,0,33,tests/test_simplification.py
31657027,8,1,9,gem/gem.py
31657027,0,10,10,tests/test_create_fiat_element.py
31657027,0,10,10,tests/test_create_finat_element.py
31657027,67,9,76,tests/test_create_fiat_element.py
31657027,59,12,71,tests/test_create_finat_element.py
31657027,19,0,19,tsfc/fiatinterface.py
31657027,20,0,20,tsfc/finatinterface.py
31657027,2,6,8,tsfc/fiatinterface.py
31657027,1,5,6,tsfc/finatinterface.py
31657027,6,6,12,gem/impero_utils.py
31657027,1,1,2,gem/node.py
31657027,24,23,47,gem/impero_utils.py
31657027,1,1,2,tests/test_geometry.py
31657027,108,6,114,tsfc/fem.py
31657027,0,122,122,tsfc/geometric.py
31657027,5,5,10,tsfc/finatinterface.py
31657027,1,1,2,gem/optimise.py
31657027,2,2,4,gem/optimise.py
31657027,26,30,56,gem/gem.py
31657027,0,4,4,tsfc/mixedelement.py
31657027,71,51,122,tsfc/kernel_interface/ufc.py
31657027,44,39,83,tsfc/kernel_interface/ufc.py
31657027,32,32,64,tsfc/kernel_interface/firedrake.py
31657027,3,1,4,tsfc/kernel_interface/common.py
31657027,3,0,3,tsfc/kernel_interface/firedrake.py
31657027,7,18,25,tsfc/kernel_interface/ufc.py
31657027,16,23,39,tsfc/kernel_interface/ufc.py
31657027,11,15,26,tsfc/kernel_interface/firedrake.py
31657027,13,26,39,tsfc/coffee.py
31657027,4,1,5,gem/gem.py
31657027,35,18,53,gem/gem.py
31657027,20,0,20,tests/test_flexibly_indexed.py
31657027,39,16,55,gem/gem.py
31657027,21,0,21,tests/test_flexibly_indexed.py
31657027,63,21,84,gem/gem.py
31657027,14,1,15,tests/test_flexibly_indexed.py
31657027,0,12,12,tsfc/coffee.py
31657027,44,0,44,tests/test_flexibly_indexed.py
31657027,20,14,34,tsfc/kernel_interface/ufc.py
31657027,40,53,93,tsfc/kernel_interface/ufc.py
31657027,73,34,107,tsfc/kernel_interface/ufc.py
31657027,16,1,17,tsfc/fiatinterface.py
31657027,0,6,6,tsfc/finatinterface.py
31657027,112,0,112,tsfc/mixedelement.py
31657027,7,3,10,gem/impero_utils.py
31657027,2,2,4,tsfc/driver.py
31657027,1,25,26,tsfc/fiatinterface.py
31657027,1,10,11,tsfc/finatinterface.py
31657027,0,9,9,tsfc/ufl_utils.py
31657027,1,67,68,gem/gem.py
31657027,13,5,18,tsfc/finatinterface.py
31657027,9,0,9,gem/gem.py
31657027,27,19,46,gem/optimise.py
31657027,5,7,12,gem/optimise.py
31657027,12,11,23,tsfc/coffee.py
31657027,0,1,1,gem/optimise.py
31657027,1,3,4,gem/optimise.py
31657027,63,27,90,gem/optimise.py
31657027,1,2,3,tsfc/fem.py
31657027,30,53,83,gem/optimise.py
31657027,3,3,6,gem/optimise.py
31657027,1,66,67,gem/optimise.py
31657027,16,0,16,gem/optimise.py
31657027,8,0,8,tsfc/fem.py
31657027,26,5,31,gem/gem.py
31657027,4,0,4,gem/gem.py
31657027,75,40,115,tsfc/fem.py
31657027,3,3,6,tsfc/kernel_interface/firedrake.py
31657027,4,0,4,gem/impero.py
31657027,5,0,5,gem/optimise.py
31657027,4,2,6,gem/optimise.py
31657027,2,1,3,tsfc/fem.py
31657027,24,11,35,gem/optimise.py
31657027,15,0,15,gem/optimise.py
31657027,1,1,2,gem/optimise.py
31657027,2,8,10,tsfc/fem.py
31657027,17,17,34,gem/gem.py
31657027,12,9,21,gem/optimise.py
31657027,1,1,2,tests/test_codegen.py
31657027,4,4,8,tsfc/driver.py
31657027,2,5,7,tsfc/fem.py
31657027,2,2,4,tsfc/ufl2gem.py
31657027,7,0,7,gem/impero.py
31657027,143,2,145,gem/optimise.py
31657027,1,0,1,tsfc/fem.py
31657027,1,1,2,tsfc/driver.py
31657027,1,0,1,gem/gem.py
31657027,1,0,1,tsfc/kernel_interface/__init__.py
31657027,1,0,1,gem/optimise.py
31657027,2,0,2,tsfc/fem.py
31657027,1,14,15,tsfc/coffee.py
31657027,7,3,10,tsfc/fem.py
31657027,1,10,11,tsfc/coffee.py
31657027,37,0,37,gem/optimise.py
31657027,24,7,31,gem/gem.py
31657027,3,2,5,tsfc/fem.py
31657027,2,0,2,tsfc/fiatinterface.py
31657027,41,0,41,tests/test_gem_failure.py
31657027,1,0,1,tsfc/fem.py
31657027,1,2,3,tsfc/fiatinterface.py
31657027,1,1,2,tsfc/fem.py
31657027,0,1,1,tsfc/fiatinterface.py
31657027,2,3,5,tsfc/fem.py
31657027,8,36,44,tsfc/fiatinterface.py
31657027,8,4,12,gem/gem.py
31657027,1,6,7,tsfc/coffee.py
31657027,29,41,70,tsfc/fem.py
31657027,6,1,7,tsfc/coffee.py
31657027,3,3,6,tsfc/fem.py
31657027,1,1,2,tsfc/fiatinterface.py
31657027,1,1,2,tsfc/fiatinterface.py
31657027,14,0,14,tsfc/fiatinterface.py
31657027,1,5,6,tsfc/mixedelement.py
31657027,13,1,14,gem/gem.py
31657027,5,0,5,tsfc/coffee.py
31657027,41,28,69,tsfc/fem.py
31657027,1,1,2,tsfc/fiatinterface.py
31657027,6,2,8,tsfc/mixedelement.py
31657027,6,1,7,tsfc/coffee.py
31657027,2,2,4,tsfc/finatinterface.py
31657027,30,6,36,tsfc/fem.py
31657027,1,56,57,tsfc/finatinterface.py
31657027,73,4,77,tsfc/finatinterface.py
31657027,1,6,7,tsfc/coffee.py
31657027,29,0,29,tests/test_create_finat_element.py
31657027,10,0,10,tsfc/finatinterface.py
31657027,4,3,7,tsfc/geometric.py
31657027,3,1,4,tsfc/finatinterface.py
31657027,1,6,7,tsfc/fem.py
31657027,3,3,6,tsfc/geometric.py
31657027,3,3,6,gem/optimise.py
31657027,2,2,4,tsfc/fem.py
31657027,0,4,4,tsfc/fem.py
31657027,12,2,14,gem/gem.py
31657027,7,9,16,tsfc/driver.py
31657027,1,8,9,tsfc/fem.py
31657027,10,2,12,tsfc/geometric.py
31657027,11,19,30,tsfc/driver.py
31657027,35,46,81,tsfc/fem.py
31657027,9,6,15,tsfc/geometric.py
31657027,7,8,15,tsfc/driver.py
31657027,3,3,6,tsfc/fem.py
31657027,12,16,28,tsfc/fem.py
31657027,13,13,26,tsfc/driver.py
31657027,3,3,6,tsfc/fem.py
31657027,3,5,8,gem/gem.py
31657027,1,0,1,tsfc/__init__.py
31657027,4,5,9,tsfc/coffee.py
31657027,4,4,8,tsfc/driver.py
31657027,3,5,8,tsfc/fem.py
31657027,1,1,2,tsfc/geometric.py
31657027,8,2,10,tsfc/driver.py
31657027,6,3,9,tsfc/ufl_utils.py
31657027,2,27,29,tsfc/driver.py
31657027,24,1,25,tsfc/ufl_utils.py
31657027,39,30,69,tsfc/driver.py
31657027,0,16,16,gem/utils.py
31657027,34,56,90,tsfc/fem.py
31657027,6,7,13,tsfc/driver.py
31657027,74,64,138,tsfc/driver.py
31657027,5,4,9,tsfc/driver.py
31657027,11,5,16,tsfc/fem.py
31657027,21,27,48,tsfc/driver.py
31657027,5,5,10,tsfc/fem.py
31657027,11,12,23,tsfc/driver.py
31657027,6,16,22,tsfc/fem.py
31657027,25,0,25,tsfc/kernel_interface/__init__.py
31657027,3,1,4,tsfc/kernel_interface/common.py
31657027,39,0,39,gem/utils.py
31657027,33,1,34,tsfc/fem.py
31657027,4,9,13,gem/impero_utils.py
31657027,58,0,58,gem/utils.py
31657027,1,18,19,tsfc/fem.py
31657027,2,1,3,tsfc/kernel_interface/ufc.py
31657027,0,5,5,tsfc/constants.py
31657027,4,1,5,tsfc/fem.py
31657027,9,1,10,tsfc/driver.py
31657027,1,0,1,tsfc/fiatinterface.py
31657027,18,15,33,tsfc/coffee.py
31657027,9,1,10,tsfc/constants.py
31657027,6,2,8,tsfc/driver.py
31657027,15,16,31,tsfc/fem.py
31657027,9,2,11,tsfc/driver.py
31657027,11,0,11,tsfc/kernel_interface/firedrake.py
31657027,1,2,3,tsfc/__init__.py
31657027,58,1,59,tsfc/driver.py
31657027,0,69,69,tsfc/interpolate.py
31657027,33,50,83,tsfc/interpolate.py
31657027,40,0,40,tsfc/kernel_interface/firedrake.py
31657027,2,1,3,tsfc/__init__.py
31657027,17,28,45,tsfc/interpolate.py
31657027,20,0,20,tsfc/ufl_utils.py
31657027,97,0,97,tsfc/interpolate.py
31657027,1,0,1,gem/__init__.py
31657027,72,1,73,gem/optimise.py
31657027,1,2,3,tsfc/fem.py
31657027,4,0,4,gem/gem.py
31657027,5,2,7,gem/impero_utils.py
31657027,3,2,5,tsfc/fem.py
31657027,16,7,23,gem/gem.py
31657027,59,0,59,tests/test_create_finat_element.py
31657027,21,38,59,tsfc/finatinterface.py
31657027,2,1,3,tsfc/driver.py
31657027,6,5,11,tsfc/fem.py
31657027,3,2,5,tsfc/mixedelement.py
31657027,3,2,5,gem/impero_utils.py
31657027,2,1,3,gem/interpreter.py
31657027,2,1,3,gem/node.py
31657027,2,1,3,gem/optimise.py
31657027,6,7,13,gem/gem.py
31657027,2,3,5,gem/impero.py
31657027,1,1,2,gem/__init__.py
31657027,1,1,2,gem/gem.py
31657027,1,1,2,gem/impero.py
31657027,1,1,2,gem/impero_utils.py
31657027,1,1,2,gem/interpreter.py
31657027,1,1,2,gem/node.py
31657027,2,1,3,gem/optimise.py
31657027,1,1,2,gem/scheduling.py
31657027,2,0,2,setup.py
31657027,2,0,2,tests/test_codegen.py
31657027,1,0,1,tests/test_create_element.py
31657027,1,0,1,tests/test_idempotency.py
31657027,1,1,2,tsfc/__init__.py
31657027,2,1,3,tsfc/coffee.py
31657027,1,0,1,tsfc/compat.py
31657027,1,1,2,tsfc/constants.py
31657027,2,1,3,tsfc/driver.py
31657027,2,1,3,tsfc/fem.py
31657027,1,2,3,tsfc/fiatinterface.py
31657027,1,1,2,tsfc/geometric.py
31657027,1,1,2,tsfc/kernel_interface/__init__.py
31657027,1,1,2,tsfc/kernel_interface/common.py
31657027,1,1,2,tsfc/kernel_interface/firedrake.py
31657027,2,2,4,tsfc/kernel_interface/ufc.py
31657027,1,1,2,tsfc/logging.py
31657027,1,2,3,tsfc/mixedelement.py
31657027,1,1,2,tsfc/modified_terminals.py
31657027,1,1,2,tsfc/ufl2gem.py
31657027,1,1,2,tsfc/ufl_utils.py
31657027,1,1,2,tsfc/kernel_interface/ufc.py
31657027,23,2,25,tsfc/coffee.py
31657027,3,0,3,tsfc/ufl_utils.py
31657027,6,29,35,tsfc/kernel_interface/common.py
31657027,33,9,42,tsfc/kernel_interface/firedrake.py
31657027,5,8,13,tsfc/kernel_interface/ufc.py
31657027,1,1,2,setup.py
31657027,0,0,0,tsfc/backends/__init__.py
31657027,7,6,13,tsfc/driver.py
31657027,1,0,1,tsfc/kernel_interface/__init__.py
31657027,1,1,2,tsfc/{backends => kernel_interface}/ufc.py
31657027,11,15,26,tsfc/backends/ufc.py
31657027,6,7,13,tsfc/fiatinterface.py
31657027,5,7,12,tsfc/backends/pyop2.py
31657027,27,61,88,tsfc/backends/ufc.py
31657027,0,58,58,tsfc/kernel_interface.py
31657027,29,25,54,tsfc/backends/ufc.py
31657027,20,56,76,tsfc/backends/ufc.py
31657027,15,10,25,tsfc/finatinterface.py
31657027,4,4,8,tsfc/driver.py
31657027,0,14,14,tsfc/kernel_interface.py
31657027,5,15,20,tsfc/backends/pyop2.py
31657027,28,82,110,tsfc/backends/ufc.py
31657027,2,5,7,tsfc/driver.py
31657027,1,1,2,tsfc/kernel_interface.py
31657027,2,0,2,tsfc/driver.py
31657027,21,16,37,tsfc/driver.py
31657027,45,35,80,tsfc/backends/pyop2.py
31657027,5,2,7,tsfc/fiatinterface.py
31657027,0,14,14,tsfc/fiatinterface.py
31657027,94,14,108,tsfc/fiatinterface.py
31657027,1,8,9,tsfc/fem.py
31657027,8,5,13,tsfc/modified_terminals.py
31657027,2,2,4,gem/gem.py
31657027,6,1,7,gem/impero_utils.py
31657027,1,1,2,setup.py
31657027,1,2,3,tsfc/backends/pyop2.py
31657027,18,21,39,tsfc/backends/ufc.py
31657027,1,1,2,tsfc/kernel_interface.py
31657027,4,21,25,tsfc/driver.py
31657027,29,1,30,tsfc/ufl_utils.py
31657027,0,0,0,tsfc/backends/__init__.py
31657027,431,0,431,tsfc/backends/pyop2.py
31657027,395,0,395,tsfc/backends/ufc.py
31657027,10,10,20,tsfc/driver.py
31657027,42,376,418,tsfc/kernel_interface.py
31657027,14,14,28,tsfc/driver.py
31657027,250,262,512,tsfc/kernel_interface.py
31657027,1,16,17,tsfc/fiatinterface.py
31657027,2,1,3,tsfc/driver.py
31657027,12,1,13,tsfc/coffee.py
31657027,2,2,4,gem/gem.py
31657027,22,0,22,gem/gem.py
31657027,7,0,7,tsfc/coffee.py
31657027,1,2,3,gem/impero_utils.py
31657027,1,1,2,gem/scheduling.py
31657027,5,4,9,gem/gem.py
31657027,14,10,24,tsfc/coffee.py
31657027,5,1,6,tsfc/coffee.py
31657027,8,7,15,tsfc/kernel_interface.py
31657027,54,1,55,gem/gem.py
31657027,22,3,25,gem/optimise.py
31657027,36,0,36,tsfc/coffee.py
31657027,18,31,49,tsfc/kernel_interface.py
31657027,4,1,5,tsfc/driver.py
31657027,10,3,13,tsfc/kernel_interface.py
31657027,2,2,4,tsfc/driver.py
31657027,78,0,78,tests/test_geometry.py
31657027,18,11,29,tsfc/geometric.py
31657027,8,0,8,tests/test_codegen.py
31657027,28,3,31,tsfc/fem.py
31657027,2,0,2,tsfc/kernel_interface.py
31657027,21,20,41,tsfc/kernel_interface.py
31657027,11,20,31,tsfc/driver.py
31657027,5,3,8,tsfc/fem.py
31657027,1,1,2,tsfc/geometric.py
31657027,1,22,23,tsfc/kernel_interface.py
31657027,17,12,29,tsfc/geometric.py
31657027,24,11,35,tsfc/driver.py
31657027,11,33,44,tsfc/fem.py
31657027,3,10,13,tsfc/geometric.py
31657027,69,14,83,tsfc/kernel_interface.py
31657027,1,1,2,tsfc/geometric.py
31657027,26,36,62,tsfc/fem.py
31657027,9,11,20,tsfc/geometric.py
31657027,39,59,98,tsfc/fem.py
31657027,2,5,7,tsfc/geometric.py
31657027,11,36,47,tsfc/fem.py
31657027,6,71,77,tsfc/geometric.py
31657027,1,0,1,tsfc/driver.py
31657027,17,6,23,tsfc/fem.py
31657027,25,64,89,tsfc/geometric.py
31657027,4,5,9,tsfc/fiatinterface.py
31657027,7,0,7,tsfc/driver.py
31657027,0,13,13,tests/test_create_quadrature.py
31657027,36,2,38,tsfc/driver.py
31657027,15,7,22,tsfc/fem.py
31657027,26,1,27,tsfc/fiatinterface.py
31657027,0,106,106,tsfc/quadrature.py
31657027,15,15,30,gem/interpreter.py
31657027,0,72,72,tests/test_create_quadrature.py
31657027,21,96,117,tsfc/quadrature.py
31657027,5,3,8,tsfc/fem.py
31657027,0,34,34,tests/test_create_quadrature.py
31657027,5,257,262,tsfc/quadrature.py
31657027,4,3,7,tsfc/driver.py
31657027,8,0,8,tsfc/logging.py
31657027,2,0,2,tsfc/driver.py
31657027,1,0,1,tsfc/fem.py
31657027,2,1,3,tsfc/driver.py
31657027,0,18,18,tests/test_create_quadrature.py
31657027,4,9,13,tsfc/quadrature.py
31657027,23,15,38,tsfc/driver.py
31657027,98,49,147,tsfc/fem.py
31657027,2,2,4,tsfc/geometric.py
31657027,33,2,35,tsfc/driver.py
31657027,10,4,14,tsfc/fem.py
31657027,14,1,15,tsfc/geometric.py
31657027,8,2,10,tsfc/driver.py
31657027,1,1,2,tsfc/fem.py
31657027,32,1,33,tsfc/driver.py
31657027,14,6,20,tsfc/fem.py
31657027,10,2,12,tsfc/fem.py
31657027,1,1,2,tsfc/fem.py
31657027,2,2,4,tsfc/finatinterface.py
31657027,15,3,18,tsfc/finatinterface.py
31657027,11,10,21,tsfc/kernel_interface.py
31657027,21,2,23,tsfc/fem.py
31657027,3,3,6,gem/gem.py
31657027,1,7,8,tsfc/driver.py
31657027,1,1,2,tsfc/finatinterface.py
31657027,36,216,252,tsfc/kernel_interface.py
31657027,0,112,112,tsfc/mixedelement.py
31657027,0,6,6,tsfc/ufl_utils.py
31657027,0,25,25,tsfc/compat.py
31657027,5,119,124,tsfc/fem.py
31657027,2,2,4,tsfc/geometric.py
31657027,0,22,22,tsfc/ufl_utils.py
31657027,3,0,3,tsfc/finatinterface.py
31657027,7,2,9,tsfc/driver.py
31657027,1,1,2,tsfc/fem.py
31657027,1,1,2,tsfc/kernel_interface.py
31657027,11,6,17,tsfc/kernel_interface.py
31657027,8,4,12,tsfc/kernel_interface.py
31657027,1,0,1,tsfc/driver.py
31657027,13,2,15,tsfc/kernel_interface.py
31657027,25,0,25,tsfc/modified_terminals.py
31657027,56,6,62,tsfc/ufl_utils.py
31657027,20,2,22,tsfc/geometric.py
31657027,10,10,20,tsfc/geometric.py
31657027,61,38,99,tsfc/fem.py
31657027,2,2,4,tsfc/geometric.py
31657027,2,2,4,gem/gem.py
31657027,68,3,71,gem/gem.py
31657027,1,0,1,gem/impero_utils.py
31657027,13,8,21,tsfc/driver.py
31657027,30,82,112,tsfc/fem.py
31657027,17,13,30,tsfc/kernel_interface.py
31657027,134,0,134,tsfc/finatinterface.py
31657027,2,3,5,gem/gem.py
31657027,21,7,28,gem/gem.py
31657027,1,31,32,tsfc/ufl2gem.py
31657027,26,1,27,gem/gem.py
31657027,44,3,47,gem/optimise.py
31657027,12,2,14,gem/gem.py
31657027,34,6,40,gem/gem.py
31657027,2,2,4,gem/interpreter.py
31657027,1,1,2,gem/scheduling.py
31657027,3,5,8,tsfc/coffee.py
31657027,3,3,6,tsfc/ufl2gem.py
31657027,8,12,20,gem/impero_utils.py
31657027,0,6,6,tsfc/constants.py
31657027,0,1,1,tsfc/driver.py
31657027,5,7,12,gem/gem.py
31657027,6,9,15,tsfc/coffee.py
31657027,4,10,14,tsfc/fem.py
31657027,7,5,12,gem/gem.py
31657027,10,1,11,tsfc/coffee.py
31657027,10,4,14,tsfc/fem.py
31657027,11,2,13,tsfc/coffee.py
31657027,1,1,2,tsfc/driver.py
31657027,11,8,19,tsfc/kernel_interface.py
31657027,22,4,26,tsfc/coffee.py
31657027,4,1,5,tsfc/driver.py
31657027,3,0,3,gem/__init__.py
31657027,8,0,8,gem/gem.py
31657027,2,1,3,tsfc/coffee.py
31657027,3,1,4,tsfc/driver.py
31657027,1,1,2,tsfc/fem.py
31657027,1,1,2,tsfc/geometric.py
31657027,1,1,2,tsfc/kernel_interface.py
31657027,5,5,10,tsfc/ufl2gem.py
31657027,0,0,0,gem/__init__.py
31657027,1,1,2,{tsfc => gem}/gem.py
31657027,1,1,2,{tsfc => gem}/impero.py
31657027,2,2,4,{tsfc => gem}/impero_utils.py
31657027,1,1,2,{tsfc => gem}/interpreter.py
31657027,0,0,0,{tsfc => gem}/node.py
31657027,2,2,4,{tsfc => gem}/optimise.py
31657027,2,2,4,{tsfc => gem}/scheduling.py
31657027,1,1,2,setup.py
31657027,2,2,4,tests/test_codegen.py
31657027,2,1,3,tsfc/coffee.py
31657027,3,2,5,tsfc/driver.py
31657027,2,1,3,tsfc/fem.py
31657027,2,1,3,tsfc/geometric.py
31657027,3,2,5,tsfc/kernel_interface.py
31657027,5,5,10,tsfc/ufl2gem.py
31657027,2,1,3,tsfc/ufl_utils.py
31657027,2,2,4,tsfc/kernel_interface.py
31657027,9,9,18,tsfc/driver.py
31657027,76,4,80,tsfc/kernel_interface.py
31657027,12,18,30,tsfc/driver.py
31657027,2,2,4,tsfc/fem.py
31657027,15,3,18,tsfc/kernel_interface.py
31657027,1,1,2,tsfc/driver.py
31657027,54,43,97,tsfc/kernel_interface.py
31657027,13,7,20,tsfc/kernel_interface.py
31657027,36,64,100,tsfc/driver.py
31657027,15,13,28,tsfc/fem.py
31657027,83,40,123,tsfc/kernel_interface.py
31657027,4,11,15,tsfc/driver.py
31657027,5,253,258,tsfc/fem.py
31657027,267,0,267,tsfc/ufl_utils.py
31657027,2,6,8,tests/test_codegen.py
31657027,53,89,142,tsfc/driver.py
31657027,85,22,107,tsfc/impero_utils.py
31657027,0,23,23,tsfc/kernel_interface.py
31657027,0,5,5,tsfc/scheduling.py
31657027,11,14,25,tsfc/driver.py
31657027,12,13,25,tsfc/fem.py
31657027,22,59,81,tsfc/driver.py
31657027,67,6,73,tsfc/kernel_interface.py
31657027,2,278,280,tsfc/driver.py
31657027,285,0,285,tsfc/kernel_interface.py
31657027,14,0,14,tsfc/impero.py
31657027,6,9,15,tsfc/impero_utils.py
31657027,1,0,1,tsfc/scheduling.py
31657027,26,0,26,tests/test_codegen.py
31657027,10,0,10,tsfc/coffee.py
31657027,42,28,70,tsfc/driver.py
31657027,2,2,4,tsfc/impero.py
31657027,2,1,3,tsfc/scheduling.py
31657027,1,3,4,tsfc/fiatinterface.py
31657027,10,0,10,tsfc/constants.py
31657027,1,1,2,tsfc/interpreter.py
31657027,3,1,4,tsfc/constants.py
31657027,3,2,5,tsfc/driver.py
31657027,56,0,56,tsfc/driver.py
31657027,23,1,24,tsfc/fem.py
31657027,31,2,33,tsfc/ufl2gem.py
31657027,1,1,2,tsfc/coffee.py
31657027,3,3,6,tsfc/fem.py
31657027,13,6,19,tsfc/gem.py
31657027,6,7,13,tsfc/interpreter.py
31657027,3,0,3,tsfc/optimise.py
31657027,1,1,2,tsfc/impero_utils.py
31657027,0,2,2,tsfc/constants.py
31657027,19,19,38,tsfc/coffee.py
31657027,4,1,5,tsfc/driver.py
31657027,2,2,4,tsfc/impero.py
31657027,13,5,18,tsfc/impero_utils.py
31657027,11,11,22,tsfc/scheduling.py
31657027,27,0,27,tsfc/coffee.py
31657027,20,4,24,tests/test_idempotency.py
31657027,11,15,26,tsfc/coffee.py
31657027,8,1,9,tsfc/driver.py
31657027,25,0,25,tsfc/compat.py
31657027,3,2,5,tsfc/fem.py
31657027,5,14,19,tsfc/coffee.py
31657027,47,47,94,tsfc/coffee.py
31657027,44,44,88,tsfc/driver.py
31657027,5,5,10,tsfc/coffee.py
31657027,53,90,143,tsfc/driver.py
31657027,207,75,282,tsfc/impero_utils.py
31657027,10,0,10,tsfc/node.py
31657027,7,15,22,tsfc/scheduling.py
31657027,2,1,3,tsfc/driver.py
31657027,33,0,33,tsfc/impero.py
31657027,139,131,270,tsfc/scheduling.py
31657027,30,1,31,tsfc/driver.py
31657027,1,13,14,tsfc/optimise.py
31657027,3,3,6,tests/test_idempotency.py
31657027,13,3,16,tsfc/coffee.py
31657027,8,6,14,tsfc/gem.py
31657027,54,0,54,tests/test_idempotency.py
31657027,51,20,71,tsfc/driver.py
31657027,1,2,3,tsfc/driver.py
31657027,6,0,6,tsfc/coffee.py
31657027,1,1,2,tsfc/driver.py
31657027,12,0,12,tsfc/impero.py
31657027,2,0,2,tsfc/impero_utils.py
31657027,26,3,29,tsfc/scheduling.py
31657027,1,0,1,tsfc/fem.py
31657027,72,7,79,tsfc/fem.py
31657027,44,74,118,tsfc/fem.py
31657027,21,13,34,tsfc/fem.py
31657027,22,15,37,tsfc/fem.py
31657027,9,2,11,tsfc/node.py
31657027,1,0,1,tsfc/scheduling.py
31657027,8,4,12,tsfc/driver.py
31657027,5,44,49,tsfc/fem.py
31657027,1,1,2,tsfc/geometric.py
31657027,12,2,14,tsfc/fem.py
31657027,73,1,74,tsfc/fem.py
31657027,1,141,142,tsfc/fem.py
31657027,6,3,9,tsfc/driver.py
31657027,63,68,131,tsfc/fem.py
31657027,48,51,99,tsfc/fem.py
31657027,37,29,66,tsfc/fem.py
31657027,306,0,306,tsfc/interpreter.py
31657027,22,212,234,tsfc/fem.py
31657027,23,0,23,tsfc/gem.py
31657027,182,0,182,tsfc/geometric.py
31657027,5,5,10,tsfc/fem.py
31657027,3,3,6,tsfc/fiatinterface.py
31657027,15,11,26,tsfc/quadrature.py
31657027,1,1,2,tests/test_create_element.py
31657027,1,1,2,tests/test_create_quadrature.py
31657027,10,10,20,tsfc/fem.py
31657027,6,6,12,tsfc/fiatinterface.py
31657027,4,4,8,tsfc/quadrature.py
31657027,7,1,8,tsfc/driver.py
31657027,13,6,19,tsfc/fem.py
31657027,12,0,12,tsfc/gem.py
31657027,42,33,75,tsfc/driver.py
31657027,2,4,6,tsfc/fem.py
31657027,91,0,91,tsfc/node.py
31657027,37,51,88,tsfc/optimise.py
31657027,21,26,47,tsfc/optimise.py
31657027,10,3,13,tsfc/gem.py
31657027,10,15,25,tsfc/optimise.py
31657027,0,2,2,tsfc/driver.py
31657027,13,5,18,tsfc/optimise.py
31657027,6,3,9,tsfc/optimise.py
31657027,3,5,8,tsfc/driver.py
31657027,95,68,163,tsfc/optimise.py
31657027,6,0,6,tsfc/gem.py
31657027,1,106,107,tsfc/coffee.py
31657027,6,2,8,tsfc/driver.py
31657027,121,0,121,tsfc/impero_utils.py
31657027,33,2,35,tsfc/impero.py
31657027,5,15,20,tsfc/coffee.py
31657027,10,11,21,tsfc/driver.py
31657027,1,1,2,tsfc/fem.py
31657027,10,2,12,tsfc/gem.py
31657027,1,20,21,tsfc/optimise.py
31657027,2,2,4,tsfc/driver.py
31657027,1,1,2,tsfc/coffee.py
31657027,8,2,10,tsfc/ufl2gem.py
31657027,2,2,4,tests/test_create_quadrature.py
31657027,6,3,9,tsfc/quadrature.py
31657027,14,7,21,tsfc/driver.py
31657027,23,8,31,tsfc/coffee.py
31657027,5,5,10,tsfc/driver.py
31657027,3,3,6,tsfc/fem.py
31657027,82,233,315,tsfc/gem.py
31657027,109,0,109,tsfc/optimise.py
31657027,121,0,121,tsfc/ufl2gem.py
31657027,107,0,107,tests/test_create_element.py
31657027,137,0,137,tests/test_create_quadrature.py
31657027,10,1,11,tsfc/quadrature.py
31657027,1,2,3,tsfc/coffee.py
31657027,2,0,2,tsfc/gem.py
31657027,21,0,21,tsfc/driver.py
31657027,43,0,43,tsfc/gem.py
31657027,1,1,2,tsfc/coffee.py
31657027,1,1,2,tsfc/driver.py
31657027,2,2,4,tsfc/fem.py
31657027,1,1,2,tsfc/scheduling.py
31657027,42,0,42,tsfc/node.py
31657027,11,12,23,tsfc/einstein.py
31657027,15,5,20,tsfc/einstein.py
31657027,7,3,10,tsfc/driver.py
31657027,6,4,10,tsfc/driver.py
31657027,8,0,8,tsfc/einstein.py
31657027,2,1,3,tsfc/driver.py
31657027,1,3,4,tsfc/einstein.py
31657027,1,2,3,tsfc/driver.py
31657027,2,2,4,tsfc/driver.py
31657027,3,0,3,tsfc/__init__.py
31657027,344,0,344,tsfc/coffee.py
31657027,23,0,23,tsfc/constants.py
31657027,393,0,393,tsfc/driver.py
31657027,532,0,532,tsfc/einstein.py
31657027,797,0,797,tsfc/fem.py
31657027,62,0,62,tsfc/impero.py
31657027,163,0,163,tsfc/modified_terminals.py
31657027,67,0,67,tsfc/node.py
31657027,174,0,174,tsfc/scheduling.py
31657027,422,0,422,tsfc/quadrature.py
31657027,248,0,248,tsfc/fiatinterface.py
31657027,112,0,112,tsfc/mixedelement.py
31657027,7,0,7,setup.py
31657027,0,0,0,tsfc/__init__.py
29379373,20,9,29,templates/ovc/autosnapshotting/actions.py
29379373,38,5,43,templates/nodes/node.ovc/actions.py
29379373,1,1,2,tests/test_services/test_create_accounts_with_specs/actions.py
29379373,7,4,11,tests/test_services/test_create_accounts_with_specs/actions.py
29379373,47,0,47,tests/test_services/test_create_accounts_with_specs/actions.py
29379373,1,1,2,tests/test_services/test_validate_delete_models/actions.py
29379373,1,1,2,tests/test_services/test_validate_delete_models/actions.py
29379373,1,1,2,tests/test_services/test_validate_delete_models/actions.py
29379373,17,12,29,tests/test_services/test_auto_snapshoting/actions.py
29379373,38,36,74,templates/ovc/vdc/actions.py
29379373,3,5,8,templates/ovc/vdc/actions.py
29379373,74,0,74,tests/test_services/test_create_virtualmachine_extended/actions.py
29379373,49,0,49,tests/test_services/test_create_account_cloudspace_with_specs/actions.py
29379373,1,1,2,templates/ovc/vdc/actions.py
29379373,59,0,59,tests/test_services/test_create_account/actions.py
29379373,57,0,57,tests/test_services/test_create_cloudspace_with_specs/actions.py
29379373,4,0,4,templates/nodes/node.packet.net/actions.py
29379373,336,3,339,tests/test_services/test_cockpit_api/actions.py
29379373,1,1,2,tests/test_services/test_cockpit_api/actions.py
29379373,160,2,162,tests/test_services/test_cockpit_api/actions.py
29379373,64,2,66,tests/test_services/test_cockpit_api/actions.py
29379373,54,3,57,tests/test_services/test_cockpit_api/actions.py
29379373,41,4,45,tests/test_services/test_cockpit_api/actions.py
29379373,49,0,49,tests/test_services/test_cockpit_api/actions.py
29379373,1,24,25,tests/test_services/test_owncloud_install/actions.py
29379373,58,0,58,tests/test_services/test_add_user_to_cloudspace/actions.py
29379373,58,0,58,tests/test_services/test_add_user_to_vm/actions.py
29379373,60,0,60,tests/test_services/test_create_virtualmachine/actions.py
29379373,0,0,0,tests/test_services/test_add_user_to_cloudspace/actions.py
29379373,0,0,0,tests/test_services/test_add_user_to_vm/actions.py
29379373,60,0,60,tests/test_services/test_create_virtualmachine/actions.py
29379373,0,0,0,tests/test_services/test_create_virtualmachine/actions.py
29379373,1,1,2,templates/app/blueowncloud/actions.py
29379373,9,8,17,templates/app/blueowncloud/actions.py
29379373,4,4,8,templates/app/owncloud/actions.py
29379373,2,2,4,templates/app/tidb/actions.py
29379373,43,20,63,tests/test_services/{test_vm_live_migration => test_move_vms}/actions.py
29379373,202,0,202,tests/test_services/test_vm_live_migration/actions.py
29379373,1,0,1,templates/jumpscale/portal/actions.py
29379373,0,1,1,tests/test_services/test_network_configuration/actions.py
29379373,6,8,14,tests/test_services/test_network_configuration/actions.py
29379373,0,1,1,tests/test_services/test_recurring_actions_hanging_jobs/actions.py
29379373,1,1,2,tests/test_services/test_validate_ays_update/actions.py
29379373,1,1,2,tests/test_services/test_validate_bp_update_propagation/actions.py
29379373,10,9,19,tests/test_services/test_dependency_tree/actions.py
29379373,162,0,162,tests/test_services/test_network_configuration/actions.py
29379373,25,0,25,templates/app/s3/actions.py
29379373,2,2,4,templates/nodes/node.ovc/actions.py
29379373,1,1,2,tests/test_services/test_directory_structure/actions.py
29379373,1,1,2,tests/test_services/test_recurring_actions/actions.py
29379373,2,3,5,tests/test_services/test_recurring_actions_hanging_jobs/actions.py
29379373,1,1,2,tests/test_services/test_validate_ays_update/actions.py
29379373,1,1,2,tests/test_services/test_validate_bp_update_propagation/actions.py
29379373,2,2,4,tests/test_services/test_validate_run_steps/actions.py
29379373,1,1,2,tests/test_services/test_validate_service_args/actions.py
29379373,45,0,45,tests/test_services/test_auto_behavior/actions.py
29379373,38,0,38,tests/test_services/test_auto_behavior2/actions.py
29379373,48,0,48,tests/test_services/test_dependency_tree/actions.py
29379373,82,0,82,tests/test_services/test_directory_structure/actions.py
29379373,43,0,43,tests/test_services/test_parse_bp/actions.py
29379373,61,0,61,tests/test_services/test_recurring_actions/actions.py
29379373,68,0,68,tests/test_services/test_recurring_actions_hanging_jobs/actions.py
29379373,23,0,23,tests/test_services/test_run_filter1/actions.py
29379373,23,0,23,tests/test_services/test_run_filter2/actions.py
29379373,58,0,58,tests/test_services/test_run_filters/actions.py
29379373,83,0,83,tests/test_services/test_validate_ays_update/actions.py
29379373,77,0,77,tests/test_services/test_validate_bp_update_propagation/actions.py
29379373,62,0,62,tests/test_services/test_validate_delete_models/actions.py
29379373,40,0,40,tests/test_services/test_validate_models/actions.py
29379373,91,0,91,tests/test_services/test_validate_run_steps/actions.py
29379373,59,0,59,tests/test_services/test_validate_service_args/actions.py
29379373,1,1,2,templates/nodes/node.ovc/actions.py
29379373,2,1,3,templates/nodes/node.ovc/actions.py
29379373,1,1,2,templates/ovc/vdc/actions.py
29379373,1,1,2,tests/test_services/test_js8_install/actions.py
29379373,13,0,13,templates/app/cockpit/actions.py
29379373,1,1,2,templates/clients/sshkey/actions.py
29379373,1,4,5,templates/fs/fs.g8osfs/actions.py
29379373,1,1,2,templates/http/caddy/actions.py
29379373,11,3,14,templates/jumpscale/ayscockpit/actions.py
29379373,2,2,4,templates/jumpscale/portal/actions.py
29379373,1,1,2,tests/test_services/test_js8_install/actions.py
29379373,0,2,2,templates/nodes/node.ovc/actions.py
29379373,3,1,4,templates/ovc/vdc/actions.py
29379373,35,0,35,tests/test_services/test_ays_build_clean/actions.py
29379373,1,1,2,templates/os/os.ssh.ubuntu/actions.py
29379373,4,1,5,templates/nodes/node.docker/actions.py
29379373,204,0,204,tests/test_services/test_ays_build/actions.py
29379373,1,1,2,templates/os/os.ssh.ubuntu/actions.py
29379373,8,9,17,tests/test_services/test_js8_install/actions.py
29379373,337,0,337,tests/test_services/test_account_resources/actions.py
29379373,12,0,12,tests/test_services/test_s3/actions.py
29379373,25,18,43,tests/test_services/test_limit_iops/actions.py
29379373,35,3,38,tests/test_services/test_auto_snapshoting/actions.py
29379373,100,50,150,tests/test_services/test_js8_install/actions.py
29379373,58,47,105,tests/test_services/test_limit_iops/actions.py
29379373,7,2,9,tests/test_services/test_owncloud_install/actions.py
29379373,53,39,92,tests/test_services/test_s3/actions.py
29379373,52,37,89,tests/test_services/test_owncloud_install/actions.py
29379373,3,2,5,templates/http/caddy/actions.py
29379373,91,6,97,templates/app/blueowncloud/actions.py
29379373,44,7,51,templates/app/s3/actions.py
29379373,8,1,9,templates/http/caddy/actions.py
29379373,14,13,27,templates/fs/fs.btrfs/actions.py
29379373,66,0,66,tests/test_services/test_limit_iops/actions.py
29379373,21,10,31,tests/test_services/test_auto_snapshoting/actions.py
29379373,9,17,26,tests/test_services/test_owncloud_install/actions.py
29379373,52,0,52,tests/test_services/test_s3/actions.py
29379373,90,0,90,templates/nodes/node.ovc/actions.py
29379373,1,11,12,templates/app/app_docker/actions.py
29379373,15,15,30,templates/app/cockpit/actions.py
29379373,3,0,3,templates/http/caddy/actions.py
29379373,15,1,16,templates/jumpscale/ayscockpit/actions.py
29379373,9,0,9,templates/jumpscale/portal/actions.py
29379373,57,0,57,tests/test_services/test_owncloud_install/actions.py
29379373,11,1,12,templates/app/app_docker/actions.py
29379373,1,0,1,templates/app/cockpit/actions.py
29379373,3,64,67,templates/jumpscale/ayscockpit/actions.py
29379373,35,0,35,templates/jumpscale/portal/actions.py
29379373,3,1,4,templates/app/s3/actions.py
29379373,33,0,33,templates/app/scality/actions.py
29379373,0,67,67,tests/js8_install_test/actions.py
29379373,5,5,10,tests/test_services/{test_snapshot => test_auto_snapshoting}/actions.py
29379373,67,0,67,tests/test_services/test_js8_install/actions.py
29379373,0,48,48,tests/test_services/create_cloudspace_test/actions.py
29379373,0,49,49,tests/test_services/snapshot_test/actions.py
29379373,48,0,48,tests/test_services/test_create_cloudspace/actions.py
29379373,49,0,49,tests/test_services/test_snapshot/actions.py
29379373,48,0,48,tests/test_services/create_cloudspace_test/actions.py
29379373,49,0,49,tests/test_services/snapshot_test/actions.py
29379373,2,2,4,templates/jumpscale/ayscockpit/actions.py
29379373,0,1,1,templates/fs/fs.btrfs/actions.py
29379373,9,3,12,templates/nodes/node.ovc/actions.py
29379373,6,0,6,templates/clients/g8client/actions.py
29379373,1,1,2,templates/jumpscale/ayscockpit/actions.py
29379373,2,1,3,templates/nodes/node.ovc/actions.py
29379373,1,1,2,templates/app/cockpit/actions.py
29379373,5,0,5,templates/jumpscale/ayscockpit/actions.py
29379373,2,1,3,templates/app/blueowncloud/actions.py
29379373,3,0,3,templates/app/app_docker/actions.py
29379373,4,1,5,templates/app/s3/actions.py
29379373,11,0,11,templates/fs/fs.btrfs/actions.py
29379373,0,16,16,templates/nodes/node.docker/actions.py
29379373,0,0,0,{app => templates/app}/app_docker/actions.py
29379373,0,0,0,{app => templates/app}/blueowncloud/actions.py
29379373,0,0,0,{app => templates/app}/blueprint.deployerbot/actions.py
29379373,0,0,0,{app => templates/app}/cockpit/actions.py
29379373,0,0,0,{app => templates/app}/kvm/actions.py
29379373,0,0,0,{app => templates/app}/openvswitch/actions.py
29379373,0,0,0,{app => templates/app}/owncloud/actions.py
29379373,0,0,0,{app => templates/app}/s3/actions.py
29379373,0,0,0,{app => templates/app}/scality/actions.py
29379373,0,0,0,{app => templates/app}/tidb/actions.py
29379373,0,0,0,{clients => templates/clients}/g8client/actions.py
29379373,0,0,0,{clients => templates/clients}/sshkey/actions.py
29379373,0,0,0,{database => templates/database}/mongodb/actions.py
29379373,0,0,0,{database => templates/database}/redis/actions.py
29379373,0,0,0,{disk => templates/disk}/disk.ovc/actions.py
29379373,0,0,0,{disk => templates/disk}/disk.qcow2/actions.py
29379373,0,0,0,{disk => templates/disk}/image_os/actions.py
29379373,0,0,0,{disk => templates/disk}/storagepool.kvm/actions.py
29379373,0,0,0,{dns => templates/dns}/dns_domain/actions.py
29379373,0,0,0,{fs => templates/fs}/fs.btrfs/actions.py
29379373,0,0,0,{fs => templates/fs}/fs.g8osfs/actions.py
29379373,0,0,0,{g8os => templates/g8os}/vfs/actions.py
29379373,0,0,0,{http => templates/http}/caddy/actions.py
29379373,0,0,0,{jumpscale => templates/jumpscale}/aysbot/actions.py
29379373,0,0,0,{jumpscale => templates/jumpscale}/ayscockpit/actions.py
29379373,0,0,0,{jumpscale => templates/jumpscale}/deployerbot/actions.py
29379373,0,0,0,{jumpscale => templates/jumpscale}/portal/actions.py
29379373,0,0,0,{network => templates/network}/network.kvm/actions.py
29379373,0,0,0,{nodes => templates/nodes}/node.docker/actions.py
29379373,0,0,0,{nodes => templates/nodes}/node.kvm/actions.py
29379373,0,0,0,{nodes => templates/nodes}/node.ovc/actions.py
29379373,0,0,0,{nodes => templates/nodes}/node.packet.net/actions.py
29379373,0,0,0,{nodes => templates/nodes}/node.physical/actions.py
29379373,0,0,0,{os => templates/os}/os.ssh.ubuntu/actions.py
29379373,0,0,0,{os => templates/os}/vfs/actions.py
29379373,0,0,0,{ovc => templates/ovc}/account/actions.py
29379373,0,0,0,{ovc => templates/ovc}/autosnapshotting/actions.py
29379373,0,0,0,{ovc => templates/ovc}/g8network/actions.py
29379373,0,0,0,{ovc => templates/ovc}/uservdc/actions.py
29379373,0,0,0,{ovc => templates/ovc}/vdc/actions.py
29379373,51,5,56,jumpscale/ayscockpit/actions.py
29379373,1,1,2,jumpscale/ayscockpit/actions.py
29379373,2,0,2,jumpscale/ayscockpit/actions.py
29379373,0,0,0,{app => jumpscale}/aysbot/actions.py
29379373,2,2,4,jumpscale/ayscockpit/actions.py
29379373,16,0,16,app/cockpit/actions.py
29379373,13,21,34,app/cockpit/actions.py
29379373,10,4,14,ovc/vdc/actions.py
29379373,1,2,3,ovc/account/actions.py
29379373,1,1,2,ovc/vdc/actions.py
29379373,2,6,8,ovc/account/actions.py
29379373,117,0,117,ovc/account/actions.py
29379373,14,0,14,ovc/vdc/actions.py
29379373,0,53,53,clients/openvswitch/actions.py
29379373,0,11,11,clients/vmpool/actions.py
29379373,0,20,20,disk/disk.url/actions.py
29379373,0,20,20,disk/node.vm/actions.py
29379373,14,8,22,app/kvm/actions.py
29379373,1,1,2,nodes/node.packet.net/actions.py
29379373,40,0,40,app/kvm/actions.py
29379373,38,0,38,app/openvswitch/actions.py
29379373,53,0,53,disk/image_os/actions.py
29379373,24,0,24,disk/storagepool.kvm/actions.py
29379373,54,0,54,network/network.kvm/actions.py
29379373,61,156,217,nodes/node.kvm/actions.py
29379373,3,1,4,disk/disk.qcow2/actions.py
29379373,5,0,5,jumpscale/ayscockpit/actions.py
29379373,1,1,2,app/aysbot/actions.py
29379373,0,2,2,ovc/vdc/actions.py
29379373,2,0,2,nodes/node.ovc/actions.py
29379373,8,2,10,tests/js8_install_test/actions.py
29379373,53,0,53,clients/openvswitch/actions.py
29379373,11,0,11,clients/vmpool/actions.py
29379373,16,0,16,disk/disk.qcow2/actions.py
29379373,20,0,20,disk/disk.url/actions.py
29379373,20,0,20,disk/node.vm/actions.py
29379373,175,0,175,nodes/node.kvm/actions.py
29379373,1,0,1,jumpscale/ayscockpit/actions.py
29379373,12,0,12,jumpscale/ayscockpit/actions.py
29379373,13,1,14,ovc/vdc/actions.py
29379373,12,0,12,jumpscale/ayscockpit/actions.py
29379373,5,0,5,ovc/vdc/actions.py
29379373,61,0,61,tests/js8_install_test/actions.py
29379373,2,2,4,nodes/node.ovc/actions.py
29379373,2,2,4,app/aysbot/actions.py
29379373,9,10,19,app/aysbot/actions.py
29379373,22,0,22,app/cockpit/actions.py
29379373,27,0,27,app/aysbot/actions.py
29379373,7,1,8,app/blueowncloud/actions.py
29379373,94,0,94,nodes/node.ovc/actions.py
29379373,53,0,53,clients/openvswitch/actions.py
29379373,11,0,11,clients/vmpool/actions.py
29379373,16,0,16,disk/disk.qcow2/actions.py
29379373,20,0,20,disk/disk.url/actions.py
29379373,20,0,20,disk/node.vm/actions.py
29379373,175,0,175,nodes/node.kvm/actions.py
29379373,0,7,7,app/cockpit/actions.py
29379373,20,10,30,ovc/vdc/actions.py
29379373,2,2,4,jumpscale/ayscockpit/actions.py
29379373,0,7,7,app/cockpit/actions.py
29379373,1,1,2,jumpscale/portal/actions.py
29379373,1,1,2,jumpscale/portal/actions.py
29379373,3,3,6,app/cockpit/actions.py
29379373,3,1,4,jumpscale/ayscockpit/actions.py
29379373,1,4,5,jumpscale/portal/actions.py
29379373,2,7,9,ovc/uservdc/actions.py
29379373,4,1,5,ovc/uservdc/actions.py
29379373,1,1,2,jumpscale/ayscockpit/actions.py
29379373,114,0,114,app/blueprint.deployerbot/actions.py
29379373,0,0,0,{app => jumpscale}/deployerbot/actions.py
29379373,1,1,2,jumpscale/ayscockpit/actions.py
29379373,1,1,2,app/deployerbot/actions.py
29379373,75,0,75,app/deployerbot/actions.py
29379373,3,3,6,clients/sshkey/actions.py
29379373,1,1,2,jumpscale/ayscockpit/actions.py
29379373,1,1,2,ovc/uservdc/actions.py
29379373,33,0,33,ovc/uservdc/actions.py
29379373,17,3,20,ovc/vdc/actions.py
29379373,0,33,33,ovc/uservdc/actions.py
29379373,3,17,20,ovc/vdc/actions.py
29379373,33,0,33,ovc/uservdc/actions.py
29379373,17,3,20,ovc/vdc/actions.py
29379373,4,2,6,jumpscale/ayscockpit/actions.py
29379373,1,1,2,app/cockpit/actions.py
29379373,15,0,15,nodes/node.physical/actions.py
29379373,4,3,7,clients/sshkey/actions.py
29379373,7,5,12,os/os.ssh.ubuntu/actions.py
29379373,2,2,4,jumpscale/ayscockpit/actions.py
29379373,1,1,2,jumpscale/ayscockpit/actions.py
29379373,1,1,2,jumpscale/ayscockpit/actions.py
29379373,13,12,25,app/cockpit/actions.py
29379373,2,13,15,nodes/node.ovc/actions.py
29379373,1,1,2,app/cockpit/actions.py
29379373,9,3,12,dns/dns_domain/actions.py
29379373,14,2,16,fs/fs.g8osfs/actions.py
29379373,39,0,39,app/cockpit/actions.py
29379373,8,12,20,ovc/autosnapshotting/actions.py
29379373,4,0,4,jumpscale/ayscockpit/actions.py
29379373,1,1,2,jumpscale/ayscockpit/actions.py
29379373,1,0,1,app/cockpit/actions.py
29379373,1,1,2,nodes/node.ovc/actions.py
29379373,12,0,12,nodes/node.ovc/actions.py
29379373,17,18,35,fs/fs.btrfs/actions.py
29379373,11,14,25,nodes/node.ovc/actions.py
29379373,2,2,4,jumpscale/ayscockpit/actions.py
29379373,1,1,2,app/cockpit/actions.py
29379373,0,2,2,clients/sshkey/actions.py
29379373,1,1,2,app/cockpit/actions.py
29379373,0,0,0,app/app_docker/actions.py
29379373,0,0,0,app/blueowncloud/actions.py
29379373,0,0,0,app/cockpit/actions.py
29379373,0,0,0,app/owncloud/actions.py
29379373,0,0,0,app/s3/actions.py
29379373,0,0,0,app/scality/actions.py
29379373,0,0,0,app/tidb/actions.py
29379373,0,0,0,clients/g8client/actions.py
29379373,0,0,0,clients/sshkey/actions.py
29379373,0,0,0,database/mongodb/actions.py
29379373,0,0,0,database/redis/actions.py
29379373,0,0,0,disk/disk.ovc/actions.py
29379373,0,0,0,dns/dns_domain/actions.py
29379373,0,0,0,fs/fs.btrfs/actions.py
29379373,0,0,0,fs/fs.g8osfs/actions.py
29379373,0,0,0,g8os/vfs/actions.py
29379373,0,0,0,http/caddy/actions.py
29379373,0,0,0,jumpscale/ayscockpit/actions.py
29379373,0,0,0,jumpscale/portal/actions.py
29379373,0,0,0,nodes/node.docker/actions.py
29379373,0,0,0,nodes/node.ovc/actions.py
29379373,0,0,0,nodes/node.packet.net/actions.py
29379373,0,0,0,os/os.ssh.ubuntu/actions.py
29379373,0,0,0,os/vfs/actions.py
29379373,0,0,0,ovc/autosnapshotting/actions.py
29379373,0,0,0,ovc/g8network/actions.py
29379373,0,0,0,ovc/vdc/actions.py
29379373,5,1,6,jumpscale/ayscockpit/actions.py
29379373,2,2,4,app/cockpit/actions.py
29379373,11,1,12,app/cockpit/actions.py
29379373,24,6,30,jumpscale/ayscockpit/actions.py
29379373,16,9,25,jumpscale/ayscockpit/actions.py
29379373,12,1,13,app/cockpit/actions.py
29379373,38,1,39,jumpscale/portal/actions.py
29379373,2,3,5,app/cockpit/actions.py
29379373,2,15,17,app/cockpit/actions.py
29379373,12,1,13,os/os.ssh.ubuntu/actions.py
29379373,2,2,4,http/caddy/actions.py
29379373,68,1,69,nodes/node.docker/actions.py
29379373,2,0,2,fs/fs.g8osfs/actions.py
29379373,1,1,2,jumpscale/ayscockpit/actions.py
29379373,2,1,3,jumpscale/portal/actions.py
29379373,1,2,3,os/os.ssh.ubuntu/actions.py
29379373,6,1,7,clients/sshkey/actions.py
29379373,3,0,3,os/os.ssh.ubuntu/actions.py
29379373,10,18,28,nodes/node.docker/actions.py
29379373,6,5,11,nodes/node.packet.net/actions.py
29379373,3,28,31,nodes/node.packet.net/actions.py
29379373,9,4,13,app/cockpit/actions.py
29379373,13,3,16,fs/fs.btrfs/actions.py
29379373,0,9,9,nodes/node.ovc/actions.py
29379373,11,10,21,nodes/node.packet.net/actions.py
29379373,1,1,2,nodes/node.docker/actions.py
29379373,1,0,1,ovc/vdc/actions.py
29379373,41,27,68,nodes/node.ovc/actions.py
29379373,26,10,36,fs/fs.btrfs/actions.py
29379373,1,1,2,jumpscale/portal/actions.py
29379373,6,3,9,nodes/node.ovc/actions.py
29379373,31,0,31,fs/fs.btrfs/actions.py
29379373,77,1,78,nodes/node.ovc/actions.py
29379373,1,1,2,app/s3/actions.py
29379373,1,1,2,fs/fs.btrfs/actions.py
29379373,1,1,2,nodes/node.docker/actions.py
29379373,17,2,19,nodes/node.ovc/actions.py
29379373,1,1,2,nodes/node.ovc/actions.py
29379373,1,1,2,clients/sshkey/actions.py
29379373,57,9,66,nodes/node.ovc/actions.py
29379373,16,0,16,nodes/node.docker/actions.py
29379373,6,0,6,nodes/node.packet.net/actions.py
29379373,0,1,1,clients/sshkey/actions.py
29379373,4,1,5,clients/sshkey/actions.py
29379373,22,0,22,nodes/node.docker/actions.py
29379373,54,11,65,nodes/node.packet.net/actions.py
29379373,42,0,42,nodes/node.packet.net/actions.py
29379373,4,3,7,ovc/autosnapshotting/actions.py
29379373,54,0,54,nodes/node.ovc/actions.py
29379373,1,1,2,clients/sshkey/actions.py
29379373,4,0,4,disk/disk.ovc/actions.py
29379373,1,1,2,nodes/node.ovc/actions.py
29379373,10,3,13,nodes/node.ovc/actions.py
29379373,1,2,3,ovc/vdc/actions.py
29379373,39,31,70,nodes/node.docker/actions.py
29379373,0,21,21,g8network/actions.py
29379373,4,1,5,ovc/g8network/actions.py
29379373,37,1,38,app/s3/actions.py
29379373,2,1,3,app/blueowncloud/actions.py
29379373,5,2,7,app/scality/actions.py
29379373,103,0,103,app/blueowncloud/actions.py
29379373,1,1,2,ovc/vdc/actions.py
29379373,127,0,127,app/cockpit/actions.py
29379373,13,10,23,jumpscale/{cockpit => ayscockpit}/actions.py
29379373,1,1,2,ovc/autosnapshotting/actions.py
29379373,18,0,18,ovc/g8network/actions.py
29379373,2,2,4,http/caddy/actions.py
29379373,6,3,9,jumpscale/cockpit/actions.py
29379373,6,3,9,jumpscale/portal/actions.py
29379373,6,2,8,database/redis/actions.py
29379373,0,1,1,database/mongodb/actions.py
29379373,0,1,1,database/redis/actions.py
29379373,0,2,2,http/caddy/actions.py
29379373,0,2,2,jumpscale/cockpit/actions.py
29379373,0,2,2,jumpscale/portal/actions.py
29379373,1,1,2,app/s3/actions.py
29379373,81,0,81,app/s3/actions.py
29379373,12,1,13,app/scality/actions.py
29379373,2,1,3,nodes/node.docker/actions.py
29379373,12,4,16,app/owncloud/actions.py
29379373,4,1,5,g8network/actions.py
29379373,1,1,2,ovc/vdc/actions.py
29379373,1,2,3,ovc/vdc/actions.py
29379373,1,1,2,jumpscale/portal/actions.py
29379373,4,7,11,fs/fs.g8osfs/actions.py
29379373,1,1,2,fs/fs.g8osfs/actions.py
29379373,19,0,19,fs/fs.g8osfs/actions.py
29379373,46,0,46,jumpscale/cockpit/actions.py
29379373,30,0,30,jumpscale/portal/actions.py
29379373,1,0,1,database/mongodb/actions.py
29379373,1,0,1,database/redis/actions.py
29379373,2,0,2,http/caddy/actions.py
29379373,1,9,10,os/os.ssh.ubuntu/actions.py
29379373,46,0,46,jumpscale/cockpit/actions.py
29379373,30,0,30,jumpscale/portal/actions.py
29379373,1,0,1,database/mongodb/actions.py
29379373,1,0,1,database/redis/actions.py
29379373,2,0,2,http/caddy/actions.py
29379373,1,9,10,os/os.ssh.ubuntu/actions.py
29379373,16,2,18,app/owncloud/actions.py
29379373,3,17,20,app/tidb/actions.py
29379373,9,6,15,app/owncloud/actions.py
29379373,29,0,29,app/tidb/actions.py
29379373,2,2,4,ovc/vdc/actions.py
29379373,18,0,18,g8network/actions.py
29379373,2,2,4,ovc/vdc/actions.py
29379373,2,2,4,fs/fs.btrfs/actions.py
29379373,53,0,53,fs/fs.btrfs/actions.py
29379373,0,0,0,{g8os/g8osfs => fs/fs.g8osfs}/actions.py
29379373,7,7,14,nodes/node.docker/actions.py
29379373,1,0,1,nodes/node.packet.net/actions.py
29379373,1,1,2,g8os/g8osfs/actions.py
29379373,80,0,80,nodes/node.packet.net/actions.py
29379373,6,2,8,os/os.ssh.ubuntu/actions.py
29379373,1,1,2,http/caddy/actions.py
29379373,1,0,1,g8os/g8osfs/actions.py
29379373,10,8,18,clients/sshkey/actions.py
29379373,5,4,9,g8os/g8osfs/actions.py
29379373,5,1,6,nodes/node.ovc/actions.py
29379373,7,7,14,nodes/node.docker/actions.py
29379373,51,0,51,http/caddy/actions.py
29379373,28,0,28,database/redis/actions.py
29379373,16,0,16,database/mongodb/actions.py
29379373,52,0,52,dns/dns_domain/actions.py
29379373,51,1,52,ovc/vdc/actions.py
29379373,0,18,18,ovc/vdc_user/actions.py
29379373,25,23,48,ovc/vdc/actions.py
29379373,9,0,9,ovc/vdc/actions.py
29379373,4,2,6,ovc/vdc/actions.py
29379373,4,4,8,app/scality/actions.py
29379373,24,0,24,ovc/vdc/actions.py
29379373,3,1,4,os/os.ssh.ubuntu/actions.py
29379373,11,6,17,os/os.ssh.ubuntu/actions.py
29379373,5,1,6,nodes/node.docker/actions.py
29379373,14,0,14,app/owncloud/actions.py
29379373,1,1,2,nodes/node.docker/actions.py
29379373,22,0,22,app/scality/actions.py
29379373,9,5,14,nodes/node.docker/actions.py
29379373,89,0,89,g8os/g8osfs/actions.py
29379373,1,1,2,nodes/node.docker/actions.py
29379373,5,13,18,nodes/node.docker/actions.py
29379373,14,1,15,ovc/vdc/actions.py
29379373,0,18,18,ovc/vdc_user/actions.py
29379373,26,7,33,nodes/node.docker/actions.py
29379373,13,12,25,nodes/node.ovc/actions.py
29379373,67,0,67,ovc/autosnapshotting/actions.py
29379373,0,1,1,ovc/vdc_user/actions.py
29379373,0,1,1,ovc/autosnapshotting/actions.py
29379373,0,22,22,ovc/autosnapshotting/actions.py
29379373,0,0,0,{ovc => nodes}/node.ovc/actions.py
29379373,8,0,8,g8os/vfs/actions.py
29379373,10,7,17,g8os/vfs/actions.py
29379373,57,0,57,nodes/node.docker/actions.py
29379373,2,2,4,os/os.ssh.ubuntu/actions.py
29379373,61,3,64,ovc/node.ovc/actions.py
29379373,18,23,41,ovc/autosnapshotting/actions.py
29379373,0,0,0,{ovc => nodes}/node.ovc/actions.py
29379373,8,0,8,g8os/vfs/actions.py
29379373,10,7,17,g8os/vfs/actions.py
29379373,44,2,46,ovc/autosnapshotting/actions.py
29379373,57,0,57,nodes/node.docker/actions.py
29379373,42,4,46,ovc/autosnapshotting/actions.py
29379373,4,5,9,ovc/autosnapshotting/actions.py
29379373,16,0,16,ovc/autosnapshotting/actions.py
29379373,0,1,1,ovc/vdc_user/actions.py
29379373,1,0,1,os/os.ssh.ubuntu/actions.py
29379373,149,0,149,g8os/vfs/actions.py
29379373,149,0,149,os/vfs/actions.py
29379373,0,3,3,ovc/vdc/actions.py
29379373,1,1,2,ovc/node.ovc/actions.py
29379373,4,2,6,os/os.ssh.ubuntu/actions.py
29379373,2,11,13,os/os.ssh.ubuntu/actions.py
29379373,4,15,19,os/os.ssh.ubuntu/actions.py
29379373,1,0,1,ovc/vdc_user/actions.py
29379373,0,1,1,os/os.ssh.ubuntu/actions.py
29379373,5,3,8,ovc/vdc/actions.py
29379373,18,0,18,ovc/vdc_user/actions.py
29379373,16,4,20,os/os.ssh.ubuntu/actions.py
29379373,0,0,0,app/{app.docker => app_docker}/actions.py
29379373,29,0,29,app/app.docker/actions.py
29379373,53,0,53,os/os.ssh.ubuntu/actions.py
29379373,7,2,9,ovc/node.ovc/actions.py
29379373,2,1,3,clients/sshkey/actions.py
29379373,1,1,2,ovc/node.ovc/actions.py
29379373,3,3,6,ovc/vdc/actions.py
29379373,0,38,38,aggregation/datacenter/actions.py
29379373,58,0,58,ovc/node.ovc/actions.py
29379373,1,0,1,ovc/vdc/actions.py
29379373,0,29,29,_apps/app.deployerbot/actions.py
29379373,0,19,19,_apps/app_docker/actions.py
29379373,0,6,6,_apps/hadoop/actions.py
29379373,0,6,6,_apps/mongodb/actions.py
29379373,0,38,38,_apps/validate_itsyouonline/actions.py
29379373,0,52,52,_blueprints/blueprint.cockpit.g8/actions.py
29379373,0,48,48,_blueprints/blueprint.os.ubuntu.openvcloud/actions.py
29379373,0,12,12,_clients/_skydnsclient_archive/actions.py
29379373,0,18,18,_clients/dns_client/actions.py
29379373,0,25,25,_clients/g8client/actions.py
29379373,0,10,10,_clients/gitclient/actions.py
29379373,0,13,13,_clients/mailclient/actions.py
29379373,0,13,13,_clients/packetclient/actions.py
29379373,0,19,19,_jumpscale/agent/actions.py
29379373,0,51,51,_jumpscale/cockpit/actions.py
29379373,0,10,10,_jumpscale/js8/actions.py
29379373,0,28,28,_jumpscale/portal/actions.py
29379373,0,151,151,_nodes/_docker_archive/actions.py
29379373,0,16,16,_nodes/aysfs/actions.py
29379373,0,128,128,_nodes/node.docker/actions.py
29379373,0,127,127,_nodes/node.docker_generic/actions.py
29379373,0,104,104,_nodes/node.ovc/actions.py
29379373,0,64,64,_nodes/node.packet.net/actions.py
29379373,0,282,282,_os/os.cockpit/actions.py
29379373,0,84,84,_os/os.ssh.ubuntu/actions.py
29379373,0,75,75,_os/sshkey/actions.py
29379373,0,37,37,_ovc/ovc_user/actions.py
29379373,0,88,88,_ovc/vdc/actions.py
29379373,0,19,19,_servers/dnsmasq/actions.py
29379373,0,50,50,_servers/shellinabox/actions.py
29379373,0,32,32,_servers/weave/actions.py
29379373,0,40,40,_servers/webserver.caddy/actions.py
29379373,0,90,90,_test/test_jumpscale8/actions.py
29379373,0,19,19,_test/test_jumpscale_portal/actions.py
29379373,0,154,154,_virtualization/docker/actions.py
29379373,0,128,128,_virtualization/dockerhost/actions.py
29379373,38,0,38,aggregation/datacenter/actions.py
29379373,9,0,9,clients/g8client/actions.py
29379373,42,0,42,clients/sshkey/actions.py
29379373,35,0,35,ovc/vdc/actions.py
29379373,126,128,254,_nodes/node.docker/actions.py
29379373,67,49,116,_os/os.ssh.ubuntu/actions.py
29379373,4,4,8,_os/sshkey/actions.py
29379373,18,23,41,_clients/dns_client/actions.py
29379373,54,56,110,_os/sshkey/actions.py
29379373,1,1,2,_clients/dns_client/actions.py
29379373,4,3,7,_nodes/_docker_archive/actions.py
29379373,4,2,6,_os/os.cockpit/actions.py
29379373,1,1,2,_os/os.ssh.ubuntu/actions.py
29379373,3,3,6,_virtualization/docker/actions.py
29379373,1,1,2,_apps/app_docker/actions.py
29379373,3,2,5,_clients/dns_client/actions.py
29379373,1,1,2,_nodes/node.docker/actions.py
29379373,1,1,2,_nodes/node.ovc/actions.py
29379373,3,1,4,_os/os.ssh.ubuntu/actions.py
29379373,2,0,2,_blueprints/blueprint.cockpit.g8/actions.py
29379373,2,2,4,_clients/dns_client/actions.py
29379373,3,4,7,_nodes/node.docker/actions.py
29379373,4,2,6,_nodes/node.ovc/actions.py
29379373,2,2,4,_os/sshkey/actions.py
29379373,6,7,13,_os/sshkey/actions.py
29379373,2,2,4,_os/sshkey/actions.py
29379373,1,1,2,_blueprints/blueprint.cockpit.g8/actions.py
29379373,2,1,3,_blueprints/blueprint.cockpit.g8/actions.py
29379373,6,0,6,_os/os.cockpit/actions.py
29379373,1,1,2,_apps/hadoop/actions.py
29379373,1,1,2,_servers/webserver.caddy/actions.py
29379373,1,1,2,_virtualization/docker/actions.py
29379373,1,0,1,_blueprints/blueprint.cockpit.g8/actions.py
29379373,1,0,1,_clients/dns_client/actions.py
29379373,5,1,6,_os/os.cockpit/actions.py
29379373,1,1,2,_servers/shellinabox/actions.py
29379373,1,1,2,_nodes/node.docker/actions.py
29379373,1,1,2,_os/os.cockpit/actions.py
29379373,2,2,4,_os/os.ssh.ubuntu/actions.py
29379373,12,8,20,_nodes/node.ovc/actions.py
29379373,3,0,3,_os/sshkey/actions.py
29379373,2,0,2,_nodes/node.ovc/actions.py
29379373,20,7,27,_os/os.ssh.ubuntu/actions.py
29379373,38,0,38,_apps/validate_itsyouonline/actions.py
29379373,1,1,2,_os/os.cockpit/actions.py
29379373,1,0,1,_blueprints/blueprint.cockpit.g8/actions.py
29379373,1,0,1,_jumpscale/cockpit/actions.py
29379373,6,1,7,_nodes/node.docker/actions.py
29379373,1,1,2,_os/os.cockpit/actions.py
29379373,1,1,2,_os/os.cockpit/actions.py
29379373,21,14,35,_os/os.cockpit/actions.py
29379373,15,0,15,_os/os.cockpit/actions.py
29379373,5,5,10,_nodes/node.docker/actions.py
29379373,1,1,2,_os/os.cockpit/actions.py
29379373,2,2,4,_servers/weave/actions.py
29379373,1,1,2,_jumpscale/portal/actions.py
29379373,4,4,8,_nodes/node.docker/actions.py
29379373,25,12,37,_servers/weave/actions.py
29379373,2,1,3,_nodes/node.ovc/actions.py
29379373,2,1,3,_os/os.cockpit/actions.py
29379373,12,5,17,_os/os.ssh.ubuntu/actions.py
29379373,2,1,3,_nodes/node.ovc/actions.py
29379373,1,1,2,_servers/dnsmasq/actions.py
29379373,19,0,19,_servers/dnsmasq/actions.py
29379373,1,1,2,_jumpscale/cockpit/actions.py
29379373,0,40,40,_jumpscale/mongocluster/actions.py
29379373,1,1,2,_nodes/node.docker/actions.py
29379373,2,1,3,_nodes/node.ovc/actions.py
29379373,1,1,2,_blueprints/blueprint.cockpit.g8/actions.py
29379373,2,1,3,_nodes/node.ovc/actions.py
29379373,3,0,3,_os/os.ssh.ubuntu/actions.py
29379373,1,1,2,_os/os.cockpit/actions.py
29379373,0,9,9,_os/sshkey/actions.py
29379373,2,1,3,_blueprints/blueprint.cockpit.g8/actions.py
29379373,2,0,2,_jumpscale/cockpit/actions.py
29379373,0,48,48,_jumpscale/jscockpit/actions.py
29379373,6,5,11,_os/os.cockpit/actions.py
29379373,6,0,6,_apps/hadoop/actions.py
29379373,2,1,3,_os/os.cockpit/actions.py
29379373,1,1,2,_os/os.cockpit/actions.py
29379373,1,1,2,_os/os.cockpit/actions.py
29379373,6,5,11,_os/os.cockpit/actions.py
29379373,2,1,3,_os/os.cockpit/actions.py
29379373,1,1,2,_os/os.cockpit/actions.py
29379373,16,1,17,_os/os.cockpit/actions.py
29379373,1,3,4,_os/os.cockpit/actions.py
29379373,1,1,2,_os/sshkey/actions.py
29379373,8,8,16,_blueprints/blueprint.cockpit.g8/actions.py
29379373,5,0,5,_os/sshkey/actions.py
29379373,5,0,5,_blueprints/blueprint.cockpit.g8/actions.py
29379373,0,27,27,_github/github_client/actions.py
29379373,0,43,43,_github/github_config/actions.py
29379373,0,154,154,_github/github_issue/actions.py
29379373,0,9,9,_github/github_milestone/actions.py
29379373,0,154,154,_github/github_repo/actions.py
29379373,0,238,238,_github/github_support/actions.py
29379373,0,18,18,_github/github_user/actions.py
29379373,3,1,4,_os/os.cockpit/actions.py
29379373,1,22,23,_github/github_milestone/actions.py
29379373,2,2,4,_os/os.cockpit/actions.py
29379373,3,1,4,_nodes/node.docker/actions.py
29379373,17,50,67,_github/github_repo/actions.py
29379373,1,0,1,_blueprints/blueprint.cockpit.g8/actions.py
29379373,3,4,7,_jumpscale/cockpit/actions.py
29379373,6,35,41,_os/os.cockpit/actions.py
29379373,0,8,8,_apps/mongo/actions.py
29379373,0,0,0,{_jumpscale => _apps}/mongodb/actions.py
29379373,4,2,6,_jumpscale/portal/actions.py
29379373,1,1,2,_jumpscale/portal/actions.py
29379373,4,0,4,_apps/app_docker/actions.py
29379373,4,1,5,_jumpscale/cockpit/actions.py
29379373,9,5,14,_nodes/node.docker/actions.py
29379373,6,0,6,_jumpscale/mongodb/actions.py
29379373,1,0,1,_github/github_config/actions.py
29379373,1,1,2,_github/github_repo/actions.py
29379373,5,5,10,_github/github_repo/actions.py
29379373,3,5,8,_jumpscale/mongocluster/actions.py
29379373,1,1,2,_nodes/node.packet.net/actions.py
29379373,8,0,8,_apps/mongo/actions.py
29379373,40,0,40,_blueprints/blueprint.cockpit.g8/actions.py
29379373,13,0,13,_clients/packetclient/actions.py
29379373,3,35,38,{_blueprints/blueprint.cockpit => _jumpscale/cockpit}/actions.py
29379373,0,14,14,_jumpscale/cockpit_post/actions.py
29379373,43,3,46,_jumpscale/jscockpit/actions.py
29379373,19,7,26,_nodes/node.docker/actions.py
29379373,64,0,64,_nodes/node.packet.net/actions.py
29379373,25,8,33,_nodes/node.docker/actions.py
29379373,0,3,3,_github/github_issue/actions.py
29379373,16,57,73,_github/github_repo/actions.py
29379373,1,1,2,_github/github_repo/actions.py
29379373,132,5,137,_github/github_support/actions.py
29379373,2,0,2,_os/os.cockpit/actions.py
29379373,2,0,2,_github/github_issue/actions.py
29379373,3,2,5,_nodes/node.ovc/actions.py
29379373,1,1,2,_blueprints/blueprint.cockpit/actions.py
29379373,2,0,2,_blueprints/blueprint.cockpit/actions.py
29379373,0,12,12,_blueprints/blueprint.cockpit/actions.py
29379373,4,1,5,_os/os.cockpit/actions.py
29379373,1,1,2,_os/os.cockpit/actions.py
29379373,1,1,2,_os/os.cockpit/actions.py
29379373,4,0,4,_os/os.cockpit/actions.py
29379373,3,3,6,_github/github_repo/actions.py
29379373,15,28,43,_github/github_support/actions.py
29379373,13,0,13,_blueprints/blueprint.cockpit/actions.py
29379373,13,0,13,_clients/mailclient/actions.py
29379373,28,6,34,_github/github_issue/actions.py
29379373,22,6,28,_github/github_repo/actions.py
29379373,1,1,2,_github/github_support/actions.py
29379373,14,0,14,_jumpscale/cockpit_post/actions.py
29379373,4,8,12,_jumpscale/portal/actions.py
29379373,14,3,17,_test/test_jumpscale8/actions.py
29379373,2,0,2,_os/os.cockpit/actions.py
29379373,45,5,50,_os/os.cockpit/actions.py
29379373,1,1,2,_github/github_repo/actions.py
29379373,4,6,10,_github/github_repo/actions.py
29379373,1,0,1,_os/os.cockpit/actions.py
29379373,4,4,8,_nodes/node.docker/actions.py
29379373,20,7,27,_blueprints/blueprint.cockpit/actions.py
29379373,21,0,21,_clients/dns_client/actions.py
29379373,31,30,61,_os/os.cockpit/actions.py
29379373,1,1,2,_github/github_repo/actions.py
29379373,4,7,11,_github/github_issue/actions.py
29379373,2,24,26,_github/github_repo/actions.py
29379373,0,0,0,_jumpscale/{cockpit => jscockpit}/actions.py
29379373,1,1,2,_github/github_repo/actions.py
29379373,4,0,4,_github/github_issue/actions.py
29379373,0,1,1,_github/github_repo/actions.py
29379373,5,1,6,_github/github_repo/actions.py
29379373,1,7,8,_github/github_issue/actions.py
29379373,1,1,2,_github/github_repo/actions.py
29379373,14,1,15,_github/github_issue/actions.py
29379373,22,17,39,_github/github_issue/actions.py
29379373,92,51,143,_github/github_repo/actions.py
29379373,1,5,6,_github/github_repo/actions.py
29379373,1,0,1,_github/github_config/actions.py
29379373,0,2,2,_github/github_repo/actions.py
29379373,28,30,58,_github/github_repo/actions.py
29379373,1,1,2,_github/github_repo/actions.py
29379373,4,0,4,_github/github_issue/actions.py
29379373,0,1,1,_github/github_repo/actions.py
29379373,5,1,6,_github/github_repo/actions.py
29379373,1,7,8,_github/github_issue/actions.py
29379373,1,1,2,_github/github_repo/actions.py
29379373,14,1,15,_github/github_issue/actions.py
29379373,22,17,39,_github/github_issue/actions.py
29379373,92,51,143,_github/github_repo/actions.py
29379373,3,3,6,_github/github_support/actions.py
29379373,10,3,13,_jumpscale/portal/actions.py
29379373,14,3,17,_os/os.cockpit/actions.py
29379373,4,2,6,_os/sshkey/actions.py
29379373,9,0,9,_test/test_jumpscale8/actions.py
29379373,2,1,3,_os/os.cockpit/actions.py
29379373,14,3,17,_os/os.cockpit/actions.py
29379373,10,3,13,_jumpscale/portal/actions.py
29379373,9,0,9,_test/test_jumpscale8/actions.py
29379373,1,5,6,_github/github_repo/actions.py
29379373,1,0,1,_github/github_config/actions.py
29379373,0,2,2,_github/github_repo/actions.py
29379373,3,3,6,_github/github_support/actions.py
29379373,28,30,58,_github/github_repo/actions.py
29379373,4,2,6,_os/sshkey/actions.py
29379373,4,11,15,_ovc/ovc_user/actions.py
29379373,21,6,27,_ovc/vdc/actions.py
29379373,8,0,8,_jumpscale/cockpit/actions.py
29379373,3,3,6,_jumpscale/js8/actions.py
29379373,10,4,14,_nodes/node.docker/actions.py
29379373,27,6,33,_test/test_jumpscale8/actions.py
29379373,10,0,10,_jumpscale/js8/actions.py
29379373,1,0,1,_nodes/node.docker/actions.py
29379373,49,0,49,_test/test_jumpscale8/actions.py
29379373,6,0,6,_ovc/vdc/actions.py
29379373,1,1,2,_ovc/vdc/actions.py
29379373,26,13,39,_ovc/vdc/actions.py
29379373,27,53,80,_servers/webserver.caddy/actions.py
29379373,29,0,29,_apps/app.deployerbot/actions.py
29379373,2,2,4,_ovc/ovc_user/actions.py
29379373,7,4,11,_ovc/ovc_user/actions.py
29379373,1,1,2,_ovc/vdc/actions.py
29379373,3,2,5,_ovc/ovc_user/actions.py
29379373,11,4,15,_ovc/ovc_user/actions.py
29379373,1,0,1,_ovc/vdc/actions.py
29379373,8,8,16,_ovc/vdc/actions.py
29379373,12,1,13,_ovc/vdc/actions.py
29379373,6,6,12,_ovc/ovc_user/actions.py
29379373,1,1,2,_ovc/vdc/actions.py
29379373,2,2,4,_nodes/node.docker/actions.py
29379373,21,22,43,_os/os.cockpit/actions.py
29379373,1,1,2,_os/os.ssh.ubuntu/actions.py
29379373,1,1,2,_os/sshkey/actions.py
29379373,4,4,8,_ovc/vdc/actions.py
29379373,15,24,39,_blueprints/blueprint.cockpit/actions.py
29379373,7,7,14,_nodes/node.ovc/actions.py
29379373,13,6,19,_os/os.cockpit/actions.py
29379373,8,1,9,_blueprints/blueprint.cockpit/actions.py
29379373,14,2,16,_os/os.cockpit/actions.py
29379373,4,4,8,_apps/app_docker/actions.py
29379373,1,1,2,_blueprints/blueprint.cockpit/actions.py
29379373,1,1,2,_blueprints/blueprint.os.ubuntu.openvcloud/actions.py
29379373,1,1,2,_clients/_skydnsclient_archive/actions.py
29379373,2,2,4,_clients/g8client/actions.py
29379373,2,2,4,_clients/gitclient/actions.py
29379373,1,1,2,_github/github_user/actions.py
29379373,1,1,2,_jumpscale/agent/actions.py
29379373,2,2,4,_jumpscale/mongocluster/actions.py
29379373,2,2,4,_jumpscale/portal/actions.py
29379373,4,4,8,_nodes/_docker_archive/actions.py
29379373,4,4,8,_nodes/aysfs/actions.py
29379373,2,2,4,_nodes/node.docker/actions.py
29379373,7,7,14,_nodes/node.docker_generic/actions.py
29379373,3,3,6,_nodes/node.ovc/actions.py
29379373,9,9,18,_os/os.cockpit/actions.py
29379373,4,4,8,_os/os.ssh.ubuntu/actions.py
29379373,6,6,12,_os/sshkey/actions.py
29379373,4,4,8,_ovc/ovc_user/actions.py
29379373,4,4,8,_ovc/vdc/actions.py
29379373,4,4,8,_servers/shellinabox/actions.py
29379373,2,2,4,_servers/weave/actions.py
29379373,4,4,8,_servers/webserver.caddy/actions.py
29379373,1,1,2,_test/test_jumpscale_portal/actions.py
29379373,4,4,8,_virtualization/docker/actions.py
29379373,1,1,2,_apps/app_docker/actions.py
29379373,18,19,37,_blueprints/blueprint.cockpit/actions.py
29379373,11,10,21,_blueprints/blueprint.os.ubuntu.openvcloud/actions.py
29379373,6,4,10,_clients/_skydnsclient_archive/actions.py
29379373,3,3,6,_clients/g8client/actions.py
29379373,1,1,2,_clients/gitclient/actions.py
29379373,14,14,28,_github/github_client/actions.py
29379373,4,4,8,_github/github_config/actions.py
29379373,23,17,40,_github/github_issue/actions.py
29379373,16,8,24,_github/github_milestone/actions.py
29379373,48,46,94,_github/github_repo/actions.py
29379373,16,6,22,_github/github_support/actions.py
29379373,5,5,10,_github/github_user/actions.py
29379373,5,2,7,_jumpscale/agent/actions.py
29379373,7,5,12,_jumpscale/mongocluster/actions.py
29379373,1,1,2,_jumpscale/portal/actions.py
29379373,28,25,53,_nodes/_docker_archive/actions.py
29379373,3,3,6,_nodes/aysfs/actions.py
29379373,24,24,48,_nodes/node.docker/actions.py
29379373,26,24,50,_nodes/node.docker_generic/actions.py
29379373,23,23,46,_nodes/node.ovc/actions.py
29379373,16,16,32,_os/os.cockpit/actions.py
29379373,12,12,24,_os/os.ssh.ubuntu/actions.py
29379373,11,11,22,_os/sshkey/actions.py
29379373,4,4,8,_ovc/ovc_user/actions.py
29379373,11,11,22,_ovc/vdc/actions.py
29379373,10,9,19,_servers/shellinabox/actions.py
29379373,7,5,12,_servers/weave/actions.py
29379373,15,13,28,_servers/webserver.caddy/actions.py
29379373,5,2,7,_test/test_jumpscale_portal/actions.py
29379373,25,23,48,_virtualization/docker/actions.py
29379373,29,27,56,_virtualization/dockerhost/actions.py
29379373,1,1,2,_github/github_issue/actions.py
29379373,5,5,10,_github/github_repo/actions.py
29379373,1,1,2,_github/github_repo/actions.py
29379373,2,2,4,_github/github_config/actions.py
29379373,1,1,2,_github/github_repo/actions.py
29379373,4,4,8,_clients/g8client/actions.py
29379373,0,3,3,_os/sshkey/actions.py
29379373,2,2,4,_github/github_config/actions.py
29379373,1,1,2,_github/github_repo/actions.py
29379373,1,1,2,_github/github_repo/actions.py
29379373,1,1,2,_github/github_issue/actions.py
29379373,5,5,10,_github/github_repo/actions.py
29379373,2,1,3,_blueprints/blueprint.cockpit/actions.py
29379373,1,1,2,_apps/app_docker/actions.py
29379373,18,18,36,_blueprints/blueprint.cockpit/actions.py
29379373,10,11,21,_blueprints/blueprint.os.ubuntu.openvcloud/actions.py
29379373,4,6,10,_clients/_skydnsclient_archive/actions.py
29379373,3,3,6,_clients/g8client/actions.py
29379373,1,1,2,_clients/gitclient/actions.py
29379373,14,14,28,_github/github_client/actions.py
29379373,4,4,8,_github/github_config/actions.py
29379373,17,23,40,_github/github_issue/actions.py
29379373,8,16,24,_github/github_milestone/actions.py
29379373,46,48,94,_github/github_repo/actions.py
29379373,6,16,22,_github/github_support/actions.py
29379373,5,5,10,_github/github_user/actions.py
29379373,2,5,7,_jumpscale/agent/actions.py
29379373,5,7,12,_jumpscale/mongocluster/actions.py
29379373,1,1,2,_jumpscale/portal/actions.py
29379373,25,28,53,_nodes/_docker_archive/actions.py
29379373,3,3,6,_nodes/aysfs/actions.py
29379373,24,24,48,_nodes/node.docker/actions.py
29379373,24,26,50,_nodes/node.docker_generic/actions.py
29379373,23,23,46,_nodes/node.ovc/actions.py
29379373,16,16,32,_os/os.cockpit/actions.py
29379373,12,12,24,_os/os.ssh.ubuntu/actions.py
29379373,11,11,22,_os/sshkey/actions.py
29379373,4,4,8,_ovc/ovc_user/actions.py
29379373,11,11,22,_ovc/vdc/actions.py
29379373,9,10,19,_servers/shellinabox/actions.py
29379373,5,7,12,_servers/weave/actions.py
29379373,13,15,28,_servers/webserver.caddy/actions.py
29379373,2,5,7,_test/test_jumpscale_portal/actions.py
29379373,23,25,48,_virtualization/docker/actions.py
29379373,27,29,56,_virtualization/dockerhost/actions.py
29379373,11,10,21,_blueprints/blueprint.cockpit/actions.py
29379373,2,2,4,_github/github_client/actions.py
29379373,1,12,13,_github/github_config/actions.py
29379373,25,18,43,_github/github_issue/actions.py
29379373,24,19,43,_github/github_repo/actions.py
29379373,2,2,4,_github/github_support/actions.py
29379373,1,1,2,_github/github_user/actions.py
29379373,5,5,10,_nodes/node.ovc/actions.py
29379373,14,14,28,_os/os.cockpit/actions.py
29379373,1,1,2,_os/os.ssh.ubuntu/actions.py
29379373,1,1,2,_ovc/ovc_user/actions.py
29379373,3,3,6,_ovc/vdc/actions.py
29379373,1,1,2,_apps/app_docker/actions.py
29379373,18,18,36,_blueprints/blueprint.cockpit/actions.py
29379373,8,8,16,_blueprints/blueprint.os.ubuntu.openvcloud/actions.py
29379373,4,4,8,_clients/_skydnsclient_archive/actions.py
29379373,3,3,6,_clients/g8client/actions.py
29379373,1,1,2,_clients/gitclient/actions.py
29379373,7,7,14,_github/github_client/actions.py
29379373,7,6,13,_github/github_config/actions.py
29379373,99,9,108,_github/github_issue/actions.py
29379373,4,4,8,_github/github_milestone/actions.py
29379373,114,157,271,_github/github_repo/actions.py
29379373,124,0,124,_github/github_support/actions.py
29379373,5,5,10,_github/github_user/actions.py
29379373,2,2,4,_jumpscale/agent/actions.py
29379373,5,5,10,_jumpscale/mongocluster/actions.py
29379373,1,1,2,_jumpscale/portal/actions.py
29379373,22,22,44,_nodes/_docker_archive/actions.py
29379373,3,3,6,_nodes/aysfs/actions.py
29379373,25,25,50,_nodes/node.docker/actions.py
29379373,24,24,48,_nodes/node.docker_generic/actions.py
29379373,28,28,56,_nodes/node.ovc/actions.py
29379373,30,30,60,_os/os.cockpit/actions.py
29379373,13,13,26,_os/os.ssh.ubuntu/actions.py
29379373,11,11,22,_os/sshkey/actions.py
29379373,5,5,10,_ovc/ovc_user/actions.py
29379373,14,14,28,_ovc/vdc/actions.py
29379373,9,9,18,_servers/shellinabox/actions.py
29379373,4,4,8,_servers/weave/actions.py
29379373,13,13,26,_servers/webserver.caddy/actions.py
29379373,2,2,4,_test/test_jumpscale_portal/actions.py
29379373,23,23,46,_virtualization/docker/actions.py
29379373,27,27,54,_virtualization/dockerhost/actions.py
29379373,1,1,2,_apps/app_docker/actions.py
29379373,29,15,44,_blueprints/blueprint.cockpit/actions.py
29379373,1,1,2,_blueprints/blueprint.os.ubuntu.openvcloud/actions.py
29379373,5,2,7,_clients/g8client/actions.py
29379373,1,1,2,_clients/gitclient/actions.py
29379373,1,1,2,_github/github_user/actions.py
29379373,1,1,2,_nodes/aysfs/actions.py
29379373,4,3,7,_nodes/node.docker/actions.py
29379373,2,6,8,_nodes/node.ovc/actions.py
29379373,17,10,27,_os/os.cockpit/actions.py
29379373,1,15,16,_os/os.ssh.ubuntu/actions.py
29379373,4,7,11,_os/sshkey/actions.py
29379373,1,1,2,_ovc/ovc_user/actions.py
29379373,4,6,10,_ovc/vdc/actions.py
29379373,9,9,18,_blueprints/blueprint.cockpit/actions.py
29379373,7,7,14,_blueprints/blueprint.os.ubuntu.openvcloud/actions.py
29379373,1,1,2,_clients/_skydnsclient_archive/actions.py
29379373,1,1,2,_github/github_client/actions.py
29379373,5,2,7,_github/github_config/actions.py
29379373,23,0,23,_github/github_issue/actions.py
29379373,2,2,4,_github/github_milestone/actions.py
29379373,43,49,92,_github/github_repo/actions.py
29379373,1,1,2,_jumpscale/agent/actions.py
29379373,1,1,2,_jumpscale/mongocluster/actions.py
29379373,2,2,4,_nodes/_docker_archive/actions.py
29379373,1,1,2,_nodes/node.docker/actions.py
29379373,1,1,2,_nodes/node.docker_generic/actions.py
29379373,2,2,4,_os/os.ssh.ubuntu/actions.py
29379373,1,1,2,_ovc/ovc_user/actions.py
29379373,1,1,2,_ovc/vdc/actions.py
29379373,1,1,2,_servers/shellinabox/actions.py
29379373,2,2,4,_servers/weave/actions.py
29379373,1,1,2,_servers/{caddyproxy => webserver.caddy}/actions.py
29379373,1,1,2,_test/test_jumpscale_portal/actions.py
29379373,2,2,4,_virtualization/docker/actions.py
29379373,2,2,4,_virtualization/dockerhost/actions.py
29379373,1,1,2,_nodes/node.docker/actions.py
29379373,15,1,16,_os/os.ssh.ubuntu/actions.py
29379373,2,2,4,_os/sshkey/actions.py
29379373,4,2,6,_nodes/node.docker/actions.py
29379373,1,1,2,_os/os.ssh.ubuntu/actions.py
29379373,6,0,6,_os/sshkey/actions.py
29379373,4,2,6,_github/github_repo/actions.py
29379373,4,11,15,_github/github_repo/actions.py
29379373,3,5,8,_github/github_client/actions.py
29379373,2,4,6,_github/github_config/actions.py
29379373,29,23,52,_github/github_repo/actions.py
29379373,0,9,9,_github/github_account/actions.py
29379373,15,7,22,_github/github_client/actions.py
29379373,6,4,10,_github/github_config/actions.py
29379373,41,13,54,_github/github_repo/actions.py
29379373,33,0,33,_ovc/ovc_user/actions.py
29379373,23,12,35,_ovc/vdc/actions.py
29379373,0,2,2,_blueprints/blueprint.cockpit/actions.py
29379373,48,0,48,_blueprints/blueprint.os.ubuntu.openvcloud/actions.py
29379373,9,0,9,_clients/g8client/actions.py
29379373,6,6,12,_github/github_config/actions.py
29379373,32,12,44,_github/github_repo/actions.py
29379373,5,0,5,_nodes/node.ovc/actions.py
29379373,40,101,141,_os/sshkey/actions.py
29379373,20,1,21,_ovc/vdc/actions.py
29379373,19,0,19,_test/test_jumpscale_portal/actions.py
29379373,6,13,19,_jumpscale/agent/actions.py
29379373,0,19,19,_jumpscale/agent/actions_mgmt.py
29379373,1,1,2,_jumpscale/mongocluster/actions.py
29379373,0,42,42,_jumpscale/mongocluster/actions_mgmt.py
29379373,1,1,2,_servers/weave/actions.py
29379373,0,19,19,_servers/weave/actions_mgmt.py
29379373,27,12,39,_nodes/node.docker/actions.py
29379373,12,0,12,_os/sshkey/actions.py
29379373,0,18,18,_aggregation/datacenter/actions.py
29379373,0,9,9,_aggregation/datacenter/actions_node.py
29379373,6,13,19,_jumpscale/agent/actions.py
29379373,0,19,19,_jumpscale/agent/actions_mgmt.py
29379373,1,1,2,_jumpscale/mongocluster/actions.py
29379373,0,42,42,_jumpscale/mongocluster/actions_mgmt.py
29379373,10,45,55,_jumpscale/portal/actions.py
29379373,7,3,10,_nodes/node.docker/actions.py
29379373,28,19,47,_os/sshkey/actions.py
29379373,1,1,2,_servers/weave/actions.py
29379373,0,19,19,_servers/weave/actions_mgmt.py
29379373,0,154,154,_virtualization/docker/actions_mgmt.py
29379373,0,128,128,_virtualization/dockerhost/actions_mgmt.py
29379373,3,3,6,_ovc/vdc/actions.py
29379373,15,0,15,_apps/app_docker/actions.py
29379373,0,117,117,_ays/ssh.ubuntu/actions_mgmt.py
29379373,52,0,52,_blueprints/blueprint.cockpit/actions.py
29379373,13,0,13,_clients/g8client/actions.py
29379373,10,0,10,_clients/gitclient/actions.py
29379373,9,0,9,_github/github_account/actions.py
29379373,21,0,21,_github/github_client/actions.py
29379373,48,0,48,_github/github_config/actions.py
29379373,30,0,30,_github/github_milestone/actions.py
29379373,193,0,193,_github/github_repo/actions.py
29379373,18,0,18,_github/github_user/actions.py
29379373,26,0,26,_jumpscale/agent/actions.py
29379373,42,0,42,_jumpscale/mongocluster/actions.py
29379373,150,0,150,_nodes/_docker_archive/actions.py
29379373,16,0,16,_nodes/aysfs/actions.py
29379373,62,0,62,_nodes/node.docker/actions.py
29379373,127,0,127,_nodes/node.docker_generic/actions.py
29379373,90,0,90,_nodes/node.ovc/actions.py
29379373,166,0,166,_os/os.cockpit/actions.py
29379373,41,0,41,_os/os.ssh.ubuntu/actions.py
29379373,12,12,24,_ays/sshkey/actions_mgmt.py => _os/sshkey/actions.py
29379373,14,0,14,_ovc/vdc/actions.py
29379373,0,22,22,_ovc/vdc/actions_mgmt.py
29379373,0,11,11,_ovc/vdcfarm/actions_mgmt.py
29379373,19,0,19,_servers/weave/actions.py
29379373,2,2,4,_jumpscale/agent/actions_mgmt.py
29379373,1,1,2,_jumpscale/mongocluster/actions_mgmt.py
29379373,1,1,2,_servers/weave/actions_mgmt.py
29379373,1,1,2,_virtualization/docker/actions_mgmt.py
29379373,6,13,19,_jumpscale/agent/actions_mgmt.py
29379373,2,4,6,_virtualization/dockerhost/actions_mgmt.py
29379373,6,5,11,_virtualization/dockerhost/actions_mgmt.py
29379373,4,0,4,_virtualization/docker/actions_mgmt.py
29379373,3,1,4,_virtualization/dockerhost/actions_mgmt.py
29379373,44,38,82,_virtualization/{container.docker => docker}/actions_mgmt.py
29379373,1,1,2,_virtualization/dockerhost/actions_mgmt.py
29379373,2,2,4,_ays/sshkey/actions_mgmt.py
29379373,3,1,4,_virtualization/dockerhost/actions_mgmt.py
29379373,7,1,8,_servers/shellinabox/actions_mgmt.py
29379373,34,17,51,_servers/shellinabox/actions_mgmt.py
29379373,31,37,68,_virtualization/dockerhost/actions_mgmt.py
29379373,34,17,51,_servers/shellinabox/actions_mgmt.py
29379373,31,37,68,_virtualization/dockerhost/actions_mgmt.py
29379373,2,4,6,_virtualization/dockerhost/actions_mgmt.py
29379373,2,2,4,_virtualization/dockerhost/actions_mgmt.py
29379373,4,4,8,_ays/sshkey/actions_mgmt.py
29379373,3,2,5,_virtualization/dockerhost/actions_mgmt.py
29379373,23,1,24,_ays/sshkey/actions_mgmt.py
29379373,0,21,21,_aggregation/vdc/actions_mgmt.py
29379373,0,11,11,_aggregation/vdcfarm/actions_mgmt.py
29379373,22,0,22,_ovc/vdc/actions_mgmt.py
29379373,11,0,11,_ovc/vdcfarm/actions_mgmt.py
29379373,1,1,2,_virtualization/container.docker/actions_mgmt.py
29379373,5,1,6,_virtualization/dockerhost/actions_mgmt.py
29379373,2,1,3,_virtualization/container.docker/actions_mgmt.py
29379373,6,0,6,_virtualization/container.docker/actions_mgmt.py
29379373,3,0,3,_virtualization/dockerhost/actions_mgmt.py
29379373,1,1,2,_servers/shellinabox/actions_mgmt.py
29379373,27,0,27,_virtualization/container.docker/actions_mgmt.py
29379373,26,0,26,_jumpscale/agent/actions_mgmt.py
29379373,25,0,25,_jumpscale/agent/actions_mgmt.py
29379373,31,22,53,_servers/caddyproxy/actions_mgmt.py
29379373,5,3,8,_servers/shellinabox/actions_mgmt.py
29379373,4,0,4,_virtualization/dockerhost/actions_mgmt.py
29379373,23,0,23,_servers/shellinabox/actions_mgmt.py
29379373,1,0,1,_virtualization/dockerhost/actions_mgmt.py
29379373,19,0,19,_servers/weave/actions_mgmt.py
29379373,0,0,0,_virtualization/{docker => container.docker}/actions_mgmt.py
29379373,5,14,19,_virtualization/dockerhost/actions_mgmt.py
29379373,18,0,18,_aggregation/datacenter/actions_mgmt.py
29379373,3,1,4,_platform/pxe.installer/actions_mgmt.py => _aggregation/datacenter/actions_node.py
29379373,21,0,21,_aggregation/vdc/actions_mgmt.py
29379373,11,0,11,_aggregation/vdcfarm/actions_mgmt.py
29379373,0,21,21,_aggregattion/rack/actions.py
29379373,0,21,21,_aggregattion/region/actions.py
29379373,0,8,8,_ays/autossh/actions.py
29379373,0,12,12,_ays/ays_stor.ssh/actions_mgmt.py
29379373,0,90,90,_ays/ays_stor.ssh/actions_node.py
29379373,0,17,17,_ays/ays_stor_client.http/actions_mgmt.py
29379373,0,25,25,_ays/ays_stor_client.http/actions_node.py
29379373,0,16,16,_ays/ays_stor_client.ssh/actions_mgmt.py
29379373,0,25,25,_ays/ays_stor_client.ssh/actions_node.py
29379373,0,50,50,_ays/docker_build/actions_node.py
29379373,0,10,10,_ays/node.docker/actions_mgmt.py
29379373,0,53,53,_ays/node.docker/actions_node.py
29379373,0,81,81,_ays/node.kvm/actions_mgmt.py
29379373,0,8,8,_ays/node.local/actions_mgmt.py
29379373,0,8,8,_ays/node.local/actions_node.py
29379373,0,25,25,_ays/node.mini/actions_mgmt.py
29379373,0,7,7,_ays/node.mini/actions_node.py
29379373,0,100,100,_ays/node.ms1/actions.py
29379373,0,120,120,_ays/node.ssh_test/actions_node.py
29379373,0,30,30,_ays/ns.local/actions.py
29379373,0,102,102,_ays/os.ubuntu.ssh/actions_mgmt.py
29379373,0,10,10,_ays/os.ubuntu.ssh/actions_node.py
29379373,117,0,117,_ays/ssh.ubuntu/actions_mgmt.py
29379373,38,36,74,_ays/sshkey/actions_mgmt.py
29379373,0,21,21,_clients/arakoon_client/actions.py
29379373,0,18,18,_clients/git_client/actions.py
29379373,0,15,15,_clients/github_client/actions.py
29379373,0,10,10,_clients/gitlab_client/actions.py
29379373,0,34,34,_clients/grafana_client/actions.py
29379373,0,38,38,_clients/influxdb_client/actions.py
29379373,0,7,7,_clients/mailclient/actions.py
29379373,0,24,24,_clients/mariadb_client/actions.py
29379373,0,39,39,_clients/mongodb_client/actions.py
29379373,0,22,22,_clients/ms1_client/actions.py
29379373,0,8,8,_clients/oauth_client/actions.py
29379373,0,22,22,_clients/postgresql_client/actions.py
29379373,0,59,59,_clients/pydio/actions.py
29379373,0,55,55,_clients/pyftpserver/actions.py
29379373,12,0,12,_clients/skydnsclient/actions_mgmt.py
29379373,0,21,21,_clients/webdis_client/actions.py
29379373,0,8,8,_clients/whmcs_client/actions.py
29379373,0,13,13,_developertools/doublecmd/actions.py
29379373,0,42,42,_developertools/skype/actions.py
29379373,0,22,22,_developertools/sublimetext/actions.py
29379373,0,105,105,_hardware/disk_layout/actions.py
29379373,0,161,161,_jumpscale/agent2/actions.py
29379373,0,37,37,_jumpscale/agentcontroller/actions.py
29379373,0,152,152,_jumpscale/agentcontroller2/actions_mgmt.py
29379373,0,77,77,_jumpscale/agentcontroller2_keys/actions.py
29379373,0,22,22,_jumpscale/agentcontroller2_tests/actions.py
29379373,0,53,53,_jumpscale/agentcontroller_client/actions.py
29379373,0,47,47,_jumpscale/csagent/actions.py
29379373,0,13,13,_jumpscale/gridportal/actions.py
29379373,0,38,38,_jumpscale/jsagent/actions.py
29379373,0,37,37,_jumpscale/legacy_js_core/actions.py
29379373,42,0,42,_jumpscale/mongocluster/actions_mgmt.py
29379373,0,17,17,_jumpscale/osis/actions_tmpl.py
29379373,0,21,21,_jumpscale/osis2/actions.py
29379373,0,7,7,_jumpscale/osis2_client/actions.py
29379373,0,50,50,_jumpscale/osis_client/actions.py
29379373,0,35,35,_jumpscale/osis_eve/actions.py
29379373,0,40,40,_jumpscale/portal/actions.py
29379373,58,0,58,_jumpscale/portal/actions_mgmt.py
29379373,0,35,35,_jumpscale/portal_client/actions.py
29379373,0,15,15,_jumpscale/portal_lib/actions.py
29379373,0,20,20,_jumpscale/portalminimal/actions.py
29379373,0,20,20,_jumpscale/python_portal/actions.py
29379373,0,75,75,_jumpscale/singlenode_portal/actions.py
29379373,0,6,6,_lib/python-cloudlibs/actions.py
29379373,0,21,21,_platform/app.docker/actions_node.py
29379373,0,32,32,_platform/base/actions_tmpl.py
29379373,0,20,20,_platform/pxe.installer/actions_node.py
29379373,0,20,20,_platform/ubuntukernel/actions.py
29379373,0,50,50,_platform/ubuntutools/actions.py
29379373,0,6,6,_platform/web/actions.py
29379373,0,93,93,_racktivity/dcpm/actions_node.py
29379373,0,25,25,_racktivity/dcpm_branding/actions.py
29379373,0,42,42,_racktivity/dcpm_oauth/actions.py
29379373,0,29,29,_racktivity/pylabs5/actions.py
29379373,0,20,20,_racktivity/pylabs5_base/actions.py
29379373,0,40,40,_racktivity/rtrelay/actions.py
29379373,0,14,14,_runtimes/gitbook/actions.py
29379373,0,121,121,_runtimes/go/actions.py
29379373,0,21,21,_runtimes/java/actions.py
29379373,0,32,32,_runtimes/lua/actions.py
29379373,0,118,118,_runtimes/luajit/actions.py
29379373,0,17,17,_runtimes/nodejs/actions.py
29379373,0,53,53,_runtimes/restlua/actions.py
29379373,0,53,53,_runtimes/s3fs-fuse/actions.py
29379373,0,85,85,_servers/arakoon/actions.py
29379373,0,33,33,_servers/asterisk/actions.py
29379373,57,0,57,_servers/caddyproxy/actions_mgmt.py
29379373,0,77,77,_servers/consul/actions.py
29379373,0,23,23,_servers/elasticsearch/actions.py
29379373,0,55,55,_servers/etcd/actions.py
29379373,0,78,78,_servers/gitlab/actions.py
29379373,0,54,54,_servers/gogs/actions.py
29379373,0,147,147,_servers/influxdb/actions.py
29379373,0,30,30,_servers/jenkins/actions.py
29379373,0,233,233,_servers/ledisdb/actions.py
29379373,0,49,49,_servers/lemp/actions.py
29379373,0,71,71,_servers/mariadb/actions.py
29379373,0,57,57,_servers/mongodb/actions_node.py
29379373,0,12,12,_servers/mongodb/actions_tmpl.py
29379373,0,14,14,_servers/nginx/actions_node.py
29379373,0,34,34,_servers/nginx/actions_tmpl.py
29379373,0,76,76,_servers/odoo/actions.py
29379373,0,29,29,_servers/openfire/actions.py
29379373,0,73,73,_servers/openvpn/actions.py
29379373,0,114,114,_servers/postgresql/actions.py
29379373,0,17,17,_servers/qless-py/actions.py
29379373,0,57,57,_servers/rabbitmq/actions.py
29379373,0,43,43,_servers/redis/actions_node.py
29379373,0,26,26,_servers/ruby/actions.py
29379373,0,58,58,_servers/samba4/actions.py
29379373,0,65,65,_servers/samba4_ad/actions.py
29379373,0,15,15,_servers/samba4_ad_user/actions.py
29379373,0,96,96,_servers/samba4_member/actions.py
29379373,0,42,42,_servers/samba4_standalone/actions.py
29379373,0,52,52,_servers/skydns/actions.py
29379373,0,50,50,_servers/statsd-collector/actions.py
29379373,0,39,39,_servers/statsd-master/actions.py
29379373,0,112,112,_servers/syncthing/actions_node.py
29379373,0,21,21,_servers/traefik/actions.py
29379373,0,23,23,_servers/webdis/actions.py
29379373,0,56,56,_servers/weedfs/actions.py
29379373,0,66,66,_servers/xrdp/actions.py
29379373,0,36,36,_solutions/1clickshare/actions.py
29379373,0,67,67,_solutions/grafana/actions.py
29379373,0,34,34,_solutions/hubble/actions.py
29379373,0,62,62,_solutions/openvpnconfig/actions.py
29379373,0,6,6,_solutions/singlenode_aydo/actions.py
29379373,0,76,76,_solutions/singlenode_grid/actions.py
29379373,0,23,23,_test/rolename.test2/actions.py
29379373,0,22,22,_test/rolename.test3/actions.py
29379373,0,21,21,_test/test/actions.py
29379373,0,20,20,_test/test4/actions.py
29379373,0,24,24,_test/test5/actions.py
29379373,0,22,22,_test/test6/actions.py
29379373,0,24,24,_test/test7/actions.py
29379373,0,21,21,_test/test_simple_webserver/actions.py
29379373,0,23,23,_tools/aria2/actions.py
29379373,0,14,14,_tools/avahi/actions.py
29379373,0,54,54,_tools/cfssl/actions.py
29379373,0,38,38,_tools/ms1_portforward/actions.py
29379373,0,33,33,_tools/nfs_exports/actions.py
29379373,110,0,110,_virtualization/docker/actions_mgmt.py
29379373,0,22,22,_virtualization/docker/actions_node.py
29379373,131,0,131,_virtualization/dockerhost/actions_mgmt.py
29379373,0,116,116,_virtualization/kvm/actions_mgmt.py
29379373,0,22,22,_virtualization/kvm/actions_node.py
29379373,0,58,58,_virtualization/kvm_image_ubuntu_1404/actions.py
29379373,0,82,82,_www/www_gig/actions.py
29379373,0,73,73,openvcloud/mongodb.test/actions.py
29379373,1,1,2,_ays/os.ubuntu.ssh/actions_mgmt.py
29379373,1,1,2,_clients/git_client/actions.py
29379373,1,1,2,_racktivity/rtrelay/actions.py
29379373,2,2,4,_servers/syncthing/actions_node.py
29379373,1,1,2,_solutions/grafana/actions.py
29379373,0,21,21,_aggregattion/datacenter/actions.py
29379373,2,2,4,_ays/ays_stor.ssh/actions_node.py
29379373,1,1,2,_ays/os.ubuntu.ssh/actions_mgmt.py
29379373,1,0,1,_clients/git_client/actions.py
29379373,1,1,2,_jumpscale/singlenode_portal/actions.py
29379373,1,1,2,_platform/ubuntutools/actions.py
29379373,2,2,4,_racktivity/dcpm/actions_node.py
29379373,3,3,6,_servers/arakoon/actions.py
29379373,1,1,2,_servers/lemp/actions.py
29379373,1,1,2,_servers/mariadb/actions.py
29379373,1,1,2,_servers/postgresql/actions.py
29379373,2,2,4,_solutions/singlenode_grid/actions.py
29379373,22,0,22,_virtualization/kvm/actions_node.py
29379373,5,4,9,_ays/os.ubuntu.ssh/actions_mgmt.py
29379373,14,14,28,_virtualization/docker/actions_node.py
29379373,0,80,80,_ays/node.docker/actions.py
29379373,10,0,10,_ays/node.docker/actions_mgmt.py
29379373,53,0,53,_ays/node.docker/actions_node.py
29379373,10,30,40,_ays/node.mini/actions_mgmt.py
29379373,24,10,34,_ays/os.ubuntu.ssh/actions_mgmt.py
29379373,1,46,47,_ays/os.ubuntu.ssh/actions_node.py
29379373,2,0,2,_platform/app.docker/actions_node.py
29379373,0,37,37,_platform/app.docker/actions_mgmt.py
29379373,13,1,14,_platform/app.docker/actions_node.py
29379373,2,2,4,_ays/os.ubuntu.ssh/actions_mgmt.py
29379373,7,6,13,_ays/os.ubuntu.ssh/actions_node.py
29379373,32,42,74,_ays/node.mini/actions_mgmt.py
29379373,21,26,47,_ays/os.ubuntu.ssh/actions_mgmt.py
29379373,0,9,9,_ays/os.ubuntu.ssh/actions_node.py
29379373,24,20,44,_ays/sshkey/actions_mgmt.py
29379373,2,2,4,_platform/pxe.installer/actions_node.py
29379373,55,0,55,_ays/node.mini/actions_mgmt.py
29379373,2,2,4,_aggregattion/location/actions.py => _ays/node.mini/actions_node.py
29379373,0,99,99,_ays/node.ubuntu.ssh/actions_mgmt.py
29379373,0,67,67,_ays/node.ubuntu.ssh/actions_node.py
29379373,92,0,92,_ays/os.ubuntu.ssh/actions_mgmt.py
29379373,63,0,63,_ays/os.ubuntu.ssh/actions_node.py
29379373,9,3,12,_ays/sshkey/actions_mgmt.py
29379373,37,0,37,_platform/app.docker/actions_mgmt.py
29379373,7,0,7,_platform/app.docker/actions_node.py
29379373,7,0,7,_platform/pxe.installer/actions_mgmt.py
29379373,20,0,20,_platform/pxe.installer/actions_node.py
29379373,1,1,2,_ays/ays_stor.ssh/actions_node.py
29379373,1,1,2,_ays/node.docker/actions.py
29379373,21,18,39,_ays/node.ubuntu.ssh/actions_mgmt.py
29379373,1,1,2,_ays/node.ubuntu.ssh/actions_node.py
29379373,30,50,80,_ays/sshkey/actions_mgmt.py
29379373,5,5,10,_clients/arakoon_client/actions.py
29379373,1,1,2,_clients/git_client/actions.py
29379373,1,1,2,_jumpscale/jsagent/actions.py
29379373,7,7,14,_servers/arakoon/actions.py
29379373,1,1,2,_servers/odoo/actions.py
29379373,2,2,4,_servers/samba4_member/actions.py
29379373,1,1,2,_servers/samba4_standalone/actions.py
29379373,1,1,2,_solutions/openvpnconfig/actions.py
29379373,3,3,6,_tools/nfs_exports/actions.py
29379373,1,1,2,_virtualization/kvm/actions.py
29379373,1,1,2,_www/www_gig/actions.py
29379373,21,0,21,_aggregattion/datacenter/actions.py
29379373,7,0,7,_aggregattion/location/actions.py
29379373,21,0,21,_aggregattion/rack/actions.py
29379373,21,0,21,_aggregattion/region/actions.py
29379373,8,0,8,_ays/autossh/actions.py
29379373,12,0,12,_ays/ays_stor.ssh/actions_mgmt.py
29379373,90,0,90,_ays/ays_stor.ssh/actions_node.py
29379373,17,0,17,_ays/ays_stor_client.http/actions_mgmt.py
29379373,25,0,25,_ays/ays_stor_client.http/actions_node.py
29379373,16,0,16,_ays/ays_stor_client.ssh/actions_mgmt.py
29379373,25,0,25,_ays/ays_stor_client.ssh/actions_node.py
29379373,50,0,50,_ays/docker_build/actions_node.py
29379373,80,0,80,_ays/node.docker/actions.py
29379373,81,0,81,_ays/node.kvm/actions.py
29379373,8,0,8,_ays/node.local/actions_mgmt.py
29379373,8,0,8,_ays/node.local/actions_node.py
29379373,100,0,100,_ays/node.ms1/actions.py
29379373,120,0,120,_ays/node.ssh_test/actions_node.py
29379373,96,0,96,_ays/node.ubuntu.ssh/actions_mgmt.py
29379373,67,0,67,_ays/node.ubuntu.ssh/actions_node.py
29379373,30,0,30,_ays/ns.local/actions.py
29379373,103,0,103,_ays/sshkey/actions_mgmt.py
29379373,21,0,21,_clients/arakoon_client/actions.py
29379373,17,0,17,_clients/git_client/actions.py
29379373,15,0,15,_clients/github_client/actions.py
29379373,10,0,10,_clients/gitlab_client/actions.py
29379373,34,0,34,_clients/grafana_client/actions.py
29379373,38,0,38,_clients/influxdb_client/actions.py
29379373,7,0,7,_clients/mailclient/actions.py
29379373,24,0,24,_clients/mariadb_client/actions.py
29379373,39,0,39,_clients/mongodb_client/actions.py
29379373,22,0,22,_clients/ms1_client/actions.py
29379373,8,0,8,_clients/oauth_client/actions.py
29379373,22,0,22,_clients/postgresql_client/actions.py
29379373,59,0,59,_clients/pydio/actions.py
29379373,55,0,55,_clients/pyftpserver/actions.py
29379373,21,0,21,_clients/webdis_client/actions.py
29379373,8,0,8,_clients/whmcs_client/actions.py
29379373,13,0,13,_developertools/doublecmd/actions.py
29379373,42,0,42,_developertools/skype/actions.py
29379373,22,0,22,_developertools/sublimetext/actions.py
29379373,105,0,105,_hardware/disk_layout/actions.py
29379373,161,0,161,_jumpscale/agent2/actions.py
29379373,37,0,37,_jumpscale/agentcontroller/actions.py
29379373,152,0,152,_jumpscale/agentcontroller2/actions.py
29379373,77,0,77,_jumpscale/agentcontroller2_keys/actions.py
29379373,22,0,22,_jumpscale/agentcontroller2_tests/actions.py
29379373,53,0,53,_jumpscale/agentcontroller_client/actions.py
29379373,47,0,47,_jumpscale/csagent/actions.py
29379373,13,0,13,_jumpscale/gridportal/actions.py
29379373,38,0,38,_jumpscale/jsagent/actions.py
29379373,37,0,37,_jumpscale/legacy_js_core/actions.py
29379373,17,0,17,_jumpscale/osis/actions_tmpl.py
29379373,21,0,21,_jumpscale/osis2/actions.py
29379373,7,0,7,_jumpscale/osis2_client/actions.py
29379373,50,0,50,_jumpscale/osis_client/actions.py
29379373,35,0,35,_jumpscale/osis_eve/actions.py
29379373,40,0,40,_jumpscale/portal/actions.py
29379373,35,0,35,_jumpscale/portal_client/actions.py
29379373,15,0,15,_jumpscale/portal_lib/actions.py
29379373,20,0,20,_jumpscale/portalminimal/actions.py
29379373,20,0,20,_jumpscale/python_portal/actions.py
29379373,75,0,75,_jumpscale/singlenode_portal/actions.py
29379373,6,0,6,_lib/python-cloudlibs/actions.py
29379373,32,0,32,_platform/base/actions_tmpl.py
29379373,20,0,20,_platform/ubuntukernel/actions.py
29379373,50,0,50,_platform/ubuntutools/actions.py
29379373,6,0,6,_platform/web/actions.py
29379373,93,0,93,_racktivity/dcpm/actions_node.py
29379373,25,0,25,_racktivity/dcpm_branding/actions.py
29379373,42,0,42,_racktivity/dcpm_oauth/actions.py
29379373,29,0,29,_racktivity/pylabs5/actions.py
29379373,20,0,20,_racktivity/pylabs5_base/actions.py
29379373,40,0,40,_racktivity/rtrelay/actions.py
29379373,14,0,14,_runtimes/gitbook/actions.py
29379373,121,0,121,_runtimes/go/actions.py
29379373,21,0,21,_runtimes/java/actions.py
29379373,32,0,32,_runtimes/lua/actions.py
29379373,118,0,118,_runtimes/luajit/actions.py
29379373,17,0,17,_runtimes/nodejs/actions.py
29379373,53,0,53,_runtimes/restlua/actions.py
29379373,53,0,53,_runtimes/s3fs-fuse/actions.py
29379373,85,0,85,_servers/arakoon/actions.py
29379373,33,0,33,_servers/asterisk/actions.py
29379373,77,0,77,_servers/consul/actions.py
29379373,23,0,23,_servers/elasticsearch/actions.py
29379373,55,0,55,_servers/etcd/actions.py
29379373,78,0,78,_servers/gitlab/actions.py
29379373,54,0,54,_servers/gogs/actions.py
29379373,147,0,147,_servers/influxdb/actions.py
29379373,30,0,30,_servers/jenkins/actions.py
29379373,233,0,233,_servers/ledisdb/actions.py
29379373,49,0,49,_servers/lemp/actions.py
29379373,71,0,71,_servers/mariadb/actions.py
29379373,57,0,57,_servers/mongodb/actions_node.py
29379373,12,0,12,_servers/mongodb/actions_tmpl.py
29379373,14,0,14,_servers/nginx/actions_node.py
29379373,34,0,34,_servers/nginx/actions_tmpl.py
29379373,76,0,76,_servers/odoo/actions.py
29379373,29,0,29,_servers/openfire/actions.py
29379373,73,0,73,_servers/openvpn/actions.py
29379373,114,0,114,_servers/postgresql/actions.py
29379373,17,0,17,_servers/qless-py/actions.py
29379373,57,0,57,_servers/rabbitmq/actions.py
29379373,43,0,43,_servers/redis/actions_node.py
29379373,26,0,26,_servers/ruby/actions.py
29379373,58,0,58,_servers/samba4/actions.py
29379373,65,0,65,_servers/samba4_ad/actions.py
29379373,15,0,15,_servers/samba4_ad_user/actions.py
29379373,96,0,96,_servers/samba4_member/actions.py
29379373,42,0,42,_servers/samba4_standalone/actions.py
29379373,52,0,52,_servers/skydns/actions.py
29379373,50,0,50,_servers/statsd-collector/actions.py
29379373,39,0,39,_servers/statsd-master/actions.py
29379373,112,0,112,_servers/syncthing/actions.py
29379373,21,0,21,_servers/traefik/actions.py
29379373,23,0,23,_servers/webdis/actions.py
29379373,56,0,56,_servers/weedfs/actions.py
29379373,66,0,66,_servers/xrdp/actions.py
29379373,36,0,36,_solutions/1clickshare/actions.py
29379373,67,0,67,_solutions/grafana/actions.py
29379373,34,0,34,_solutions/hubble/actions.py
29379373,62,0,62,_solutions/openvpnconfig/actions.py
29379373,6,0,6,_solutions/singlenode_aydo/actions.py
29379373,76,0,76,_solutions/singlenode_grid/actions.py
29379373,23,0,23,_test/rolename.test2/actions.py
29379373,22,0,22,_test/rolename.test3/actions.py
29379373,21,0,21,_test/test/actions.py
29379373,20,0,20,_test/test4/actions.py
29379373,24,0,24,_test/test5/actions.py
29379373,22,0,22,_test/test6/actions.py
29379373,24,0,24,_test/test7/actions.py
29379373,21,0,21,_test/test_simple_webserver/actions.py
29379373,23,0,23,_tools/aria2/actions.py
29379373,14,0,14,_tools/avahi/actions.py
29379373,54,0,54,_tools/cfssl/actions.py
29379373,38,0,38,_tools/ms1_portforward/actions.py
29379373,33,0,33,_tools/nfs_exports/actions.py
29379373,22,0,22,_virtualization/docker/actions_node.py
29379373,116,0,116,_virtualization/kvm/actions.py
29379373,58,0,58,_virtualization/kvm_image_ubuntu_1404/actions.py
29379373,82,0,82,_www/www_gig/actions.py
29379373,73,0,73,openvcloud/mongodb.test/actions.py
29026813,6,3,9,movieapi.py
29026813,4,1,5,jsonrpc_requests.py
29026813,36,15,51,player.py
29026813,7,1,8,player.py
29026813,1,1,2,backgrounds.py
29026813,1,1,2,kodidb.py
29026813,1,0,1,dispatcher.py
29026813,21,0,21,filesystem.py
29026813,22,8,30,service.py
29026813,4,0,4,afteractions.py
29026813,13,0,13,dispatcher.py
29026813,5,0,5,filesystem.py
29026813,8,1,9,player.py
29026813,4,3,7,movieapi.py
29026813,6,3,9,sources.py
29026813,6,2,8,backgrounds.py
29026813,13,1,14,plugin.py
29026813,8,5,13,player.py
29026813,5,4,9,context.py
29026813,2,6,8,dispatcher.py
29026813,38,19,57,context.py
29026813,26,8,34,player.py
29026813,3,0,3,torrserverplayer.py
29026813,1,1,2,kodidb.py
29026813,5,1,6,movieapi.py
29026813,4,1,5,base.py
29026813,4,4,8,anidub.py
29026813,4,3,7,bluebird.py
29026813,1,1,2,filesystem.py
29026813,2,2,4,kinohd.py
29026813,4,1,5,log.py
29026813,1,1,2,movieapi.py
29026813,3,3,6,nnmclub.py
29026813,2,2,4,rutor.py
29026813,1,1,2,service.py
29026813,1,1,2,sources.py
29026813,2,2,4,tvshowapi.py
29026813,4,0,4,bluebird.py
29026813,3,1,4,kodidb.py
29026813,14,5,19,movieapi.py
29026813,14,6,20,player.py
29026813,14,0,14,plugin.py
29026813,12,7,19,rutor.py
29026813,5,5,10,torrserverplayer.py
29026813,10,2,12,torrserverplayer.py
29026813,2,2,4,torrserverplayer.py
29026813,3,0,3,player.py
29026813,98,0,98,torrserverplayer.py
29026813,5,5,10,torrserverplayer.py
29026813,10,2,12,torrserverplayer.py
29026813,2,2,4,torrserverplayer.py
29026813,3,0,3,player.py
29026813,98,0,98,torrserverplayer.py
29026813,1,1,2,base.py
29026813,3,2,5,downloader.py
29026813,3,3,6,service.py
29026813,1,1,2,downloader.py
29026813,3,3,6,service.py
29026813,10,6,16,movieapi.py
29026813,21,15,36,backgrounds.py
29026813,0,50,50,kodidb.py
29026813,4,3,7,player.py
29026813,88,0,88,plugin.py
29026813,7,1,8,service.py
29026813,42,3,45,kodidb.py
29026813,1,0,1,backgrounds.py
29026813,18,8,26,filesystem.py
29026813,5,0,5,service.py
29026813,1,0,1,anidub.py
29026813,10,6,16,backgrounds.py
29026813,11,2,13,bluebird.py
29026813,16,5,21,kinohd.py
29026813,1,0,1,movieapi.py
29026813,3,1,4,rutor.py
29026813,1,0,1,settings.py
29026813,8,0,8,strmwriter.py
29026813,2,0,2,tvshowapi.py
29026813,16,4,20,backgrounds.py
29026813,2,2,4,kodidb.py
29026813,1,1,2,backgrounds.py
29026813,2,1,3,backgrounds.py
29026813,2,2,4,base.py
29026813,10,6,16,kinohd.py
29026813,32,2,34,movieapi.py
29026813,5,1,6,nfowriter.py
29026813,3,2,5,tvshowapi.py
29026813,10,0,10,service.py
29026813,3,1,4,backgrounds.py
29026813,2,3,5,kodidb.py
29026813,5,2,7,backgrounds.py
29026813,13,0,13,kodidb.py
29026813,14,14,28,movieapi.py
29026813,13,16,29,backgrounds.py
29026813,5,0,5,plugin.py
29026813,43,20,63,backgrounds.py
29026813,11,12,23,complex_requests.py
29026813,8,2,10,kodidb.py
29026813,8,3,11,movieapi.py
29026813,8,15,23,player.py
29026813,5,0,5,plugin.py
29026813,2,6,8,rutor.py
29026813,7,11,18,service.py
29026813,20,9,29,backgrounds.py
29026813,5,5,10,filesystem.py
29026813,1,1,2,log.py
29026813,17,18,35,backgrounds.py
29026813,29,64,93,jsonrpc_requests.py
29026813,20,9,29,backgrounds.py
29026813,13,6,19,jsonrpc_requests.py
29026813,69,30,99,backgrounds.py
29026813,6,86,92,context_repair.py
29026813,2,0,2,filesystem.py
29026813,114,0,114,jsonrpc_requests.py
29026813,37,12,49,kodidb.py
29026813,1,1,2,movieapi.py
29026813,1,1,2,settings.py
29026813,29,5,34,backgrounds.py
29026813,53,12,65,kodidb.py
29026813,22,3,25,movieapi.py
29026813,14,7,21,rutor.py
29026813,1,1,2,tvshowapi.py
29026813,1,1,2,nnmclub.py
29026813,2,0,2,base.py
29026813,7,4,11,downloader.py
29026813,6,1,7,player.py
29026813,8,1,9,base.py
29026813,1,1,2,bluebird.py
29026813,1,1,2,hdclub.py
29026813,19,6,25,kinohd.py
29026813,35,2,37,movieapi.py
29026813,21,19,40,nfowriter.py
29026813,1,1,2,nnmclub.py
29026813,1,1,2,rutor.py
29026813,5,5,10,anidub.py
29026813,15,3,18,backgrounds.py
29026813,2,2,4,base.py
29026813,0,1,1,hdclub.py
29026813,27,15,42,kinohd.py
29026813,8,3,11,player.py
29026813,1,1,2,strmwriter.py
29026813,3,3,6,tvshowapi.py
29026813,121,31,152,kinohd.py
29026813,13,6,19,player.py
29026813,8,0,8,settings.py
29026813,2,0,2,afteractions.py
29026813,5,0,5,base.py
29026813,2,0,2,context.py
29026813,9,0,9,downloader.py
29026813,48,2,50,kinohd.py
29026813,6,3,9,movieapi.py
29026813,7,2,9,nfowriter.py
29026813,10,6,16,soup_base.py
29026813,249,3,252,countries.py
29026813,42,11,53,kinohd.py
29026813,6,0,6,movieapi.py
29026813,46,32,78,nfowriter.py
29026813,106,0,106,kinohd.py
29026813,2,16,18,movieapi.py
29026813,19,0,19,soup_base.py
29026813,8,4,12,nforeader.py
29026813,12,3,15,player.py
29026813,3,0,3,downloader.py
29026813,9,4,13,nnmclub.py
29026813,2,0,2,aceplayer.py
29026813,38,20,58,downloader.py
29026813,4,4,8,player.py
29026813,26,11,37,movieapi.py
29026813,12,3,15,backgrounds.py
29026813,12,0,12,base.py
29026813,1,0,1,base.py
29026813,15,4,19,movieapi.py
29026813,1,0,1,player.py
29026813,1,0,1,rutor.py
29026813,3,1,4,settings.py
29026813,870,0,870,socks.py
29026813,84,0,84,win_inet_pton.py
29026813,15,10,25,base.py
29026813,6,0,6,downloader.py
29026813,41,21,62,player.py
29026813,50,1,51,backgrounds.py
29026813,22,0,22,complex_requests.py
29026813,4,0,4,dispatcher.py
29026813,1,1,2,kodidb.py
29026813,3,0,3,movieapi.py
29026813,4,2,6,player.py
29026813,71,15,86,kodidb.py
29026813,4,3,7,rutor.py
29026813,1,1,2,backgrounds.py
29026813,13,7,20,bluebird.py
29026813,1,1,2,dispatcher.py
29026813,6,9,15,filesystem.py
29026813,3,1,4,movieapi.py
29026813,12,7,19,nnmclub.py
29026813,13,8,21,rutor.py
29026813,4,2,6,tvshowapi.py
29026813,7,11,18,bluebird.py
29026813,7,11,18,hdclub.py
29026813,19,23,42,nnmclub.py
29026813,8,13,21,rutor.py
29026813,2,4,6,anidub.py
29026813,15,3,18,base.py
29026813,7,5,12,bluebird.py
29026813,0,8,8,filesystem.py
29026813,3,2,5,log.py
29026813,10,7,17,movieapi.py
29026813,6,3,9,nfowriter.py
29026813,16,8,24,nnmclub.py
29026813,6,5,11,rutor.py
29026813,2,2,4,settings.py
29026813,4,7,11,strmwriter.py
29026813,5,5,10,tvshowapi.py
29026813,2,3,5,downloader.py
29026813,10,7,17,anidub.py
29026813,3,0,3,base.py
29026813,27,19,46,filesystem.py
29026813,7,5,12,nfowriter.py
29026813,5,1,6,strmwriter.py
29026813,1,1,2,tvshowapi.py
29026813,0,1,1,context.py
29026813,8,1,9,context_show_similar.py
29026813,2,23,25,dispatcher.py
29026813,44,11,55,movieapi.py
29026813,45,15,60,player.py
29026813,28,0,28,plugin.py
29026813,2,26,28,torrent2httpplayer.py
29026813,6,4,10,yatpplayer.py
29026813,9,23,32,filesystem.py
29026813,38,21,59,base.py
29026813,15,3,18,base.py
29026813,19,2,21,filesystem.py
29026813,18,17,35,service.py
29026813,4,7,11,filesystem.py
29026813,14,15,29,nnmclub.py
29026813,1,1,2,settings.py
29026813,2,2,4,torrent2httpplayer.py
29026813,276,0,276,context_repair.py
29026813,43,6,49,context.py
29026813,2,2,4,scraper.py
29026813,2,2,4,backgrounds.py
29026813,48,11,59,base.py
29026813,53,2,55,context.py
29026813,11,7,18,scraper.py
29026813,16,5,21,anidub.py
29026813,23,15,38,context.py
29026813,27,1,28,dispatcher.py
29026813,2,0,2,player.py
29026813,2,0,2,settings.py
29026813,9,5,14,movieapi.py
29026813,0,24,24,aceplayer.py
29026813,23,0,23,base.py
29026813,28,0,28,elementumplayer.py
29026813,8,1,9,player.py
29026813,3,3,6,movieapi.py
29026813,8,7,15,rutor.py
29026813,3,0,3,context_show_similar.py
29026813,3,0,3,movieapi.py
29026813,5,4,9,nfowriter.py
29026813,7,3,10,base.py
29026813,18,7,25,context.py
29026813,45,37,82,base.py
29026813,3,4,7,context.py
29026813,5,1,6,settings.py
29026813,4,1,5,filesystem.py
29026813,29,18,47,backgrounds.py
29026813,1,1,2,log.py
29026813,9,23,32,base.py
29026813,44,0,44,log.py
29026813,18,9,27,movieapi.py
29026813,11,6,17,nfowriter.py
29026813,52,80,132,player.py
29026813,4,1,5,rutor.py
29026813,2,2,4,settings.py
29026813,2,2,4,base.py
29026813,2,3,5,bluebird.py
29026813,2,2,4,context_show_similar.py
29026813,258,179,437,movieapi.py
29026813,30,33,63,nfowriter.py
29026813,5,7,12,nnmclub.py
29026813,11,11,22,player.py
29026813,6,6,12,rutor.py
29026813,6,8,14,tvshowapi.py
29026813,12,11,23,backgrounds.py
29026813,24,4,28,base.py
29026813,1,1,2,bluebird.py
29026813,38,24,62,context.py
29026813,3,3,6,filesystem.py
29026813,1,1,2,hdclub.py
29026813,65,62,127,movieapi.py
29026813,14,4,18,nforeader.py
29026813,1,1,2,nnmclub.py
29026813,9,4,13,player.py
29026813,1,1,2,rutor.py
29026813,2,0,2,settings.py
29026813,1,1,2,soap4me.py
29026813,24,0,24,context.py
29026813,5,0,5,dispatcher.py
29026813,282,39,321,movieapi.py
29026813,1,1,2,player.py
29026813,1,1,2,player.py
29026813,3,1,4,movieapi.py
29026813,5,4,9,nnmclub.py
29026813,3,1,4,movieapi.py
29026813,5,4,9,nnmclub.py
29026813,43,14,57,nnmclub.py
29026813,2,0,2,player.py
29026813,4,1,5,settings.py
29026813,43,14,57,nnmclub.py
29026813,2,0,2,player.py
29026813,4,1,5,settings.py
29026813,1,3,4,nnmclub.py
29026813,1,3,4,nnmclub.py
29026813,4,1,5,backgrounds.py
29026813,1,0,1,dispatcher.py
29026813,78,40,118,nnmclub.py
29026813,4,0,4,player.py
29026813,2,1,3,settings.py
29026813,2,0,2,tvshowapi.py
29026813,4,1,5,backgrounds.py
29026813,1,0,1,dispatcher.py
29026813,78,40,118,nnmclub.py
29026813,4,0,4,player.py
29026813,2,1,3,settings.py
29026813,2,0,2,tvshowapi.py
29026813,8,8,16,movieapi.py
29026813,1,1,2,tvshowapi.py
29026813,8,8,16,movieapi.py
29026813,1,1,2,tvshowapi.py
29026813,60,32,92,player.py
29026813,156,32,188,player.py
29026813,4,0,4,dispatcher.py
29026813,243,6,249,player.py
29026813,60,32,92,player.py
29026813,156,32,188,player.py
29026813,4,0,4,dispatcher.py
29026813,239,6,245,player.py
29026813,38,15,53,bluebird.py
29026813,32,30,62,player.py
29026813,2,1,3,settings.py
29026813,69,42,111,bluebird.py
29026813,4,3,7,movieapi.py
29026813,6,2,8,player.py
29026813,1,1,2,settings.py
29026813,42,16,58,bluebird.py
29026813,3,1,4,settings.py
29026813,38,15,53,bluebird.py
29026813,32,30,62,player.py
29026813,2,1,3,settings.py
29026813,69,42,111,bluebird.py
29026813,4,3,7,movieapi.py
29026813,6,2,8,player.py
29026813,1,1,2,settings.py
29026813,42,16,58,bluebird.py
29026813,3,1,4,settings.py
29026813,23,14,37,backgrounds.py
29026813,8,7,15,base.py
29026813,26,19,45,bluebird.py
29026813,7,0,7,downloader.py
29026813,2,1,3,settings.py
29026813,3,1,4,torrent2httpplayer.py
29026813,2,0,2,afteractions.py
29026813,4,0,4,base.py
29026813,382,0,382,bluebird.py
29026813,2,0,2,context.py
29026813,7,1,8,player.py
29026813,2,0,2,settings.py
29026813,11,3,14,backgrounds.py
29026813,8,7,15,base.py
29026813,26,19,45,bluebird.py
29026813,7,0,7,downloader.py
29026813,2,1,3,settings.py
29026813,3,1,4,torrent2httpplayer.py
29026813,1,0,1,kodidb.py
29026813,1,0,1,kodidb.py
29026813,2,0,2,afteractions.py
29026813,4,0,4,base.py
29026813,382,0,382,bluebird.py
29026813,2,0,2,context.py
29026813,7,1,8,player.py
29026813,2,0,2,settings.py
29026813,2,2,4,player.py
29026813,2,2,4,player.py
29026813,54,1,55,player.py
29026813,4,0,4,anidub.py
29026813,61,0,61,backgrounds.py
29026813,15,0,15,base.py
29026813,3,0,3,hdclub.py
29026813,5,1,6,nnmclub.py
29026813,16,2,18,rutor.py
29026813,3,0,3,base.py
29026813,1,0,1,player.py
29026813,7,0,7,torrent2httpplayer.py
29026813,20,4,24,rutor.py
29026813,54,1,55,player.py
29026813,4,0,4,anidub.py
29026813,61,0,61,backgrounds.py
29026813,15,0,15,base.py
29026813,3,0,3,hdclub.py
29026813,5,1,6,nnmclub.py
29026813,16,2,18,rutor.py
29026813,3,0,3,base.py
29026813,1,0,1,player.py
29026813,7,0,7,torrent2httpplayer.py
29026813,1,1,2,afteractions.py
29026813,1,1,2,base.py
29026813,1,1,2,context.py
29026813,1,1,2,downloader.py
29026813,36,18,54,hdclub.py
29026813,37,3,40,anidub.py
29026813,1,1,2,afteractions.py
29026813,1,1,2,base.py
29026813,1,1,2,context.py
29026813,1,1,2,downloader.py
29026813,36,18,54,hdclub.py
29026813,37,3,40,anidub.py
29026813,3,1,4,rutor.py
29026813,3,1,4,rutor.py
29026813,9,3,12,movieapi.py
29026813,23,7,30,rutor.py
29026813,9,3,12,movieapi.py
29026813,23,7,30,rutor.py
29026813,3,3,6,context_show_similar.py
29026813,8,2,10,context_show_similar.py
29026813,53,14,67,anidub.py
29026813,16,10,26,backgrounds.py
29026813,4,2,6,dispatcher.py
29026813,21,9,30,player.py
29026813,9,4,13,context_show_similar.py
29026813,15,8,23,player.py
29026813,2,1,3,base.py
29026813,22,13,35,context.py
29026813,25,4,29,context_show_similar.py
29026813,4,0,4,filesystem.py
29026813,3,1,4,rutor.py
29026813,8,4,12,player.py
29026813,10,4,14,torrent2httpplayer.py
29026813,2,0,2,player.py
29026813,20,2,22,rutor.py
29026813,3,1,4,settings.py
29026813,4,1,5,dispatcher.py
29026813,19,12,31,base.py
29026813,235,0,235,backgrounds.py
29026813,94,0,94,dispatcher.py
29026813,0,3,3,nnmclub.py
29026813,130,190,320,player.py
29026813,24,218,242,service.py
29026813,5,2,7,rutor.py
29026813,7,0,7,log.py
29026813,4,1,5,filesystem.py
29026813,11,0,11,base.py
29026813,17,1,18,nfowriter.py
29026813,1,1,2,nnmclub.py
29026813,33,28,61,context.py
29026813,39,14,53,context.py
29026813,9,9,18,movieapi.py
29026813,50,20,70,movieapi.py
29026813,3,2,5,nfowriter.py
29026813,0,49,49,brkpnt.py
29026813,2,2,4,service.py
29026813,2,2,4,sources.py
29026813,6,4,10,anidub.py
29026813,4,0,4,player.py
29026813,3,1,4,settings.py
29026813,8,0,8,filesystem.py
29026813,1,1,2,movieapi.py
29026813,12,11,23,nnmclub.py
29026813,8,0,8,filesystem.py
29026813,1,1,2,movieapi.py
29026813,12,11,23,nnmclub.py
29026813,7,2,9,filesystem.py
29026813,0,49,49,brkpnt.py
29026813,0,3,3,context_search.py
29026813,2,2,4,service.py
29026813,2,2,4,sources.py
29026813,5,0,5,anidub.py
29026813,9,4,13,movieapi.py
29026813,0,3,3,context_search.py
29026813,15,6,21,filesystem.py
29026813,0,4,4,player.py
29026813,3,3,6,service.py
29026813,4,0,4,sources.py
29026813,1,1,2,tvshowapi.py
29026813,119,10,129,movieapi.py
29026813,2,1,3,nfowriter.py
29026813,3,5,8,nnmclub.py
29026813,3,5,8,nnmclub.py
29026813,13,19,32,movieapi.py
29026813,5,2,7,nnmclub.py
29026813,13,19,32,movieapi.py
29026813,5,2,7,nnmclub.py
29026813,1,1,2,nnmclub.py
29026813,2,0,2,anidub.py
29026813,1,1,2,nnmclub.py
29026813,2,0,2,anidub.py
29026813,51,9,60,movieapi.py
29026813,51,9,60,movieapi.py
29026813,2,2,4,base.py
29026813,1,1,2,hdclub.py
29026813,38,13,51,movieapi.py
29026813,1,1,2,nnmclub.py
29026813,4,1,5,player.py
29026813,1,1,2,rutor.py
29026813,4,1,5,settings.py
29026813,3,2,5,soap4me.py
29026813,3,1,4,context_search.py
29026813,4,4,8,filesystem.py
29026813,2,2,4,base.py
29026813,1,1,2,hdclub.py
29026813,38,13,51,movieapi.py
29026813,1,1,2,nnmclub.py
29026813,4,1,5,player.py
29026813,1,1,2,rutor.py
29026813,4,1,5,settings.py
29026813,3,2,5,soap4me.py
29026813,7,0,7,brkpnt.py
29026813,34,12,46,filesystem.py
29026813,42,25,67,brkpnt.py
29026813,310,314,624,filesystem.py
29026813,7,3,10,filesystem.py
29026813,97,33,130,filesystem.py
29026813,60,8,68,filesystem.py
29026813,3,1,4,context_search.py
29026813,6,1,7,context_search.py
29026813,6,1,7,context_search.py
29026813,9,13,22,player.py
29026813,4,0,4,base.py
29026813,8,3,11,service.py
29026813,5,2,7,sources.py
29026813,16,9,25,player.py
29026813,25,16,41,service.py
29026813,12,2,14,service.py
29026813,1,1,2,anidub.py
29026813,1,1,2,base.py
29026813,0,1,1,hdclub.py
29026813,8,2,10,movieapi.py
29026813,2,3,5,nnmclub.py
29026813,6,2,8,player.py
29026813,2,3,5,rutor.py
29026813,40,32,72,service.py
29026813,1,1,2,soap4me.py
29026813,7,0,7,player.py
29026813,1,0,1,service.py
29026813,2,1,3,service.py
29026813,5,0,5,brkpnt.py
29026813,1,1,2,hdclub.py
29026813,2,2,4,nnmclub.py
29026813,4,0,4,rutor.py
29026813,12,6,18,service.py
29026813,2,2,4,service.py
29026813,26,51,77,context.py
29026813,19,0,19,context_get_sources.py
29026813,3,0,3,context_settings.py
29026813,29,0,29,context_show_similar.py
29026813,0,16,16,context_tvshow.py
29026813,6,0,6,context_united_search.py
29026813,1,1,2,context.py
29026813,15,18,33,hdclub.py
29026813,15,18,33,nnmclub.py
29026813,1,1,2,player.py
29026813,15,18,33,rutor.py
29026813,53,41,94,service.py
29026813,1,1,2,tvshowapi.py
29026813,1,1,2,tvshowapi.py
29026813,4,4,8,nnmclub.py
29026813,1,1,2,rutor.py
29026813,18,29,47,service.py
29026813,20,0,20,brkpnt.py
29026813,3,0,3,player.py
29026813,12,4,16,nnmclub.py
29026813,13,7,20,rutor.py
29026813,4,2,6,service.py
29026813,1,1,2,context.py
29026813,16,9,25,hdclub.py
29026813,2,0,2,movieapi.py
29026813,7,7,14,player.py
29026813,78,14,92,service.py
29026813,6,0,6,settings.py
29026813,1,0,1,tvshowapi.py
29026813,14,2,16,base.py
29026813,60,29,89,movieapi.py
29026813,14,2,16,base.py
29026813,57,29,86,movieapi.py
29026813,18,3,21,movieapi.py
29026813,18,3,21,movieapi.py
29026813,35,3,38,movieapi.py
29026813,35,3,38,movieapi.py
29026813,15,0,15,context.py
29026813,7,4,11,player.py
29026813,15,0,15,context.py
29026813,7,4,11,player.py
29026813,1,1,2,anidub.py
29026813,1,1,2,base.py
29026813,16,4,20,hdclub.py
29026813,17,3,20,movieapi.py
29026813,18,9,27,nfowriter.py
29026813,2,2,4,nnmclub.py
29026813,4,4,8,rutor.py
29026813,16,3,19,tvshowapi.py
29026813,40,16,56,base.py
29026813,39,23,62,movieapi.py
29026813,1,1,2,soap4me.py
29026813,1,1,2,anidub.py
29026813,1,1,2,base.py
29026813,16,4,20,hdclub.py
29026813,17,3,20,movieapi.py
29026813,18,9,27,nfowriter.py
29026813,2,2,4,nnmclub.py
29026813,4,4,8,rutor.py
29026813,16,3,19,tvshowapi.py
29026813,2,0,2,afteractions.py
29026813,1,0,1,log.py
29026813,12,0,12,player.py
29026813,11,0,11,service.py
29026813,2,1,3,settings.py
29026813,23,6,29,soap4me.py
29026813,40,16,56,base.py
29026813,35,23,58,movieapi.py
29026813,33,1,34,soap4me.py
29026813,9,2,11,movieapi.py
29026813,47,25,72,soap4me.py
29026813,64,3,67,movieapi.py
29026813,64,3,67,movieapi.py
29026813,5,3,8,base.py
29026813,2,0,2,context.py
29026813,100,93,193,downloader.py
29026813,4,0,4,movieapi.py
29026813,10,1,11,player.py
29026813,11,2,13,service.py
29026813,4,0,4,settings.py
29026813,164,31,195,soap4me.py
29026813,12,4,16,hdclub.py
29026813,12,4,16,hdclub.py
29026813,1,1,2,soap4me.py
29026813,170,0,170,soap4me.py
29026813,8,0,8,nnmclub.py
29026813,8,0,8,nnmclub.py
29026813,8,3,11,rutor.py
29026813,14,11,25,rutor.py
29026813,1,1,2,rutor.py
29026813,5,2,7,rutor.py
29026813,16,0,16,context_tvshow.py
29026813,5,4,9,hdclub.py
29026813,0,2,2,player.py
29026813,1,3,4,settings.py
29026813,2,10,12,torrent2httpplayer.py
29026813,19,2,21,movieapi.py
29026813,6,8,14,nfowriter.py
29026813,144,9,153,rutor.py
29026813,4,1,5,service.py
29026813,16,0,16,context_tvshow.py
29026813,5,4,9,hdclub.py
29026813,1,1,2,nnmclub.py
29026813,1,1,2,nnmclub.py
29026813,7,6,13,kodidb.py
29026813,2,0,2,service.py
29026813,4,1,5,context.py
29026813,1,1,2,anidub.py
29026813,79,15,94,context.py
29026813,10,3,13,anidub.py
29026813,10,3,13,anidub.py
29026813,11,4,15,anidub.py
29026813,11,4,15,anidub.py
29026813,2,2,4,tvshowapi.py
29026813,2,2,4,tvshowapi.py
29026813,4,2,6,movieapi.py
29026813,4,2,6,nfowriter.py
29026813,4,2,6,movieapi.py
29026813,4,2,6,nfowriter.py
29026813,15,3,18,movieapi.py
29026813,8,4,12,tvshowapi.py
29026813,15,3,18,movieapi.py
29026813,8,4,12,tvshowapi.py
29026813,4,0,4,tvshowapi.py
29026813,4,0,4,tvshowapi.py
29026813,14,4,18,movieapi.py
29026813,14,4,18,movieapi.py
29026813,4,0,4,afteractions.py
29026813,7,6,13,torrent2httpplayer.py
29026813,3,0,3,service.py
29026813,2,0,2,player.py
29026813,3,1,4,settings.py
29026813,14,6,20,torrent2httpplayer.py
29026813,1,1,2,player.py
29026813,8,0,8,nfowriter.py
29026813,34,2,36,tvshowapi.py
29026813,53,0,53,base.py
29026813,6,0,6,context.py
29026813,5,0,5,player.py
29026813,25,19,44,settings.py
29026813,2,2,4,player.py
29026813,29,20,49,player.py
29026813,14,4,18,afteractions.py
29026813,14,9,23,player.py
29026813,14,9,23,player.py
29026813,16,0,16,context.py
29026813,12,5,17,service.py
29026813,3,0,3,player.py
29026813,12,0,12,service.py
29026813,21,12,33,hdclub.py
29026813,9,1,10,service.py
29026813,22,6,28,hdclub.py
29026813,6,0,6,filesystem.py
29026813,114,4,118,hdclub.py
29026813,0,9,9,torrent2httpplayer.py
29026813,40,8,48,context.py
29026813,33,18,51,movieapi.py
29026813,17,3,20,nforeader.py
29026813,4,1,5,player.py
29026813,29,17,46,service.py
29026813,10,1,11,context.py
29026813,33,13,46,movieapi.py
29026813,10,0,10,player.py
29026813,9,2,11,service.py
29026813,12,4,16,nnmclub.py
29026813,1,1,2,player.py
29026813,53,7,60,service.py
29026813,1,1,2,kodidb.py
29026813,7,0,7,nfowriter.py
29026813,9,0,9,tvshowapi.py
29026813,0,1,1,context.py
29026813,8,0,8,context_search.py
29026813,4,0,4,player.py
29026813,4,0,4,nfowriter.py
29026813,1,1,2,movieapi.py
29026813,1,1,2,player.py
29026813,29,7,36,player.py
29026813,4,1,5,movieapi.py
29026813,2,2,4,nnmclub.py
29026813,173,133,306,player.py
29026813,56,0,56,service.py
29026813,63,9,72,movieapi.py
29026813,57,16,73,player.py
29026813,7,5,12,afteractions.py
29026813,5,0,5,hdclub.py
29026813,83,3,86,movieapi.py
29026813,93,5,98,nnmclub.py
29026813,124,57,181,player.py
29026813,1,1,2,afteractions.py
29026813,84,16,100,afteractions.py
29026813,2,1,3,player.py
29026813,19,2,21,afteractions.py
29026813,3,1,4,base.py
29026813,5,1,6,afteractions.py
29026813,9,3,12,torrent2httpplayer.py
29026813,65,9,74,nforeader.py
29026813,5,5,10,aceplayer.py
29026813,11,13,24,rutor.py
29026813,67,0,67,aceplayer.py
29026813,7,4,11,base.py
29026813,4,0,4,player.py
29026813,9,0,9,torrent2httpplayer.py
29026813,19,10,29,anidub.py
29026813,10,5,15,nfowriter.py
29026813,66,8,74,afteractions.py
29026813,4,3,7,base.py
29026813,10,0,10,filesystem.py
29026813,17,5,22,player.py
29026813,9,2,11,filesystem.py
29026813,2,1,3,service.py
29026813,4,0,4,filesystem.py
29026813,7,0,7,torrent2httpplayer.py
29026813,3,1,4,player.py
29026813,25,0,25,rutor.py
29026813,2,0,2,settings.py
29026813,5,1,6,context.py
29026813,3,3,6,context.py
29026813,11,1,12,context.py
29026813,1,1,2,anidub.py
29026813,3,3,6,base.py
29026813,1,1,2,context.py
29026813,1,1,2,hdclub.py
29026813,1,1,2,movieapi.py
29026813,3,3,6,nnmclub.py
29026813,5,2,7,player.py
29026813,12,1,13,settings.py
29026813,1,1,2,torrent2httpplayer.py
29026813,1,1,2,tvshowapi.py
29026813,7,0,7,base.py
29026813,9,1,10,rutor.py
29026813,24,0,24,rutor.py
29026813,5,0,5,downloader.py
29026813,31,6,37,filesystem.py
29026813,21,0,21,sources.py
29026813,1,1,2,service.py
29026813,14,3,17,rutor.py
29026813,2,0,2,afteractions.py
29026813,73,60,133,base.py
29026813,2,0,2,context.py
29026813,7,0,7,downloader.py
29026813,4,0,4,nfowriter.py
29026813,9,1,10,player.py
29026813,371,0,371,rutor.py
29026813,6,1,7,service.py
29026813,3,0,3,settings.py
29026813,3,1,4,strmwriter.py
29026813,98,67,165,tvshowapi.py
29026813,13,8,21,kodidb.py
29026813,34,2,36,service.py
29026813,4,4,8,afteractions.py
29026813,1,1,2,downloader.py
29026813,1,1,2,hdclub.py
29026813,12,3,15,kodidb.py
29026813,1,1,2,nnmclub.py
29026813,1,1,2,player.py
29026813,1,1,2,torrent2httpplayer.py
29026813,14,11,25,base.py
29026813,4,4,8,afteractions.py
29026813,19,3,22,base.py
29026813,1,1,2,downloader.py
29026813,3,1,4,filesystem.py
29026813,1,1,2,hdclub.py
29026813,23,27,50,kodidb.py
29026813,16,2,18,log.py
29026813,1,1,2,nnmclub.py
29026813,1,1,2,player.py
29026813,9,10,19,service.py
29026813,1,1,2,sources.py
29026813,1,1,2,torrent2httpplayer.py
29026813,4,10,14,tvshowapi.py
29026813,10,1,11,service.py
29026813,1,1,2,nnmclub.py
29026813,5,3,8,service.py
29026813,4,0,4,nnmclub.py
29026813,1,0,1,service.py
29026813,2,0,2,player.py
29026813,27,2,29,service.py
29026813,1,0,1,sources.py
29026813,1,1,2,player.py
29026813,3,0,3,filesystem.py
29026813,11,7,18,kodidb.py
29026813,39,23,62,player.py
29026813,2,0,2,service.py
29026813,197,0,197,sources.py
29026813,1,1,2,nnmclub.py
29026813,26,13,39,service.py
29026813,1,1,2,base.py
29026813,27,20,47,nnmclub.py
29026813,1,1,2,player.py
29026813,12,12,24,nnmclub.py
29026813,1,1,2,player.py
29026813,12,12,24,nnmclub.py
29026813,1,1,2,player.py
29026813,5,0,5,player.py
29026813,3,0,3,player.py
29026813,9,5,14,tvshowapi.py
29026813,9,4,13,nnmclub.py
29026813,15,9,24,nnmclub.py
29026813,1,1,2,base.py
29026813,3,1,4,nnmclub.py
29026813,3,2,5,tvshowapi.py
29026813,16,12,28,nnmclub.py
29026813,4,2,6,service.py
29026813,2,2,4,nnmclub.py
29026813,47,5,52,nnmclub.py
29026813,16,11,27,service.py
29026813,7,0,7,filesystem.py
29026813,1,1,2,scraper.py
29026813,53,15,68,service.py
29026813,16,1,17,anidub.py
29026813,2,2,4,base.py
29026813,14,2,16,hdclub.py
29026813,4,1,5,log.py
29026813,23,7,30,nnmclub.py
29026813,14,0,14,player.py
29026813,125,50,175,service.py
29026813,7,3,10,settings.py
29026813,12,9,21,torrent2httpplayer.py
29026813,36,20,56,service.py
29026813,37,71,108,anidub.py
29026813,37,13,50,filesystem.py
29026813,2,16,18,hdclub.py
29026813,6,27,33,nnmclub.py
29026813,2,19,21,tvshowapi.py
29026813,6,1,7,player.py
29026813,2,1,3,service.py
29026813,114,73,187,anidub.py
29026813,5,5,10,service.py
29026813,5,1,6,service.py
29026813,57,3,60,base.py
29026813,15,45,60,context.py
29026813,1,1,2,player.py
29026813,1,1,2,tvshowapi.py
29026813,10,6,16,afteractions.py
29026813,25,22,47,anidub.py
29026813,24,21,45,base.py
29026813,72,18,90,context.py
29026813,2,1,3,downloader.py
29026813,10,1,11,filesystem.py
29026813,14,10,24,hdclub.py
29026813,6,4,10,kodidb.py
29026813,28,0,28,log.py
29026813,14,10,24,movieapi.py
29026813,11,7,18,nforeader.py
29026813,9,5,14,nfowriter.py
29026813,33,28,61,nnmclub.py
29026813,28,24,52,player.py
29026813,152,0,152,scraper.py
29026813,60,7,67,service.py
29026813,7,3,10,strmwriter.py
29026813,11,8,19,torrent2httpplayer.py
29026813,34,37,71,tvshowapi.py
29026813,11,7,18,yatpplayer.py
29026813,126,0,126,afteractions.py
29026813,10,0,10,player.py
29026813,30,21,51,player.py
29026813,7,0,7,anidub.py
29026813,8,0,8,nfowriter.py
29026813,10,1,11,filesystem.py
29026813,3,3,6,downloader.py
29026813,7,0,7,filesystem.py
29026813,32,26,58,hdclub.py
29026813,30,20,50,player.py
29026813,14,14,28,tvshowapi.py
29026813,86,13,99,context.py
29026813,19,11,30,player.py
29026813,1,1,2,player.py
29026813,1,3,4,torrent2httpplayer.py
29026813,4,4,8,base.py
29026813,10,2,12,torrent2httpplayer.py
29026813,51,13,64,hdclub.py
29026813,17,0,17,movieapi.py
29026813,50,22,72,nnmclub.py
29026813,12,9,21,kodidb.py
29026813,12,9,21,kodidb.py
29026813,1,28,29,player.py
29026813,16,1,17,base.py
29026813,4,1,5,hdclub.py
29026813,12,2,14,nfowriter.py
29026813,1,19,20,nnmclub.py
29026813,6,1,7,base.py
29026813,0,14,14,player.py
29026813,19,3,22,movieapi.py
29026813,19,3,22,movieapi.py
29026813,4,0,4,anidub.py
29026813,38,4,42,base.py
29026813,8,1,9,context.py
29026813,88,0,88,downloader.py
29026813,11,0,11,hdclub.py
29026813,1,1,2,nforeader.py
29026813,2,0,2,nnmclub.py
29026813,56,6,62,player.py
29026813,1,0,1,settings.py
29026813,11,5,16,torrent2httpplayer.py
29026813,9,3,12,tvshowapi.py
29026813,4,2,6,context.py
29026813,68,13,81,nnmclub.py
29026813,19,3,22,player.py
29026813,21,19,40,kodidb.py
29026813,11,8,19,anidub.py
29026813,7,4,11,movieapi.py
29026813,29,4,33,nfowriter.py
29026813,88,5,93,tvshowapi.py
29026813,11,5,16,player.py
29026813,84,63,147,movieapi.py
29026813,10,67,77,nfowriter.py
29026813,71,36,107,tvshowapi.py
29026813,2,1,3,nnmclub.py
29026813,24,0,24,anidub.py
29026813,13,1,14,nnmclub.py
29026813,8,1,9,player.py
29026813,25,7,32,tvshowapi.py
29026813,38,16,54,context.py
29026813,6,2,8,player.py
29026813,3,2,5,base.py
29026813,80,0,80,context.py
29026813,1,0,1,nnmclub.py
29026813,4,3,7,player.py
29026813,4,3,7,anidub.py
29026813,11,6,17,base.py
29026813,12,8,20,hdclub.py
29026813,18,12,30,nnmclub.py
29026813,39,18,57,player.py
29026813,20,3,23,settings.py
29026813,19,2,21,tvshowapi.py
29026813,39,20,59,base.py
29026813,1,1,2,hdclub.py
29026813,264,94,358,nfowriter.py
29026813,2,2,4,nnmclub.py
29026813,77,73,150,player.py
29026813,6,5,11,strmwriter.py
29026813,90,5,95,tvshowapi.py
29026813,3,0,3,movieapi.py
29026813,63,18,81,nfowriter.py
29026813,36,85,121,nnmclub.py
29026813,8,2,10,player.py
29026813,117,5,122,tvshowapi.py
29026813,2,1,3,nfowriter.py
29026813,155,152,307,nnmclub.py
29026813,21,13,34,player.py
29026813,3,1,4,strmwriter.py
29026813,245,19,264,tvshowapi.py
29026813,1,1,2,anidub.py
29026813,3,0,3,base.py
29026813,135,0,135,bencode.py
29026813,9,0,9,filesystem.py
29026813,272,99,371,nnmclub.py
29026813,3,1,4,strmwriter.py
29026813,24,7,31,tvshowapi.py
29026813,29,7,36,player.py
29026813,9,4,13,base.py
29026813,11,4,15,nfowriter.py
29026813,4,3,7,nnmclub.py
29026813,9,4,13,base.py
29026813,11,4,15,nfowriter.py
29026813,4,3,7,nnmclub.py
29026813,1,1,2,player.py
29026813,2,0,2,player.py
29026813,3,0,3,base.py
29026813,201,0,201,countries.py
29026813,14,0,14,movieapi.py
29026813,7,2,9,nfowriter.py
29026813,17,5,22,nnmclub.py
29026813,3,0,3,base.py
29026813,201,0,201,countries.py
29026813,14,0,14,movieapi.py
29026813,7,2,9,nfowriter.py
29026813,17,5,22,nnmclub.py
29026813,7,0,7,player.py
29026813,21,0,21,torrent2httpplayer.py
29026813,17,0,17,yatpplayer.py
29026813,37,24,61,base.py
29026813,101,52,153,player.py
29026813,8,8,16,strmwriter.py
29026813,2,2,4,kodidb.py
29026813,18,3,21,yatpplayer.py
29026813,8,5,13,player.py
29026813,18,0,18,torrent2httpplayer.py
29026813,3,0,3,yatpplayer.py
29026813,18,0,18,kodidb.py
29026813,35,9,44,torrent2httpplayer.py
29026813,3,0,3,base.py
29026813,3,0,3,base.py
29026813,4,1,5,movieapi.py
29026813,7,3,10,nnmclub.py
29026813,48,33,81,kodidb.py
29026813,2,0,2,player.py
29026813,21,12,33,kodidb.py
29026813,2,1,3,nnmclub.py
29026813,3,0,3,player.py
29026813,50,18,68,kodidb.py
29026813,10,8,18,player.py
29026813,38,13,51,nnmclub.py
29026813,27,15,42,kodidb.py
29026813,190,0,190,kodidb.py
29026813,20,1,21,player.py
29026813,26,17,43,service.py
29026813,5,3,8,torrent2httpplayer.py
29026813,6,9,15,torrent2httpplayer.py
29026813,1,1,2,base.py
29026813,5,3,8,torrent2httpplayer.py
29026813,32,5,37,torrent2httpplayer.py
29026813,2,1,3,torrent2httpplayer.py
29026813,29,10,39,player.py
29026813,9,1,10,settings.py
29026813,19,3,22,torrent2httpplayer.py
29026813,27,4,31,base.py
29026813,86,124,210,player.py
29026813,118,0,118,torrent2httpplayer.py
29026813,97,0,97,yatpplayer.py
29026813,26,21,47,nforeader.py
29026813,18,17,35,anidub.py
29026813,55,21,76,base.py
29026813,2,0,2,filesystem.py
29026813,32,28,60,hdclub.py
29026813,3,5,8,nfowriter.py
29026813,46,31,77,nnmclub.py
29026813,6,2,8,strmwriter.py
29026813,21,11,32,nforeader.py
29026813,2,0,2,hdclub.py
29026813,1,1,2,nnmclub.py
29026813,8,5,13,anidub.py
29026813,1,0,1,base.py
29026813,3,1,4,hdclub.py
29026813,2,2,4,nnmclub.py
29026813,9,5,14,base.py
29026813,1,1,2,hdclub.py
29026813,1,1,2,nnmclub.py
29026813,29,12,41,player.py
29026813,27,11,38,settings.py
29026813,2,1,3,anidub.py
29026813,36,3,39,filesystem.py
29026813,2,2,4,nforeader.py
29026813,1,2,3,strmwriter.py
29026813,1,1,2,anidub.py
29026813,3,3,6,filesystem.py
29026813,1,1,2,strmwriter.py
29026813,1,1,2,anidub.py
29026813,4,4,8,base.py
29026813,4,1,5,filesystem.py
29026813,3,3,6,nforeader.py
29026813,1,1,2,nfowriter.py
29026813,3,3,6,nnmclub.py
29026813,2,2,4,strmwriter.py
29026813,16,16,32,anidub.py
29026813,4,4,8,base.py
29026813,35,0,35,filesystem.py
29026813,6,6,12,hdclub.py
29026813,5,5,10,nnmclub.py
29026813,7,7,14,settings.py
29026813,4,7,11,strmwriter.py
29026813,5,2,7,nfowriter.py
29026813,32,1,33,nfowriter.py
29026813,2,0,2,nnmclub.py
29026813,1,1,2,base.py
29026813,0,1,1,movieapi.py
29026813,4,4,8,nnmclub.py
29026813,1,1,2,base.py
29026813,11,0,11,base.py
29026813,3,14,17,movieapi.py
29026813,1,1,2,nnmclub.py
29026813,1,1,2,movieapi.py
29026813,6,6,12,movieapi.py
29026813,4,3,7,movieapi.py
29026813,2,1,3,movieapi.py
29026813,3,2,5,movieapi.py
29026813,4,5,9,movieapi.py
29026813,2,1,3,movieapi.py
29026813,10,1,11,movieapi.py
29026813,15,1,16,base.py
29026813,11,1,12,hdclub.py
29026813,10,4,14,nnmclub.py
29026813,1,1,2,player.py
29026813,36,2,38,movieapi.py
29026813,9,0,9,nfowriter.py
29026813,21,3,24,base.py
29026813,1,1,2,hdclub.py
29026813,8,9,17,nnmclub.py
29026813,10,0,10,anidub.py
29026813,18,7,25,base.py
29026813,6,0,6,nfowriter.py
29026813,43,3,46,base.py
29026813,7,1,8,hdclub.py
29026813,45,15,60,movieapi.py
29026813,12,2,14,nforeader.py
29026813,16,3,19,nfowriter.py
29026813,9,3,12,nnmclub.py
29026813,10,1,11,settings.py
29026813,18,16,34,player.py
29026813,6,0,6,anidub.py
29026813,8,0,8,nforeader.py
29026813,7,8,15,nfowriter.py
29026813,7,1,8,nnmclub.py
29026813,11,11,22,player.py
29026813,5,3,8,service.py
29026813,250,0,250,nnmclub.py
29026813,34,6,40,player.py
29026813,7,1,8,settings.py
29026813,1,12,13,anidub.py
29026813,56,0,56,base.py
29026813,5,52,57,hdclub.py
29026813,3,3,6,strmwriter.py
29026813,10,3,13,nfowriter.py
29026813,3,3,6,anidub.py
29026813,5,5,10,hdclub.py
29026813,96,0,96,nforeader.py
29026813,35,8,43,player.py
29026813,12,9,21,settings.py
29026813,12,2,14,strmwriter.py
29026813,2,0,2,player.py
29026813,3,0,3,service.py
29026813,42,42,84,player.py
29026813,46,1,47,service.py
29026813,1,1,2,player.py
29026813,1,1,2,player.py
29026813,13,12,25,nfowriter.py
29026813,29,0,29,hdclub.py
29026813,8,5,13,nfowriter.py
29026813,22,18,40,player.py
29026813,3,0,3,player.py
29026813,15,6,21,player.py
29026813,6,4,10,player.py
29026813,4,2,6,settings.py
29026813,5,9,14,player.py
29026813,256,0,256,anidub.py
29026813,76,0,76,base.py
29026813,155,0,155,hdclub.py
29026813,50,0,50,movieapi.py
29026813,111,0,111,nfowriter.py
29026813,191,0,191,player.py
29026813,1,0,1,service.py
29026813,35,0,35,settings.py
29026813,44,0,44,strmwriter.py
29026813,70,0,70,tvshowapi.py
31030536,1,1,2,tcconfig/__version__.py
31030536,5,5,10,test/test_tcset_dst_one.py
31030536,2,2,4,test/test_tcset_dst_two.py
31030536,2,2,4,test/test_tcset_src_one.py
31030536,13,3,16,tcconfig/_logger.py
31030536,1,0,1,setup.py
31030536,1,2,3,setup.py
31030536,1,1,2,tcconfig/__version__.py
31030536,1,1,2,tcconfig/__version__.py
31030536,1,0,1,tcconfig/_const.py
31030536,33,10,43,tcconfig/parser/shaping_rule.py
31030536,62,9,71,tcconfig/tcshow.py
31030536,25,9,34,test/test_tcset_iface_speed.py
31030536,6,7,13,tcconfig/parser/shaping_rule.py
31030536,15,17,32,tcconfig/parser/shaping_rule.py
31030536,10,10,20,tcconfig/parser/shaping_rule.py
31030536,3,3,6,tcconfig/parser/shaping_rule.py
31030536,3,3,6,tcconfig/parser/shaping_rule.py
31030536,3,3,6,tcconfig/parser/shaping_rule.py
31030536,1,1,2,tcconfig/__version__.py
31030536,1,1,2,test/test_traffic_control.py
31030536,14,0,14,tcconfig/_netem_param.py
31030536,0,1,1,tcconfig/_const.py
31030536,22,17,39,tcconfig/_netem_param.py
31030536,6,6,12,tcconfig/_network.py
31030536,13,10,23,tcconfig/shaper/htb.py
31030536,9,7,16,tcconfig/shaper/tbf.py
31030536,1,1,2,test/common.py
31030536,7,6,13,test/test_network.py
31030536,12,12,24,test/test_traffic_control.py
31030536,2,2,4,tcconfig/_netem_param.py
31030536,2,2,4,tcconfig/_importer.py
31030536,1,1,2,tcconfig/_importer.py
31030536,2,1,3,tcconfig/_importer.py
31030536,1,1,2,tcconfig/_netem_param.py
31030536,1,1,2,tcconfig/__version__.py
31030536,17,3,20,tcconfig/parser/_qdisc.py
31030536,16,2,18,test/test_parser.py
31030536,2,2,4,tcconfig/traffic_control.py
31030536,1,1,2,tcconfig/_common.py
31030536,0,224,224,tcconfig/_converter.py
31030536,0,54,54,tcconfig/_error.py
31030536,61,47,108,tcconfig/_netem_param.py
31030536,2,2,4,tcconfig/_network.py
31030536,1,1,2,tcconfig/shaper/_interface.py
31030536,1,1,2,tcconfig/shaper/tbf.py
31030536,13,12,25,tcconfig/tcset.py
31030536,2,1,3,tcconfig/traffic_control.py
31030536,17,9,26,test/common.py
31030536,0,187,187,test/test_converter.py
31030536,1,1,2,test/test_netem_param.py
31030536,1,1,2,test/test_tcconfig.py
31030536,151,201,352,test/test_tcdel.py
31030536,57,78,135,test/test_tcset_change.py
31030536,38,57,95,test/test_tcset_dst_one.py
31030536,171,194,365,test/test_tcshow.py
31030536,16,35,51,test/test_traffic_control.py
31030536,1,1,2,test/test_tcdel.py
31030536,1,1,2,tcconfig/parser/_class.py
31030536,1,1,2,tcconfig/parser/_filter.py
31030536,1,1,2,tcconfig/parser/_qdisc.py
31030536,3,3,6,tcconfig/parser/shaping_rule.py
31030536,1,1,2,tcconfig/shaper/htb.py
31030536,1,1,2,tcconfig/shaper/tbf.py
31030536,1,1,2,tcconfig/__version__.py
31030536,3,2,5,tcconfig/traffic_control.py
31030536,8,2,10,tcconfig/_iptables.py
31030536,5,5,10,tcconfig/_common.py
31030536,1,0,1,docs/conf.py
31030536,1,1,2,tcconfig/parser/_class.py
31030536,1,1,2,tcconfig/parser/_filter.py
31030536,1,1,2,tcconfig/parser/_qdisc.py
31030536,3,3,6,tcconfig/parser/shaping_rule.py
31030536,1,1,2,tcconfig/shaper/htb.py
31030536,1,1,2,tcconfig/shaper/tbf.py
31030536,2,1,3,test/common.py
31030536,1,0,1,test/test_converter.py
31030536,1,0,1,test/test_iptables.py
31030536,1,0,1,test/test_netem_param.py
31030536,1,0,1,test/test_network.py
31030536,2,1,3,test/test_parser.py
31030536,1,0,1,test/test_split_line_list.py
31030536,1,0,1,test/test_tc_command_helper.py
31030536,1,0,1,test/test_tcconfig.py
31030536,1,0,1,test/test_tcdel.py
31030536,1,0,1,test/test_tcset_change.py
31030536,1,0,1,test/test_tcset_config_file.py
31030536,1,0,1,test/test_tcset_dst_one.py
31030536,1,0,1,test/test_tcset_dst_two.py
31030536,1,0,1,test/test_tcset_iface_speed.py
31030536,1,0,1,test/test_tcset_src_one.py
31030536,1,0,1,test/test_tcshow.py
31030536,1,0,1,test/test_traffic_control.py
31030536,1,1,2,tcconfig/__version__.py
31030536,3,2,5,tcconfig/tcset.py
31030536,7,8,15,tcconfig/_netem_param.py
31030536,17,1,18,test/test_netem_param.py
31030536,8,1,9,tcconfig/_converter.py
31030536,1,1,2,tcconfig/_converter.py
31030536,2,2,4,tcconfig/_netem_param.py
31030536,1,1,2,tcconfig/_network.py
31030536,1,1,2,test/test_converter.py
31030536,2,2,4,tcconfig/_converter.py
31030536,1,1,2,test/common.py
31030536,2,2,4,test/test_converter.py
31030536,1,4,5,tcconfig/_converter.py
31030536,1,1,2,test/test_converter.py
31030536,1,1,2,tcconfig/_converter.py
31030536,5,11,16,tcconfig/_converter.py
31030536,5,5,10,tcconfig/_converter.py
31030536,1,1,2,tcconfig/_converter.py
31030536,3,3,6,tcconfig/_netem_param.py
31030536,2,2,4,tcconfig/_network.py
31030536,2,2,4,test/common.py
31030536,4,4,8,test/test_converter.py
31030536,11,14,25,tcconfig/_converter.py
31030536,5,3,8,tcconfig/_error.py
31030536,3,1,4,setup.py
31030536,1,1,2,tcconfig/_docker.py
31030536,1,1,2,tcconfig/_error.py
31030536,6,3,9,setup.py
31030536,1,1,2,tcconfig/__version__.py
31030536,2,2,4,tcconfig/_argparse_wrapper.py
31030536,11,8,19,tcconfig/_docker.py
31030536,10,1,11,tcconfig/_main.py
31030536,7,1,8,tcconfig/tcshow.py
31030536,1,1,2,tcconfig/tcshow.py
31030536,4,1,5,tcconfig/_main.py
31030536,4,1,5,tcconfig/tcshow.py
31030536,21,17,38,tcconfig/tcshow.py
31030536,2,1,3,tcconfig/_docker.py
31030536,0,1,1,docs/conf.py
31030536,1,2,3,test/common.py
31030536,0,1,1,test/test_converter.py
31030536,0,1,1,test/test_iptables.py
31030536,0,1,1,test/test_netem_param.py
31030536,0,1,1,test/test_network.py
31030536,1,2,3,test/test_parser.py
31030536,0,1,1,test/test_split_line_list.py
31030536,0,1,1,test/test_tc_command_helper.py
31030536,0,1,1,test/test_tcconfig.py
31030536,0,1,1,test/test_tcdel.py
31030536,0,1,1,test/test_tcset_change.py
31030536,0,1,1,test/test_tcset_config_file.py
31030536,0,1,1,test/test_tcset_dst_one.py
31030536,0,1,1,test/test_tcset_dst_two.py
31030536,0,1,1,test/test_tcset_iface_speed.py
31030536,0,1,1,test/test_tcset_src_one.py
31030536,0,1,1,test/test_tcshow.py
31030536,0,1,1,test/test_traffic_control.py
31030536,1,1,2,tcconfig/tcdel.py
31030536,1,1,2,tcconfig/tcset.py
31030536,1,1,2,tcconfig/tcshow.py
31030536,4,4,8,tcconfig/_shaping_rule_finder.py
31030536,1,1,2,setup.py
31030536,1,1,2,tcconfig/__version__.py
31030536,2,1,3,tcconfig/_docker.py
31030536,3,0,3,tcconfig/_argparse_wrapper.py
31030536,3,0,3,tcconfig/_common.py
31030536,1,1,2,tcconfig/_docker.py
31030536,1,1,2,tcconfig/_main.py
31030536,1,1,2,tcconfig/tcdel.py
31030536,1,1,2,tcconfig/tcset.py
31030536,1,1,2,tcconfig/_converter.py
31030536,2,2,4,tcconfig/tcset.py
31030536,19,4,23,tcconfig/_docker.py
31030536,9,9,18,tcconfig/_docker.py
31030536,1,1,2,tcconfig/__version__.py
31030536,3,1,4,setup.py
31030536,1,1,2,tcconfig/_shaping_rule_finder.py
31030536,1,1,2,tcconfig/tcdel.py
31030536,1,1,2,setup.py
31030536,1,3,4,tcconfig/parser/_class.py
31030536,1,3,4,tcconfig/parser/_filter.py
31030536,3,3,6,tcconfig/parser/_qdisc.py
31030536,1,1,2,tcconfig/__version__.py
31030536,13,8,21,docs/make_readme.py
31030536,1,1,2,tcconfig/parser/_interface.py
31030536,1,0,1,setup.py
31030536,1,1,2,tcconfig/__version__.py
31030536,1,0,1,docs/conf.py
31030536,2,1,3,test/common.py
31030536,1,0,1,test/test_converter.py
31030536,1,0,1,test/test_iptables.py
31030536,1,0,1,test/test_netem_param.py
31030536,1,0,1,test/test_network.py
31030536,2,1,3,test/test_parser.py
31030536,1,0,1,test/test_split_line_list.py
31030536,1,0,1,test/test_tc_command_helper.py
31030536,1,0,1,test/test_tcconfig.py
31030536,1,0,1,test/test_tcdel.py
31030536,1,0,1,test/test_tcset_change.py
31030536,1,0,1,test/test_tcset_config_file.py
31030536,1,0,1,test/test_tcset_dst_one.py
31030536,1,0,1,test/test_tcset_dst_two.py
31030536,1,0,1,test/test_tcset_iface_speed.py
31030536,1,0,1,test/test_tcset_src_one.py
31030536,1,0,1,test/test_tcshow.py
31030536,1,0,1,test/test_traffic_control.py
31030536,1,1,2,setup.py
31030536,1,0,1,docs/conf.py
31030536,1,1,2,tcconfig/__version__.py
31030536,9,1,10,tcconfig/_converter.py
31030536,16,16,32,test/test_converter.py
31030536,1,1,2,tcconfig/traffic_control.py
31030536,1,2,3,setup.py
31030536,11,4,15,tcconfig/_netem_param.py
31030536,4,4,8,tcconfig/parser/_qdisc.py
31030536,0,4,4,tcconfig/tcset.py
31030536,22,0,22,test/test_netem_param.py
31030536,3,3,6,test/test_parser.py
31030536,2,2,4,test/test_tcconfig.py
31030536,20,20,40,test/test_tcdel.py
31030536,12,12,24,test/test_tcset_change.py
31030536,2,2,4,test/test_tcset_config_file.py
31030536,4,3,7,test/test_tcset_dst_one.py
31030536,14,14,28,test/test_tcshow.py
31030536,10,0,10,tcconfig/_logger.py
31030536,1,1,2,tcconfig/__version__.py
31030536,1,0,1,docs/make_readme.py
31030536,1,0,1,setup.py
31030536,1,1,2,tcconfig/__version__.py
31030536,3,0,3,docs/make_readme.py
31030536,51,67,118,test/test_tcdel.py
31030536,1,0,1,test/test_tcdel.py
31030536,1,1,2,test/test_tcdel.py
31030536,1,1,2,tcconfig/_argparse_wrapper.py
31030536,1,3,4,test/common.py
31030536,15,11,26,tcconfig/_argparse_wrapper.py
31030536,1,0,1,tcconfig/tcdel.py
31030536,2,0,2,tcconfig/tcset.py
31030536,2,0,2,tcconfig/tcshow.py
31030536,1,3,4,tcconfig/tcdel.py
31030536,1,3,4,tcconfig/tcset.py
31030536,4,4,8,tcconfig/tcdel.py
31030536,11,0,11,tcconfig/_main.py
31030536,1,8,9,tcconfig/tcset.py
31030536,2,2,4,tcconfig/tcdel.py
31030536,12,0,12,tcconfig/_main.py
31030536,2,14,16,tcconfig/tcset.py
31030536,54,53,107,tcconfig/tcdel.py
31030536,28,41,69,tcconfig/tcdel.py
31030536,167,202,369,test/test_tcdel.py
31030536,1,1,2,tcconfig/shaper/_interface.py
31030536,6,3,9,tcconfig/_main.py
31030536,3,0,3,tcconfig/traffic_control.py
31030536,2,2,4,tcconfig/traffic_control.py
31030536,3,3,6,tcconfig/_argparse_wrapper.py
31030536,7,6,13,tcconfig/tcset.py
31030536,1,1,2,tcconfig/tcset.py
31030536,7,1,8,tcconfig/tcset.py
31030536,5,5,10,tcconfig/_tc_script.py
31030536,2,2,4,tcconfig/_docker.py
31030536,1,1,2,tcconfig/_main.py
31030536,1,1,2,tcconfig/tcdel.py
31030536,1,1,2,tcconfig/tcset.py
31030536,1,1,2,tcconfig/tcshow.py
31030536,1,1,2,tcconfig/_docker.py
31030536,1,1,2,tcconfig/_error.py
31030536,3,3,6,tcconfig/_docker.py
31030536,9,9,18,tcconfig/_docker.py
31030536,41,0,41,tcconfig/_main.py
31030536,12,50,62,tcconfig/tcset.py
31030536,1,1,2,tcconfig/tcset.py
31030536,6,1,7,tcconfig/tcset.py
31030536,2,1,3,tcconfig/_docker.py
31030536,7,4,11,tcconfig/_argparse_wrapper.py
31030536,13,6,19,tcconfig/tcset.py
31030536,4,5,9,tcconfig/tcset.py
31030536,36,29,65,tcconfig/tcset.py
31030536,1,1,2,tcconfig/_argparse_wrapper.py
31030536,4,1,5,tcconfig/tcshow.py
31030536,1,1,2,tcconfig/_argparse_wrapper.py
31030536,6,1,7,tcconfig/tcshow.py
31030536,17,11,28,tcconfig/tcset.py
31030536,122,106,228,tcconfig/tcset.py
31030536,1,1,2,setup.py
31030536,15,11,26,tcconfig/tcset.py
31030536,1,1,2,tcconfig/__version__.py
31030536,1,1,2,tcconfig/_tc_command_helper.py
31030536,1,1,2,tcconfig/_converter.py
31030536,1,1,2,tcconfig/_iptables.py
31030536,1,1,2,tcconfig/_converter.py
31030536,2,2,4,tcconfig/parser/_filter.py
31030536,1,1,2,tcconfig/shaper/htb.py
31030536,1,1,2,tcconfig/__version__.py
31030536,3,1,4,tcconfig/parser/_class.py
31030536,12,12,24,test/test_tcdel.py
31030536,4,4,8,test/test_tcset_change.py
31030536,3,3,6,test/test_tcset_config_file.py
31030536,8,8,16,test/test_tcshow.py
31030536,47,39,86,tcconfig/traffic_control.py
31030536,37,26,63,tcconfig/traffic_control.py
31030536,5,0,5,tcconfig/_shaping_rule_finder.py
31030536,1,1,2,docs/conf.py
31030536,2,2,4,tcconfig/_logger.py
31030536,3,1,4,tcconfig/_argparse_wrapper.py
31030536,13,10,23,tcconfig/_argparse_wrapper.py
31030536,4,4,8,tcconfig/tcset.py
31030536,1,1,2,tcconfig/__version__.py
31030536,65,43,108,test/test_tcset_change.py
31030536,32,25,57,test/test_tcset_dst_one.py
31030536,30,18,48,test/test_tcset_src_one.py
31030536,36,60,96,tcconfig/_netem_param.py
31030536,3,3,6,tcconfig/_common.py
31030536,1,1,2,tcconfig/_netem_param.py
31030536,1,1,2,setup.py
31030536,23,0,23,tcconfig/_netem_param.py
31030536,2,31,33,tcconfig/shaper/_interface.py
31030536,6,8,14,tcconfig/_argparse_wrapper.py
31030536,5,3,8,docs/make_readme.py
31030536,1,1,2,setup.py
31030536,1,1,2,tcconfig/_argparse_wrapper.py
31030536,0,16,16,tcconfig/_docker.py
31030536,1,1,2,tcconfig/__version__.py
31030536,9,0,9,tcconfig/_netem_param.py
31030536,10,7,17,tcconfig/shaper/htb.py
31030536,17,0,17,tcconfig/traffic_control.py
31030536,1,1,2,tcconfig/traffic_control.py
31030536,3,3,6,tcconfig/traffic_control.py
31030536,29,0,29,tcconfig/_netem_param.py
31030536,3,1,4,tcconfig/tcset.py
31030536,27,0,27,tcconfig/_common.py
31030536,190,0,190,tcconfig/_netem_param.py
31030536,20,12,32,tcconfig/shaper/_interface.py
31030536,1,1,2,tcconfig/shaper/htb.py
31030536,2,2,4,tcconfig/shaper/tbf.py
31030536,25,11,36,tcconfig/tcset.py
31030536,10,196,206,tcconfig/traffic_control.py
31030536,69,57,126,test/test_traffic_control.py
31030536,7,0,7,tcconfig/_argparse_wrapper.py
31030536,245,0,245,tcconfig/_docker.py
31030536,24,0,24,tcconfig/_error.py
31030536,4,1,5,tcconfig/parser/_filter.py
31030536,1,1,2,tcconfig/parser/shaping_rule.py
31030536,1,2,3,tcconfig/shaper/htb.py
31030536,48,34,82,tcconfig/tcdel.py
31030536,94,73,167,tcconfig/tcset.py
31030536,31,9,40,tcconfig/tcshow.py
31030536,4,0,4,tcconfig/traffic_control.py
31030536,3,3,6,tcconfig/_error.py
31030536,0,6,6,tcconfig/_error.py
31030536,1,1,2,tcconfig/_network.py
31030536,1,1,2,tcconfig/_tc_command_helper.py
31030536,1,1,2,tcconfig/parser/shaping_rule.py
31030536,1,1,2,tcconfig/traffic_control.py
31030536,29,6,35,tcconfig/_error.py
31030536,1,1,2,tcconfig/tcset.py
31030536,1,1,2,tcconfig/parser/shaping_rule.py
31030536,4,4,8,test/test_parser.py
31030536,7,4,11,tcconfig/_argparse_wrapper.py
31030536,1,1,2,tcconfig/__version__.py
31030536,1,3,4,tcconfig/shaper/_interface.py
31030536,1,3,4,tcconfig/shaper/htb.py
31030536,0,1,1,tcconfig/shaper/_interface.py
31030536,0,2,2,tcconfig/shaper/htb.py
31030536,0,2,2,tcconfig/shaper/tbf.py
31030536,6,1,7,tcconfig/_network.py
31030536,2,2,4,tcconfig/_tc_command_helper.py
31030536,9,3,12,tcconfig/parser/shaping_rule.py
31030536,4,2,6,tcconfig/shaper/htb.py
31030536,7,6,13,tcconfig/tcdel.py
31030536,1,1,2,tcconfig/tcshow.py
31030536,2,2,4,tcconfig/traffic_control.py
31030536,0,4,4,tcconfig/shaper/_interface.py
31030536,0,4,4,tcconfig/shaper/htb.py
31030536,0,4,4,tcconfig/shaper/tbf.py
31030536,1,1,2,docs/update_command_help.py
31030536,0,1,1,tcconfig/tcset.py
31030536,0,1,1,tcconfig/tcshow.py
31030536,1,1,2,tcconfig/__version__.py
31030536,25,0,25,docs/update_command_help.py
31030536,4,4,8,tcconfig/_argparse_wrapper.py
31030536,4,4,8,tcconfig/tcset.py
31030536,1,1,2,tcconfig/_importer.py
31030536,1,1,2,tcconfig/parser/_class.py
31030536,1,1,2,tcconfig/parser/_filter.py
31030536,1,1,2,tcconfig/parser/_qdisc.py
31030536,1,1,2,test/test_tcdel.py
31030536,1,2,3,test/test_tcset_change.py
31030536,1,2,3,test/test_tcset_config_file.py
31030536,1,2,3,test/test_tcshow.py
31030536,1,0,1,setup.py
31030536,21,1,22,tcconfig/tcshow.py
31030536,11,6,17,test/test_tcshow.py
31030536,1,1,2,tcconfig/tcset.py
31030536,1,1,2,test/common.py
31030536,24,25,49,test/test_tcconfig.py
31030536,466,459,925,test/test_tcdel.py
31030536,128,129,257,test/test_tcset_change.py
31030536,9,10,19,test/test_tcset_config_file.py
31030536,160,167,327,test/test_tcset_dst_one.py
31030536,28,27,55,test/test_tcset_dst_two.py
31030536,14,20,34,test/test_tcset_iface_speed.py
31030536,46,44,90,test/test_tcset_src_one.py
31030536,306,307,613,test/test_tcshow.py
31030536,1,3,4,tcconfig/_importer.py
31030536,10,0,10,test/common.py
31030536,5,6,11,test/test_parser.py
31030536,7,11,18,test/test_tcdel.py
31030536,3,5,8,test/test_tcset_change.py
31030536,2,4,6,test/test_tcset_config_file.py
31030536,4,7,11,test/test_tcshow.py
31030536,1,3,4,tcconfig/_importer.py
31030536,1,3,4,tcconfig/tcshow.py
31030536,1,0,1,tcconfig/tcdel.py
31030536,1,0,1,tcconfig/tcset.py
31030536,1,0,1,tcconfig/tcshow.py
31030536,4,1,5,tcconfig/tcdel.py
31030536,3,2,5,tcconfig/tcset.py
31030536,1,1,2,tcconfig/tcshow.py
31030536,8,3,11,tcconfig/tcshow.py
31030536,2,2,4,tcconfig/_importer.py
31030536,15,8,23,tcconfig/tcset.py
31030536,1,1,2,test/test_tcset_config_file.py
31030536,6,2,8,tcconfig/_common.py
31030536,151,0,151,tcconfig/_importer.py
31030536,1,136,137,tcconfig/tcset.py
31030536,10,1,11,tcconfig/_error.py
31030536,3,2,5,tcconfig/_common.py
31030536,1,1,2,cli_tcdel.py
31030536,1,1,2,cli_tcset.py
31030536,1,1,2,cli_tcshow.py
31030536,10,14,24,docs/make_readme.py
31030536,63,29,92,tcconfig/_argparse_wrapper.py
31030536,11,8,19,tcconfig/_capabilities.py
31030536,9,6,15,tcconfig/_common.py
31030536,3,4,7,tcconfig/_const.py
31030536,25,12,37,tcconfig/_converter.py
31030536,37,24,61,tcconfig/_iptables.py
31030536,5,9,14,tcconfig/_network.py
31030536,34,24,58,tcconfig/_shaping_rule_finder.py
31030536,1,3,4,tcconfig/_split_line_list.py
31030536,2,1,3,tcconfig/_tc_command_helper.py
31030536,28,26,54,tcconfig/_tc_script.py
31030536,8,9,17,tcconfig/parser/_class.py
31030536,107,84,191,tcconfig/parser/_filter.py
31030536,0,2,2,tcconfig/parser/_interface.py
31030536,21,15,36,tcconfig/parser/_qdisc.py
31030536,35,28,63,tcconfig/parser/shaping_rule.py
31030536,56,31,87,tcconfig/shaper/_interface.py
31030536,109,63,172,tcconfig/shaper/htb.py
31030536,54,43,97,tcconfig/shaper/tbf.py
31030536,35,19,54,tcconfig/tcdel.py
31030536,129,79,208,tcconfig/tcset.py
31030536,17,12,29,tcconfig/tcshow.py
31030536,154,86,240,tcconfig/traffic_control.py
31030536,11,13,24,test/common.py
31030536,140,130,270,test/test_converter.py
31030536,114,49,163,test/test_iptables.py
31030536,62,72,134,test/test_network.py
31030536,302,276,578,test/test_parser.py
31030536,33,71,104,test/test_split_line_list.py
31030536,11,10,21,test/test_tc_command_helper.py
31030536,66,73,139,test/test_tcconfig.py
31030536,311,142,453,test/test_tcdel.py
31030536,41,18,59,test/test_tcset_change.py
31030536,9,10,19,test/test_tcset_config_file.py
31030536,74,51,125,test/test_tcset_dst_one.py
31030536,10,9,19,test/test_tcset_dst_two.py
31030536,4,13,17,test/test_tcset_iface_speed.py
31030536,26,12,38,test/test_tcset_src_one.py
31030536,215,90,305,test/test_tcshow.py
31030536,202,195,397,test/test_traffic_control.py
31030536,4,4,8,test/test_iptables.py
31030536,1,1,2,tcconfig/__version__.py
31030536,3,3,6,tcconfig/_shaping_rule_finder.py
31030536,1,1,2,tcconfig/tcset.py
31030536,0,1,1,tcconfig/_argparse_wrapper.py
31030536,0,1,1,tcconfig/_shaping_rule_finder.py
31030536,10,10,20,tcconfig/_shaping_rule_finder.py
31030536,2,2,4,tcconfig/parser/shaping_rule.py
31030536,2,2,4,tcconfig/tcdel.py
31030536,4,1,5,tcconfig/_split_line_list.py
31030536,6,1,7,test/test_split_line_list.py
31030536,1,1,2,tcconfig/_converter.py
31030536,1,1,2,tcconfig/_iptables.py
31030536,1,1,2,tcconfig/_network.py
31030536,1,1,2,tcconfig/parser/shaping_rule.py
31030536,1,1,2,tcconfig/shaper/htb.py
31030536,1,1,2,tcconfig/shaper/tbf.py
31030536,1,1,2,tcconfig/traffic_control.py
31030536,1,1,2,test/common.py
31030536,6,18,24,test/test_split_line_list.py
31030536,1,2,3,tcconfig/traffic_control.py
31030536,11,28,39,test/test_split_line_list.py
31030536,2,2,4,tcconfig/_split_line_list.py
31030536,1,1,2,tcconfig/tcset.py
31030536,1,1,2,test/test_tcset_dst_one.py
31030536,0,4,4,tcconfig/_tc_command_helper.py
31030536,1,2,3,tcconfig/tcdel.py
31030536,1,2,3,tcconfig/tcset.py
31030536,0,1,1,test/test_iptables.py
31030536,1,1,2,tcconfig/__version__.py
31030536,5,9,14,docs/make_readme.py
31030536,5,5,10,docs/conf.py
31030536,20,39,59,tcconfig/shaper/_interface.py
31030536,1,1,2,tcconfig/traffic_control.py
31030536,10,2,12,tcconfig/_common.py
31030536,4,0,4,tcconfig/_capabilities.py
31030536,0,1,1,tcconfig/tcdel.py
31030536,0,1,1,tcconfig/tcset.py
31030536,9,0,9,tcconfig/_capabilities.py
31030536,0,8,8,tcconfig/_tc_command_helper.py
31030536,4,3,7,tcconfig/tcdel.py
31030536,5,14,19,tcconfig/tcset.py
31030536,8,0,8,tcconfig/_common.py
31030536,0,8,8,tcconfig/_tc_command_helper.py
31030536,3,3,6,tcconfig/tcdel.py
31030536,3,3,6,tcconfig/tcset.py
31030536,2,3,5,tcconfig/tcshow.py
31030536,2,2,4,tcconfig/_iptables.py
31030536,1,1,2,tcconfig/__version__.py
31030536,6,1,7,tcconfig/traffic_control.py
31030536,10,6,16,tcconfig/tcset.py
31030536,3,5,8,tcconfig/tcdel.py
31030536,23,39,62,tcconfig/tcset.py
31030536,1,4,5,tcconfig/tcshow.py
31030536,4,4,8,tcconfig/tcdel.py
31030536,6,7,13,tcconfig/tcset.py
31030536,3,3,6,tcconfig/tcshow.py
31030536,1,2,3,tcconfig/tcset.py
31030536,2,2,4,tcconfig/traffic_control.py
31030536,1,1,2,tcconfig/shaper/htb.py
31030536,1,1,2,tcconfig/shaper/tbf.py
31030536,0,1,1,tcconfig/tcset.py
31030536,4,1,5,tcconfig/_iptables.py
31030536,8,6,14,tcconfig/traffic_control.py
31030536,5,1,6,tcconfig/_common.py
31030536,1,1,2,setup.py
31030536,10,12,22,tcconfig/_converter.py
31030536,3,3,6,tcconfig/_error.py
31030536,2,2,4,tcconfig/shaper/_interface.py
31030536,4,5,9,tcconfig/shaper/tbf.py
31030536,2,2,4,tcconfig/tcset.py
31030536,16,16,32,tcconfig/traffic_control.py
31030536,17,17,34,test/test_converter.py
31030536,28,28,56,test/test_traffic_control.py
31030536,0,6,6,tcconfig/_error.py
31030536,22,60,82,test/test_iptables.py
31030536,3,7,10,test/test_tcconfig.py
31030536,9,4,13,tcconfig/_iptables.py
31030536,6,5,11,test/test_iptables.py
31030536,8,7,15,tcconfig/_common.py
31030536,2,2,4,tcconfig/shaper/_interface.py
31030536,10,13,23,tcconfig/shaper/htb.py
31030536,8,10,18,tcconfig/shaper/tbf.py
31030536,5,5,10,tcconfig/traffic_control.py
31030536,13,0,13,tcconfig/_capabilities.py
31030536,0,5,5,tcconfig/_const.py
31030536,3,2,5,tcconfig/_iptables.py
31030536,3,6,9,tcconfig/_tc_command_helper.py
31030536,3,6,9,tcconfig/tcset.py
31030536,3,6,9,tcconfig/traffic_control.py
31030536,1,1,2,tcconfig/_const.py
31030536,3,1,4,tcconfig/_tc_command_helper.py
31030536,3,1,4,tcconfig/tcset.py
31030536,1,0,1,tcconfig/traffic_control.py
31030536,6,4,10,tcconfig/_common.py
31030536,3,7,10,tcconfig/_error.py
31030536,3,7,10,tcconfig/_iptables.py
31030536,3,1,4,tcconfig/_common.py
31030536,3,2,5,tcconfig/tcset.py
31030536,2,1,3,tcconfig/tcshow.py
31030536,2,1,3,tcconfig/traffic_control.py
31030536,2,1,3,tcconfig/_iptables.py
31030536,1,1,2,tcconfig/tcset.py
31030536,1,1,2,test/test_iptables.py
31030536,0,1,1,test/test_network.py
31030536,0,1,1,test/test_tc_command_helper.py
31030536,0,1,1,test/test_tcset_dst_one.py
31030536,0,1,1,test/test_tcset_dst_two.py
31030536,1,1,2,test/test_tcset_src_one.py
31030536,10,19,29,tcconfig/_converter.py
31030536,9,18,27,tcconfig/_iptables.py
31030536,16,1,17,tcconfig/tcset.py
31030536,17,6,23,tcconfig/traffic_control.py
31030536,1,1,2,tcconfig/_capabilities.py
31030536,65,0,65,tcconfig/_capabilities.py
31030536,1,2,3,tcconfig/_iptables.py
31030536,2,51,53,tcconfig/_tc_command_helper.py
31030536,5,0,5,tcconfig/_const.py
31030536,3,5,8,tcconfig/_tc_command_helper.py
31030536,11,6,17,tcconfig/_tc_command_helper.py
31030536,5,4,9,tcconfig/tcset.py
31030536,6,6,12,tcconfig/traffic_control.py
31030536,8,2,10,tcconfig/_common.py
31030536,4,1,5,tcconfig/_tc_command_helper.py
31030536,2,2,4,tcconfig/_tc_command_helper.py
31030536,1,1,2,test/test_tcset_dst_one.py
31030536,1,1,2,test/test_tcset_dst_two.py
31030536,1,1,2,test/test_tcset_src_one.py
31030536,15,24,39,test/test_tcset_dst_one.py
31030536,2,4,6,test/test_tcset_dst_two.py
31030536,4,8,12,test/test_tcset_src_one.py
31030536,4,10,14,tcconfig/_common.py
31030536,10,16,26,tcconfig/_shaping_rule_finder.py
31030536,16,30,46,tcconfig/parser/_filter.py
31030536,3,5,8,tcconfig/parser/_qdisc.py
31030536,12,24,36,tcconfig/parser/shaping_rule.py
31030536,7,14,21,tcconfig/shaper/htb.py
31030536,3,5,8,tcconfig/tcdel.py
31030536,5,8,13,tcconfig/tcset.py
31030536,19,39,58,tcconfig/traffic_control.py
31030536,5,6,11,setup.py
31030536,5,2,7,setup.py
31030536,1,1,2,tcconfig/tcset.py
31030536,3,3,6,tcconfig/_shaping_rule_finder.py
31030536,8,17,25,setup.py
31030536,1,1,2,tcconfig/__version__.py
31030536,1,1,2,setup.py
31030536,6,1,7,setup.py
31030536,5,2,7,setup.py
31030536,1,1,2,setup.py
31030536,4,1,5,tcconfig/_argparse_wrapper.py
31030536,1,1,2,tcconfig/__version__.py
31030536,21,0,21,setup.py
31030536,18,0,18,tcconfig/_iptables.py
31030536,48,4,52,tcconfig/_tc_command_helper.py
31030536,2,5,7,tcconfig/tcdel.py
31030536,1,5,6,tcconfig/tcset.py
31030536,7,1,8,tcconfig/traffic_control.py
31030536,0,1,1,tcconfig/traffic_control.py
31030536,1,1,2,tcconfig/_const.py
31030536,8,5,13,tcconfig/_iptables.py
31030536,3,2,5,tcconfig/traffic_control.py
31030536,6,5,11,test/test_iptables.py
31030536,0,7,7,tcconfig/_common.py
31030536,8,0,8,tcconfig/_tc_command_helper.py
31030536,2,3,5,tcconfig/tcdel.py
31030536,2,3,5,tcconfig/tcset.py
31030536,1,1,2,tcconfig/_common.py
31030536,2,2,4,tcconfig/tcdel.py
31030536,2,2,4,tcconfig/tcset.py
31030536,1,1,2,tcconfig/_tc_command_helper.py
31030536,5,5,10,tcconfig/_tc_command_helper.py
31030536,1,4,5,tcconfig/_common.py
31030536,2,2,4,tcconfig/traffic_control.py
31030536,0,8,8,tcconfig/_const.py
31030536,5,5,10,tcconfig/_shaping_rule_finder.py
31030536,2,2,4,tcconfig/parser/_class.py
31030536,2,2,4,tcconfig/parser/_filter.py
31030536,2,2,4,tcconfig/parser/_qdisc.py
31030536,6,6,12,tcconfig/parser/shaping_rule.py
31030536,3,3,6,tcconfig/shaper/_interface.py
31030536,4,4,8,tcconfig/shaper/htb.py
31030536,4,4,8,tcconfig/shaper/tbf.py
31030536,2,2,4,tcconfig/tcdel.py
31030536,2,9,11,tcconfig/traffic_control.py
31030536,1,1,2,tcconfig/shaper/tbf.py
31030536,4,4,8,tcconfig/traffic_control.py
31030536,1,4,5,tcconfig/_tc_command_helper.py
31030536,7,6,13,tcconfig/parser/shaping_rule.py
31030536,3,3,6,tcconfig/shaper/htb.py
31030536,15,10,25,tcconfig/traffic_control.py
31030536,9,0,9,tcconfig/_const.py
31030536,9,1,10,tcconfig/_tc_command_helper.py
31030536,32,0,32,test/test_tc_command_helper.py
31030536,1,26,27,tcconfig/_common.py
31030536,42,0,42,tcconfig/_tc_command_helper.py
31030536,2,1,3,tcconfig/parser/shaping_rule.py
31030536,2,1,3,tcconfig/shaper/htb.py
31030536,2,2,4,tcconfig/tcdel.py
31030536,2,2,4,tcconfig/tcset.py
31030536,2,1,3,tcconfig/tcshow.py
31030536,1,1,2,tcconfig/_shaping_rule_finder.py
31030536,1,1,2,tcconfig/_tc_script.py
31030536,1,2,3,test/common.py
31030536,19,0,19,tcconfig/_common.py
31030536,1,0,1,test/common.py
31030536,8,7,15,test/test_tcset_dst_one.py
31030536,3,2,5,test/test_tcset_dst_two.py
31030536,2,2,4,test/test_tcset_src_one.py
31030536,3,3,6,test/test_tcset_dst_one.py
31030536,4,8,12,test/test_tcset_dst_one.py
31030536,10,10,20,test/test_tcset_dst_one.py
31030536,3,112,115,tcconfig/_common.py
31030536,1,2,3,tcconfig/_iptables.py
31030536,123,0,123,tcconfig/_network.py
31030536,1,1,2,tcconfig/_shaping_rule_finder.py
31030536,1,1,2,tcconfig/parser/_filter.py
31030536,2,1,3,tcconfig/parser/shaping_rule.py
31030536,2,1,3,tcconfig/shaper/_interface.py
31030536,2,1,3,tcconfig/shaper/htb.py
31030536,2,1,3,tcconfig/shaper/tbf.py
31030536,2,1,3,tcconfig/tcdel.py
31030536,2,1,3,tcconfig/tcshow.py
31030536,2,3,5,tcconfig/traffic_control.py
31030536,9,8,17,test/test_common.py
31030536,2,2,4,test/test_tcset_iface_speed.py
31030536,0,45,45,tcconfig/_common.py
31030536,0,1,1,tcconfig/tcshow.py
31030536,12,8,20,setup.py
31030536,0,1,1,tcconfig/__init__.py
31030536,0,2,2,tcconfig/_const.py
31030536,3,2,5,tcconfig/tcdel.py
31030536,3,3,6,tcconfig/tcset.py
31030536,3,2,5,tcconfig/tcshow.py
31030536,1,0,1,tcconfig/__init__.py
31030536,11,0,11,tcconfig/__version__.py
31030536,3,1,4,tcconfig/_common.py
31030536,1,1,2,tcconfig/tcdel.py
31030536,1,1,2,tcconfig/tcset.py
31030536,0,1,1,docs/conf.py
31030536,1,2,3,test/test_tcset_dst_one.py
31030536,1,2,3,test/test_tcset_dst_two.py
31030536,1,2,3,test/test_tcset_src_one.py
31030536,9,5,14,tcconfig/_tc_script.py
31030536,58,0,58,tcconfig/_tc_script.py
31030536,2,1,3,tcconfig/tcdel.py
31030536,2,1,3,tcconfig/tcset.py
31030536,2,2,4,tcconfig/tcshow.py
31030536,3,1,4,docs/conf.py
31030536,2,1,3,docs/make_readme.py
31030536,0,1,1,setup.py
31030536,2,4,6,tcconfig/_argparse_wrapper.py
31030536,3,11,14,tcconfig/_common.py
31030536,1,2,3,tcconfig/_const.py
31030536,3,8,11,tcconfig/_converter.py
31030536,3,7,10,tcconfig/_iptables.py
31030536,1,2,3,tcconfig/_logger.py
31030536,2,6,8,tcconfig/_shaping_rule_finder.py
31030536,2,2,4,tcconfig/_split_line_list.py
31030536,2,6,8,tcconfig/parser/_class.py
31030536,3,5,8,tcconfig/parser/_filter.py
31030536,1,2,3,tcconfig/parser/_interface.py
31030536,2,4,6,tcconfig/parser/_qdisc.py
31030536,3,11,14,tcconfig/parser/shaping_rule.py
31030536,3,10,13,tcconfig/shaper/_interface.py
31030536,3,14,17,tcconfig/shaper/htb.py
31030536,4,14,18,tcconfig/shaper/tbf.py
31030536,5,19,24,tcconfig/tcdel.py
31030536,8,28,36,tcconfig/tcset.py
31030536,4,15,19,tcconfig/tcshow.py
31030536,8,27,35,tcconfig/traffic_control.py
31030536,3,8,11,test/common.py
31030536,2,7,9,test/test_common.py
31030536,2,9,11,test/test_converter.py
31030536,1,6,7,test/test_iptables.py
31030536,3,5,8,test/test_parser.py
31030536,0,1,1,test/test_split_line_list.py
31030536,3,6,9,test/test_tcconfig.py
31030536,0,1,1,test/test_tcdel.py
31030536,0,1,1,test/test_tcset_change.py
31030536,1,3,4,test/test_tcset_config_file.py
31030536,5,9,14,test/test_tcset_dst_one.py
31030536,5,9,14,test/test_tcset_dst_two.py
31030536,0,1,1,test/test_tcset_iface_speed.py
31030536,5,13,18,test/test_tcset_src_one.py
31030536,0,1,1,test/test_tcshow.py
31030536,3,11,14,test/test_traffic_control.py
31030536,1,1,2,tcconfig/_const.py
31030536,8,0,8,test/test_tcdel.py
31030536,1,1,2,tcconfig/tcdel.py
31030536,1,1,2,tcconfig/tcset.py
31030536,1,1,2,test/test_tcdel.py
31030536,3,3,6,tcconfig/tcset.py
31030536,1,1,2,tcconfig/tcshow.py
31030536,2,2,4,tcconfig/traffic_control.py
31030536,1,1,2,tcconfig/tcdel.py
31030536,1,1,2,test/common.py
31030536,10,6,16,test/test_tcdel.py
31030536,7,0,7,tcconfig/_common.py
31030536,6,0,6,tcconfig/tcdel.py
31030536,7,0,7,tcconfig/tcset.py
31030536,4,1,5,tcconfig/_common.py
31030536,6,2,8,tcconfig/parser/shaping_rule.py
31030536,8,4,12,tcconfig/tcdel.py
31030536,6,1,7,tcconfig/tcset.py
31030536,4,4,8,tcconfig/tcshow.py
31030536,10,5,15,tcconfig/traffic_control.py
31030536,1,7,8,tcconfig/_common.py
31030536,1,1,2,tcconfig/_error.py
31030536,3,3,6,tcconfig/_common.py
31030536,1,1,2,tcconfig/traffic_control.py
31030536,3,5,8,tcconfig/shaper/htb.py
31030536,3,5,8,tcconfig/shaper/htb.py
31030536,2,4,6,tcconfig/shaper/tbf.py
31030536,3,3,6,tcconfig/_common.py
31030536,1,2,3,tcconfig/_common.py
31030536,15,0,15,tcconfig/_error.py
31030536,1,1,2,tcconfig/_const.py
31030536,2,1,3,tcconfig/tcshow.py
31030536,4,4,8,test/test_tcdel.py
31030536,2,2,4,test/test_tcshow.py
31030536,1,1,2,cli_tcdel.py
31030536,1,1,2,tcconfig/_const.py
31030536,14,0,14,cli_tcdel.py
31030536,14,0,14,cli_tcset.py
31030536,14,0,14,cli_tcshow.py
31030536,5,1,6,setup.py
31030536,1,0,1,docs/make_readme.py
31030536,3,0,3,test/common.py
31030536,5,5,10,test/test_tcset_dst_one.py
31030536,5,5,10,test/test_tcset_dst_two.py
31030536,5,4,9,test/test_tcset_src_one.py
31030536,1,1,2,tcconfig/_const.py
31030536,1,0,1,docs/make_readme.py
31030536,16,0,16,tcconfig/_common.py
31030536,0,3,3,tcconfig/_logger.py
31030536,0,5,5,tcconfig/tcdel.py
31030536,0,5,5,tcconfig/tcset.py
31030536,1,8,9,tcconfig/tcshow.py
31030536,1,1,2,tcconfig/_common.py
31030536,2,2,4,tcconfig/tcdel.py
31030536,2,2,4,tcconfig/tcset.py
31030536,2,2,4,tcconfig/tcshow.py
31030536,0,1,1,setup.py
31030536,2,2,4,tcconfig/_common.py
31030536,1,1,2,tcconfig/tcdel.py
31030536,2,2,4,tcconfig/tcset.py
31030536,1,1,2,tcconfig/traffic_control.py
31030536,1,1,2,tcconfig/_const.py
31030536,3,0,3,test/test_tcset_change.py
31030536,1,1,2,tcconfig/traffic_control.py
31030536,3,1,4,tcconfig/tcdel.py
31030536,2,3,5,tcconfig/parser/shaping_rule.py
31030536,1,0,1,tcconfig/_shaping_rule_finder.py
31030536,7,1,8,tcconfig/parser/shaping_rule.py
31030536,3,1,4,tcconfig/tcdel.py
31030536,3,2,5,tcconfig/tcshow.py
31030536,1,1,2,tcconfig/_const.py
31030536,6,3,9,tcconfig/traffic_control.py
31030536,16,0,16,test/test_tcset_change.py
31030536,3,0,3,tcconfig/_shaping_rule_finder.py
31030536,2,2,4,tcconfig/_shaping_rule_finder.py
31030536,2,1,3,tcconfig/_shaping_rule_finder.py
31030536,3,2,5,tcconfig/traffic_control.py
31030536,1,1,2,tcconfig/_const.py
31030536,25,31,56,tcconfig/tcset.py
31030536,0,8,8,test/test_converter.py
31030536,5,2,7,tcconfig/_converter.py
31030536,16,0,16,tcconfig/_error.py
31030536,14,9,23,tcconfig/_error.py
31030536,0,1,1,tcconfig/_converter.py
31030536,1,1,2,tcconfig/_converter.py
31030536,1,1,2,tcconfig/_error.py
31030536,2,1,3,tcconfig/tcset.py
31030536,6,2,8,tcconfig/traffic_control.py
31030536,3,0,3,tcconfig/_shaping_rule_finder.py
31030536,1,1,2,tcconfig/tcset.py
31030536,1,2,3,tcconfig/traffic_control.py
31030536,2,4,6,tcconfig/tcset.py
31030536,0,1,1,tcconfig/traffic_control.py
31030536,2,3,5,tcconfig/_common.py
31030536,1,1,2,tcconfig/_const.py
31030536,11,0,11,tcconfig/_const.py
31030536,4,4,8,tcconfig/parser/_qdisc.py
31030536,8,5,13,tcconfig/shaper/_interface.py
31030536,19,9,28,tcconfig/tcset.py
31030536,27,19,46,tcconfig/traffic_control.py
31030536,5,3,8,test/common.py
31030536,26,4,30,test/test_parser.py
31030536,15,9,24,test/test_tcconfig.py
31030536,24,22,46,test/test_tcdel.py
31030536,9,9,18,test/test_tcset_change.py
31030536,5,5,10,test/test_tcset_config_file.py
31030536,42,33,75,test/test_tcset_dst_one.py
31030536,1,1,2,test/test_tcset_dst_two.py
31030536,2,2,4,test/test_tcset_src_one.py
31030536,12,12,24,test/test_tcshow.py
31030536,27,19,46,test/test_traffic_control.py
31030536,4,0,4,tcconfig/_converter.py
31030536,7,1,8,tcconfig/traffic_control.py
31030536,11,0,11,tcconfig/_shaping_rule_finder.py
31030536,1,2,3,test/test_tcset_change.py
31030536,0,1,1,test/test_tcset_config_file.py
31030536,5,5,10,test/test_converter.py
31030536,5,2,7,tcconfig/tcset.py
31030536,7,5,12,tcconfig/traffic_control.py
31030536,4,0,4,tcconfig/_converter.py
31030536,3,1,4,test/test_converter.py
31030536,12,4,16,tcconfig/_converter.py
31030536,1,1,2,test/test_converter.py
31030536,6,2,8,tcconfig/_converter.py
31030536,7,4,11,tcconfig/_converter.py
31030536,1,0,1,test/test_converter.py
31030536,18,0,18,tcconfig/_converter.py
31030536,18,10,28,tcconfig/_converter.py
31030536,26,0,26,test/test_converter.py
31030536,9,0,9,tcconfig/_converter.py
31030536,12,0,12,test/test_converter.py
31030536,3,0,3,tcconfig/_converter.py
31030536,1,0,1,test/test_converter.py
31030536,14,13,27,tcconfig/_converter.py
31030536,11,11,22,test/test_converter.py
31030536,53,0,53,tcconfig/_converter.py
31030536,50,1,51,test/test_converter.py
31030536,4,3,7,tcconfig/_converter.py
31030536,1,1,2,tcconfig/_argparse_wrapper.py
31030536,1,1,2,tcconfig/_converter.py
31030536,1,1,2,tcconfig/_const.py
31030536,4,2,6,tcconfig/_shaping_rule_finder.py
31030536,1,1,2,tcconfig/parser/_qdisc.py
31030536,12,0,12,test/test_parser.py
31030536,1,1,2,tcconfig/_const.py
31030536,4,0,4,tcconfig/parser/shaping_rule.py
31030536,8,25,33,test/test_tcshow.py
31030536,0,1,1,tcconfig/tcdel.py
31030536,0,2,2,tcconfig/tcshow.py
31030536,48,13,61,tcconfig/tcdel.py
31030536,44,8,52,test/test_tcdel.py
31030536,1,1,2,tcconfig/traffic_control.py
31030536,31,8,39,tcconfig/_shaping_rule_finder.py
31030536,16,1,17,tcconfig/tcdel.py
31030536,38,0,38,tcconfig/traffic_control.py
31030536,314,0,314,test/test_tcdel.py
31030536,3,6,9,tcconfig/parser/shaping_rule.py
31030536,2,2,4,tcconfig/traffic_control.py
31030536,13,7,20,tcconfig/traffic_control.py
31030536,1,1,2,tcconfig/_shaping_rule_finder.py
31030536,2,2,4,tcconfig/parser/shaping_rule.py
31030536,3,0,3,tcconfig/_shaping_rule_finder.py
31030536,4,1,5,tcconfig/parser/shaping_rule.py
31030536,2,1,3,tcconfig/parser/shaping_rule.py
31030536,17,17,34,test/test_parser.py
31030536,1,1,2,test/test_tcset_config_file.py
31030536,1,1,2,test/test_tcshow.py
31030536,5,2,7,tcconfig/parser/_filter.py
31030536,1,1,2,test/common.py
31030536,2,16,18,tcconfig/_argparse_wrapper.py
31030536,17,1,18,tcconfig/tcset.py
31030536,6,1,7,tcconfig/tcdel.py
31030536,1,5,6,tcconfig/tcdel.py
31030536,1,1,2,tcconfig/tcdel.py
31030536,1,1,2,tcconfig/tcset.py
31030536,1,1,2,tcconfig/traffic_control.py
31030536,15,1,16,test/test_parser.py
31030536,1,1,2,tcconfig/parser/_filter.py
31030536,1,0,1,tcconfig/_const.py
31030536,16,3,19,tcconfig/parser/_filter.py
31030536,2,0,2,tcconfig/parser/shaping_rule.py
31030536,14,0,14,tcconfig/_common.py
31030536,2,8,10,tcconfig/tcset.py
31030536,12,10,22,tcconfig/_shaping_rule_finder.py
31030536,3,2,5,tcconfig/parser/_filter.py
31030536,4,0,4,tcconfig/traffic_control.py
31030536,1,0,1,tcconfig/_const.py
31030536,3,4,7,tcconfig/tcset.py
31030536,102,102,204,tcconfig/_common.py
31030536,50,1,51,tcconfig/_argparse_wrapper.py
31030536,2,45,47,tcconfig/tcset.py
31030536,2,0,2,tcconfig/parser/shaping_rule.py
31030536,4,0,4,test/test_tcset_change.py
31030536,3,0,3,test/test_tcset_config_file.py
31030536,8,0,8,test/test_tcshow.py
31030536,16,0,16,tcconfig/_shaping_rule_finder.py
31030536,6,0,6,tcconfig/parser/_filter.py
31030536,7,0,7,tcconfig/parser/_filter.py
31030536,4,2,6,tcconfig/_shaping_rule_finder.py
31030536,15,6,21,tcconfig/tcset.py
31030536,1,8,9,tcconfig/parser/_filter.py
31030536,16,13,29,tcconfig/_shaping_rule_finder.py
31030536,1,1,2,tcconfig/_shaping_rule_finder.py
31030536,1,1,2,tcconfig/shaper/_interface.py
31030536,1,1,2,tcconfig/_const.py
31030536,8,1,9,tcconfig/parser/_filter.py
31030536,4,2,6,tcconfig/parser/_filter.py
31030536,1,0,1,tcconfig/_const.py
31030536,22,6,28,tcconfig/parser/_filter.py
31030536,13,0,13,test/test_parser.py
31030536,2,2,4,tcconfig/shaper/_interface.py
31030536,53,4,57,tcconfig/shaper/_interface.py
31030536,9,3,12,tcconfig/shaper/htb.py
31030536,0,5,5,tcconfig/traffic_control.py
31030536,130,0,130,test/test_tcset_change.py
31030536,1,33,34,tcconfig/_shaping_rule_finder.py
31030536,6,2,8,tcconfig/_shaping_rule_finder.py
31030536,34,5,39,tcconfig/_shaping_rule_finder.py
31030536,8,0,8,tcconfig/_argparse_wrapper.py
31030536,4,0,4,tcconfig/_common.py
31030536,8,0,8,tcconfig/_common.py
31030536,3,2,5,tcconfig/tcdel.py
31030536,3,2,5,tcconfig/tcset.py
31030536,2,3,5,tcconfig/tcshow.py
31030536,2,5,7,tcconfig/tcshow.py
31030536,4,0,4,tcconfig/parser/shaping_rule.py
31030536,6,1,7,tcconfig/tcset.py
31030536,12,3,15,tcconfig/parser/shaping_rule.py
31030536,3,0,3,tcconfig/parser/shaping_rule.py
31030536,6,2,8,tcconfig/tcset.py
31030536,2,2,4,tcconfig/parser/shaping_rule.py
31030536,21,10,31,tcconfig/parser/shaping_rule.py
31030536,25,1,26,test/test_tcshow.py
31030536,4,4,8,tcconfig/parser/_filter.py
31030536,3,2,5,test/test_tcconfig.py
31030536,4,4,8,test/test_tcset_config_file.py
31030536,4,4,8,test/test_tcshow.py
31030536,38,19,57,tcconfig/parser/shaping_rule.py
31030536,2,2,4,tcconfig/tcset.py
31030536,6,5,11,test/test_tcset_config_file.py
31030536,28,28,56,test/test_tcshow.py
31030536,2,0,2,tcconfig/parser/shaping_rule.py
31030536,1,0,1,tcconfig/_const.py
31030536,7,3,10,tcconfig/parser/_class.py
31030536,8,1,9,tcconfig/parser/_filter.py
31030536,5,3,8,tcconfig/parser/_qdisc.py
31030536,3,3,6,tcconfig/parser/shaping_rule.py
31030536,26,4,30,test/test_parser.py
31030536,3,1,4,tcconfig/parser/_qdisc.py
31030536,4,13,17,tcconfig/parser/shaping_rule.py
31030536,1,2,3,tcconfig/_common.py
31030536,5,4,9,tcconfig/parser/_class.py
31030536,5,4,9,tcconfig/parser/_filter.py
31030536,8,7,15,tcconfig/parser/_qdisc.py
31030536,0,1,1,tcconfig/parser/_filter.py
31030536,0,6,6,tcconfig/parser/_interface.py
31030536,3,2,5,tcconfig/_logger.py
31030536,3,0,3,tcconfig/_common.py
31030536,6,3,9,tcconfig/parser/_class.py
31030536,6,3,9,tcconfig/parser/_filter.py
31030536,4,0,4,tcconfig/parser/_interface.py
31030536,6,3,9,tcconfig/parser/_qdisc.py
31030536,1,2,3,tcconfig/_common.py
31030536,5,6,11,tcconfig/_const.py
31030536,2,2,4,tcconfig/tcdel.py
31030536,3,4,7,tcconfig/tcset.py
31030536,2,2,4,tcconfig/tcshow.py
31030536,2,2,4,test/common.py
31030536,3,3,6,test/test_tcconfig.py
31030536,5,5,10,test/test_tcset_config_file.py
31030536,3,3,6,test/test_tcset_iface_speed.py
31030536,7,7,14,test/test_tcset_one.py
31030536,3,3,6,test/test_tcset_src_one.py
31030536,2,2,4,test/test_tcset_two.py
31030536,12,12,24,test/test_tcshow.py
31030536,4,0,4,tcconfig/_common.py
31030536,2,0,2,tcconfig/_const.py
31030536,17,6,23,tcconfig/parser/shaping_rule.py
31030536,1,1,2,tcconfig/parser/_class.py
31030536,1,1,2,tcconfig/parser/_filter.py
31030536,1,1,2,tcconfig/parser/_qdisc.py
31030536,0,4,4,tcconfig/parser/shaping_rule.py
31030536,13,16,29,tcconfig/_shaping_rule_finder.py
31030536,1,1,2,tcconfig/tcset.py
31030536,64,0,64,tcconfig/_shaping_rule_finder.py
31030536,1,49,50,tcconfig/tcset.py
31030536,11,7,18,tcconfig/traffic_control.py
31030536,3,3,6,tcconfig/traffic_control.py
31030536,2,1,3,tcconfig/tcset.py
31030536,8,8,16,tcconfig/tcset.py
31030536,3,3,6,tcconfig/tcset.py
31030536,4,4,8,tcconfig/parser/shaping_rule.py
31030536,22,6,28,test/test_parser.py
31030536,10,0,10,tcconfig/parser/_class.py
31030536,7,1,8,tcconfig/parser/_filter.py
31030536,13,0,13,tcconfig/parser/_qdisc.py
31030536,7,4,11,tcconfig/parser/shaping_rule.py
31030536,5,0,5,tcconfig/parser/_filter.py
31030536,6,2,8,tcconfig/parser/_qdisc.py
31030536,16,2,18,tcconfig/parser/_class.py
31030536,12,1,13,tcconfig/parser/_qdisc.py
31030536,6,6,12,tcconfig/parser/shaping_rule.py
31030536,10,8,18,tcconfig/parser/_filter.py
31030536,11,13,24,tcconfig/parser/shaping_rule.py
31030536,5,9,14,tcconfig/parser/_filter.py
31030536,1,1,2,tcconfig/parser/_qdisc.py
31030536,5,8,13,tcconfig/parser/_class.py
31030536,0,15,15,tcconfig/parser/_common.py
31030536,13,13,26,tcconfig/parser/_filter.py
31030536,44,0,44,tcconfig/parser/_interface.py
31030536,6,9,15,tcconfig/parser/_qdisc.py
31030536,1,1,2,tcconfig/parser/_filter.py
31030536,1,1,2,tcconfig/parser/shaping_rule.py
31030536,2,2,4,test/test_parser.py
31030536,1,1,2,tcconfig/parser/shaping_rule.py
31030536,2,2,4,tcconfig/parser/_qdisc.py
31030536,2,1,3,tcconfig/_converter.py
31030536,1,1,2,tcconfig/shaper/htb.py
31030536,4,3,7,tcconfig/tcset.py
31030536,7,6,13,tcconfig/traffic_control.py
31030536,5,5,10,tcconfig/shaper/htb.py
31030536,3,3,6,tcconfig/tcset.py
31030536,4,4,8,tcconfig/traffic_control.py
31030536,1,0,1,tcconfig/_const.py
31030536,9,5,14,tcconfig/_converter.py
31030536,4,1,5,tcconfig/shaper/_interface.py
31030536,3,1,4,tcconfig/shaper/tbf.py
31030536,2,1,3,tcconfig/tcset.py
31030536,27,19,46,tcconfig/traffic_control.py
31030536,10,7,17,test/test_converter.py
31030536,29,23,52,test/test_traffic_control.py
31030536,24,0,24,tcconfig/_error.py
31030536,12,12,24,tcconfig/tcset.py
31030536,1,1,2,tcconfig/_const.py
31030536,57,0,57,test/test_common.py
31030536,66,0,66,test/test_tcset_iface_speed.py
31030536,14,9,23,tcconfig/_common.py
31030536,5,0,5,tcconfig/_common.py
31030536,6,1,7,tcconfig/_common.py
31030536,1,1,2,tcconfig/_const.py
31030536,6,5,11,setup.py
31030536,24,7,31,test/test_traffic_control.py
31030536,6,0,6,tcconfig/shaper/htb.py
31030536,4,0,4,tcconfig/tcset.py
31030536,6,1,7,tcconfig/traffic_control.py
31030536,6,0,6,tcconfig/shaper/htb.py
31030536,4,0,4,tcconfig/tcset.py
31030536,7,1,8,tcconfig/traffic_control.py
31030536,4,3,7,tcconfig/tcset.py
31030536,10,6,16,tcconfig/shaper/htb.py
31030536,5,0,5,tcconfig/tcset.py
31030536,6,1,7,tcconfig/traffic_control.py
31030536,174,0,174,test/test_tcset_src_one.py
31030536,1,0,1,test/conftest.py
31030536,2,0,2,test/test_common.py
31030536,17,4,21,test/test_parser.py
31030536,0,39,39,test/test_tcset_one.py
31030536,93,53,146,tcconfig/parser/_filter.py
31030536,16,6,22,tcconfig/parser/shaping_rule.py
31030536,2,4,6,tcconfig/shaper/_interface.py
31030536,10,1,11,tcconfig/_common.py
31030536,1,1,2,tcconfig/_const.py
31030536,7,7,14,test/test_common.py
31030536,1,1,2,tcconfig/parser/_filter.py
31030536,2,2,4,tcconfig/parser/_filter.py
31030536,5,5,10,tcconfig/parser/_filter.py
31030536,17,23,40,tcconfig/tcset.py
31030536,56,24,80,test/test_tcset_one.py
31030536,6,9,15,test/test_tcset_two.py
31030536,52,8,60,test/test_tcset_one.py
31030536,0,1,1,test/test_tcset_two.py
31030536,22,8,30,test/test_traffic_control.py
31030536,4,1,5,tcconfig/shaper/_interface.py
31030536,40,0,40,tcconfig/shaper/htb.py
31030536,4,0,4,tcconfig/tcset.py
31030536,7,1,8,tcconfig/traffic_control.py
31030536,6,0,6,tcconfig/shaper/_interface.py
31030536,5,0,5,tcconfig/_const.py
31030536,2,1,3,tcconfig/parser/_class.py
31030536,5,3,8,tcconfig/shaper/htb.py
31030536,2,1,3,tcconfig/shaper/tbf.py
31030536,3,1,4,tcconfig/tcset.py
31030536,4,3,7,tcconfig/traffic_control.py
31030536,1,1,2,tcconfig/tcset.py
31030536,0,2,2,test/test_tcset_one.py
31030536,0,1,1,tcconfig/traffic_control.py
31030536,2,2,4,test/test_tcset_two.py
31030536,22,22,44,tcconfig/tcset.py
31030536,1,1,2,tcconfig/tcset.py
31030536,4,1,5,tcconfig/traffic_control.py
31030536,27,29,56,tcconfig/shaper/_interface.py
31030536,27,27,54,tcconfig/shaper/htb.py
31030536,21,21,42,tcconfig/shaper/tbf.py
31030536,0,3,3,tcconfig/traffic_control.py
31030536,1,1,2,tcconfig/_const.py
31030536,1,1,2,tcconfig/_iptables.py
31030536,3,1,4,tcconfig/_iptables.py
31030536,13,9,22,test/test_tcset_one.py
31030536,8,2,10,test/test_tcset_two.py
31030536,15,5,20,setup.py
31030536,4,1,5,tcconfig/parser/shaping_rule.py
31030536,9,3,12,tcconfig/shaper/tbf.py
31030536,1,1,2,tcconfig/tcdel.py
31030536,1,1,2,tcconfig/tcset.py
31030536,1,1,2,tcconfig/tcshow.py
31030536,2,2,4,tcconfig/_iptables.py
31030536,2,2,4,tcconfig/shaper/_interface.py
31030536,10,10,20,test/test_iptables.py
31030536,2,1,3,tcconfig/_logger.py
31030536,4,0,4,tcconfig/_logger.py
31030536,0,6,6,setup.py
31030536,1,1,2,setup.py
31030536,1,1,2,docs/make_readme.py
31030536,1,1,2,setup.py
31030536,1,1,2,tcconfig/__init__.py
31030536,1,1,2,tcconfig/_argparse_wrapper.py
31030536,1,1,2,tcconfig/_common.py
31030536,1,1,2,tcconfig/_const.py
31030536,1,1,2,tcconfig/_converter.py
31030536,1,1,2,tcconfig/_error.py
31030536,1,1,2,tcconfig/_iptables.py
31030536,1,1,2,tcconfig/_logger.py
31030536,1,1,2,tcconfig/_split_line_list.py
31030536,1,1,2,tcconfig/parser/_class.py
31030536,1,1,2,tcconfig/parser/_common.py
31030536,1,1,2,tcconfig/parser/_filter.py
31030536,1,1,2,tcconfig/parser/_qdisc.py
31030536,1,1,2,tcconfig/parser/shaping_rule.py
31030536,1,1,2,tcconfig/shaper/_interface.py
31030536,1,1,2,tcconfig/shaper/htb.py
31030536,1,1,2,tcconfig/shaper/tbf.py
31030536,1,1,2,tcconfig/tcdel.py
31030536,1,1,2,tcconfig/tcset.py
31030536,1,1,2,tcconfig/tcshow.py
31030536,1,1,2,tcconfig/traffic_control.py
31030536,1,1,2,test/common.py
31030536,1,1,2,test/test_common.py
31030536,1,1,2,test/test_converter.py
31030536,1,1,2,test/test_iptables.py
31030536,1,1,2,test/test_parser.py
31030536,1,1,2,test/test_split_line_list.py
31030536,1,1,2,test/test_tcconfig.py
31030536,1,1,2,test/test_tcset_config_file.py
31030536,1,1,2,test/test_tcset_one.py
31030536,1,1,2,test/test_tcset_two.py
31030536,1,1,2,test/test_tcshow.py
31030536,1,1,2,test/test_traffic_control.py
31030536,1,1,2,tcconfig/_const.py
31030536,4,5,9,tcconfig/tcset.py
31030536,2,2,4,tcconfig/_iptables.py
31030536,2,2,4,tcconfig/_split_line_list.py
31030536,4,4,8,tcconfig/parser/_filter.py
31030536,4,2,6,tcconfig/parser/shaping_rule.py
31030536,2,2,4,tcconfig/shaper/tbf.py
31030536,5,5,10,tcconfig/tcset.py
31030536,3,3,6,tcconfig/traffic_control.py
31030536,1,1,2,test/test_tcconfig.py
31030536,1,2,3,tcconfig/tcset.py
31030536,1,1,2,tcconfig/traffic_control.py
31030536,1,1,2,tcconfig/parser/_filter.py
31030536,1,1,2,tcconfig/_argparse_wrapper.py
31030536,2,2,4,tcconfig/tcset.py
31030536,1,1,2,tcconfig/_const.py
31030536,3,3,6,tcconfig/_argparse_wrapper.py
31030536,2,2,4,tcconfig/_common.py
31030536,1,1,2,tcconfig/_const.py
31030536,2,2,4,tcconfig/shaper/htb.py
31030536,3,3,6,tcconfig/tcdel.py
31030536,3,3,6,tcconfig/tcset.py
31030536,4,4,8,tcconfig/tcshow.py
31030536,2,2,4,tcconfig/traffic_control.py
31030536,2,1,3,tcconfig/_common.py
31030536,6,0,6,tcconfig/_const.py
31030536,2,1,3,tcconfig/tcdel.py
31030536,6,3,9,tcconfig/tcset.py
31030536,2,1,3,tcconfig/tcshow.py
31030536,4,1,5,test/common.py
31030536,4,2,6,test/test_tcconfig.py
31030536,11,4,15,test/test_tcset_config_file.py
31030536,6,4,10,test/test_tcset_one.py
31030536,3,1,4,test/test_tcset_two.py
31030536,14,11,25,test/test_tcshow.py
31030536,21,12,33,tcconfig/_common.py
31030536,4,1,5,tcconfig/tcshow.py
31030536,5,2,7,tcconfig/shaper/htb.py
31030536,2,0,2,tcconfig/shaper/tbf.py
31030536,2,2,4,tcconfig/tcset.py
31030536,2,1,3,tcconfig/traffic_control.py
31030536,6,0,6,tcconfig/_const.py
31030536,0,14,14,tcconfig/_traffic_direction.py
31030536,4,2,6,tcconfig/parser/shaping_rule.py
31030536,4,2,6,tcconfig/shaper/_interface.py
31030536,4,2,6,tcconfig/shaper/tbf.py
31030536,1,1,2,tcconfig/tcset.py
31030536,2,2,4,tcconfig/traffic_control.py
31030536,4,2,6,test/test_traffic_control.py
31030536,10,2,12,tcconfig/shaper/_interface.py
31030536,8,4,12,tcconfig/shaper/htb.py
31030536,10,3,13,tcconfig/shaper/tbf.py
31030536,12,1,13,tcconfig/tcset.py
31030536,22,1,23,tcconfig/traffic_control.py
31030536,2,1,3,tcconfig/tcdel.py
31030536,2,1,3,tcconfig/tcset.py
31030536,6,4,10,tcconfig/shaper/_interface.py
31030536,20,12,32,tcconfig/shaper/htb.py
31030536,14,8,22,tcconfig/shaper/tbf.py
31030536,4,2,6,tcconfig/traffic_control.py
31030536,3,3,6,tcconfig/_const.py
31030536,10,0,10,tcconfig/parser/shaping_rule.py
31030536,58,0,58,tcconfig/tcset.py
31030536,1,0,1,tcconfig/_const.py
31030536,2,2,4,tcconfig/parser/shaping_rule.py
31030536,1,1,2,tcconfig/_const.py
31030536,1,1,2,tcconfig/parser/_filter.py
31030536,2,2,4,tcconfig/parser/shaping_rule.py
31030536,1,1,2,tcconfig/tcset.py
31030536,13,13,26,test/test_parser.py
31030536,7,7,14,test/test_traffic_control.py
31030536,1,1,2,tcconfig/_const.py
31030536,2,2,4,tcconfig/parser/_filter.py
31030536,3,3,6,test/test_tcset_config_file.py
31030536,7,7,14,test/test_tcshow.py
31030536,1,4,5,tcconfig/_common.py
31030536,4,2,6,test/test_common.py
31030536,6,0,6,tcconfig/tcset.py
31030536,6,5,11,tcconfig/traffic_control.py
31030536,0,2,2,tcconfig/_common.py
31030536,10,0,10,tcconfig/_common.py
31030536,2,5,7,tcconfig/tcdel.py
31030536,2,5,7,tcconfig/tcset.py
31030536,0,0,0,tcconfig/parser/__init__.py
31030536,66,0,66,tcconfig/parser/_class.py
31030536,15,0,15,tcconfig/parser/_common.py
31030536,95,0,95,tcconfig/parser/_qdisc.py
31030536,179,0,179,tcconfig/parser/shaping_rule.py
31030536,3,174,177,tcconfig/tcshow.py
31030536,6,4,10,test/test_parser.py
31030536,1,6,7,tcconfig/shaper/htb.py
31030536,0,1,1,tcconfig/traffic_control.py
31030536,4,7,11,tcconfig/tcdel.py
31030536,3,4,7,tcconfig/tcset.py
31030536,5,2,7,test/common.py
31030536,1,1,2,test/test_tcset_one.py
31030536,3,3,6,test/test_traffic_control.py
31030536,2,4,6,tcconfig/shaper/htb.py
31030536,19,19,38,tcconfig/traffic_control.py
31030536,4,3,7,tcconfig/tcset.py
31030536,1,1,2,tcconfig/tcset.py
31030536,3,1,4,tcconfig/_converter.py
31030536,3,4,7,tcconfig/traffic_control.py
31030536,4,4,8,test/test_converter.py
31030536,12,11,23,test/test_traffic_control.py
31030536,14,7,21,tcconfig/traffic_control.py
31030536,9,4,13,tcconfig/_converter.py
31030536,1,1,2,tcconfig/_converter.py
31030536,1,1,2,tcconfig/traffic_control.py
31030536,3,0,3,tcconfig/_common.py
31030536,7,5,12,tcconfig/_common.py
31030536,20,0,20,tcconfig/_common.py
31030536,3,17,20,tcconfig/shaper/htb.py
31030536,6,6,12,tcconfig/shaper/_interface.py
31030536,1,1,2,tcconfig/shaper/tbf.py
31030536,7,7,14,tcconfig/tcset.py
31030536,6,5,11,tcconfig/traffic_control.py
31030536,5,0,5,tcconfig/_converter.py
31030536,5,1,6,tcconfig/tcset.py
31030536,6,6,12,test/test_traffic_control.py
31030536,4,3,7,tcconfig/_converter.py
31030536,26,20,46,tcconfig/tcset.py
31030536,3,0,3,tcconfig/traffic_control.py
31030536,2,0,2,test/test_converter.py
31030536,9,3,12,test/test_traffic_control.py
31030536,5,0,5,tcconfig/_error.py
31030536,1,1,2,tcconfig/traffic_control.py
31030536,2,2,4,tcconfig/shaper/htb.py
31030536,2,2,4,tcconfig/shaper/tbf.py
31030536,4,2,6,tcconfig/traffic_control.py
31030536,2,1,3,test/test_traffic_control.py
31030536,3,0,3,tcconfig/_converter.py
31030536,1,1,2,tcconfig/_converter.py
31030536,1,1,2,tcconfig/shaper/htb.py
31030536,1,1,2,tcconfig/traffic_control.py
31030536,2,2,4,test/test_converter.py
31030536,3,3,6,test/test_common.py
31030536,2,2,4,test/test_converter.py
31030536,1,1,2,test/test_split_line_list.py
31030536,3,3,6,tcconfig/_converter.py
31030536,1,1,2,test/common.py
31030536,3,3,6,test/test_converter.py
31030536,9,5,14,tcconfig/_converter.py
31030536,2,2,4,test/test_converter.py
31030536,3,3,6,test/test_traffic_control.py
31030536,6,1,7,tcconfig/_converter.py
31030536,16,14,30,tcconfig/_converter.py
31030536,2,2,4,tcconfig/_converter.py
31030536,1,1,2,test/common.py
31030536,2,2,4,test/test_converter.py
31030536,1,3,4,tcconfig/_converter.py
31030536,4,3,7,tcconfig/_converter.py
31030536,5,1,6,tcconfig/tcset.py
31030536,1,1,2,tcconfig/tcset.py
31030536,10,3,13,tcconfig/_error.py
31030536,4,1,5,setup.py
31030536,2,2,4,tcconfig/traffic_control.py
31030536,1,1,2,tcconfig/_const.py
31030536,4,3,7,tcconfig/_argparse_wrapper.py
31030536,15,2,17,tcconfig/_common.py
31030536,5,1,6,tcconfig/tcdel.py
31030536,15,6,21,tcconfig/tcset.py
31030536,11,2,13,tcconfig/tcshow.py
31030536,6,4,10,tcconfig/traffic_control.py
31030536,8,1,9,tcconfig/_common.py
31030536,3,1,4,tcconfig/tcdel.py
31030536,7,2,9,tcconfig/tcset.py
31030536,3,1,4,tcconfig/_argparse_wrapper.py
31030536,20,4,24,test/test_tcshow.py
31030536,6,0,6,test/common.py
31030536,11,8,19,test/test_tcset_one.py
31030536,5,2,7,test/test_tcset_two.py
31030536,9,4,13,test/common.py
31030536,38,1,39,test/test_tcset_one.py
31030536,66,4,70,test/test_traffic_control.py
31030536,3,5,8,test/test_tcset_one.py
31030536,1,1,2,tcconfig/traffic_control.py
31030536,2,0,2,tcconfig/parser.py
31030536,4,7,11,tcconfig/tcset.py
31030536,2,4,6,tcconfig/tcshow.py
31030536,11,13,24,tcconfig/traffic_control.py
31030536,8,2,10,tcconfig/shaper/_interface.py
31030536,0,1,1,tcconfig/shaper/htb.py
31030536,19,3,22,tcconfig/tcset.py
31030536,39,5,44,tcconfig/traffic_control.py
31030536,1,1,2,tcconfig/_const.py
31030536,1,1,2,tcconfig/tcdel.py
31030536,1,1,2,tcconfig/tcset.py
31030536,1,1,2,tcconfig/tcshow.py
31030536,2,1,3,tcconfig/tcshow.py
31030536,1,1,2,tcconfig/traffic_control.py
31030536,50,13,63,test/test_traffic_control.py
31030536,1,1,2,tcconfig/traffic_control.py
31030536,5,1,6,tcconfig/traffic_control.py
31030536,12,12,24,test/test_tcshow.py
31030536,0,1,1,tcconfig/parser.py
31030536,1,1,2,tcconfig/_const.py
31030536,6,1,7,tcconfig/shaper/_interface.py
31030536,32,3,35,tcconfig/tcset.py
31030536,6,0,6,tcconfig/tcshow.py
31030536,12,2,14,tcconfig/traffic_control.py
31030536,35,4,39,test/test_parser.py
31030536,3,2,5,test/test_tcconfig.py
31030536,4,0,4,test/test_tcset_config_file.py
31030536,9,3,12,test/test_traffic_control.py
31030536,2,1,3,tcconfig/parser.py
31030536,5,5,10,test/test_parser.py
31030536,2,1,3,tcconfig/_const.py
31030536,1,0,1,tcconfig/parser.py
31030536,2,2,4,tcconfig/shaper/_interface.py
31030536,1,1,2,tcconfig/shaper/tbf.py
31030536,4,4,8,tcconfig/tcset.py
31030536,5,5,10,tcconfig/traffic_control.py
31030536,11,0,11,test/test_parser.py
31030536,1,1,2,test/test_tcset_config_file.py
31030536,4,4,8,test/test_tcshow.py
31030536,6,6,12,test/test_traffic_control.py
31030536,7,7,14,tcconfig/tcshow.py
31030536,3,3,6,tcconfig/tcset.py
31030536,1,1,2,tcconfig/_const.py
31030536,33,7,40,tcconfig/parser.py
31030536,1,1,2,tcconfig/tcshow.py
31030536,44,22,66,test/test_parser.py
31030536,3,2,5,tcconfig/tcset.py
31030536,4,3,7,tcconfig/traffic_control.py
31030536,26,25,51,test/test_parser.py
31030536,1,0,1,tcconfig/_const.py
31030536,1,1,2,tcconfig/parser.py
31030536,1,1,2,tcconfig/tcshow.py
31030536,5,5,10,tcconfig/parser.py
31030536,8,7,15,test/test_traffic_control.py
31030536,2,2,4,tcconfig/parser.py
31030536,9,25,34,tcconfig/parser.py
31030536,3,7,10,tcconfig/parser.py
31030536,5,2,7,tcconfig/parser.py
31030536,4,4,8,tcconfig/parser.py
31030536,5,2,7,tcconfig/parser.py
31030536,0,1,1,tcconfig/tcshow.py
31030536,6,1,7,tcconfig/tcset.py
31030536,7,6,13,test/test_iptables.py
31030536,7,2,9,test/test_split_line_list.py
31030536,1,1,2,tcconfig/_const.py
31030536,2,3,5,tcconfig/_common.py
31030536,2,2,4,tcconfig/_common.py
31030536,18,10,28,tcconfig/_common.py
31030536,0,1,1,tcconfig/_const.py
31030536,27,23,50,tcconfig/_iptables.py
31030536,94,11,105,tcconfig/parser.py
31030536,9,10,19,tcconfig/shaper/_interface.py
31030536,2,2,4,tcconfig/shaper/tbf.py
31030536,1,1,2,tcconfig/tcdel.py
31030536,4,3,7,tcconfig/tcset.py
31030536,19,6,25,tcconfig/tcshow.py
31030536,19,4,23,tcconfig/traffic_control.py
31030536,24,20,44,test/test_common.py
31030536,40,51,91,test/test_iptables.py
31030536,109,13,122,test/test_parser.py
31030536,10,9,19,test/test_tcset_config_file.py
31030536,97,3,100,test/test_tcshow.py
31030536,27,0,27,test/test_traffic_control.py
31030536,3,0,3,setup.py
31030536,3,4,7,tcconfig/_common.py
31030536,5,5,10,tcconfig/_const.py
31030536,5,2,7,tcconfig/shaper/_interface.py
31030536,24,1,25,tcconfig/_common.py
31030536,8,0,8,tcconfig/_const.py
31030536,45,1,46,test/test_common.py
31030536,2,1,3,tcconfig/shaper/tbf.py
31030536,2,0,2,tcconfig/shaper/htb.py
31030536,1,1,2,tcconfig/tcshow.py
31030536,1,0,1,tcconfig/traffic_control.py
31030536,0,1,1,tcconfig/_common.py
31030536,1,1,2,tcconfig/_common.py
31030536,21,0,21,tcconfig/parser.py
31030536,4,4,8,tcconfig/shaper/_interface.py
31030536,1,1,2,tcconfig/shaper/tbf.py
31030536,4,0,4,tcconfig/tcset.py
31030536,4,0,4,tcconfig/tcshow.py
31030536,12,3,15,tcconfig/traffic_control.py
31030536,1,1,2,tcconfig/_const.py
31030536,1,1,2,tcconfig/_common.py
31030536,2,1,3,tcconfig/_argparse_wrapper.py
31030536,8,1,9,tcconfig/_argparse_wrapper.py
31030536,26,0,26,tcconfig/_common.py
31030536,15,4,19,tcconfig/tcdel.py
31030536,12,5,17,tcconfig/tcset.py
31030536,13,4,17,tcconfig/tcshow.py
31030536,2,1,3,tcconfig/shaper/_interface.py
31030536,1,0,1,tcconfig/tcdel.py
31030536,1,4,5,tcconfig/traffic_control.py
31030536,4,1,5,tcconfig/_argparse_wrapper.py
31030536,2,2,4,tcconfig/shaper/_interface.py
31030536,5,4,9,tcconfig/shaper/htb.py
31030536,10,0,10,tcconfig/_argparse_wrapper.py
31030536,6,0,6,tcconfig/_const.py
31030536,2,2,4,tcconfig/shaper/_interface.py
31030536,8,0,8,tcconfig/shaper/htb.py
31030536,21,3,24,tcconfig/tcdel.py
31030536,14,1,15,tcconfig/tcset.py
31030536,10,2,12,tcconfig/tcshow.py
31030536,33,7,40,tcconfig/traffic_control.py
31030536,9,2,11,tcconfig/_logger.py
31030536,1,0,1,tcconfig/_const.py
31030536,5,2,7,tcconfig/_iptables.py
31030536,19,18,37,tcconfig/shaper/htb.py
31030536,6,9,15,tcconfig/shaper/tbf.py
31030536,5,7,12,tcconfig/traffic_control.py
31030536,13,11,24,tcconfig/shaper/_interface.py
31030536,3,4,7,tcconfig/shaper/htb.py
31030536,5,4,9,tcconfig/tcdel.py
31030536,2,1,3,tcconfig/tcset.py
31030536,1,1,2,tcconfig/_const.py
31030536,1,2,3,docs/make_readme.py
31030536,2,1,3,tcconfig/tcshow.py
31030536,6,2,8,tcconfig/tcshow.py
31030536,1,1,2,tcconfig/_const.py
31030536,9,6,15,docs/make_readme.py
31030536,5,3,8,tcconfig/_common.py
31030536,2,2,4,tcconfig/_converter.py
31030536,8,8,16,tcconfig/_iptables.py
31030536,11,9,20,tcconfig/parser.py
31030536,4,3,7,tcconfig/shaper/_interface.py
31030536,5,5,10,tcconfig/shaper/htb.py
31030536,3,3,6,tcconfig/shaper/tbf.py
31030536,6,4,10,tcconfig/tcset.py
31030536,15,14,29,tcconfig/tcshow.py
31030536,8,10,18,tcconfig/traffic_control.py
31030536,2,2,4,test/common.py
31030536,2,2,4,test/test_converter.py
31030536,5,4,9,test/test_tcconfig.py
31030536,5,4,9,test/test_tcset_one.py
31030536,3,3,6,test/test_tcset_two.py
31030536,3,3,6,test/test_traffic_control.py
31030536,1,0,1,tcconfig/_const.py
31030536,7,3,10,tcconfig/shaper/htb.py
31030536,4,2,6,tcconfig/traffic_control.py
31030536,16,4,20,tcconfig/shaper/htb.py
31030536,1,0,1,tcconfig/_converter.py
31030536,4,2,6,tcconfig/_iptables.py
31030536,1,0,1,tcconfig/_traffic_direction.py
31030536,3,3,6,tcconfig/shaper/htb.py
31030536,7,7,14,tcconfig/shaper/htb.py
31030536,4,1,5,setup.py
31030536,1,1,2,tcconfig/_const.py
31030536,1,1,2,tcconfig/shaper/htb.py
31030536,4,2,6,docs/make_readme.py
31030536,1,1,2,tcconfig/traffic_control.py
31030536,0,1,1,tcconfig/shaper/htb.py
31030536,1,1,2,tcconfig/_const.py
31030536,21,14,35,tcconfig/tcset.py
31030536,10,0,10,tcconfig/traffic_control.py
31030536,3,4,7,tcconfig/_iptables.py
31030536,5,1,6,tcconfig/_iptables.py
31030536,1,5,6,tcconfig/shaper/_interface.py
31030536,3,1,4,test/test_iptables.py
31030536,2,2,4,tcconfig/_common.py
31030536,3,0,3,test/test_tcconfig.py
31030536,2,2,4,tcconfig/_common.py
31030536,2,1,3,tcconfig/_iptables.py
31030536,3,2,5,test/test_iptables.py
31030536,3,3,6,test/test_tcconfig.py
31030536,7,7,14,test/test_traffic_control.py
31030536,1,1,2,test/test_traffic_control.py
31030536,27,12,39,test/test_tcconfig.py
31030536,14,12,26,test/test_tcset_config_file.py
31030536,1,1,2,test/common.py
31030536,4,1,5,tcconfig/traffic_control.py
31030536,10,2,12,tcconfig/_common.py
31030536,5,2,7,tcconfig/shaper/_interface.py
31030536,6,6,12,tcconfig/shaper/htb.py
31030536,7,12,19,tcconfig/tcshow.py
31030536,24,13,37,tcconfig/parser.py
31030536,2,2,4,tcconfig/shaper/htb.py
31030536,98,42,140,tcconfig/tcshow.py
31030536,31,43,74,test/test_parser.py
31030536,57,27,84,test/test_tcshow.py
31030536,2,2,4,tcconfig/shaper/htb.py
31030536,20,3,23,tcconfig/parser.py
31030536,52,0,52,tcconfig/parser.py
31030536,17,0,17,tcconfig/_const.py
31030536,9,9,18,tcconfig/tcset.py
31030536,27,22,49,tcconfig/traffic_control.py
31030536,1,1,2,tcconfig/traffic_control.py
31030536,24,20,44,tcconfig/traffic_control.py
31030536,2,0,2,tcconfig/tcdel.py
31030536,2,1,3,tcconfig/tcset.py
31030536,1,1,2,tcconfig/_const.py
31030536,1,1,2,tcconfig/tcshow.py
31030536,10,0,10,setup.py
31030536,12,12,24,tcconfig/shaper/_interface.py
31030536,4,2,6,tcconfig/tcset.py
31030536,4,2,6,tcconfig/tcshow.py
31030536,1,3,4,tcconfig/_common.py
31030536,6,0,6,tcconfig/_const.py
31030536,1,1,2,tcconfig/_iptables.py
31030536,1,1,2,tcconfig/shaper/tbf.py
31030536,4,2,6,tcconfig/tcset.py
31030536,1,1,2,tcconfig/__init__.py
31030536,7,0,7,tcconfig/_const.py
31030536,2,2,4,tcconfig/tcdel.py
31030536,2,2,4,tcconfig/tcset.py
31030536,2,2,4,tcconfig/tcshow.py
31030536,4,3,7,tcconfig/traffic_control.py
31030536,1,1,2,tcconfig/__init__.py
31030536,0,2,2,tcconfig/shaper/htb.py
31030536,6,2,8,tcconfig/_common.py
31030536,227,0,227,tcconfig/shaper/htb.py
31030536,6,1,7,tcconfig/tcset.py
31030536,20,1,21,tcconfig/traffic_control.py
31030536,4,1,5,setup.py
31030536,4,0,4,tcconfig/tcset.py
31030536,6,0,6,tcconfig/traffic_control.py
31030536,4,0,4,tcconfig/_error.py
31030536,4,2,6,tcconfig/shaper/tbf.py
31030536,0,1,1,tcconfig/traffic_control.py
31030536,5,1,6,tcconfig/shaper/_interface.py
31030536,12,1,13,tcconfig/shaper/tbf.py
31030536,0,11,11,tcconfig/traffic_control.py
31030536,37,0,37,tcconfig/shaper/_interface.py
31030536,1,35,36,tcconfig/shaper/tbf.py
31030536,3,3,6,tcconfig/_error.py
31030536,11,10,21,tcconfig/_converter.py
31030536,1,1,2,tcconfig/traffic_control.py
31030536,1,1,2,test/common.py
31030536,5,7,12,test/test_converter.py
31030536,1,1,2,tcconfig/tcset.py
31030536,1,1,2,tcconfig/traffic_control.py
31030536,2,3,5,tcconfig/_common.py
31030536,4,0,4,tcconfig/shaper/_interface.py
31030536,14,0,14,tcconfig/shaper/tbf.py
31030536,1,5,6,tcconfig/traffic_control.py
31030536,12,1,13,tcconfig/_common.py
31030536,40,0,40,tcconfig/shaper/_interface.py
31030536,16,3,19,tcconfig/shaper/tbf.py
31030536,4,49,53,tcconfig/traffic_control.py
31030536,5,1,6,tcconfig/tcset.py
31030536,1,0,1,setup.py
31030536,52,0,52,tcconfig/shaper/_interface.py
31030536,7,18,25,tcconfig/shaper/tbf.py
31030536,1,38,39,tcconfig/traffic_control.py
31030536,2,2,4,tcconfig/shaper/tbf.py
31030536,6,6,12,tcconfig/shaper/tbf.py
31030536,13,3,16,tcconfig/_common.py
31030536,1,1,2,tcconfig/_logger.py
31030536,24,14,38,tcconfig/shaper/tbf.py
31030536,11,5,16,tcconfig/traffic_control.py
31030536,1,1,2,tcconfig/_logger.py
31030536,2,2,4,tcconfig/tcdel.py
31030536,4,4,8,tcconfig/tcset.py
31030536,2,2,4,tcconfig/tcshow.py
31030536,7,3,10,tcconfig/shaper/_interface.py
31030536,24,21,45,tcconfig/shaper/tbf.py
31030536,19,11,30,tcconfig/traffic_control.py
31030536,17,0,17,tcconfig/_common.py
31030536,0,0,0,tcconfig/shaper/__init__.py
31030536,37,0,37,tcconfig/shaper/_interface.py
31030536,137,0,137,tcconfig/shaper/tbf.py
31030536,61,175,236,tcconfig/traffic_control.py
31030536,3,3,6,test/test_traffic_control.py
31030536,20,20,40,tcconfig/traffic_control.py
31030536,38,0,38,tcconfig/_logger.py
31030536,2,1,3,tcconfig/_argparse_wrapper.py
31030536,9,10,19,tcconfig/tcdel.py
31030536,12,9,21,tcconfig/tcset.py
31030536,9,10,19,tcconfig/tcshow.py
31030536,1,1,2,tcconfig/traffic_control.py
31030536,1,1,2,tcconfig/__init__.py
31030536,0,12,12,docs/conf.py
31030536,4,4,8,tcconfig/traffic_control.py
31030536,2,2,4,docs/make_readme.py
31030536,17,5,22,tcconfig/tcset.py
31030536,6,6,12,tcconfig/traffic_control.py
31030536,2,2,4,tcconfig/traffic_control.py
31030536,4,4,8,test/test_traffic_control.py
31030536,2,2,4,tcconfig/traffic_control.py
31030536,3,3,6,test/test_traffic_control.py
31030536,0,1,1,tcconfig/traffic_control.py
31030536,2,2,4,tcconfig/traffic_control.py
31030536,4,4,8,test/test_traffic_control.py
31030536,1,1,2,tcconfig/__init__.py
31030536,26,16,42,tcconfig/traffic_control.py
31030536,0,0,0,test/__init__.py
31030536,30,0,30,test/common.py
31030536,2,0,2,test/test_tcset_config_file.py
31030536,5,13,18,test/test_traffic_control.py
31030536,4,3,7,tcconfig/tcshow.py
31030536,7,4,11,test/test_tcset_config_file.py
31030536,9,0,9,test/test_parser.py
31030536,0,13,13,tcconfig/_iptables.py
31030536,8,0,8,tcconfig/_error.py
31030536,5,0,5,tcconfig/_converter.py
31030536,4,3,7,test/test_converter.py
31030536,0,1,1,test/test_traffic_control.py
31030536,2,4,6,test/test_tcconfig.py
31030536,1,1,2,tcconfig/__init__.py
31030536,1,1,2,test/conftest.py
31030536,32,6,38,test/test_tcconfig.py
31030536,2,1,3,test/test_tcset_config_file.py
31030536,12,10,22,test/test_tcset_one.py
31030536,9,7,16,test/test_tcset_two.py
31030536,7,4,11,test/test_tcshow.py
31030536,61,28,89,test/test_traffic_control.py
31030536,7,8,15,tcconfig/tcset.py
31030536,6,6,12,tcconfig/traffic_control.py
31030536,1,1,2,tcconfig/_common.py
31030536,13,7,20,tcconfig/traffic_control.py
31030536,5,5,10,tcconfig/_iptables.py
31030536,3,4,7,tcconfig/tcshow.py
31030536,6,4,10,tcconfig/traffic_control.py
31030536,32,9,41,tcconfig/tcshow.py
31030536,35,0,35,tcconfig/parser.py
31030536,7,0,7,test/test_parser.py
31030536,0,6,6,tcconfig/traffic_control.py
31030536,3,4,7,tcconfig/tcshow.py
31030536,16,14,30,tcconfig/tcshow.py
31030536,55,48,103,tcconfig/tcshow.py
31030536,8,4,12,tcconfig/tcshow.py
31030536,3,3,6,tcconfig/_iptables.py
31030536,10,6,16,tcconfig/tcshow.py
31030536,2,2,4,tcconfig/parser.py
31030536,26,32,58,test/test_parser.py
31030536,32,10,42,test/test_iptables.py
31030536,0,1,1,test/test_iptables.py
31030536,2,2,4,tcconfig/traffic_control.py
31030536,4,1,5,tcconfig/traffic_control.py
31030536,6,3,9,tcconfig/traffic_control.py
31030536,9,0,9,tcconfig/_converter.py
31030536,23,0,23,test/test_converter.py
31030536,6,1,7,tcconfig/_converter.py
31030536,2,2,4,test/test_tcconfig.py
31030536,2,2,4,test/test_tcset_one.py
31030536,2,2,4,test/test_tcset_two.py
31030536,64,3,67,tcconfig/tcshow.py
31030536,0,57,57,tcconfig/traffic_control.py
31030536,79,44,123,test/test_iptables.py
31030536,30,10,40,tcconfig/traffic_control.py
31030536,1,2,3,tcconfig/tcset.py
31030536,9,4,13,tcconfig/traffic_control.py
31030536,6,0,6,tcconfig/traffic_control.py
31030536,10,3,13,tcconfig/_iptables.py
31030536,8,0,8,tcconfig/_iptables.py
31030536,9,0,9,tcconfig/_iptables.py
31030536,10,10,20,tcconfig/_iptables.py
31030536,1,1,2,tcconfig/tcset.py
31030536,6,4,10,tcconfig/traffic_control.py
31030536,1,0,1,tcconfig/traffic_control.py
31030536,14,2,16,tcconfig/_iptables.py
31030536,3,1,4,tcconfig/_iptables.py
31030536,2,1,3,tcconfig/tcset.py
31030536,3,2,5,tcconfig/traffic_control.py
31030536,4,1,5,tcconfig/_common.py
31030536,4,4,8,tcconfig/_iptables.py
31030536,7,3,10,tcconfig/_iptables.py
31030536,1,1,2,tcconfig/_common.py
31030536,1,0,1,test/test_common.py
31030536,36,0,36,test/test_common.py
31030536,3,0,3,tcconfig/_common.py
31030536,0,1,1,test/test_iptables.py
31030536,6,1,7,tcconfig/traffic_control.py
31030536,7,1,8,tcconfig/tcset.py
31030536,7,1,8,tcconfig/traffic_control.py
31030536,1,1,2,tcconfig/traffic_control.py
31030536,3,3,6,tcconfig/traffic_control.py
31030536,1,1,2,tcconfig/traffic_control.py
31030536,11,9,20,tcconfig/tcset.py
31030536,46,9,55,tcconfig/traffic_control.py
31030536,13,0,13,tcconfig/_traffic_direction.py
31030536,1,1,2,tcconfig/tcset.py
31030536,1,6,7,tcconfig/traffic_control.py
31030536,13,0,13,tcconfig/traffic_control.py
31030536,220,0,220,test/test_iptables.py
31030536,3,4,7,tcconfig/_iptables.py
31030536,3,3,6,tcconfig/_common.py
31030536,0,1,1,tcconfig/_iptables.py
31030536,13,0,13,tcconfig/_iptables.py
31030536,22,4,26,tcconfig/traffic_control.py
31030536,6,3,9,tcconfig/_iptables.py
31030536,3,2,5,tcconfig/_iptables.py
31030536,2,5,7,tcconfig/_iptables.py
31030536,10,3,13,tcconfig/_iptables.py
31030536,2,2,4,tcconfig/_iptables.py
31030536,7,5,12,tcconfig/traffic_control.py
31030536,0,1,1,tcconfig/traffic_control.py
31030536,1,1,2,tcconfig/traffic_control.py
31030536,5,2,7,tcconfig/_iptables.py
31030536,25,0,25,tcconfig/_common.py
31030536,3,24,27,tcconfig/traffic_control.py
31030536,1,0,1,tcconfig/_common.py
31030536,6,2,8,tcconfig/_iptables.py
31030536,1,1,2,tcconfig/_iptables.py
31030536,2,1,3,tcconfig/_iptables.py
31030536,9,6,15,tcconfig/_iptables.py
31030536,3,3,6,tcconfig/_iptables.py
31030536,12,11,23,tcconfig/_iptables.py
31030536,1,1,2,tcconfig/_iptables.py
31030536,1,1,2,tcconfig/__init__.py
31030536,3,1,4,tcconfig/tcset.py
31030536,4,0,4,tcconfig/traffic_control.py
31030536,144,0,144,tcconfig/_iptables.py
31030536,4,1,5,tcconfig/tcset.py
31030536,1,0,1,test/test_tcset_config_file.py
31030536,4,1,5,tcconfig/traffic_control.py
31030536,1,1,2,tcconfig/traffic_control.py
31030536,10,2,12,tcconfig/_split_line_list.py
31030536,1,0,1,tcconfig/_split_line_list.py
31030536,35,0,35,tcconfig/_split_line_list.py
31030536,123,0,123,test/test_split_line_list.py
31030536,10,4,14,tcconfig/traffic_control.py
31030536,7,4,11,tcconfig/tcset.py
31030536,3,1,4,tcconfig/tcset.py
31030536,2,2,4,tcconfig/tcset.py
31030536,15,11,26,tcconfig/tcset.py
31030536,0,4,4,test/test_tcconfig.py
31030536,0,1,1,test/test_tcset_config_file.py
31030536,0,39,39,test/test_tcconfig.py
31030536,58,0,58,test/test_tcset_config_file.py
31030536,11,6,17,tcconfig/traffic_control.py
31030536,2,0,2,tcconfig/traffic_control.py
31030536,18,12,30,tcconfig/traffic_control.py
31030536,2,0,2,tcconfig/traffic_control.py
31030536,14,0,14,tcconfig/traffic_control.py
31030536,2,2,4,tcconfig/traffic_control.py
31030536,22,5,27,tcconfig/traffic_control.py
31030536,7,1,8,tcconfig/tcdel.py
31030536,41,41,82,tcconfig/traffic_control.py
31030536,7,1,8,tcconfig/tcdel.py
31030536,6,1,7,tcconfig/tcset.py
31030536,6,1,7,tcconfig/tcshow.py
31030536,2,0,2,tcconfig/tcdel.py
31030536,1,0,1,tcconfig/tcset.py
31030536,2,0,2,tcconfig/tcshow.py
31030536,1,1,2,tcconfig/_common.py
31030536,4,1,5,tcconfig/_common.py
31030536,6,0,6,tcconfig/_error.py
31030536,1,1,2,tcconfig/_error.py
31030536,4,3,7,tcconfig/traffic_control.py
31030536,4,3,7,tcconfig/traffic_control.py
31030536,7,7,14,test/test_tcconfig.py
31030536,0,9,9,test/test_parser.py
31030536,7,0,7,tcconfig/tcset.py
31030536,10,1,11,tcconfig/traffic_control.py
31030536,1,1,2,tcconfig/__init__.py
31030536,2,1,3,docs/make_readme.py
31030536,1,1,2,tcconfig/tcset.py
31030536,0,7,7,tcconfig/tcset.py
31030536,1,10,11,tcconfig/traffic_control.py
31030536,1,1,2,tcconfig/__init__.py
31030536,7,0,7,tcconfig/tcset.py
31030536,10,1,11,tcconfig/traffic_control.py
31030536,8,7,15,tcconfig/traffic_control.py
31030536,2,1,3,tcconfig/tcset.py
31030536,2,2,4,tcconfig/traffic_control.py
31030536,2,2,4,tcconfig/traffic_control.py
31030536,6,0,6,tcconfig/traffic_control.py
31030536,2,1,3,tcconfig/traffic_control.py
31030536,0,2,2,tcconfig/traffic_control.py
31030536,3,1,4,tcconfig/tcset.py
31030536,1,1,2,tcconfig/__init__.py
31030536,2,2,4,tcconfig/_converter.py
31030536,1,1,2,tcconfig/__init__.py
31030536,3,4,7,setup.py
31030536,5,2,7,docs/make_readme.py
31030536,4,1,5,tcconfig/_common.py
31030536,0,1,1,tcconfig/tcset.py
31030536,0,1,1,tcconfig/traffic_control.py
31030536,4,3,7,tcconfig/traffic_control.py
31030536,54,0,54,tcconfig/_converter.py
31030536,73,0,73,test/test_converter.py
31030536,5,6,11,tcconfig/traffic_control.py
31030536,70,60,130,tcconfig/tcset.py
31030536,0,3,3,tcconfig/traffic_control.py
31030536,3,1,4,test/test_tcshow.py
31030536,1,3,4,test/test_tcconfig.py
31030536,1,0,1,tcconfig/traffic_control.py
31030536,0,1,1,test/test_tcshow.py
31030536,13,10,23,test/test_tcshow.py
31030536,2,3,5,test/test_tcconfig.py
31030536,2,2,4,test/test_tcconfig.py
31030536,14,14,28,tcconfig/traffic_control.py
31030536,4,3,7,test/test_tcconfig.py
31030536,2,3,5,test/test_tcshow.py
31030536,1,1,2,tcconfig/tcshow.py
31030536,1,0,1,test/test_tcset_one.py
31030536,2,3,5,tcconfig/tcset.py
31030536,2,2,4,tcconfig/traffic_control.py
31030536,12,0,12,tcconfig/tcset.py
31030536,2,2,4,tcconfig/tcshow.py
31030536,10,0,10,tcconfig/tcdel.py
31030536,12,0,12,tcconfig/tcset.py
31030536,11,0,11,tcconfig/tcshow.py
31030536,6,0,6,tcconfig/_error.py
31030536,5,6,11,tcconfig/tcdel.py
31030536,5,5,10,tcconfig/tcset.py
31030536,4,6,10,tcconfig/tcshow.py
31030536,40,0,40,tcconfig/_argparse_wrapper.py
31030536,0,1,1,tcconfig/tcdel.py
31030536,0,1,1,tcconfig/tcset.py
31030536,0,1,1,tcconfig/tcshow.py
31030536,3,3,6,tcconfig/traffic_control.py
31030536,5,4,9,test/test_tcshow.py
31030536,3,2,5,test/test_tcset_one.py
31030536,2,2,4,test/test_tcset_two.py
31030536,0,213,213,test/test_tcconfig.py
31030536,172,0,172,test/test_tcset_one.py
31030536,98,0,98,test/test_tcset_two.py
31030536,1,0,1,test/conftest.py
31030536,30,24,54,test/test_tcconfig.py
31030536,8,6,14,test/test_tcshow.py
31030536,6,10,16,test/test_tcshow.py
31030536,0,2,2,test/test_traffic_control.py
31030536,1,2,3,test/test_traffic_control.py
31030536,2,2,4,test/test_traffic_control.py
31030536,1,1,2,tcconfig/tcdel.py
31030536,1,1,2,tcconfig/tcset.py
31030536,1,1,2,tcconfig/tcshow.py
31030536,3,3,6,test/test_parser.py
31030536,4,4,8,test/test_tcconfig.py
31030536,1,1,2,test/test_tcshow.py
31030536,1,1,2,test/test_traffic_control.py
31030536,1,3,4,tcconfig/tcdel.py
31030536,2,5,7,tcconfig/tcset.py
31030536,1,3,4,tcconfig/tcshow.py
31030536,18,16,34,tcconfig/traffic_control.py
31030536,26,33,59,test/test_tcconfig.py
31030536,13,0,13,tcconfig/_error.py
31030536,0,1,1,setup.py
31030536,0,1,1,tcconfig/tcdel.py
31030536,0,1,1,tcconfig/tcset.py
31030536,0,1,1,tcconfig/tcshow.py
31030536,3,2,5,tcconfig/tcdel.py
31030536,2,2,4,tcconfig/tcset.py
31030536,2,2,4,tcconfig/tcshow.py
31030536,0,2,2,tcconfig/tcdel.py
31030536,0,1,1,tcconfig/tcset.py
31030536,0,1,1,tcconfig/tcshow.py
31030536,1,1,2,tcconfig/tcset.py
31030536,2,1,3,tcconfig/tcdel.py
31030536,1,0,1,tcconfig/tcset.py
31030536,2,1,3,tcconfig/tcshow.py
31030536,1,1,2,tcconfig/parser.py
31030536,1,1,2,tcconfig/tcset.py
31030536,40,34,74,tcconfig/traffic_control.py
31030536,5,5,10,test/test_tcconfig.py
31030536,1,6,7,tcconfig/tcshow.py
31030536,0,7,7,setup.py
31030536,1,0,1,tcconfig/parser.py
31030536,6,5,11,tcconfig/traffic_control.py
31030536,1,0,1,tcconfig/traffic_control.py
31030536,3,2,5,test/test_tcconfig.py
31030536,2,1,3,tcconfig/parser.py
31030536,1,1,2,tcconfig/parser.py
31030536,21,20,41,tcconfig/traffic_control.py
31030536,0,7,7,tcconfig/__init__.py
31030536,14,0,14,tcconfig/_common.py
31030536,3,1,4,tcconfig/tcdel.py
31030536,3,1,4,tcconfig/tcshow.py
31030536,3,1,4,tcconfig/traffic_control.py
31030536,0,1,1,tcconfig/parser.py
31030536,0,2,2,test/test_tcconfig.py
31030536,0,2,2,test/test_parser.py
31030536,0,1,1,test/test_traffic_control.py
31030536,3,3,6,test/test_parser.py
31030536,3,3,6,test/test_tcconfig.py
31030536,3,3,6,test/test_tcshow.py
31030536,3,3,6,test/test_traffic_control.py
31030536,3,3,6,tcconfig/__init__.py
31030536,3,3,6,tcconfig/parser.py
31030536,3,3,6,tcconfig/tcdel.py
31030536,3,3,6,tcconfig/tcset.py
31030536,3,3,6,tcconfig/tcshow.py
31030536,3,3,6,tcconfig/traffic_control.py
31030536,1,1,2,tcconfig/__init__.py
31030536,6,3,9,docs/conf.py
31030536,42,58,100,docs/make_readme.py
31030536,0,1,1,setup.py
31030536,5,1,6,setup.py
31030536,86,0,86,docs/make_readme.py
31030536,289,0,289,docs/conf.py
31030536,6,6,12,tcconfig/tcset.py
31030536,1,1,2,tcconfig/__init__.py
31030536,16,5,21,tcconfig/parser.py
31030536,1,1,2,tcconfig/traffic_control.py
31030536,16,14,30,test/test_parser.py
31030536,4,1,5,test/test_tcconfig.py
31030536,2,2,4,test/test_tcshow.py
31030536,2,2,4,tcconfig/parser.py
31030536,9,9,18,test/test_tcconfig.py
31030536,2,2,4,test/test_tcshow.py
31030536,0,1,1,tcconfig/tcset.py
31030536,1,1,2,tcconfig/__init__.py
31030536,94,2,96,tcconfig/tcset.py
31030536,40,1,41,test/test_tcconfig.py
31030536,22,26,48,tcconfig/traffic_control.py
31030536,6,6,12,tcconfig/parser.py
31030536,2,2,4,tcconfig/traffic_control.py
31030536,2,2,4,tcconfig/parser.py
31030536,15,11,26,tcconfig/traffic_control.py
31030536,1,1,2,tcconfig/__init__.py
31030536,1,0,1,setup.py
31030536,191,0,191,tcconfig/parser.py
31030536,59,0,59,tcconfig/tcshow.py
31030536,56,0,56,tcconfig/traffic_control.py
31030536,161,0,161,test/test_parser.py
31030536,78,0,78,test/test_tcshow.py
31030536,1,1,2,tcconfig/__init__.py
31030536,1,1,2,tcconfig/tcset.py
31030536,1,0,1,tcconfig/tcdel.py
31030536,7,0,7,tcconfig/__init__.py
31030536,1,3,4,tcconfig/traffic_control.py
31030536,4,1,5,tcconfig/traffic_control.py
31030536,1,1,2,tcconfig/__init__.py
31030536,9,0,9,tcconfig/tcset.py
31030536,11,0,11,tcconfig/traffic_control.py
31030536,29,17,46,test/test_TrafficControl.py
31030536,56,4,60,test/test_tcconfig.py
31030536,6,6,12,tcconfig/traffic_control.py
31030536,25,50,75,tcconfig/traffic_control.py
31030536,8,0,8,tcconfig/tcset.py
31030536,24,2,26,tcconfig/traffic_control.py
31030536,16,8,24,test/test_TrafficControl.py
31030536,18,11,29,test/test_tcconfig.py
31030536,2,2,4,tcconfig/traffic_control.py
31030536,7,7,14,tcconfig/tcset.py
31030536,26,21,47,tcconfig/traffic_control.py
31030536,13,13,26,test/test_TrafficControl.py
31030536,11,8,19,tcconfig/tcset.py
31030536,3,1,4,setup.py
31030536,2,0,2,tcconfig/__init__.py
31030536,1,1,2,tcconfig/tcdel.py
31030536,0,313,313,tcconfig/__init__.py
31030536,4,1,5,tcconfig/tcdel.py
31030536,6,4,10,tcconfig/tcset.py
31030536,318,0,318,tcconfig/traffic_control.py
31030536,3,1,4,test/test_TrafficControl.py
31030536,9,3,12,test/test_tcconfig.py
31030536,193,119,312,test/test_tcconfig.py
31030536,1,1,2,setup.py
31030536,144,25,169,tcconfig/__init__.py
31030536,1,1,2,tcconfig/tcdel.py
31030536,7,1,8,tcconfig/tcset.py
31030536,1,1,2,tcconfig/tcdel.py
31030536,4,3,7,tcconfig/tcset.py
31030536,120,0,120,test/test_TrafficControl.py
31030536,6,0,6,test/conftest.py
31030536,26,27,53,test/test_tcconfig.py
31030536,0,3,3,tcconfig/tcset.py
31030536,1,1,2,tcconfig/__init__.py
31030536,74,63,137,test/test_tcconfig.py
31030536,2,2,4,tcconfig/__init__.py
31030536,9,0,9,tcconfig/__init__.py
31030536,1,1,2,tcconfig/__init__.py
31030536,3,0,3,test/test_tcconfig.py
31030536,1,3,4,setup.py
31030536,0,3,3,tcconfig/__init__.py
31030536,1,1,2,tcconfig/tcdel.py
31030536,1,1,2,tcconfig/tcset.py
31030536,9,3,12,tcconfig/__init__.py
31030536,4,1,5,setup.py
31030536,1,2,3,test/test_tcconfig.py
31030536,108,0,108,test/test_tcconfig.py
31030536,175,75,250,tcconfig/__init__.py
31030536,2,2,4,tcconfig/tcdel.py
31030536,21,4,25,tcconfig/tcset.py
31030536,15,9,24,setup.py
31030536,1,1,2,tcconfig/__init__.py
31030536,28,27,55,test/test_tcconfig.py
31030536,4,3,7,tcconfig/__init__.py
31030536,4,1,5,setup.py
31030536,1,1,2,tcconfig/__init__.py
31030536,2,3,5,setup.py
31030536,5,0,5,setup.py
31030536,2,2,4,test/test_tcconfig.py
31030536,0,1,1,setup.py
31030536,0,29,29,common.py
31030536,1,1,2,setup.py
31030536,8,8,16,common.py
31030536,2,0,2,setup.py
31030536,40,15,55,tcconfig/__init__.py
31030536,2,2,4,tcconfig/tcdel.py
31030536,3,3,6,tcconfig/tcset.py
31030536,60,0,60,test/test_tcconfig.py
31030536,29,0,29,common.py
31030536,51,0,51,setup.py
31030536,61,0,61,tcconfig/__init__.py
31030536,42,0,42,tcconfig/tcdel.py
31030536,58,0,58,tcconfig/tcset.py
41339733,220,0,220,okcoin_websocket.py
41339733,2,2,4,okcoin_websocket.py
41339733,264,0,264,okcoin_websocket.py
41339733,14,0,14,stock.py
41339733,42,1,43,okcoin_websocket.py
41339733,25,4,29,okcoin_websocket.py
41339733,19,0,19,stock.py
41339733,2,2,4,okcoin_websocket.py
41339733,4,1,5,okcoin_websocket.py
41339733,1,1,2,okcoin_websocket.py
41339733,9,7,16,okcoin_websocket.py
41339733,1,1,2,okcoin_websocket.py
41339733,3,1,4,okcoin_websocket.py
41339733,1,1,2,okcoin_websocket.py
41339733,6,3,9,okcoin_websocket.py
41339733,2,1,3,okcoin_websocket.py
41339733,68,0,68,stock.py
41339733,207,0,207,okcoin_websocket.py
41339733,6,6,12,okcoin_websocket.py
41339733,1,1,2,okcoin_websocket.py
41339733,6,3,9,okcoin_websocket.py
41339733,1,1,2,okcoin_websocket.py
41339733,3,0,3,okcoin_websocket.py
41339733,6,0,6,okcoin_websocket.py
41339733,35,0,35,okcoin_websocket.py
41339733,5,1,6,okcoin_websocket.py
41339733,1,1,2,okcoin_websocket.py
41339733,3,3,6,okcoin_websocket.py
41339733,5,0,5,okcoin_websocket.py
41339733,6,0,6,okcoin_websocket.py
41339733,0,1,1,stock.py
41339733,6,8,14,okcoin_websocket.py
41339733,23,21,44,okcoin_websocket.py
41339733,1,0,1,okcoin_websocket.py
41339733,1,0,1,okcoin_websocket.py
41339733,2,2,4,stock.py
41339733,20,0,20,okcoin_websocket.py
41339733,40,0,40,stock.py
41339733,14,5,19,okcoin_websocket.py
41339733,1,2,3,okcoin_websocket.py
41339733,9,0,9,okcoin_websocket.py
41339733,64,6,70,okcoin_websocket.py
41339733,3,0,3,okcoin_websocket.py
41339733,10,0,10,okcoin_websocket.py
41339733,2,2,4,okcoin_websocket.py
41339733,0,2,2,okcoin_websocket.py
41339733,1,1,2,okcoin_websocket.py
41339733,5,3,8,okcoin_websocket.py
41339733,49,20,69,okcoin_websocket.py
41339733,72,0,72,stock.py
41339733,1,1,2,okcoin_websocket.py
41339733,1,1,2,okcoin_websocket.py
41339733,1,1,2,okcoin_websocket.py
41339733,1,0,1,okcoin_websocket.py
41339733,1,1,2,okcoin_websocket.py
41339733,1,1,2,okcoin_websocket.py
41339733,1,1,2,okcoin_websocket.py
41339733,2,2,4,okcoin_websocket.py
41339733,1,1,2,okcoin_websocket.py
41339733,2,2,4,okcoin_websocket.py
41339733,0,8,8,okcoin_websocket.py
41339733,2,0,2,okcoin_websocket.py
41339733,6,6,12,okcoin_websocket.py
41339733,6,1,7,okcoin_websocket.py
41339733,1,1,2,okcoin_websocket.py
41339733,3,0,3,okcoin_websocket.py
41339733,3,3,6,okcoin_websocket.py
41339733,242,0,242,okcoin_websocket.py
41339733,1,1,2,okcoin_websocket.py
41339733,1,1,2,okcoin_websocket.py
41339733,8,7,15,okcoin_websocket.py
41339733,1,1,2,okcoin_websocket.py
41339733,2,10,12,okcoin_websocket.py
41339733,14,5,19,okcoin_websocket.py
41339733,182,0,182,http.py
41339733,110,436,546,okcoin_websocket.py
41339733,31,0,31,stock.py
41339733,4,10,14,okcoin_websocket.py
41339733,48,43,91,okcoin_websocket.py
41339733,5,1,6,okcoin_websocket.py
41339733,3,8,11,okcoin_websocket.py
41339733,77,26,103,okcoin_websocket.py
41339733,4,1,5,okcoin_websocket.py
41339733,1,1,2,okcoin_websocket.py
41339733,5,0,5,okcoin_websocket.py
41339733,2,0,2,okcoin_websocket.py
41339733,12,2,14,okcoin_websocket.py
41339733,1,11,12,okcoin_websocket.py
41339733,1,1,2,okcoin_websocket.py
41339733,6,2,8,okcoin_websocket.py
41339733,30,16,46,okcoin_websocket.py
41339733,3,3,6,okcoin_websocket.py
41339733,4,2,6,okcoin_websocket.py
41339733,4,1,5,okcoin_websocket.py
41339733,6,0,6,okcoin_websocket.py
41339733,10,23,33,okcoin_websocket.py
41339733,1,2,3,okcoin_websocket.py
41339733,15,45,60,okcoin_websocket.py
41339733,31,1,32,stock.py
41339733,6,12,18,okcoin_websocket.py
41339733,2,6,8,okcoin_websocket.py
41339733,8,0,8,okcoin_websocket.py
41339733,2,0,2,okcoin_websocket.py
41339733,3,0,3,okcoin_websocket.py
41339733,6,6,12,okcoin_websocket.py
41339733,1,1,2,okcoin_websocket.py
41339733,1,0,1,okcoin_websocket.py
41339733,1,1,2,stock.py
41339733,1,0,1,okcoin_websocket.py
41339733,69,42,111,okcoin_websocket.py
41339733,44,3,47,stock.py
41339733,1,1,2,okcoin_websocket.py
41339733,2,1,3,okcoin_websocket.py
41339733,31,52,83,okcoin_websocket.py
41339733,1,1,2,okcoin_websocket.py
41339733,7,0,7,okcoin_websocket.py
41339733,1,1,2,okcoin_websocket.py
41339733,11,47,58,okcoin_websocket.py
41339733,1,11,12,okcoin_websocket.py
41339733,1,0,1,okcoin_websocket.py
41339733,1,1,2,okcoin_websocket.py
41339733,2,1,3,okcoin_websocket.py
41339733,20,18,38,okcoin_websocket.py
41339733,55,0,55,okcoin_websocket.py
41339733,1,0,1,stock.py
41339733,0,3,3,stock.py
41339733,1,1,2,okcoin_websocket.py
41339733,27,28,55,okcoin_websocket.py
41339733,4,14,18,stock.py
41339733,3,0,3,okcoin_websocket.py
41339733,2,2,4,okcoin_websocket.py
41339733,4,4,8,okcoin_websocket.py
41339733,5,0,5,okcoin_websocket.py
41339733,569,121,690,okcoin_websocket.py
41339733,1,1,2,regression.py
41339733,78,13,91,okcoin_websocket.py
41339733,1,1,2,regression.py
41339733,21,7,28,stock.py
41339733,2,2,4,okcoin_websocket.py
41339733,1,1,2,stock.py
41339733,4,4,8,okcoin_websocket.py
41339733,13,0,13,okcoin_websocket.py
41339733,1,1,2,stock.py
41339733,41,0,41,okcoin_websocket.py
41339733,76,28,104,stock.py
41339733,20,1,21,stock.py
41339733,85,0,85,stock.py
41339733,2,2,4,okcoin_websocket.py
41339733,12,2,14,okcoin_websocket.py
41339733,1,1,2,okcoin_websocket.py
41339733,1,1,2,okcoin_websocket.py
41339733,1,0,1,okcoin_websocket.py
41339733,12,0,12,okcoin_websocket.py
41339733,4,0,4,okcoin_websocket.py
41339733,3,3,6,stock.py
41339733,0,1,1,okcoin_websocket.py
41339733,3,6,9,okcoin_websocket.py
41339733,13,2,15,stock.py
41339733,27,12,39,okcoin_websocket.py
41339733,1,1,2,stock.py
41339733,1,1,2,okcoin_websocket.py
41339733,18,4,22,okcoin_websocket.py
41339733,5,1,6,okcoin_websocket.py
41339733,10,1,11,okcoin_websocket.py
41339733,1,1,2,okcoin_websocket.py
41339733,4,2,6,okcoin_websocket.py
41339733,13,0,13,okcoin_websocket.py
41339733,14,4,18,okcoin_websocket.py
41339733,19,1,20,okcoin_websocket.py
41339733,5,0,5,okcoin_websocket.py
41339733,1,1,2,okcoin_websocket.py
41339733,1,1,2,okcoin_websocket.py
41339733,1,1,2,okcoin_websocket.py
41339733,42,12,54,okcoin_websocket.py
41339733,20,2,22,stock.py
41339733,1,1,2,okcoin_websocket.py
41339733,1,1,2,okcoin_websocket.py
41339733,3,2,5,okcoin_websocket.py
41339733,1,1,2,okcoin_websocket.py
41339733,4,0,4,okcoin_websocket.py
41339733,3,2,5,okcoin_websocket.py
41339733,19,6,25,okcoin_websocket.py
41339733,1,1,2,okcoin_websocket.py
41339733,6,4,10,okcoin_websocket.py
41339733,0,4,4,okcoin_websocket.py
41339733,1,1,2,okcoin_websocket.py
41339733,1,1,2,okcoin_websocket.py
41339733,1,1,2,okcoin_websocket.py
41339733,4,2,6,okcoin_websocket.py
41339733,14,4,18,okcoin_websocket.py
41339733,0,4,4,okcoin_websocket.py
41339733,3,1,4,okcoin_websocket.py
41339733,0,2,2,okcoin_websocket.py
41339733,3,0,3,okcoin_websocket.py
41339733,1,1,2,okcoin_websocket.py
41339733,16,12,28,okcoin_websocket.py
41339733,6,2,8,okcoin_websocket.py
41339733,1,1,2,okcoin_websocket.py
41339733,31,129,160,okcoin_websocket.py
41339733,20,9,29,okcoin_websocket.py
41339733,12,0,12,stock.py
41339733,10,0,10,okcoin_websocket.py
41339733,35,20,55,okcoin_websocket.py
41339733,12,0,12,stock.py
41339733,17,1,18,okcoin_websocket.py
41339733,32,20,52,okcoin_websocket.py
41339733,1,1,2,okcoin_websocket.py
41339733,3,3,6,okcoin_websocket.py
41339733,1,1,2,regression.py
41339733,7,6,13,okcoin_websocket.py
41339733,2,2,4,okcoin_websocket.py
41339733,39,12,51,okcoin_websocket.py
41339733,13,4,17,okcoin_websocket.py
41339733,59,22,81,stock.py
41339733,2,0,2,okcoin_websocket.py
41339733,10,0,10,regression.py
41339733,52,4,56,stock.py
41339733,2,0,2,okcoin_websocket.py
41339733,2,0,2,okcoin_websocket.py
41339733,1,1,2,okcoin_websocket.py
41339733,19,2,21,okcoin_websocket.py
41339733,2,2,4,regression.py
41339733,8,0,8,stock.py
41339733,15,2,17,okcoin_websocket.py
41339733,2,2,4,stock.py
41339733,2,2,4,okcoin_websocket.py
41339733,1,1,2,okcoin_websocket.py
41339733,1,0,1,stock.py
41339733,1,1,2,okcoin_websocket.py
41339733,8,27,35,okcoin_websocket.py
41339733,318,0,318,okcoin_websocket.py
41339733,8,8,16,ply.py
41339733,54,0,54,stock.py
41339733,1,1,2,okcoin_websocket.py
41339733,1,1,2,okcoin_websocket.py
41339733,8,8,16,okcoin_websocket.py
41339733,8,8,16,okcoin_websocket.py
41339733,5,0,5,okcoin_websocket.py
41339733,1,0,1,okcoin_websocket.py
41339733,1,0,1,okcoin_websocket.py
41339733,4,2,6,okcoin_websocket.py
41339733,1,1,2,okcoin_websocket.py
41339733,15,2,17,okcoin_websocket.py
41339733,1,5,6,okcoin_websocket.py
41339733,19,2,21,okcoin_websocket.py
41339733,1,1,2,okcoin_websocket.py
41339733,2,0,2,okcoin_websocket.py
41339733,2,0,2,okcoin_websocket.py
41339733,2,0,2,okcoin_websocket.py
41339733,4,0,4,okcoin_websocket.py
41339733,2,10,12,okcoin_websocket.py
41339733,1,1,2,okcoin_websocket.py
41339733,4,1,5,okcoin_websocket.py
41339733,1,1,2,okcoin_websocket.py
41339733,16,0,16,okcoin_websocket.py
41339733,1,1,2,okcoin_websocket.py
41339733,1,1,2,okcoin_websocket.py
41339733,1,1,2,stock.py
41339733,1,0,1,okcoin_websocket.py
41339733,1,0,1,okcoin_websocket.py
41339733,23,13,36,okcoin_websocket.py
41339733,3,1,4,stock.py
41339733,42,43,85,okcoin_websocket.py
41339733,1,1,2,okcoin_websocket.py
41339733,3,0,3,okcoin_websocket.py
41339733,14,2,16,okcoin_websocket.py
41339733,1,1,2,okcoin_websocket.py
41339733,1,1,2,okcoin_websocket.py
41339733,1,1,2,okcoin_websocket.py
41339733,3,0,3,okcoin_websocket.py
41339733,7,0,7,okcoin_websocket.py
41339733,3,0,3,okcoin_websocket.py
41339733,6,6,12,okcoin_websocket.py
41339733,13,0,13,stock.py
41339733,1,1,2,okcoin_websocket.py
41339733,22,0,22,okcoin_websocket.py
41339733,1,3,4,okcoin_websocket.py
41339733,3,0,3,okcoin_websocket.py
41339733,2,2,4,okcoin_websocket.py
41339733,2,3,5,okcoin_websocket.py
41339733,1,1,2,okcoin_websocket.py
41339733,28,131,159,okcoin_websocket.py
41339733,19,3,22,okcoin_websocket.py
41339733,3,0,3,okcoin_websocket.py
41339733,2,3,5,okcoin_websocket.py
41339733,1,1,2,okcoin_websocket.py
41339733,2,2,4,okcoin_websocket.py
41339733,1,1,2,okcoin_websocket.py
41339733,1,0,1,okcoin_websocket.py
41339733,1,1,2,okcoin_websocket.py
41339733,1,2,3,okcoin_websocket.py
41339733,1,1,2,okcoin_websocket.py
41339733,2,2,4,okcoin_websocket.py
41339733,0,7,7,okcoin_websocket.py
41339733,1,1,2,okcoin_websocket.py
41339733,5,1,6,okcoin_websocket.py
41339733,5,1,6,okcoin_websocket.py
41339733,1,1,2,okcoin_websocket.py
41339733,1,1,2,okcoin_websocket.py
41339733,2,2,4,okcoin_websocket.py
41339733,5,0,5,okcoin_websocket.py
41339733,4,0,4,okcoin_websocket.py
41339733,1,1,2,okcoin_websocket.py
41339733,7,0,7,okcoin_websocket.py
41339733,1,1,2,okcoin_websocket.py
41339733,4,0,4,okcoin_websocket.py
41339733,1,1,2,okcoin_websocket.py
41339733,400,0,400,okcoin_websocket.py
41339733,1,1,2,okcoin_websocket.py
41339733,8,2,10,okcoin_websocket.py
41339733,1,1,2,okcoin_websocket.py
41339733,4,0,4,okcoin_websocket.py
41339733,6,0,6,okcoin_websocket.py
41339733,1,1,2,okcoin_websocket.py
41339733,1,1,2,okcoin_websocket.py
41339733,1,1,2,okcoin_websocket.py
41339733,1,1,2,okcoin_websocket.py
41339733,1,1,2,okcoin_websocket.py
41339733,2,2,4,okcoin_websocket.py
41339733,34,18,52,okcoin_websocket.py
41339733,5,1,6,okcoin_websocket.py
41339733,1,1,2,okcoin_websocket.py
41339733,2,2,4,okcoin_websocket.py
41339733,7,0,7,okcoin_websocket.py
41339733,7,6,13,okcoin_websocket.py
41339733,1,1,2,okcoin_websocket.py
41339733,6,3,9,okcoin_websocket.py
41339733,3,3,6,okcoin_websocket.py
41339733,1,1,2,okcoin_websocket.py
41339733,6,0,6,okcoin_websocket.py
41339733,1,1,2,okcoin_websocket.py
41339733,58,25,83,okcoin_websocket.py
41339733,1,1,2,okcoin_websocket.py
41339733,4,1,5,okcoin_websocket.py
41339733,1,1,2,okcoin_websocket.py
41339733,1,1,2,okcoin_websocket.py
41339733,2,2,4,okcoin_websocket.py
41339733,1,1,2,okcoin_websocket.py
41339733,3,1,4,okcoin_websocket.py
41339733,3,1,4,okcoin_websocket.py
41339733,1,1,2,okcoin_websocket.py
41339733,2,0,2,okcoin_websocket.py
41339733,1,1,2,okcoin_websocket.py
41339733,1,1,2,okcoin_websocket.py
41339733,1,1,2,okcoin_websocket.py
41339733,7,7,14,stock.py
41339733,39,39,78,stock.py
41339733,7,7,14,stock.py
41339733,4,1,5,okcoin_websocket.py
41339733,3,0,3,okcoin_websocket.py
41339733,1,0,1,okcoin_websocket.py
41339733,12,12,24,okcoin_websocket.py
41339733,1,3,4,okcoin_websocket.py
41339733,4,2,6,okcoin_websocket.py
41339733,1,1,2,okcoin_websocket.py
41339733,20,10,30,okcoin_websocket.py
41339733,1,1,2,okcoin_websocket.py
41339733,14,9,23,okcoin_websocket.py
41339733,1,1,2,okcoin_websocket.py
41339733,1,1,2,okcoin_websocket.py
41339733,1,1,2,okcoin_websocket.py
41339733,16,16,32,okcoin_websocket.py
41339733,7,7,14,stock.py
41339733,7,2,9,stock.py
41339733,1,1,2,okcoin_websocket.py
41339733,1,1,2,stock.py
41339733,7,7,14,stock.py
41339733,52,22,74,okcoin_websocket.py
41339733,1,1,2,okcoin_websocket.py
41339733,2,0,2,okcoin_websocket.py
41339733,1,1,2,okcoin_websocket.py
41339733,1,0,1,okcoin_websocket.py
41339733,115,190,305,okcoin_websocket.py
41339733,144,0,144,okcoin_websocket.py
41339733,4,2,6,okcoin_websocket.py
41339733,5,4,9,stock.py
41339733,12,2,14,stock.py
41339733,1,1,2,okcoin_websocket.py
41339733,12,0,12,okcoin_websocket.py
41339733,2,1,3,stock.py
41339733,0,1,1,okcoin_websocket.py
41339733,12,4,16,stock.py
41339733,10,2,12,okcoin_websocket.py
41339733,1,1,2,stock.py
41339733,23,61,84,okcoin_websocket.py
41339733,1,1,2,stock.py
41339733,0,3,3,okcoin_websocket.py
41339733,1,1,2,okcoin_websocket.py
41339733,1,0,1,okcoin_websocket.py
41339733,10,6,16,okcoin_websocket.py
41339733,6,1,7,okcoin_websocket.py
41339733,15,9,24,okcoin_websocket.py
41339733,20,16,36,okcoin_websocket.py
41339733,12,4,16,okcoin_websocket.py
41339733,1,1,2,okcoin_websocket.py
41339733,4,8,12,okcoin_websocket.py
41339733,28,38,66,okcoin_websocket.py
41339733,4,0,4,okcoin_websocket.py
41339733,1,1,2,okcoin_websocket.py
41339733,3,0,3,okcoin_websocket.py
41339733,2,2,4,stock.py
41339733,26,26,52,okcoin_websocket.py
41339733,15,5,20,stock.py
41339733,7,7,14,stock.py
41339733,40,52,92,okcoin_websocket.py
41339733,2,2,4,stock.py
41339733,2,0,2,okcoin_websocket.py
41339733,3,5,8,okcoin_websocket.py
41339733,1,1,2,okcoin_websocket.py
41339733,5,0,5,okcoin_websocket.py
41339733,2,2,4,okcoin_websocket.py
41339733,3,2,5,okcoin_websocket.py
41339733,9,4,13,okcoin_websocket.py
41339733,2,3,5,okcoin_websocket.py
41339733,1,1,2,okcoin_websocket.py
41339733,7,4,11,okcoin_websocket.py
41339733,1,1,2,okcoin_websocket.py
41339733,3,3,6,okcoin_websocket.py
41339733,4,1,5,okcoin_websocket.py
41339733,3,3,6,okcoin_websocket.py
41339733,18,3,21,okcoin_websocket.py
41339733,6,0,6,okcoin_websocket.py
41339733,5,1,6,okcoin_websocket.py
41339733,2,2,4,stock.py
41339733,9,7,16,stock.py
41339733,6,0,6,okcoin_websocket.py
41339733,2,0,2,okcoin_websocket.py
41339733,8,5,13,okcoin_websocket.py
41339733,85,1,86,okcoin_websocket.py
41339733,3,2,5,stock.py
41339733,7,2,9,stock.py
41339733,11,9,20,stock.py
41339733,4,4,8,stock.py
41339733,3,2,5,stock.py
41339733,4,1,5,stock.py
41339733,3,3,6,stock.py
41339733,1,1,2,stock.py
41339733,40,0,40,okcoin_websocket.py
41339733,60,0,60,stock.py
41339733,2,2,4,ply.py
41339733,2,2,4,ply.py
41339733,2,0,2,ply.py
41339733,2,0,2,ply.py
41339733,2,0,2,ply.py
41339733,2,2,4,okcoin_websocket.py
41339733,2,2,4,okcoin_websocket.py
41339733,1,1,2,ply.py
41339733,4,4,8,ply.py
41339733,4,3,7,okcoin_websocket.py
41339733,0,5,5,okcoin_websocket.py
41339733,5,4,9,okcoin_websocket.py
41339733,6,20,26,okcoin_websocket.py
41339733,5,0,5,ply.py
41339733,6,0,6,ply.py
41339733,7,1,8,okcoin_websocket.py
41339733,1,1,2,ply.py
41339733,4,0,4,ply.py
41339733,2,2,4,ply.py
41339733,0,4,4,okcoin_websocket.py
41339733,3,3,6,okcoin_websocket.py
41339733,13,1,14,okcoin_websocket.py
41339733,4,1,5,ply.py
41339733,2,2,4,okcoin_websocket.py
41339733,2,2,4,okcoin_websocket.py
41339733,1,1,2,okcoin_websocket.py
41339733,1,0,1,okcoin_websocket.py
41339733,1,1,2,okcoin_websocket.py
41339733,1,1,2,okcoin_websocket.py
41339733,1,1,2,okcoin_websocket.py
41339733,1,1,2,okcoin_websocket.py
41339733,3,0,3,okcoin_websocket.py
41339733,1,1,2,okcoin_websocket.py
41339733,3,3,6,ply.py
41339733,3,2,5,ply.py
41339733,3,0,3,ply.py
41339733,1,16,17,okcoin_websocket.py
41339733,1,1,2,okcoin_websocket.py
41339733,1,1,2,ply.py
41339733,1,1,2,ply.py
41339733,3,2,5,ply.py
41339733,1,1,2,ply.py
41339733,0,6,6,okcoin_websocket.py
41339733,0,3,3,okcoin_websocket.py
41339733,8,4,12,ply.py
41339733,1,1,2,okcoin_websocket.py
41339733,2,1,3,ply.py
41339733,3,3,6,okcoin_websocket.py
41339733,6,0,6,ply.py
41339733,36,191,227,okcoin_websocket.py
41339733,44,0,44,ply.py
41339733,14,49,63,okcoin_websocket.py
41339733,16,10,26,okcoin_websocket.py
41339733,25,13,38,okcoin_websocket.py
41339733,107,16,123,okcoin_websocket.py
41339733,4,1,5,okcoin_websocket.py
41339733,16,8,24,okcoin_websocket.py
41339733,20,0,20,ply.py
41339733,9,0,9,stock.py
41339733,0,2,2,okcoin_websocket.py
41339733,5,0,5,okcoin_websocket.py
41339733,1,1,2,okcoin_websocket.py
41339733,1,1,2,okcoin_websocket.py
41339733,4,0,4,okcoin_websocket.py
41339733,3,0,3,okcoin_websocket.py
41339733,1,1,2,okcoin_websocket.py
41339733,15,3,18,okcoin_websocket.py
41339733,2,0,2,okcoin_websocket.py
41339733,2,2,4,okcoin_websocket.py
41339733,11,1,12,okcoin_websocket.py
41339733,8,7,15,okcoin_websocket.py
41339733,5,5,10,okcoin_websocket.py
41339733,4,5,9,okcoin_websocket.py
41339733,12,4,16,stock.py
41339733,25,13,38,okcoin_websocket.py
41339733,59,2,61,okcoin_websocket.py
41339733,46,142,188,okcoin_websocket.py
41339733,78,8,86,okcoin_websocket.py
41339733,1,1,2,okcoin_websocket.py
41339733,87,43,130,okcoin_websocket.py
41339733,4,4,8,ply.py
41339733,2,2,4,stock.py
41339733,1,1,2,okcoin_websocket.py
41339733,3,2,5,okcoin_websocket.py
41339733,3,3,6,okcoin_websocket.py
41339733,1,1,2,okcoin_websocket.py
41339733,4,1,5,okcoin_websocket.py
41339733,1,1,2,okcoin_websocket.py
41339733,1,1,2,okcoin_websocket.py
41339733,1,1,2,okcoin_websocket.py
41339733,1,1,2,okcoin_websocket.py
41339733,6,6,12,okcoin_websocket.py
41339733,55,65,120,okcoin_websocket.py
41339733,2,1,3,ply.py
41339733,5,1,6,okcoin_websocket.py
41339733,5,0,5,ply.py
41339733,25,0,25,stock.py
41339733,4,4,8,ply.py
41339733,3,2,5,okcoin_websocket.py
41339733,5,3,8,okcoin_websocket.py
41339733,7,8,15,okcoin_websocket.py
41339733,7,0,7,okcoin_websocket.py
41339733,13,2,15,okcoin_websocket.py
41339733,0,2,2,okcoin_websocket.py
41339733,0,3,3,ply.py
41339733,82,0,82,okcoin_websocket.py
41339733,298,306,604,ply.py
41339733,304,167,471,ply.py
41339733,7,1,8,ply.py
41339733,63,11,74,stock.py
41339733,15,69,84,ply.py
41339733,327,0,327,ply.py
41339733,1,1,2,okcoin_websocket.py
41339733,3,0,3,okcoin_websocket.py
41339733,1,1,2,okcoin_websocket.py
41339733,5,0,5,okcoin_websocket.py
41339733,1,1,2,okcoin_websocket.py
41339733,2,2,4,okcoin_websocket.py
41339733,2,0,2,okcoin_websocket.py
41339733,4,3,7,okcoin_websocket.py
41339733,2,1,3,okcoin_websocket.py
41339733,5,1,6,okcoin_websocket.py
41339733,5,2,7,okcoin_websocket.py
41339733,1,1,2,okcoin_websocket.py
41339733,1,1,2,okcoin_websocket.py
41339733,20,0,20,okcoin_websocket.py
41339733,1,1,2,okcoin_websocket.py
41339733,2,2,4,okcoin_websocket.py
41339733,8,8,16,okcoin_websocket.py
41339733,3,3,6,okcoin_websocket.py
41339733,5,0,5,okcoin_websocket.py
41339733,5,0,5,okcoin_websocket.py
41339733,24,11,35,okcoin_websocket.py
41339733,54,10,64,okcoin_websocket.py
41339733,103,0,103,stock.py
41339733,0,3,3,stock.py
41339733,7,6,13,okcoin_websocket.py
41339733,6,3,9,stock.py
41339733,1,1,2,okcoin_websocket.py
41339733,1,1,2,okcoin_websocket.py
41339733,4,0,4,okcoin_websocket.py
41339733,1,1,2,okcoin_websocket.py
41339733,1,1,2,okcoin_websocket.py
41339733,4,4,8,okcoin_websocket.py
41339733,12,0,12,stock.py
41339733,4,4,8,okcoin_websocket.py
41339733,1,3,4,stock.py
41339733,7,1,8,okcoin_websocket.py
41339733,18,0,18,stock.py
41339733,1,1,2,okcoin_websocket.py
41339733,1,1,2,okcoin_websocket.py
41339733,0,1,1,stock.py
41339733,3,0,3,okcoin_websocket.py
41339733,3,0,3,okcoin_websocket.py
41339733,1,1,2,okcoin_websocket.py
41339733,1,1,2,okcoin_websocket.py
41339733,3,0,3,okcoin_websocket.py
41339733,1,1,2,okcoin_websocket.py
41339733,1,1,2,okcoin_websocket.py
41339733,1,1,2,okcoin_websocket.py
41339733,13,1,14,okcoin_websocket.py
41339733,4,0,4,okcoin_websocket.py
41339733,1,1,2,okcoin_websocket.py
41339733,1,1,2,okcoin_websocket.py
41339733,5,1,6,okcoin_websocket.py
41339733,11,0,11,okcoin_websocket.py
41339733,2,5,7,okcoin_websocket.py
41339733,1,1,2,okcoin_websocket.py
41339733,1,1,2,okcoin_websocket.py
41339733,4,2,6,okcoin_websocket.py
41339733,2,2,4,stock.py
41339733,2,0,2,okcoin_websocket.py
41339733,1,1,2,stock.py
41339733,19,7,26,stock.py
41339733,7,0,7,okcoin_websocket.py
41339733,50,52,102,okcoin_websocket.py
41339733,94,1,95,stock.py
41339733,11,1,12,okcoin_websocket.py
41339733,31,0,31,stock.py
41339733,43,13,56,okcoin_websocket.py
41339733,25,120,145,okcoin_websocket.py
41339733,28,1,29,okcoin_websocket.py
41339733,3,1,4,stock.py
41339733,180,0,180,okcoin_websocket.py
41339733,31,0,31,stock.py
41339733,3,7,10,okcoin_websocket.py
41339733,2,2,4,okcoin_websocket.py
41339733,0,10,10,okcoin_websocket.py
41339733,10,0,10,okcoin_websocket.py
41339733,1,1,2,okcoin_websocket.py
41339733,1,1,2,okcoin_websocket.py
41339733,5,0,5,okcoin_websocket.py
41339733,4,1,5,okcoin_websocket.py
41339733,7,1,8,okcoin_websocket.py
41339733,21,0,21,okcoin_websocket.py
41339733,5,2,7,okcoin_websocket.py
41339733,1,1,2,okcoin_websocket.py
41339733,1,1,2,okcoin_websocket.py
41339733,1,1,2,okcoin_websocket.py
41339733,2,2,4,okcoin_websocket.py
41339733,3,0,3,okcoin_websocket.py
41339733,1,1,2,okcoin_websocket.py
41339733,1,0,1,okcoin_websocket.py
41339733,1,1,2,okcoin_websocket.py
41339733,0,1,1,okcoin_websocket.py
41339733,1,2,3,okcoin_websocket.py
41339733,4,0,4,okcoin_websocket.py
41339733,1,1,2,okcoin_websocket.py
41339733,6,0,6,okcoin_websocket.py
41339733,1,1,2,okcoin_websocket.py
41339733,1,1,2,okcoin_websocket.py
41339733,1,1,2,okcoin_websocket.py
41339733,5,3,8,okcoin_websocket.py
41339733,3,1,4,okcoin_websocket.py
41339733,1,1,2,okcoin_websocket.py
41339733,28,3,31,okcoin_websocket.py
41339733,1,1,2,okcoin_websocket.py
41339733,3,3,6,okcoin_websocket.py
41339733,4,1,5,okcoin_websocket.py
41339733,1,1,2,okcoin_websocket.py
41339733,3,0,3,okcoin_websocket.py
41339733,3,0,3,okcoin_websocket.py
41339733,3,0,3,okcoin_websocket.py
41339733,2,7,9,okcoin_websocket.py
41339733,4,1,5,okcoin_websocket.py
41339733,2,0,2,okcoin_websocket.py
41339733,1,1,2,okcoin_websocket.py
41339733,1,1,2,okcoin_websocket.py
41339733,1,1,2,okcoin_websocket.py
41339733,1,1,2,okcoin_websocket.py
41339733,32,4,36,stock.py
41339733,7,0,7,okcoin_websocket.py
41339733,6,4,10,okcoin_websocket.py
41339733,81,0,81,okcoin_websocket.py
41339733,4,2,6,online.py
41339733,6,4,10,stock.py
41339733,93,25,118,okcoin_websocket.py
41339733,2,2,4,okcoin_websocket.py
41339733,4,2,6,okcoin_websocket.py
41339733,26,0,26,okcoin_websocket.py
41339733,2,2,4,okcoin_websocket.py
41339733,1,1,2,okcoin_websocket.py
41339733,21,1,22,okcoin_websocket.py
41339733,22,0,22,stock.py
41339733,12,0,12,okcoin_websocket.py
41339733,3,4,7,okcoin_websocket.py
41339733,1,1,2,okcoin_websocket.py
41339733,1,1,2,okcoin_websocket.py
41339733,84,9,93,okcoin_websocket.py
41339733,5,0,5,okcoin_websocket.py
41339733,5,0,5,okcoin_websocket.py
41339733,2,0,2,okcoin_websocket.py
41339733,11,0,11,okcoin_websocket.py
41339733,3,0,3,okcoin_websocket.py
41339733,2,1,3,okcoin_websocket.py
41339733,1,1,2,okcoin_websocket.py
41339733,1,1,2,okcoin_websocket.py
41339733,12,2,14,okcoin_websocket.py
41339733,6,0,6,okcoin_websocket.py
41339733,7,1,8,okcoin_websocket.py
41339733,3,1,4,okcoin_websocket.py
41339733,1,2,3,okcoin_websocket.py
41339733,1,0,1,okcoin_websocket.py
41339733,4,0,4,okcoin_websocket.py
41339733,3,4,7,okcoin_websocket.py
41339733,10,0,10,okcoin_websocket.py
41339733,1,1,2,okcoin_websocket.py
41339733,16,13,29,okcoin_websocket.py
41339733,6,0,6,okcoin_websocket.py
41339733,6,0,6,okcoin_websocket.py
41339733,24,10,34,okcoin_websocket.py
41339733,2,2,4,okcoin_websocket.py
41339733,4,27,31,okcoin_websocket.py
41339733,45,4,49,okcoin_websocket.py
41339733,266,0,266,okcoin_websocket.py
41339733,7,0,7,okcoin_websocket.py
41339733,126,0,126,okcoin_websocket.py
41339733,8,8,16,okcoin_websocket.py
41339733,125,0,125,okcoin_websocket.py
41339733,69,0,69,online.py
41339733,1,1,2,okcoin_websocket.py
41339733,1,1,2,okcoin_websocket.py
41339733,4,0,4,okcoin_websocket.py
41339733,13,0,13,stock.py
41339733,5,1,6,okcoin_websocket.py
41339733,3,0,3,okcoin_websocket.py
41339733,0,10,10,okcoin_websocket.py
41339733,0,1,1,okcoin_websocket.py
41339733,14,0,14,stock.py
41339733,3,3,6,okcoin_websocket.py
41339733,11,0,11,okcoin_websocket.py
41339733,7,0,7,okcoin_websocket.py
41339733,1,1,2,okcoin_websocket.py
41339733,1,1,2,okcoin_websocket.py
41339733,22,0,22,okcoin_websocket.py
41339733,24,8,32,okcoin_websocket.py
41339733,1,12,13,okcoin_websocket.py
41339733,83,0,83,okcoin_websocket.py
41339733,1,1,2,okcoin_websocket.py
41339733,1,1,2,okcoin_websocket.py
41339733,1,1,2,okcoin_websocket.py
41339733,5,0,5,okcoin_websocket.py
41339733,8,1,9,okcoin_websocket.py
41339733,11,2,13,okcoin_websocket.py
41339733,4,3,7,okcoin_websocket.py
41339733,0,4,4,okcoin_websocket.py
41339733,0,4,4,okcoin_websocket.py
41339733,1,1,2,okcoin_websocket.py
41339733,1,1,2,okcoin_websocket.py
41339733,4,0,4,okcoin_websocket.py
41339733,1,1,2,okcoin_websocket.py
41339733,9,0,9,okcoin_websocket.py
41339733,12,4,16,okcoin_websocket.py
41339733,10,0,10,stock.py
41339733,9,4,13,okcoin_websocket.py
41339733,14,2,16,okcoin_websocket.py
41339733,148,0,148,okcoin_websocket.py
41339733,19,0,19,stock.py
41339733,4,3,7,okcoin_websocket.py
41339733,1,1,2,okcoin_websocket.py
41339733,1,1,2,okcoin_websocket.py
41339733,8,5,13,okcoin_websocket.py
41339733,2,2,4,okcoin_websocket.py
41339733,6,4,10,okcoin_websocket.py
41339733,3,2,5,okcoin_websocket.py
41339733,2,2,4,okcoin_websocket.py
41339733,4,0,4,okcoin_websocket.py
41339733,3,3,6,okcoin_websocket.py
41339733,3,2,5,okcoin_websocket.py
41339733,2,0,2,okcoin_websocket.py
41339733,1,1,2,okcoin_websocket.py
41339733,2,1,3,okcoin_websocket.py
41339733,2,0,2,okcoin_websocket.py
41339733,2,0,2,okcoin_websocket.py
41339733,11,5,16,okcoin_websocket.py
41339733,3,1,4,okcoin_websocket.py
41339733,2,2,4,okcoin_websocket.py
41339733,1,0,1,okcoin_websocket.py
41339733,4,0,4,okcoin_websocket.py
41339733,9,0,9,okcoin_websocket.py
41339733,1,1,2,okcoin_websocket.py
41339733,5,0,5,okcoin_websocket.py
41339733,1,1,2,okcoin_websocket.py
41339733,3,2,5,okcoin_websocket.py
41339733,1,1,2,okcoin_websocket.py
41339733,1,1,2,stock.py
41339733,1,1,2,okcoin_websocket.py
41339733,2,4,6,stock.py
41339733,4,3,7,okcoin_websocket.py
41339733,1,1,2,okcoin_websocket.py
41339733,10,6,16,okcoin_websocket.py
41339733,14,0,14,stock.py
41339733,6,5,11,okcoin_websocket.py
41339733,7,7,14,okcoin_websocket.py
41339733,1,1,2,okcoin_websocket.py
41339733,8,0,8,okcoin_websocket.py
41339733,7,2,9,okcoin_websocket.py
41339733,19,6,25,okcoin_websocket.py
41339733,10,15,25,okcoin_websocket.py
41339733,5,5,10,okcoin_websocket.py
41339733,2,0,2,okcoin_websocket.py
41339733,1,1,2,okcoin_websocket.py
41339733,67,0,67,okcoin_websocket.py
41339733,11,0,11,stock.py
41339733,17,9,26,okcoin_websocket.py
41339733,1,1,2,okcoin_websocket.py
41339733,15,5,20,okcoin_websocket.py
41339733,15,0,15,stock.py
41339733,2,2,4,okcoin_websocket.py
41339733,2,3,5,okcoin_websocket.py
41339733,4,0,4,okcoin_websocket.py
41339733,1,1,2,okcoin_websocket.py
41339733,11,1,12,okcoin_websocket.py
41339733,2,0,2,okcoin_websocket.py
41339733,16,2,18,okcoin_websocket.py
41339733,11,0,11,stock.py
41339733,1,1,2,okcoin_websocket.py
41339733,2,2,4,stock.py
41339733,10,0,10,okcoin_websocket.py
41339733,9,0,9,stock.py
41339733,2,2,4,okcoin_websocket.py
41339733,1,1,2,okcoin_websocket.py
41339733,2,0,2,okcoin_websocket.py
41339733,8,8,16,okcoin_websocket.py
41339733,5,2,7,okcoin_websocket.py
41339733,1,1,2,okcoin_websocket.py
41339733,6,3,9,okcoin_websocket.py
41339733,4,4,8,okcoin_websocket.py
41339733,129,0,129,okcoin_websocket.py
41339733,42,0,42,stock.py
41339733,2,2,4,okcoin_websocket.py
41339733,1,1,2,okcoin_websocket.py
41339733,171,0,171,okcoin_websocket.py
41339733,592,0,592,okcoin_websocket.py
41339733,15,21,36,okcoin_websocket.py
41339733,24,2,26,okcoin_websocket.py
41339733,14,0,14,stock.py
41339733,2,0,2,okcoin_websocket.py
41339733,1,1,2,okcoin_websocket.py
41339733,3,3,6,okcoin_websocket.py
41339733,1,1,2,okcoin_websocket.py
41339733,11,0,11,okcoin_websocket.py
41339733,1,1,2,okcoin_websocket.py
41339733,1,1,2,okcoin_websocket.py
41339733,15,1,16,okcoin_websocket.py
41339733,1,1,2,okcoin_websocket.py
41339733,3,2,5,regression.py
41339733,28,27,55,okcoin_websocket.py
41339733,1,2,3,okcoin_websocket.py
41339733,11,11,22,okcoin_websocket.py
41339733,4,0,4,regression.py
41339733,7,6,13,stock.py
41339733,19,15,34,regression.py
41339733,2,3,5,stock.py
41339733,18,14,32,data.py
41339733,36,30,66,regression.py
41339733,2,1,3,okcoin_websocket.py
41339733,167,0,167,regression.py
41339733,13,0,13,stock.py
41339733,1,1,2,data.py
41339733,22,6,28,data.py
41339733,8,3,11,data.py
41339733,11,14,25,data.py
41339733,2,2,4,data.py
41339733,21,0,21,data.py
41339733,2,2,4,okcoin_websocket.py
41339733,8,3,11,okcoin_websocket.py
41339733,8,0,8,okcoin_websocket.py
41339733,14,5,19,okcoin_websocket.py
41339733,8,0,8,okcoin_websocket.py
41339733,3,2,5,okcoin_websocket.py
41339733,6,2,8,okcoin_websocket.py
41339733,1,1,2,okcoin_websocket.py
41339733,43,9,52,okcoin_websocket.py
41339733,12,4,16,stock.py
41339733,11,11,22,okcoin_websocket.py
41339733,86,0,86,okcoin_websocket.py
41339733,92,0,92,stock.py
41339733,21,5,26,okcoin_websocket.py
41339733,15,9,24,okcoin_websocket.py
41339733,8,0,8,stock.py
41339733,35,7,42,okcoin_websocket.py
41339733,39,1,40,okcoin_websocket.py
41339733,11,0,11,stock.py
41339733,15,10,25,okcoin_websocket.py
41339733,77,8,85,okcoin_websocket.py
41339733,33,1,34,stock.py
41339733,88,2,90,okcoin_websocket.py
41339733,16,0,16,stock.py
41339733,31,9,40,okcoin_websocket.py
41339733,16,0,16,stock.py
41339733,16,9,25,okcoin_websocket.py
41339733,14,0,14,stock.py
41339733,65,14,79,okcoin_websocket.py
41339733,25,0,25,stock.py
41339733,7,2,9,okcoin_websocket.py
41339733,41,15,56,okcoin_websocket.py
41339733,2,2,4,okcoin_websocket.py
41339733,24,2,26,Client.py
41339733,182,16,198,okcoin_websocket.py
41339733,147,19,166,stock.py
41339733,7,8,15,okcoin_websocket.py
41339733,12,3,15,stock.py
41339733,31,0,31,Client.py
41339733,40,0,40,HttpMD5Util.py
41339733,167,0,167,OkcoinFutureAPI.py
41339733,140,0,140,OkcoinSpotAPI.py
41339733,145,0,145,okcoin_websocket.py
41339733,243,0,243,stock.py
41339733,25,0,25,websocket/__init__.py
41339733,382,0,382,websocket/_abnf.py
41339733,236,0,236,websocket/_app.py
41339733,482,0,482,websocket/_core.py
41339733,65,0,65,websocket/_exceptions.py
41339733,155,0,155,websocket/_handshake.py
41339733,215,0,215,websocket/_http.py
41339733,71,0,71,websocket/_logging.py
41339733,121,0,121,websocket/_socket.py
41339733,45,0,45,websocket/_ssl_compat.py
41339733,126,0,126,websocket/_url.py
41339733,88,0,88,websocket/_utils.py
41339733,0,0,0,websocket/tests/__init__.py
41339733,660,0,660,websocket/tests/test_websocket.py
28261590,1,1,2,hicexplorer/_version.py
28261590,0,1,1,hicexplorer/chicPlotViewpoint.py
28261590,7,1,8,hicexplorer/chicViewpoint.py
28261590,1,1,2,hicexplorer/_version.py
28261590,4,59,63,hicexplorer/chicPlotViewpoint.py
28261590,6,6,12,hicexplorer/__init__.py
28261590,6,2,8,hicexplorer/test/general/test_hicPlotSVL.py
28261590,1,1,2,hicexplorer/test/general/test_hicPlotSVL.py
28261590,1,1,2,hicexplorer/_version.py
28261590,37,23,60,hicexplorer/list_tools.py
28261590,2,2,4,hicexplorer/test/general/test_hicPlotSVL.py
28261590,1,1,2,hicexplorer/hicPlotSVL.py
28261590,0,6,6,hicexplorer/hicPlotSVL.py
28261590,63,0,63,hicexplorer/test/general/test_hicPlotSVL.py
28261590,1,1,2,hicexplorer/test/general/test_hicAggregateContacts.py
28261590,1,1,2,hicexplorer/test/general/test_hicAggregateContacts.py
28261590,35,29,64,hicexplorer/hicAdjustMatrix.py
28261590,1,1,2,hicexplorer/test/general/test_hicAggregateContacts.py
28261590,7,5,12,hicexplorer/lib/viewpoint.py
28261590,3,3,6,hicexplorer/hicAdjustMatrix.py
28261590,5,5,10,hicexplorer/lib/viewpoint.py
28261590,2,2,4,hicexplorer/__init__.py
28261590,73,51,124,hicexplorer/chicPlotViewpoint.py
28261590,8,3,11,hicexplorer/lib/viewpoint.py
28261590,0,1,1,hicexplorer/__init__.py
28261590,23,12,35,hicexplorer/hicPlotSVL.py
28261590,2,0,2,hicexplorer/__init__.py
28261590,23,0,23,hicexplorer/hicPlotSVL.py
28261590,8,8,16,hicexplorer/hicAverageRegions.py
28261590,10,15,25,hicexplorer/chicPlotViewpoint.py
28261590,2,2,4,hicexplorer/chicViewpoint.py
28261590,8,12,20,hicexplorer/lib/viewpoint.py
28261590,0,188,188,hicexplorer/test/general/test_hicPlotTADs.py
28261590,1,1,2,hicexplorer/hicPlotSVL.py
28261590,14,0,14,hicexplorer/hicAverageRegions.py
28261590,9,0,9,hicexplorer/hicPCA.py
28261590,18,0,18,hicexplorer/test/general/test_hicPCA.py
28261590,10,4,14,hicexplorer/hicAverageRegions.py
28261590,1,1,2,hicexplorer/hicAdjustMatrix.py
28261590,5,2,7,hicexplorer/hicAggregateContacts.py
28261590,14,0,14,hicexplorer/test/general/test_hicAggregateContacts.py
28261590,45,23,68,hicexplorer/hicAdjustMatrix.py
28261590,59,0,59,hicexplorer/test/general/test_hicAdjustMatrix.py
28261590,1,1,2,hicexplorer/hicPlotSVL.py
28261590,221,0,221,hicexplorer/hicPlotSVL.py
28261590,1,1,2,setup.py
28261590,11,4,15,hicexplorer/hicDetectLoops.py
28261590,3,3,6,hicexplorer/hicPlotMatrix.py
28261590,7,4,11,hicexplorer/hicPlotMatrix.py
28261590,5,2,7,hicexplorer/hicPlotMatrix.py
28261590,4,2,6,hicexplorer/hicCompartmentsPolarization.py
28261590,3,3,6,hicexplorer/test/general/test_hicCompartmentsPolarization.py
28261590,4,4,8,hicexplorer/hicNormalize.py
28261590,3,3,6,hicexplorer/test/general/test_hicNormalize.py
28261590,18,0,18,hicexplorer/test/general/test_hicNormalize.py
28261590,11,2,13,hicexplorer/chicPlotViewpoint.py
28261590,59,6,65,hicexplorer/chicPlotViewpoint.py
28261590,53,10,63,hicexplorer/lib/viewpoint.py
28261590,20,32,52,hicexplorer/chicPlotViewpoint.py
28261590,35,8,43,hicexplorer/chicPlotViewpoint.py
28261590,50,12,62,hicexplorer/lib/viewpoint.py
28261590,15,0,15,hicexplorer/chicViewpoint.py
28261590,6,0,6,hicexplorer/chicPlotViewpoint.py
28261590,1,1,2,hicexplorer/chicSignificantInteractions.py
28261590,5,5,10,hicexplorer/chicViewpointBackgroundModel.py
28261590,9,10,19,hicexplorer/chicViewpoint.py
28261590,17,17,34,hicexplorer/chicSignificantInteractions.py
28261590,7,7,14,hicexplorer/chicQualityControl.py
28261590,13,13,26,hicexplorer/chicPlotViewpoint.py
28261590,10,10,20,hicexplorer/chicDifferentialTest.py
28261590,9,9,18,hicexplorer/chicAggregateStatistic.py
28261590,1,1,2,hicexplorer/hicFindTADs.py
28261590,27,1,28,hicexplorer/hicNormalize.py
28261590,4,1,5,hicexplorer/hicCompartmentsPolarization.py
28261590,1,1,2,hicexplorer/hicAdjustMatrix.py
28261590,0,1,1,hicexplorer/hicPlotDistVsCounts.py
28261590,7,1,8,hicexplorer/hicAdjustMatrix.py
28261590,1,0,1,hicexplorer/hicPlotDistVsCounts.py
28261590,1,1,2,hicexplorer/_version.py
28261590,8,1,9,hicexplorer/chicPlotViewpoint.py
28261590,15,3,18,hicexplorer/lib/viewpoint.py
28261590,1,1,2,hicexplorer/test/general/test_chicAggregateStatistic.py
28261590,1,1,2,hicexplorer/test/general/test_chicDifferentialTest.py
28261590,2,2,4,hicexplorer/test/general/test_chicQualityControl.py
28261590,3,3,6,hicexplorer/test/general/test_chicSignificantInteractions.py
28261590,18,18,36,hicexplorer/test/general/test_chicViewpoint.py
28261590,16,1,17,hicexplorer/test/general/test_chicViewpointBackgroundModel.py
28261590,5,2,7,hicexplorer/test/general/test_chicViewpointBackgroundModel.py
28261590,2,2,4,hicexplorer/__init__.py
28261590,1,1,2,hicexplorer/_version.py
28261590,2,1,3,setup.py
28261590,26,19,45,hicexplorer/test/general/test_chicViewpointBackgroundModel.py
28261590,26,19,45,hicexplorer/test/general/test_hicMergeLoops.py
28261590,25,21,46,hicexplorer/test/general/test_hicValidateLocations.py
28261590,2,2,4,hicexplorer/chicDifferentialTest.py
28261590,0,1,1,hicexplorer/test/general/test_hicValidateLocations.py
28261590,1,1,2,hicexplorer/test/general/test_chicViewpointBackgroundModel.py
28261590,1,0,1,hicexplorer/test/general/test_hicMergeLoops.py
28261590,6,0,6,hicexplorer/test/general/test_hicValidateLocations.py
28261590,0,168,168,scripts/hicComputeSaturation.py
28261590,0,55,55,scripts/inter_tad_vs_intra_tad.py
28261590,1,1,2,setup.py
28261590,1,1,2,hicexplorer/hicAggregateContacts.py
28261590,5,5,10,hicexplorer/hicCorrelate.py
28261590,1,1,2,hicexplorer/test/general/test_hicPlotAverageRegions.py
28261590,0,1,1,scripts/hicComputeSaturation.py
28261590,0,1,1,scripts/inter_tad_vs_intra_tad.py
28261590,9,10,19,setup.py
28261590,6,1,7,hicexplorer/hicMergeLoops.py
28261590,8,7,15,hicexplorer/hicValidateLocations.py
28261590,1,1,2,docs/conf.py
28261590,1,1,2,docs/conf.py
28261590,13,20,33,hicexplorer/hicDetectLoops.py
28261590,1,1,2,hicexplorer/hicMergeLoops.py
28261590,2,2,4,hicexplorer/hicValidateLocations.py
28261590,4,4,8,hicexplorer/hicDetectLoops.py
28261590,1,1,2,setup.py
28261590,27,26,53,hicexplorer/hicDetectLoops.py
28261590,2,2,4,hicexplorer/test/long_run/test_hicBuildMatrix_trivial_runs_2.py
28261590,1,1,2,hicexplorer/chicAggregateStatistic.py
28261590,5,7,12,hicexplorer/chicSignificantInteractions.py
28261590,1,1,2,hicexplorer/chicViewpoint.py
28261590,4,6,10,hicexplorer/chicViewpointBackgroundModel.py
28261590,1,0,1,hicexplorer/hicCompartmentsPolarization.py
28261590,2,4,6,hicexplorer/hicPCA.py
28261590,1,2,3,hicexplorer/hicPlotDistVsCounts.py
28261590,4,3,7,hicexplorer/test/general/test_chicDifferentialTest.py
28261590,25,4,29,hicexplorer/test/general/test_chicPlotViewpoint.py
28261590,20,16,36,hicexplorer/chicPlotViewpoint.py
28261590,16,7,23,hicexplorer/chicDifferentialTest.py
28261590,29,0,29,hicexplorer/test/general/test_chicDifferentialTest.py
28261590,3,3,6,hicexplorer/chicDifferentialTest.py
28261590,0,2,2,hicexplorer/chicQualityControl.py
28261590,3,4,7,hicexplorer/chicSignificantInteractions.py
28261590,21,18,39,hicexplorer/test/general/test_chicDifferentialTest.py
28261590,9,8,17,hicexplorer/test/general/test_chicQualityControl.py
28261590,48,49,97,hicexplorer/test/general/test_chicSignificantInteractions.py
28261590,30,27,57,hicexplorer/test/general/test_chicViewpoint.py
28261590,4,2,6,hicexplorer/test/general/test_chicViewpointBackgroundModel.py
28261590,28,13,41,hicexplorer/chicPlotViewpoint.py
28261590,103,3,106,hicexplorer/test/general/test_chicPlotViewpoint.py
28261590,11,5,16,hicexplorer/chicDifferentialTest.py
28261590,82,2,84,hicexplorer/test/general/test_chicDifferentialTest.py
28261590,12,4,16,hicexplorer/chicAggregateStatistic.py
28261590,45,1,46,hicexplorer/test/general/test_chicAggregateStatistic.py
28261590,17,8,25,hicexplorer/hicDetectLoops.py
28261590,4,8,12,hicexplorer/chicViewpoint.py
28261590,32,0,32,hicexplorer/test/general/test_chicAggregateStatistic.py
28261590,34,0,34,hicexplorer/test/general/test_chicDifferentialTest.py
28261590,38,0,38,hicexplorer/test/general/test_chicPlotViewpoint.py
28261590,41,30,71,hicexplorer/chicQualityControl.py
28261590,58,0,58,hicexplorer/test/general/test_chicQualityControl.py
28261590,165,0,165,hicexplorer/test/general/test_chicSignificantInteractions.py
28261590,30,12,42,hicexplorer/chicSignificantInteractions.py
28261590,2,2,4,hicexplorer/chicQualityControl.py
28261590,1,0,1,hicexplorer/chicViewpoint.py
28261590,2,2,4,hicexplorer/chicViewpointBackgroundModel.py
28261590,7,4,11,hicexplorer/lib/viewpoint.py
28261590,114,0,114,hicexplorer/test/general/test_chicViewpoint.py
28261590,40,0,40,hicexplorer/test/general/test_chicViewpointBackgroundModel.py
28261590,0,0,0,hicexplorer/test/general/test_chicAggregateStatistic.py
28261590,0,0,0,hicexplorer/test/general/test_chicDifferentialTest.py
28261590,0,0,0,hicexplorer/test/general/test_chicPlotViewpoint.py
28261590,0,0,0,hicexplorer/test/general/test_chicQualityControl.py
28261590,0,0,0,hicexplorer/test/general/test_chicSignificantInteractions.py
28261590,78,30,108,hicexplorer/hicDetectLoops.py
28261590,1,1,2,setup.py
28261590,12,7,19,hicexplorer/hicDetectLoops.py
28261590,2,2,4,hicexplorer/__init__.py
28261590,42,32,74,hicexplorer/hicDetectLoops.py
28261590,1,0,1,hicexplorer/hicCompartmentsPolarization.py
28261590,1,1,2,hicexplorer/hicAdjustMatrix.py
28261590,4,4,8,hicexplorer/hicAdjustMatrix.py
28261590,8,9,17,hicexplorer/hicDetectLoops.py
28261590,20,8,28,hicexplorer/hicDetectLoops.py
28261590,2,4,6,hicexplorer/hicBuildMatrix.py
28261590,3,4,7,hicexplorer/hicCompartmentsPolarization.py
28261590,2,5,7,hicexplorer/hicPCA.py
28261590,1,1,2,hicexplorer/hicCompartmentsPolarization.py
28261590,2,2,4,hicexplorer/__init__.py
28261590,17,2,19,hicexplorer/hicDetectLoops.py
28261590,7,3,10,hicexplorer/hicCompartmentsPolarization.py
28261590,12,11,23,hicexplorer/hicDetectLoops.py
28261590,2,4,6,hicexplorer/hicMergeLoops.py
28261590,16,10,26,hicexplorer/hicValidateLocations.py
28261590,14,9,23,hicexplorer/test/general/test_hicValidateLocations.py
28261590,42,0,42,hicexplorer/test/general/test_hicMergeLoops.py
28261590,7,3,10,hicexplorer/hicCompartmentsPolarization.py
28261590,1,0,1,hicexplorer/hicQuickQC.py
28261590,1,1,2,setup.py
28261590,49,0,49,hicexplorer/test/general/test_hicQuickQC.py
28261590,51,30,81,hicexplorer/hicBuildMatrix.py
28261590,70,47,117,hicexplorer/hicPrepareQCreport.py
28261590,1,1,2,setup.py
28261590,0,1,1,hicexplorer/hicMergeLoops.py
28261590,12,8,20,hicexplorer/hicMergeLoops.py
28261590,1,2,3,hicexplorer/hicValidateLocations.py
28261590,2,1,3,setup.py
28261590,15,12,27,hicexplorer/hicValidateLocations.py
28261590,2,2,4,hicexplorer/test/general/test_hicValidateLocations.py
28261590,21,14,35,hicexplorer/hicDetectLoops.py
28261590,7,3,10,hicexplorer/chicPlotViewpoint.py
28261590,41,19,60,hicexplorer/chicQualityControl.py
28261590,4,0,4,hicexplorer/chicViewpoint.py
28261590,1,1,2,hicexplorer/chicDifferentialTest.py
28261590,27,11,38,hicexplorer/chicPlotViewpoint.py
28261590,7,7,14,hicexplorer/chicSignificantInteractions.py
28261590,21,2,23,hicexplorer/chicAggregateStatistic.py
28261590,24,2,26,hicexplorer/chicDifferentialTest.py
28261590,35,28,63,hicexplorer/chicQualityControl.py
28261590,55,23,78,hicexplorer/chicSignificantInteractions.py
28261590,42,19,61,hicexplorer/chicViewpoint.py
28261590,40,20,60,hicexplorer/chicViewpointBackgroundModel.py
28261590,1,0,1,hicexplorer/chicAggregateStatistic.py
28261590,1,0,1,hicexplorer/chicDifferentialTest.py
28261590,3,2,5,hicexplorer/chicPlotViewpoint.py
28261590,0,6,6,hicexplorer/chicQualityControl.py
28261590,3,8,11,hicexplorer/chicSignificantInteractions.py
28261590,1,1,2,hicexplorer/chicViewpoint.py
28261590,0,4,4,hicexplorer/chicViewpointBackgroundModel.py
28261590,39,45,84,hicexplorer/lib/viewpoint.py
28261590,1,1,2,hicexplorer/utilities.py
28261590,4,3,7,hicexplorer/chicPlotViewpoint.py
28261590,2,2,4,hicexplorer/lib/viewpoint.py
28261590,2,2,4,hicexplorer/__init__.py
28261590,4,5,9,hicexplorer/chicAggregateStatistic.py
28261590,6,5,11,hicexplorer/chicDifferentialTest.py
28261590,1,1,2,hicexplorer/chicPlotViewpoint.py
28261590,10,12,22,hicexplorer/chicQualityControl.py
28261590,26,23,49,hicexplorer/chicSignificantInteractions.py
28261590,3,3,6,hicexplorer/chicViewpointBackgroundModel.py
28261590,88,40,128,hicexplorer/chicPlotViewpoint.py
28261590,54,17,71,hicexplorer/lib/viewpoint.py
28261590,17,12,29,hicexplorer/chicViewpoint.py
28261590,22,9,31,hicexplorer/chicSignificantInteractions.py
28261590,2,5,7,hicexplorer/chicPlotViewpoint.py
28261590,18,3,21,hicexplorer/lib/viewpoint.py
28261590,44,21,65,hicexplorer/chicAggregateStatistic.py
28261590,8,9,17,hicexplorer/chicAggregateStatistic.py
28261590,1,1,2,hicexplorer/chicAggregateStatistic.py
28261590,7,1,8,hicexplorer/chicSignificantInteractions.py
28261590,20,48,68,hicexplorer/chicQualityControl.py
28261590,44,246,290,hicexplorer/chicAggregateStatistic.py
28261590,0,9,9,hicexplorer/chicDifferentialTest.py
28261590,2,22,24,hicexplorer/chicPlotViewpoint.py
28261590,25,103,128,hicexplorer/chicSignificantInteractions.py
28261590,2,35,37,hicexplorer/chicViewpoint.py
28261590,0,2,2,hicexplorer/chicViewpointBackgroundModel.py
28261590,0,57,57,hicexplorer/lib/viewpoint.py
28261590,2,0,2,hicexplorer/__init__.py
28261590,100,73,173,hicexplorer/chicAggregateStatistic.py
28261590,112,99,211,hicexplorer/chicSignificantInteractions.py
28261590,2,2,4,hicexplorer/__init__.py
28261590,1,1,2,hicexplorer/_version.py
28261590,45,34,79,hicexplorer/hicBuildMatrix.py
28261590,123,0,123,hicexplorer/hicFastQC.py
28261590,2,1,3,setup.py
28261590,1,1,2,hicexplorer/_version.py
28261590,27,4,31,hicexplorer/hicDetectLoops.py
28261590,167,0,167,hicexplorer/hicMergeLoops.py
28261590,7,13,20,hicexplorer/hicValidateLocations.py
28261590,2,2,4,hicexplorer/__init__.py
28261590,20,17,37,hicexplorer/chicAggregateStatistic.py
28261590,60,47,107,hicexplorer/chicSignificantInteractions.py
28261590,8,1,9,hicexplorer/lib/viewpoint.py
28261590,6,0,6,hicexplorer/chicPlotViewpoint.py
28261590,28,20,48,hicexplorer/chicSignificantInteractions.py
28261590,23,18,41,hicexplorer/lib/viewpoint.py
28261590,13,8,21,hicexplorer/chicSignificantInteractions.py
28261590,72,30,102,hicexplorer/chicAggregateStatistic.py
28261590,1,0,1,hicexplorer/chicAggregateStatistic.py
28261590,3,0,3,hicexplorer/chicDifferentialTest.py
28261590,53,14,67,hicexplorer/chicSignificantInteractions.py
28261590,5,2,7,hicexplorer/chicViewpoint.py
28261590,7,4,11,hicexplorer/lib/viewpoint.py
28261590,145,143,288,hicexplorer/chicAggregateStatistic.py
28261590,50,12,62,hicexplorer/chicSignificantInteractions.py
28261590,8,1,9,hicexplorer/lib/viewpoint.py
28261590,3,0,3,hicexplorer/utilities.py
28261590,7,1,8,hicexplorer/hicCompartmentsPolarization.py
28261590,54,25,79,hicexplorer/chicAggregateStatistic.py
28261590,73,25,98,hicexplorer/chicSignificantInteractions.py
28261590,26,31,57,hicexplorer/lib/viewpoint.py
28261590,4,2,6,hicexplorer/hicCompartmentsPolarization.py
28261590,17,39,56,hicexplorer/chicAggregateStatistic.py
28261590,1,1,2,hicexplorer/chicQualityControl.py
28261590,278,0,278,hicexplorer/chicSignificantInteractions.py
28261590,18,86,104,hicexplorer/chicViewpoint.py
28261590,134,8,142,hicexplorer/lib/viewpoint.py
28261590,2,2,4,setup.py
28261590,2,2,4,hicexplorer/__init__.py
28261590,1,1,2,hicexplorer/_version.py
28261590,1,1,2,hicexplorer/hicCompartmentsPolarization.py
28261590,2,2,4,hicexplorer/__init__.py
28261590,6,4,10,hicexplorer/test/general/test_hicValidateLocations.py
28261590,2,2,4,hicexplorer/__init__.py
28261590,44,19,63,hicexplorer/hicCorrectMatrix.py
28261590,48,7,55,hicexplorer/test/general/test_hicCorrectMatrix.py
28261590,1,1,2,hicexplorer/hicCorrectMatrix.py
28261590,1,1,2,hicexplorer/hicCorrectMatrix.py
28261590,7,7,14,hicexplorer/hicCorrectMatrix.py
28261590,2,2,4,hicexplorer/__init__.py
28261590,8,2,10,hicexplorer/hicCorrectMatrix.py
28261590,18,2,20,hicexplorer/test/general/test_hicCorrectMatrix.py
28261590,14,18,32,hicexplorer/hicCompartmentsPolarization.py
28261590,1,1,2,hicexplorer/_version.py
28261590,1,1,2,hicexplorer/_version.py
28261590,14,6,20,hicexplorer/hicCompartmentsPolarization.py
28261590,33,0,33,hicexplorer/test/general/test_hicCompartmentsPoarization.py
28261590,1,1,2,setup.py
28261590,1,1,2,setup.py
28261590,1,1,2,setup.py
28261590,2,2,4,setup.py
28261590,4,4,8,hicexplorer/hicCorrectMatrix.py
28261590,80,54,134,hicexplorer/hicValidateLocations.py
28261590,56,0,56,hicexplorer/test/general/test_hicValidateLocations.py
28261590,2,2,4,hicexplorer/__init__.py
28261590,3,3,6,hicexplorer/hicCorrectMatrix.py
28261590,4,1,5,hicexplorer/chicAggregateStatistic.py
28261590,2,2,4,hicexplorer/__init__.py
28261590,18,10,28,hicexplorer/hicCorrectMatrix.py
28261590,10,3,13,hicexplorer/hicCorrectMatrix.py
28261590,0,12,12,hicexplorer/chicQualityControl.py
28261590,98,68,166,hicexplorer/chicQualityControl.py
28261590,221,0,221,hicexplorer/chicQualityControl.py
28261590,1,1,2,setup.py
28261590,6,2,8,hicexplorer/chicAggregateStatistic.py
28261590,1,1,2,hicexplorer/chicPlotViewpoint.py
28261590,2,1,3,hicexplorer/lib/viewpoint.py
28261590,15,13,28,hicexplorer/chicAggregateStatistic.py
28261590,7,12,19,hicexplorer/chicAggregateStatistic.py
28261590,7,8,15,hicexplorer/chicPlotViewpoint.py
28261590,2,4,6,hicexplorer/chicViewpoint.py
28261590,11,3,14,hicexplorer/chicViewpointBackgroundModel.py
28261590,21,17,38,hicexplorer/lib/viewpoint.py
28261590,7,4,11,hicexplorer/chicAggregateStatistic.py
28261590,57,39,96,hicexplorer/chicDifferentialTest.py
28261590,6,2,8,hicexplorer/chicPlotViewpoint.py
28261590,30,23,53,hicexplorer/chicViewpoint.py
28261590,2,1,3,hicexplorer/chicViewpointBackgroundModel.py
28261590,9,9,18,hicexplorer/chicPlotViewpoint.py
28261590,1,1,2,hicexplorer/lib/viewpoint.py
28261590,10,5,15,hicexplorer/hicCorrectMatrix.py
28261590,19,19,38,hicexplorer/chicPlotViewpoint.py
28261590,23,20,43,hicexplorer/lib/viewpoint.py
28261590,90,63,153,hicexplorer/chicViewpoint.py
28261590,12,12,24,hicexplorer/chicAggregateStatistic.py
28261590,11,5,16,hicexplorer/chicPlotViewpoint.py
28261590,50,3,53,hicexplorer/chicViewpoint.py
28261590,11,5,16,hicexplorer/lib/viewpoint.py
28261590,2,2,4,hicexplorer/__init__.py
28261590,17,15,32,hicexplorer/chicViewpoint.py
28261590,10,0,10,hicexplorer/lib/viewpoint.py
28261590,34,17,51,hicexplorer/chicViewpoint.py
28261590,8,10,18,hicexplorer/lib/viewpoint.py
28261590,5,4,9,hicexplorer/chicViewpointBackgroundModel.py
28261590,13,94,107,hicexplorer/chicViewpointBackgroundModel.py
28261590,2,2,4,hicexplorer/__init__.py
28261590,11,20,31,hicexplorer/chicPlotViewpoint.py
28261590,4,4,8,hicexplorer/chicAggregateStatistic.py
28261590,8,2,10,hicexplorer/chicAggregateStatistic.py
28261590,141,82,223,hicexplorer/chicAggregateStatistic.py
28261590,110,54,164,hicexplorer/chicDifferentialTest.py
28261590,126,75,201,hicexplorer/chicPlotViewpoint.py
28261590,2,1,3,hicexplorer/lib/viewpoint.py
28261590,15,7,22,hicexplorer/chicPlotViewpoint.py
28261590,76,43,119,hicexplorer/lib/viewpoint.py
28261590,47,23,70,hicexplorer/chicAggregateStatistic.py
28261590,45,26,71,hicexplorer/chicDifferentialTest.py
28261590,5,5,10,hicexplorer/chicAggregateStatistic.py
28261590,3,3,6,hicexplorer/chicDifferentialTest.py
28261590,11,8,19,hicexplorer/chicAggregateStatistic.py
28261590,1,1,2,hicexplorer/lib/viewpoint.py
28261590,1,1,2,hicexplorer/lib/viewpoint.py
28261590,51,28,79,hicexplorer/chicViewpoint.py
28261590,8,8,16,hicexplorer/lib/viewpoint.py
28261590,52,46,98,hicexplorer/chicAggregateStatistic.py
28261590,41,14,55,hicexplorer/chicDifferentialTest.py
28261590,43,11,54,hicexplorer/chicPlotViewpoint.py
28261590,7,4,11,hicexplorer/chicViewpoint.py
28261590,73,11,84,hicexplorer/chicViewpointBackgroundModel.py
28261590,35,8,43,hicexplorer/lib/viewpoint.py
28261590,1,2,3,hicexplorer/hicCorrectMatrix.py
28261590,2,2,4,hicexplorer/__init__.py
28261590,5,17,22,docs/conf.py
28261590,1,1,2,hicexplorer/hicCorrectMatrix.py
28261590,8,7,15,hicexplorer/hicDetectLoops.py
28261590,2,3,5,setup.py
28261590,3,3,6,docs/conf.py
28261590,0,3,3,docs/conf.py
28261590,1,1,2,docs/conf.py
28261590,18,4,22,docs/conf.py
28261590,6,1,7,docs/conf.py
28261590,4,205,209,docs/conf.py
28261590,1,1,2,docs/conf.py
28261590,1,1,2,hicexplorer/_version.py
28261590,0,1,1,hicexplorer/test/general/test_hicTransform.py
28261590,1,1,2,hicexplorer/utilities.py
28261590,60,17,77,hicexplorer/hicPlotMatrix.py
28261590,61,1,62,hicexplorer/test/general/test_hicPlotMatrix.py
28261590,2,3,5,hicexplorer/test/general/test_hicDetectLoops.py
28261590,0,9,9,hicexplorer/test/general/test_hicDetectLoops.py
28261590,0,70,70,hicexplorer/test/general/test_hicFindEnrichedContacts.py
28261590,0,816,816,hicexplorer/hicFindEnrichedContacts.py
28261590,13,5,18,hicexplorer/hicDetectLoops.py
28261590,22,11,33,hicexplorer/hicInfo.py
28261590,37,80,117,hicexplorer/test/general/test_hicDetectLoops.py
28261590,1,1,2,setup.py
28261590,1,0,1,hicexplorer/hicInfo.py
28261590,1,1,2,hicexplorer/test/long_run/test_hicBuildMatrix.py
28261590,1,1,2,hicexplorer/hicInfo.py
28261590,1,1,2,setup.py
28261590,7,3,10,hicexplorer/hicDetectLoops.py
28261590,7,10,17,hicexplorer/hicCompartmentsPolarization.py
28261590,10,9,19,hicexplorer/hicInfo.py
28261590,11,7,18,hicexplorer/hicCompartmentsPolarization.py
28261590,4,3,7,hicexplorer/hicConvertFormat.py
28261590,2,2,4,setup.py
28261590,14,8,22,hicexplorer/hicDetectLoops.py
28261590,3,1,4,hicexplorer/hicCompartmentsPolarization.py
28261590,21,4,25,hicexplorer/hicCompartmentsPolarization.py
28261590,3,3,6,hicexplorer/hicCompartmentsPolarization.py
28261590,1,1,2,setup.py
28261590,140,0,140,hicexplorer/hicCompartmentsPolarization.py
28261590,1,1,2,setup.py
28261590,61,151,212,hicexplorer/hicDetectLoops.py
28261590,16,7,23,hicexplorer/test/general/test_hicDetectLoops.py
28261590,2,2,4,setup.py
28261590,1,2,3,hicexplorer/hicPCA.py
28261590,32,16,48,hicexplorer/chicPlotViewpoint.py
28261590,158,91,249,hicexplorer/hicCorrectMatrix.py
28261590,2,2,4,hicexplorer/hicPCA.py
28261590,25,6,31,hicexplorer/test/general/test_hicCorrectMatrix.py
28261590,4,4,8,hicexplorer/test/general/test_hicCorrelate.py
28261590,2,1,3,hicexplorer/test/general/test_hicTransform.py
28261590,2,2,4,setup.py
28261590,29,5,34,hicexplorer/hicValidateLocations.py
28261590,1,1,2,hicexplorer/_version.py
28261590,13,13,26,hicexplorer/chicAggregateStatistic.py
28261590,11,8,19,hicexplorer/hicDetectLoops.py
28261590,13,14,27,hicexplorer/hicDetectLoops.py
28261590,2,2,4,hicexplorer/hicBuildMatrix.py
28261590,129,0,129,hicexplorer/hicValidateLocations.py
28261590,1,1,2,setup.py
28261590,25,10,35,hicexplorer/chicDifferentialTest.py
28261590,54,24,78,hicexplorer/chicPlotViewpoint.py
28261590,1,1,2,hicexplorer/chicViewpointBackgroundModel.py
28261590,1,1,2,hicexplorer/lib/viewpoint.py
28261590,42,18,60,hicexplorer/chicAggregateStatistic.py
28261590,29,5,34,hicexplorer/chicViewpoint.py
28261590,24,14,38,hicexplorer/chicAggregateStatistic.py
28261590,4,1,5,hicexplorer/chicDifferentialTest.py
28261590,3,1,4,hicexplorer/chicPlotViewpoint.py
28261590,2,4,6,hicexplorer/chicViewpoint.py
28261590,41,7,48,hicexplorer/chicAggregateStatistic.py
28261590,38,16,54,hicexplorer/chicDifferentialTest.py
28261590,75,60,135,hicexplorer/chicPlotViewpoint.py
28261590,15,3,18,hicexplorer/chicViewpoint.py
28261590,3,3,6,hicexplorer/hicBuildMatrix.py
28261590,6,13,19,hicexplorer/hicInfo.py
28261590,1,1,2,hicexplorer/test/long_run/test_hicBuildMatrix.py
28261590,8,8,16,hicexplorer/hicBuildMatrix.py
28261590,1,1,2,hicexplorer/hicCorrectMatrix.py
28261590,37,36,73,hicexplorer/hicInfo.py
28261590,88,73,161,hicexplorer/hicBuildMatrix.py
28261590,131,34,165,hicexplorer/hicInfo.py
28261590,49,4,53,hicexplorer/test/long_run/test_hicBuildMatrix.py
28261590,5,8,13,hicexplorer/hicDetectLoops.py
28261590,0,63,63,hicexplorer/fit_nbinom.py
28261590,3,3,6,hicexplorer/hicDetectLoops.py
28261590,2,1,3,setup.py
28261590,63,0,63,hicexplorer/fit_nbinom.py
28261590,80,30,110,hicexplorer/hicDetectLoops.py
28261590,1,1,2,hicexplorer/_version.py
28261590,1,1,2,hicexplorer/hicCompareMatrices.py
28261590,0,1,1,hicexplorer/test/general/test_hicPCA.py
28261590,2,2,4,hicexplorer/test/general/test_hicPCA.py
28261590,1,1,2,hicexplorer/hicPCA.py
28261590,2,4,6,hicexplorer/hicBuildMatrix.py
28261590,3,3,6,hicexplorer/hicCorrectMatrix.py
28261590,5,6,11,hicexplorer/hicFindEnrichedContacts.py
28261590,1,2,3,hicexplorer/hicMergeMatrixBins.py
28261590,1,1,2,hicexplorer/hicPlotDistVsCounts.py
28261590,8,8,16,hicexplorer/hicPlotMatrix.py
28261590,1,2,3,hicexplorer/hicPrepareQCreport.py
28261590,0,1,1,hicexplorer/test/long_run/test_hicBuildMatrix_trivial_runs_2.py
28261590,0,1,1,hicexplorer/test/long_run/test_hicConvertFormat_trivial_runs.py
28261590,0,3,3,hicexplorer/test/long_run/test_hicConvertFormat_trivial_runs_cool.py
28261590,1,2,3,scripts/hicComputeSaturation.py
28261590,3,7,10,hicexplorer/hicPCA.py
28261590,19,32,51,hicexplorer/hicPCA.py
28261590,60,36,96,hicexplorer/hicPCA.py
28261590,1,1,2,hicexplorer/hicCompareMatrices.py
28261590,1,1,2,hicexplorer/hicSumMatrices.py
28261590,1,1,2,setup.py
28261590,10,17,27,hicexplorer/chicAggregateStatistic.py
28261590,7,47,54,hicexplorer/chicDifferentialTest.py
28261590,10,13,23,hicexplorer/chicPlotViewpoint.py
28261590,12,10,22,hicexplorer/chicViewpoint.py
28261590,4,4,8,hicexplorer/chicViewpointBackgroundModel.py
28261590,50,10,60,hicexplorer/test/general/test_hicDetectLoops.py
28261590,8,7,15,hicexplorer/hicPCA.py
28261590,49,46,95,hicexplorer/hicPCA.py
28261590,75,33,108,hicexplorer/test/general/test_hicPCA.py
28261590,35,19,54,hicexplorer/hicPCA.py
28261590,41,4,45,hicexplorer/test/general/test_hicPCA.py
28261590,5,6,11,hicexplorer/hicAdjustMatrix.py
28261590,1,1,2,hicexplorer/hicDetectLoops.py
28261590,1,1,2,hicexplorer/hicPlotMatrix.py
28261590,1,1,2,hicexplorer/hicTransform.py
28261590,2,2,4,hicexplorer/utilities.py
28261590,1,1,2,hicexplorer/__init__.py
28261590,10,18,28,hicexplorer/hicDetectLoops.py
28261590,160,160,320,hicexplorer/hicDetectLoops.py
28261590,73,15,88,hicexplorer/hicPCA.py
28261590,6,6,12,hicexplorer/hicDetectLoops.py
28261590,5,99,104,hicexplorer/hicDetectLoops.py
28261590,33,35,68,hicexplorer/hicDetectLoops.py
28261590,71,17,88,hicexplorer/hicDetectLoops.py
28261590,147,86,233,hicexplorer/hicDetectLoops.py
28261590,26,12,38,hicexplorer/hicDetectLoops.py
28261590,1,1,2,hicexplorer/_version.py
28261590,2,2,4,setup.py
28261590,108,168,276,hicexplorer/hicDetectLoops.py
28261590,10,24,34,hicexplorer/hicPlotMatrix.py
28261590,14,3,17,hicexplorer/hicAdjustMatrix.py
28261590,4,4,8,hicexplorer/hicPlotMatrix.py
28261590,71,86,157,hicexplorer/hicDetectLoops.py
28261590,37,24,61,hicexplorer/hicDetectLoops.py
28261590,51,2,53,hicexplorer/hicDetectLoops.py
28261590,88,53,141,hicexplorer/chicAggregateStatistic.py
28261590,1,1,2,hicexplorer/_version.py
28261590,1,1,2,hicexplorer/utilities.py
28261590,2,2,4,setup.py
28261590,1,1,2,setup.py
28261590,1,1,2,hicexplorer/__init__.py
28261590,4,1,5,hicexplorer/__init__.py
28261590,29,12,41,hicexplorer/hicInfo.py
28261590,15,13,28,hicexplorer/hicDetectLoops.py
28261590,46,25,71,hicexplorer/chicDifferentialTest.py
28261590,41,21,62,hicexplorer/hicDetectLoops.py
28261590,4,1,5,hicexplorer/__init__.py
28261590,3,3,6,hicexplorer/chicDifferentialTest.py
28261590,98,48,146,hicexplorer/chicAggregateStatistic.py
28261590,1,1,2,hicexplorer/chicDifferentialTest.py
28261590,1,1,2,hicexplorer/chicViewpoint.py
28261590,2,0,2,hicexplorer/lib/viewpoint.py
28261590,43,39,82,hicexplorer/chicDifferentialTest.py
28261590,26,29,55,hicexplorer/chicDifferentialTest.py
28261590,3,1,4,hicexplorer/chicViewpoint.py
28261590,3,6,9,hicexplorer/lib/viewpoint.py
28261590,7,4,11,hicexplorer/chicAggregateStatistic.py
28261590,62,29,91,hicexplorer/chicDifferentialTest.py
28261590,2,5,7,hicexplorer/chicAggregateStatistic.py
28261590,1,6,7,hicexplorer/chicDifferentialTest.py
28261590,1,4,5,hicexplorer/chicPlotViewpoint.py
28261590,25,104,129,hicexplorer/chicViewpoint.py
28261590,15,31,46,hicexplorer/chicViewpointBackgroundModel.py
28261590,14,16,30,hicexplorer/lib/viewpoint.py
28261590,2,1,3,hicexplorer/utilities.py
28261590,1,1,2,setup.py
28261590,38,42,80,hicexplorer/chicAggregateStatistic.py
28261590,29,22,51,hicexplorer/chicAggregateStatistic.py
28261590,6,4,10,hicexplorer/chicViewpoint.py
28261590,6,4,10,hicexplorer/chicViewpointBackgroundModel.py
28261590,9,5,14,hicexplorer/lib/viewpoint.py
28261590,12,0,12,hicexplorer/utilities.py
28261590,1,1,2,hicexplorer/__init__.py
28261590,3,6,9,hicexplorer/hicBuildMatrix.py
28261590,3,6,9,hicexplorer/hicCorrectMatrix.py
28261590,7,15,22,hicexplorer/hicFindEnrichedContacts.py
28261590,1,2,3,hicexplorer/hicMergeMatrixBins.py
28261590,1,1,2,hicexplorer/utilities.py
28261590,2,1,3,hicexplorer/utilities.py
28261590,1,1,2,hicexplorer/__init__.py
28261590,4,113,117,hicexplorer/chicViewpoint.py
28261590,1,0,1,hicexplorer/chicViewpointBackgroundModel.py
28261590,0,1,1,hicexplorer/hicAdjustMatrix.py
28261590,0,3,3,hicexplorer/hicAggregateContacts.py
28261590,7,12,19,hicexplorer/hicBuildMatrix.py
28261590,0,1,1,hicexplorer/hicCompareMatrices.py
28261590,0,1,1,hicexplorer/hicConvertFormat.py
28261590,0,1,1,hicexplorer/hicCorrectMatrix.py
28261590,0,2,2,hicexplorer/hicCorrelate.py
28261590,0,1,1,hicexplorer/hicFindEnrichedContacts.py
28261590,0,5,5,hicexplorer/hicFindTADs.py
28261590,0,1,1,hicexplorer/hicInfo.py
28261590,0,2,2,hicexplorer/hicMergeMatrixBins.py
28261590,0,2,2,hicexplorer/hicMergeTADbins.py
28261590,0,1,1,hicexplorer/hicNormalize.py
28261590,0,1,1,hicexplorer/hicPCA.py
28261590,0,1,1,hicexplorer/hicPlotAverageRegions.py
28261590,0,3,3,hicexplorer/hicPlotDistVsCounts.py
28261590,0,1,1,hicexplorer/hicPlotMatrix.py
28261590,0,2,2,hicexplorer/hicPrepareQCreport.py
28261590,0,1,1,hicexplorer/hicSumMatrices.py
28261590,0,1,1,hicexplorer/hicTransform.py
28261590,0,1,1,hicexplorer/iterativeCorrection.py
28261590,0,1,1,hicexplorer/list_tools.py
28261590,0,1,1,hicexplorer/readBed.py
28261590,0,1,1,hicexplorer/reduceMatrix.py
28261590,0,2,2,hicexplorer/utilities.py
28261590,1,1,2,hicexplorer/hicAdjustMatrix.py
28261590,3,3,6,hicexplorer/hicAggregateContacts.py
28261590,0,1,1,hicexplorer/hicAverageRegions.py
28261590,2,2,4,hicexplorer/hicBuildMatrix.py
28261590,1,1,2,hicexplorer/hicCompareMatrices.py
28261590,1,1,2,hicexplorer/hicConvertFormat.py
28261590,1,1,2,hicexplorer/hicCorrectMatrix.py
28261590,2,2,4,hicexplorer/hicCorrelate.py
28261590,1,1,2,hicexplorer/hicFindEnrichedContacts.py
28261590,5,5,10,hicexplorer/hicFindTADs.py
28261590,1,1,2,hicexplorer/hicInfo.py
28261590,2,2,4,hicexplorer/hicMergeMatrixBins.py
28261590,2,2,4,hicexplorer/hicMergeTADbins.py
28261590,1,1,2,hicexplorer/hicNormalize.py
28261590,1,1,2,hicexplorer/hicPCA.py
28261590,1,1,2,hicexplorer/hicPlotAverageRegions.py
28261590,9,9,18,hicexplorer/hicPlotDistVsCounts.py
28261590,1,1,2,hicexplorer/hicPlotMatrix.py
28261590,1,1,2,hicexplorer/hicPrepareQCreport.py
28261590,1,1,2,hicexplorer/hicSumMatrices.py
28261590,1,1,2,hicexplorer/hicTransform.py
28261590,1,1,2,hicexplorer/iterativeCorrection.py
28261590,1,1,2,hicexplorer/list_tools.py
28261590,1,1,2,hicexplorer/readBed.py
28261590,1,1,2,hicexplorer/reduceMatrix.py
28261590,1,1,2,hicexplorer/utilities.py
28261590,1,1,2,hicexplorer/hicTransform.py
28261590,1,1,2,hicexplorer/utilities.py
28261590,1,1,2,hicexplorer/hicTransform.py
28261590,38,20,58,hicexplorer/utilities.py
28261590,0,65,65,hicexplorer/hicExpectedMatrix.py
28261590,2,2,4,setup.py
28261590,9,6,15,hicexplorer/hicExpectedMatrix.py
28261590,1,1,2,hicexplorer/hicFindTADs.py
28261590,1,2,3,hicexplorer/hicPlotMatrix.py
28261590,2,3,5,hicexplorer/hicPlotViewpoint.py
28261590,1,2,3,hicexplorer/utilities.py
28261590,1,1,2,hicexplorer/chicPlotViewpoint.py
28261590,1,1,2,hicexplorer/lib/viewpoint.py
28261590,2,2,4,hicexplorer/hicFindTADs.py
28261590,8,10,18,hicexplorer/hicPlotMatrix.py
28261590,11,14,25,hicexplorer/hicPlotViewpoint.py
28261590,2,9,11,hicexplorer/utilities.py
28261590,0,2,2,setup.py
28261590,1,1,2,hicexplorer/_version.py
28261590,48,29,77,hicexplorer/chicDifferentialTest.py
28261590,64,53,117,hicexplorer/chicDifferentialTest.py
28261590,1,1,2,setup.py
28261590,2,18,20,hicexplorer/chicAggregateStatistic.py
28261590,1,1,2,hicexplorer/lib/viewpoint.py
28261590,132,0,132,hicexplorer/chicDifferentialTest.py
28261590,4,3,7,hicexplorer/chicViewpoint.py
28261590,106,81,187,hicexplorer/chicViewpoint.py
28261590,8,5,13,hicexplorer/lib/viewpoint.py
28261590,3,2,5,hicexplorer/hicAdjustMatrix.py
28261590,4,3,7,hicexplorer/hicAdjustMatrix.py
28261590,3,3,6,hicexplorer/hicAverageRegions.py
28261590,1,1,2,hicexplorer/test/long_run/test_hicConvertFormat_trivial_runs.py
28261590,63,4,67,hicexplorer/test/general/test_hicConvertFormat.py
28261590,3,2,5,hicexplorer/hicAverageRegions.py
28261590,1,1,2,hicexplorer/hicAverageRegions.py
28261590,1,1,2,docs/conf.py
28261590,4,4,8,hicexplorer/test/general/test_hicConvertFormat.py
28261590,1,1,2,setup.py
28261590,3,3,6,hicexplorer/test/general/test_hicPlotAverageRegions.py
28261590,2,2,4,hicexplorer/hicPlotAverageRegions.py
28261590,2,1,3,docs/conf.py
28261590,2,1,3,setup.py
28261590,0,1,1,setup.py
28261590,1,1,2,docs/conf.py
28261590,1,1,2,hicexplorer/hicAdjustMatrix.py
28261590,1,1,2,hicexplorer/__init__.py
28261590,1,1,2,hicexplorer/_version.py
28261590,1,1,2,hicexplorer/hicConvertFormat.py
28261590,4,3,7,hicexplorer/hicConvertFormat.py
28261590,9,5,14,hicexplorer/hicTransform.py
28261590,3,3,6,hicexplorer/findRestSite.py
28261590,3,4,7,hicexplorer/hicAdjustMatrix.py
28261590,3,6,9,hicexplorer/hicAggregateContacts.py
28261590,3,3,6,hicexplorer/hicAverageRegions.py
28261590,2,3,5,hicexplorer/hicBuildMatrix.py
28261590,3,6,9,hicexplorer/hicCompareMatrices.py
28261590,3,7,10,hicexplorer/hicConvertFormat.py
28261590,3,4,7,hicexplorer/hicCorrectMatrix.py
28261590,4,5,9,hicexplorer/hicCorrelate.py
28261590,3,4,7,hicexplorer/hicFindEnrichedContacts.py
28261590,3,3,6,hicexplorer/hicFindTADs.py
28261590,3,4,7,hicexplorer/hicInfo.py
28261590,3,4,7,hicexplorer/hicMergeMatrixBins.py
28261590,3,5,8,hicexplorer/hicMergeTADbins.py
28261590,3,4,7,hicexplorer/hicNormalize.py
28261590,3,5,8,hicexplorer/hicPCA.py
28261590,3,4,7,hicexplorer/hicPlotAverageRegions.py
28261590,3,4,7,hicexplorer/hicPlotDistVsCounts.py
28261590,3,5,8,hicexplorer/hicPlotMatrix.py
28261590,1,2,3,hicexplorer/hicPlotTADs.py
28261590,3,4,7,hicexplorer/hicPlotViewpoint.py
28261590,3,4,7,hicexplorer/hicPrepareQCreport.py
28261590,3,3,6,hicexplorer/hicSumMatrices.py
28261590,3,3,6,hicexplorer/hicTransform.py
28261590,3,4,7,hicexplorer/iterativeCorrection.py
28261590,3,4,7,hicexplorer/list_tools.py
28261590,4,3,7,hicexplorer/parserCommon.py
28261590,3,4,7,hicexplorer/readBed.py
28261590,3,3,6,hicexplorer/reduceMatrix.py
28261590,4,3,7,hicexplorer/test/general/test_hicAdjustMatrix.py
28261590,4,3,7,hicexplorer/test/general/test_hicAggregateContacts.py
28261590,4,4,8,hicexplorer/test/general/test_hicAverageRegions.py
28261590,4,3,7,hicexplorer/test/general/test_hicConvertFormat.py
28261590,4,3,7,hicexplorer/test/general/test_hicCorrectMatrix.py
28261590,4,3,7,hicexplorer/test/general/test_hicCorrelate.py
28261590,4,3,7,hicexplorer/test/general/test_hicFindEnrichedContacts.py
28261590,4,3,7,hicexplorer/test/general/test_hicFindTADs.py
28261590,4,3,7,hicexplorer/test/general/test_hicMergeMatrixBins.py
28261590,4,3,7,hicexplorer/test/general/test_hicNormalize.py
28261590,4,3,7,hicexplorer/test/general/test_hicPCA.py
28261590,4,3,7,hicexplorer/test/general/test_hicPlotAverageRegions.py
28261590,4,3,7,hicexplorer/test/general/test_hicPlotDistVsCounts.py
28261590,3,3,6,hicexplorer/test/general/test_hicPlotMatrix.py
28261590,3,3,6,hicexplorer/test/general/test_hicPlotTADs.py
28261590,3,3,6,hicexplorer/test/general/test_hicPlotViewpoint.py
28261590,4,3,7,hicexplorer/test/general/test_hicTransform.py
28261590,4,3,7,hicexplorer/test/long_run/test_hicAggregateContacts_trivial_runs.py
28261590,4,3,7,hicexplorer/test/long_run/test_hicAggregateContacts_trivial_runs_three.py
28261590,4,3,7,hicexplorer/test/long_run/test_hicAggregateContacts_trivial_runs_two.py
28261590,4,3,7,hicexplorer/test/long_run/test_hicBuildMatrix.py
28261590,4,4,8,hicexplorer/test/long_run/test_hicBuildMatrix_trivial_runs.py
28261590,4,4,8,hicexplorer/test/long_run/test_hicBuildMatrix_trivial_runs_2.py
28261590,4,3,7,hicexplorer/test/long_run/test_hicConvertFormat_trivial_runs.py
28261590,4,3,7,hicexplorer/test/long_run/test_hicConvertFormat_trivial_runs_cool.py
28261590,4,4,8,hicexplorer/test/test_pytest_collected_items.py
28261590,4,4,8,hicexplorer/utilities.py
28261590,1,1,2,hicexplorer/hicTransform.py
28261590,3,0,3,hicexplorer/__init__.py
28261590,3,0,3,hicexplorer/findRestSite.py
28261590,4,0,4,hicexplorer/hicAdjustMatrix.py
28261590,3,0,3,hicexplorer/hicAverageRegions.py
28261590,4,0,4,hicexplorer/hicConvertFormat.py
28261590,1,0,1,hicexplorer/hicCorrectMatrix.py
28261590,2,0,2,hicexplorer/hicCorrelate.py
28261590,4,0,4,hicexplorer/hicFindEnrichedContacts.py
28261590,3,0,3,hicexplorer/hicFindTADs.py
28261590,4,0,4,hicexplorer/hicInfo.py
28261590,4,0,4,hicexplorer/hicMergeMatrixBins.py
28261590,4,0,4,hicexplorer/hicMergeTADbins.py
28261590,4,0,4,hicexplorer/hicNormalize.py
28261590,0,1,1,hicexplorer/hicPCA.py
28261590,4,0,4,hicexplorer/hicPlotAverageRegions.py
28261590,3,0,3,hicexplorer/hicPlotDistVsCounts.py
28261590,4,0,4,hicexplorer/hicPlotTADs.py
28261590,4,0,4,hicexplorer/hicPlotViewpoint.py
28261590,3,0,3,hicexplorer/hicPrepareQCreport.py
28261590,3,0,3,hicexplorer/hicSumMatrices.py
28261590,3,0,3,hicexplorer/hicTransform.py
28261590,4,0,4,hicexplorer/iterativeCorrection.py
28261590,4,0,4,hicexplorer/list_tools.py
28261590,3,0,3,hicexplorer/parserCommon.py
28261590,4,0,4,hicexplorer/readBed.py
28261590,3,0,3,hicexplorer/reduceMatrix.py
28261590,3,1,4,hicexplorer/test/general/test_hicAdjustMatrix.py
28261590,3,1,4,hicexplorer/test/general/test_hicAggregateContacts.py
28261590,4,0,4,hicexplorer/test/general/test_hicAverageRegions.py
28261590,3,1,4,hicexplorer/test/general/test_hicConvertFormat.py
28261590,3,1,4,hicexplorer/test/general/test_hicCorrectMatrix.py
28261590,3,1,4,hicexplorer/test/general/test_hicCorrelate.py
28261590,3,1,4,hicexplorer/test/general/test_hicFindEnrichedContacts.py
28261590,3,1,4,hicexplorer/test/general/test_hicFindTADs.py
28261590,3,1,4,hicexplorer/test/general/test_hicMergeMatrixBins.py
28261590,3,1,4,hicexplorer/test/general/test_hicNormalize.py
28261590,3,1,4,hicexplorer/test/general/test_hicPCA.py
28261590,3,1,4,hicexplorer/test/general/test_hicPlotAverageRegions.py
28261590,3,1,4,hicexplorer/test/general/test_hicPlotDistVsCounts.py
28261590,5,0,5,hicexplorer/test/general/test_hicPlotMatrix.py
28261590,3,1,4,hicexplorer/test/general/test_hicPlotTADs.py
28261590,3,0,3,hicexplorer/test/general/test_hicPlotViewpoint.py
28261590,3,1,4,hicexplorer/test/general/test_hicTransform.py
28261590,3,1,4,hicexplorer/test/long_run/test_hicAggregateContacts_trivial_runs.py
28261590,3,1,4,hicexplorer/test/long_run/test_hicAggregateContacts_trivial_runs_three.py
28261590,3,1,4,hicexplorer/test/long_run/test_hicAggregateContacts_trivial_runs_two.py
28261590,3,1,4,hicexplorer/test/long_run/test_hicBuildMatrix.py
28261590,3,1,4,hicexplorer/test/long_run/test_hicBuildMatrix_trivial_runs.py
28261590,3,1,4,hicexplorer/test/long_run/test_hicBuildMatrix_trivial_runs_2.py
28261590,3,1,4,hicexplorer/test/long_run/test_hicConvertFormat_trivial_runs.py
28261590,3,1,4,hicexplorer/test/long_run/test_hicConvertFormat_trivial_runs_cool.py
28261590,3,1,4,hicexplorer/test/test_pytest_collected_items.py
28261590,4,0,4,hicexplorer/utilities.py
28261590,7,0,7,hicexplorer/test/long_run/test_hicConvertFormat_trivial_runs.py
28261590,7,0,7,hicexplorer/test/long_run/test_hicConvertFormat_trivial_runs_cool.py
28261590,1,1,2,hicexplorer/hicConvertFormat.py
28261590,2,2,4,hicexplorer/test/general/test_hicTransform.py
28261590,8,3,11,hicexplorer/hicConvertFormat.py
28261590,0,180,180,hicexplorer/test/long_run/test_hicBuildMatrix_trivial_runs.py
28261590,218,0,218,hicexplorer/test/long_run/test_hicBuildMatrix_trivial_runs_2.py
28261590,2,1,3,hicexplorer/test/long_run/test_hicConvertFormat_trivial_runs_cool.py
28261590,47,2,49,hicexplorer/test/long_run/test_hicConvertFormat_trivial_runs.py
28261590,0,1,1,hicexplorer/hicAdjustMatrix.py
28261590,5,7,12,hicexplorer/hicAverageRegions.py
28261590,8,7,15,hicexplorer/hicConvertFormat.py
28261590,1,3,4,hicexplorer/hicNormalize.py
28261590,5,3,8,hicexplorer/hicPCA.py
28261590,3,11,14,hicexplorer/hicPlotAverageRegions.py
28261590,0,2,2,hicexplorer/hicPlotTADs.py
28261590,10,11,21,hicexplorer/hicTransform.py
28261590,4,4,8,hicexplorer/list_tools.py
28261590,1,2,3,hicexplorer/test/general/test_hicAverageRegions.py
28261590,0,9,9,hicexplorer/test/general/test_hicConvertFormat.py
28261590,2,2,4,hicexplorer/test/general/test_hicNormalize.py
28261590,0,4,4,hicexplorer/test/general/test_hicPlotAverageRegions.py
28261590,4,5,9,hicexplorer/test/general/test_hicPlotTADs.py
28261590,0,1,1,hicexplorer/test/general/test_hicTransform.py
28261590,0,15,15,hicexplorer/test/long_run/test_hicConvertFormat_trivial_runs.py
28261590,0,16,16,hicexplorer/test/long_run/test_hicConvertFormat_trivial_runs_cool.py
28261590,3,4,7,hicexplorer/hicExpectedMatrix.py
28261590,5,27,32,hicexplorer/utilities.py
28261590,63,0,63,hicexplorer/hicExpectedMatrix.py
28261590,1,1,2,setup.py
28261590,12,3,15,hicexplorer/list_tools.py
28261590,1,1,2,hicexplorer/test/general/test_hicConvertFormat.py
28261590,1,1,2,hicexplorer/test/general/test_hicPlotAverageRegions.py
28261590,55,0,55,hicexplorer/test/long_run/test_hicConvertFormat_trivial_runs.py
28261590,33,0,33,hicexplorer/test/general/test_hicPlotDistVsCounts.py
28261590,70,0,70,hicexplorer/test/long_run/test_hicConvertFormat_trivial_runs_cool.py
28261590,38,0,38,hicexplorer/test/general/test_hicAdjustMatrix.py
28261590,2,2,4,hicexplorer/__init__.py
28261590,1,0,1,hicexplorer/hicAggregateContacts.py
28261590,11,11,22,hicexplorer/hicAverageRegions.py
28261590,5,6,11,hicexplorer/hicBuildMatrix.py
28261590,4,5,9,hicexplorer/hicConvertFormat.py
28261590,1,1,2,hicexplorer/hicMergeTADbins.py
28261590,1,1,2,hicexplorer/hicNormalize.py
28261590,7,5,12,hicexplorer/hicPlotAverageRegions.py
28261590,1,0,1,hicexplorer/hicPlotMatrix.py
28261590,6,5,11,hicexplorer/hicTransform.py
28261590,0,2,2,hicexplorer/test/general/test_hicAggregateContacts.py
28261590,3,1,4,hicexplorer/test/general/test_hicAverageRegions.py
28261590,5,3,8,hicexplorer/test/general/test_hicConvertFormat.py
28261590,0,24,24,hicexplorer/test/general/test_hicFindTADs.py
28261590,0,2,2,hicexplorer/test/general/test_hicPCA.py
28261590,4,2,6,hicexplorer/test/general/test_hicPlotAverageRegions.py
28261590,0,1,1,hicexplorer/test/general/test_hicPlotMatrix.py
28261590,9,0,9,hicexplorer/test/general/test_hicTransform.py
28261590,3,3,6,hicexplorer/test/long_run/test_hicBuildMatrix.py
28261590,8,4,12,hicexplorer/utilities.py
28261590,3,1,4,hicexplorer/findRestSite.py
28261590,3,1,4,hicexplorer/hicAggregateContacts.py
28261590,3,1,4,hicexplorer/hicMergeTADbins.py
28261590,3,1,4,hicexplorer/hicPlotViewpoint.py
28261590,0,2,2,hicexplorer/test/general/test_hicConvertFormat.py
28261590,17,14,31,setup.py
28261590,2,2,4,hicexplorer/hicPlotAverageRegions.py
28261590,63,0,63,hicexplorer/test/general/test_hicPlotAverageRegions.py
28261590,3,24,27,hicexplorer/hicAverageRegions.py
28261590,43,0,43,hicexplorer/test/general/test_hicAverageRegions.py
28261590,4,9,13,hicexplorer/test/general/test_hicPlotTADs.py
28261590,38,8,46,hicexplorer/test/general/test_hicTransform.py
28261590,13,2,15,hicexplorer/test/general/test_hicPCA.py
28261590,0,59,59,hicexplorer/test/general/test_hicPlotMatrix.py
28261590,1,1,2,hicexplorer/hicAdjustMatrix.py
28261590,52,13,65,hicexplorer/hicAverageRegions.py
28261590,119,0,119,hicexplorer/hicPlotAverageRegions.py
28261590,1,1,2,setup.py
28261590,101,32,133,hicexplorer/hicDetectLoops.py
28261590,7,0,7,hicexplorer/utilities.py
28261590,20,2,22,hicexplorer/hicTransform.py
28261590,2,2,4,hicexplorer/test/general/test_hicTransform.py
28261590,53,3,56,hicexplorer/utilities.py
28261590,11,11,22,hicexplorer/hicAverageRegions.py
28261590,82,24,106,hicexplorer/hicDetectLoops.py
28261590,41,7,48,hicexplorer/hicDetectLoops.py
28261590,28,67,95,hicexplorer/hicDetectLoops.py
28261590,4,0,4,hicexplorer/hicTransform.py
28261590,10,9,19,hicexplorer/utilities.py
28261590,1,1,2,hicexplorer/hicConvertFormat.py
28261590,9,3,12,hicexplorer/hicConvertFormat.py
28261590,9,3,12,hicexplorer/hicConvertFormat.py
28261590,1,1,2,hicexplorer/hicConvertFormat.py
28261590,0,5,5,hicexplorer/hicPlotMatrix.py
28261590,1,4,5,setup.py
28261590,6,3,9,hicexplorer/hicConvertFormat.py
28261590,10,1,11,hicexplorer/hicNormalize.py
28261590,7,6,13,hicexplorer/hicNormalize.py
28261590,18,27,45,hicexplorer/test/general/test_hicNormalize.py
28261590,1,1,2,setup.py
28261590,233,0,233,hicexplorer/test/general/test_hicNormalize.py
28261590,28,29,57,hicexplorer/hicNormalize.py
28261590,1,1,2,hicexplorer/test/long_run/test_hicBuildMatrix.py
28261590,3,3,6,hicexplorer/hicBuildMatrix.py
28261590,60,0,60,hicexplorer/test/long_run/test_hicBuildMatrix.py
28261590,12,3,15,hicexplorer/hicBuildMatrix.py
28261590,18,9,27,hicexplorer/chicAggregateStatistic.py
28261590,5,0,5,hicexplorer/__init__.py
28261590,4,0,4,hicexplorer/hicAggregateContacts.py
28261590,4,0,4,hicexplorer/hicBuildMatrix.py
28261590,5,0,5,hicexplorer/hicCompareMatrices.py
28261590,9,9,18,hicexplorer/hicPCA.py
28261590,1,1,2,hicexplorer/hicPlotMatrix.py
28261590,2,3,5,hicexplorer/test/general/test_hicAggregateContacts.py
28261590,3,3,6,hicexplorer/test/general/test_hicPlotMatrix.py
28261590,70,37,107,hicexplorer/test/general/test_hicTransform.py
28261590,37,10,47,hicexplorer/utilities.py
28261590,79,93,172,hicexplorer/hicTransform.py
28261590,15,29,44,hicexplorer/test/general/test_hicConvertFormat.py
28261590,23,6,29,hicexplorer/hicConvertFormat.py
28261590,1,1,2,hicexplorer/__init__.py
28261590,63,22,85,hicexplorer/chicViewpoint.py
28261590,23,9,32,hicexplorer/lib/viewpoint.py
28261590,22,0,22,hicexplorer/chicViewpoint.py
28261590,27,3,30,hicexplorer/chicViewpoint.py
28261590,2,2,4,hicexplorer/lib/viewpoint.py
28261590,18,5,23,hicexplorer/hicNormalize.py
28261590,31,216,247,hicexplorer/hicDetectLoops.py
28261590,34,0,34,hicexplorer/utilities.py
28261590,85,0,85,hicexplorer/hicNormalize.py
28261590,2,1,3,setup.py
28261590,17,7,24,hicexplorer/hicAverageRegions.py
28261590,0,0,0,bin/hicAverageRegions.py
28261590,1,1,2,setup.py
28261590,0,0,0,bin/hicAverageRegions.py
28261590,101,0,101,hicexplorer/hicAverageRegions.py
28261590,11,11,22,hicexplorer/hicAdjustMatrix.py
28261590,4,4,8,hicexplorer/hicConvertFormat.py
28261590,2,2,4,hicexplorer/hicFindTADs.py
28261590,13,15,28,hicexplorer/hicPCA.py
28261590,2,2,4,hicexplorer/hicPlotMatrix.py
28261590,4,2,6,hicexplorer/hicTransform.py
28261590,4,4,8,hicexplorer/test/general/test_hicConvertFormat.py
28261590,4,4,8,hicexplorer/test/general/test_hicPCA.py
28261590,3,1,4,hicexplorer/test/general/test_hicPlotMatrix.py
28261590,5,2,7,hicexplorer/utilities.py
28261590,1,1,2,hicexplorer/hicBuildMatrix.py
28261590,118,0,118,hicexplorer/test/general/test_hicConvertFormat.py
28261590,3,3,6,hicexplorer/hicConvertFormat.py
28261590,1,1,2,hicexplorer/hicPCA.py
28261590,79,3,82,hicexplorer/test/general/test_hicPCA.py
28261590,38,24,62,hicexplorer/test/general/test_hicTransform.py
28261590,34,35,69,hicexplorer/hicTransform.py
28261590,6,5,11,hicexplorer/hicFindTADs.py
28261590,25,0,25,hicexplorer/test/general/test_hicFindTADs.py
28261590,20,3,23,hicexplorer/test/general/test_hicPlotMatrix.py
28261590,2,4,6,hicexplorer/hicPlotMatrix.py
28261590,7,7,14,hicexplorer/test/general/test_hicAggregateContacts.py
28261590,3,3,6,hicexplorer/utilities.py
28261590,22,12,34,hicexplorer/test/general/test_hicPlotTADs.py
28261590,70,48,118,hicexplorer/chicViewpoint.py
28261590,3,0,3,hicexplorer/lib/viewpoint.py
28261590,24,18,42,hicexplorer/chicViewpointBackgroundModel.py
28261590,10,27,37,hicexplorer/lib/viewpoint.py
28261590,8,0,8,hicexplorer/hicDetectLoops.py
28261590,66,50,116,hicexplorer/hicDetectLoops.py
28261590,5,2,7,hicexplorer/hicPlotMatrix.py
28261590,21,10,31,hicexplorer/hicAdjustMatrix.py
28261590,73,3,76,hicexplorer/chicAggregateStatistic.py
28261590,33,0,33,hicexplorer/lib/viewpoint.py
28261590,23,8,31,hicexplorer/hicDetectLoops.py
28261590,0,1,1,hicexplorer/hicPlotMatrix.py
28261590,32,3,35,hicexplorer/utilities.py
28261590,1,1,2,hicexplorer/hicPlotMatrix.py
28261590,1,1,2,hicexplorer/hicPlotMatrix.py
28261590,74,0,74,hicexplorer/chicAggregateStatistic.py
28261590,1,1,2,setup.py
28261590,1,1,2,setup.py
28261590,101,0,101,hicexplorer/hicAdjustMatrix.py
28261590,4,1,5,hicexplorer/chicPlotViewpoint.py
28261590,7,51,58,hicexplorer/chicViewpoint.py
28261590,0,92,92,hicexplorer/hicLog2Ratio.py
28261590,1,1,2,setup.py
28261590,55,17,72,hicexplorer/hicFindTADs.py
28261590,16,3,19,hicexplorer/hicPlotMatrix.py
28261590,18,13,31,hicexplorer/chicViewpoint.py
28261590,5,4,9,hicexplorer/lib/viewpoint.py
28261590,9,7,16,hicexplorer/chicViewpoint.py
28261590,39,17,56,hicexplorer/chicViewpoint.py
28261590,33,4,37,hicexplorer/chicViewpoint.py
28261590,5,5,10,hicexplorer/lib/viewpoint.py
28261590,3,3,6,hicexplorer/chicViewpointBackgroundModel.py
28261590,35,10,45,hicexplorer/chicViewpoint.py
28261590,15,6,21,hicexplorer/lib/viewpoint.py
28261590,5,5,10,hicexplorer/chicViewpointBackgroundModel.py
28261590,10,3,13,hicexplorer/lib/viewpoint.py
28261590,10,2,12,hicexplorer/chicPlotViewpoint.py
28261590,1,1,2,hicexplorer/chicViewpoint.py
28261590,18,4,22,hicexplorer/chicViewpointBackgroundModel.py
28261590,23,3,26,hicexplorer/lib/viewpoint.py
28261590,4,3,7,hicexplorer/hicDetectLoops.py
28261590,13,4,17,hicexplorer/hicDetectLoops.py
28261590,170,55,225,hicexplorer/hicDetectLoops.py
28261590,16,10,26,hicexplorer/hicDetectLoops.py
28261590,85,65,150,hicexplorer/hicDetectLoops.py
28261590,1,1,2,hicexplorer/hicPlotMatrix.py
28261590,137,51,188,hicexplorer/hicDetectLoops.py
28261590,40,81,121,hicexplorer/hicDetectLoops.py
28261590,46,14,60,hicexplorer/hicDetectLoops.py
28261590,1,1,2,hicexplorer/chicViewpoint.py
28261590,2,1,3,hicexplorer/chicViewpointBackgroundModel.py
28261590,18,12,30,hicexplorer/hicConvertFormat.py
28261590,1,1,2,hicexplorer/chicViewpoint.py
28261590,6,1,7,hicexplorer/chicViewpoint.py
28261590,39,15,54,hicexplorer/chicViewpoint.py
28261590,6,21,27,hicexplorer/lib/viewpoint.py
28261590,2,2,4,hicexplorer/utilities.py
28261590,115,31,146,hicexplorer/chicViewpoint.py
28261590,9,5,14,hicexplorer/chicViewpointBackgroundModel.py
28261590,11,39,50,hicexplorer/chicViewpointBackgroundModel.py
28261590,4,3,7,hicexplorer/lib/viewpoint.py
28261590,8,4,12,hicexplorer/chicViewpointBackgroundModel.py
28261590,3,2,5,hicexplorer/lib/viewpoint.py
28261590,108,21,129,hicexplorer/chicViewpointBackgroundModel.py
28261590,47,2,49,hicexplorer/hicPCA.py
28261590,10,0,10,hicexplorer/chicViewpoint.py
28261590,11,5,16,hicexplorer/chicViewpointBackgroundModel.py
28261590,24,5,29,hicexplorer/lib/viewpoint.py
28261590,29,51,80,hicexplorer/hicTransform.py
28261590,60,32,92,hicexplorer/hicTransform.py
28261590,47,31,78,hicexplorer/hicPlotMatrix.py
28261590,1,1,2,hicexplorer/hicDetectLoops.py
28261590,32,36,68,hicexplorer/hicDetectLoops.py
28261590,35,29,64,hicexplorer/hicDetectLoops.py
28261590,1,1,2,hicexplorer/hicConvertFormat.py
28261590,1,1,2,hicexplorer/hicConvertFormat.py
28261590,1,1,2,hicexplorer/hicDetectLoops.py
28261590,16,7,23,hicexplorer/hicDetectLoops.py
28261590,1,2,3,setup.py
28261590,76,10,86,hicexplorer/hicDetectLoops.py
28261590,9,2,11,hicexplorer/hicConvertFormat.py
28261590,85,54,139,hicexplorer/hicDetectLoops.py
28261590,42,18,60,hicexplorer/hicConvertFormat.py
28261590,87,159,246,hicexplorer/hicDetectLoops.py
28261590,23,5,28,hicexplorer/hicPlotMatrix.py
28261590,4,4,8,hicexplorer/hicConvertFormat.py
28261590,122,37,159,hicexplorer/hicDetectLoops.py
28261590,5,5,10,hicexplorer/hicPlotMatrix.py
28261590,4,14,18,hicexplorer/chicPlotViewpoint.py
28261590,4,17,21,hicexplorer/chicViewpoint.py
28261590,1,2,3,hicexplorer/chicViewpointBackgroundModel.py
28261590,32,32,64,hicexplorer/hicPlotViewpoint.py
28261590,1,3,4,hicexplorer/lib/__init__.py
28261590,0,38,38,hicexplorer/lib/utilities.py
28261590,0,15,15,hicexplorer/lib/viewpoint.py
28261590,15,0,15,hicexplorer/utilities.py
28261590,66,84,150,hicexplorer/hicPlotMatrix.py
28261590,31,38,69,hicexplorer/hicDetectLoops.py
28261590,1,1,2,hicexplorer/utilities.py
28261590,1,1,2,hicexplorer/hicTransform.py
28261590,13,22,35,hicexplorer/utilities.py
28261590,13,5,18,hicexplorer/hicPCA.py
28261590,3,1,4,hicexplorer/hicPlotMatrix.py
28261590,27,3,30,hicexplorer/hicTransform.py
28261590,47,38,85,hicexplorer/utilities.py
28261590,2,1,3,setup.py
28261590,2,373,375,hicexplorer/hicPlotTADs.py
28261590,19,19,38,hicexplorer/test/general/test_hicPlotTADs.py
28261590,0,1872,1872,hicexplorer/trackPlot.py
28261590,0,1454,1454,hicexplorer/HiCMatrix.py
28261590,1,1,2,hicexplorer/hicAggregateContacts.py
28261590,1,1,2,hicexplorer/hicBuildMatrix.py
28261590,1,1,2,hicexplorer/hicCompareMatrices.py
28261590,1,1,2,hicexplorer/hicConvertFormat.py
28261590,1,1,2,hicexplorer/hicCorrectMatrix.py
28261590,1,1,2,hicexplorer/hicCorrelate.py
28261590,1,1,2,hicexplorer/hicFindEnrichedContacts.py
28261590,1,1,2,hicexplorer/hicFindTADs.py
28261590,2,2,4,hicexplorer/hicInfo.py
28261590,1,1,2,hicexplorer/hicLog2Ratio.py
28261590,1,1,2,hicexplorer/hicMergeMatrixBins.py
28261590,2,2,4,hicexplorer/hicMergeTADbins.py
28261590,1,1,2,hicexplorer/hicPCA.py
28261590,1,1,2,hicexplorer/hicPlotDistVsCounts.py
28261590,1,1,2,hicexplorer/hicPlotMatrix.py
28261590,1,1,2,hicexplorer/hicPlotViewpoint.py
28261590,1,1,2,hicexplorer/hicSumMatrices.py
28261590,1,1,2,hicexplorer/hicTransform.py
28261590,0,1,1,hicexplorer/lib/__init__.py
28261590,0,216,216,hicexplorer/lib/cool.py
28261590,0,27,27,hicexplorer/lib/ginteractions.py
28261590,0,157,157,hicexplorer/lib/h5.py
28261590,0,46,46,hicexplorer/lib/hicpro.py
28261590,0,48,48,hicexplorer/lib/homer.py
28261590,0,30,30,hicexplorer/lib/matrixFile.py
28261590,0,42,42,hicexplorer/lib/matrixFileHandler.py
28261590,0,14,14,hicexplorer/lib/mcool.py
28261590,1,1,2,hicexplorer/test/general/test_hicCorrectMatrix.py
28261590,1,1,2,hicexplorer/test/general/test_hicFindEnrichedContacts.py
28261590,1,1,2,hicexplorer/test/general/test_hicFindTADs.py
28261590,1,1,2,hicexplorer/test/general/test_hicMergeMatrixBins.py
28261590,1,1,2,hicexplorer/test/general/test_hicTransform.py
28261590,0,1501,1501,hicexplorer/test/general/test_hicmatrix.py
28261590,1,1,2,hicexplorer/test/long_run/test_hicBuildMatrix.py
28261590,1,1,2,hicexplorer/trackPlot.py
28261590,22,14,36,hicexplorer/lib/h5.py
28261590,4,1,5,hicexplorer/hicDetectLoops.py
28261590,2,2,4,hicexplorer/lib/cool.py
28261590,3,1,4,hicexplorer/lib/cool.py
28261590,29,57,86,hicexplorer/lib/cool.py
28261590,7,1,8,hicexplorer/lib/cool.py
28261590,4,4,8,hicexplorer/lib/cool.py
28261590,16,7,23,hicexplorer/lib/cool.py
28261590,7,6,13,hicexplorer/hicConvertFormat.py
28261590,3,0,3,hicexplorer/HiCMatrix.py
28261590,5,5,10,hicexplorer/hicBuildMatrix.py
28261590,18,5,23,hicexplorer/hicConvertFormat.py
28261590,8,10,18,hicexplorer/hicInfo.py
28261590,14,7,21,hicexplorer/lib/cool.py
28261590,6,19,25,hicexplorer/lib/matrixFileHandler.py
28261590,2,0,2,hicexplorer/test/general/test_hicPlotMatrix.py
28261590,8,3,11,hicexplorer/hicDetectLoops.py
28261590,1,1,2,setup.py
28261590,1,1,2,hicexplorer/hicBuildMatrix.py
28261590,1,1,2,hicexplorer/hicCorrelate.py
28261590,10,8,18,hicexplorer/hicPlotMatrix.py
28261590,9,9,18,hicexplorer/lib/cool.py
28261590,3,0,3,hicexplorer/lib/matrixFileHandler.py
28261590,13,0,13,hicexplorer/test/general/test_hicPlotMatrix.py
28261590,1,1,2,setup.py
28261590,64,20,84,hicexplorer/hicDetectLongRangeContacts.py
28261590,1,1,2,setup.py
28261590,3,2,5,hicexplorer/chicViewpoint.py
28261590,1,1,2,hicexplorer/chicViewpointBackgroundModel.py
28261590,1,1,2,hicexplorer/lib/utilities.py
28261590,13,6,19,hicexplorer/lib/viewpoint.py
28261590,23,3,26,hicexplorer/hicBuildMatrix.py
28261590,42,66,108,hicexplorer/hicConvertFileFormats.py
28261590,1,1,2,hicexplorer/hicMergeMatrixBins.py
28261590,7,6,13,hicexplorer/test/general/test_hicTransform.py
28261590,8,3,11,hicexplorer/hicAggregateContacts.py
28261590,5,8,13,hicexplorer/chicViewpoint.py
28261590,12,11,23,hicexplorer/lib/viewpoint.py
28261590,4,0,4,hicexplorer/HiCMatrix.py
28261590,4,4,8,hicexplorer/chicPlotViewpoint.py
28261590,22,21,43,hicexplorer/lib/viewpoint.py
28261590,35,18,53,hicexplorer/chicPlotViewpoint.py
28261590,1,1,2,hicexplorer/chicViewpoint.py
28261590,47,18,65,hicexplorer/lib/viewpoint.py
28261590,16,4,20,hicexplorer/chicViewpoint.py
28261590,42,9,51,hicexplorer/lib/viewpoint.py
28261590,4,4,8,hicexplorer/test/general/test_hicPlotDistVsCounts.py
28261590,15,15,30,hicexplorer/HiCMatrix.py
28261590,1,1,2,hicexplorer/hicMergeMatrixBins.py
28261590,10,10,20,hicexplorer/hicPlotDistVsCounts.py
28261590,8,8,16,hicexplorer/reduceMatrix.py
28261590,1,1,2,hicexplorer/lib/__init__.py
28261590,9,9,18,hicexplorer/utilities.py
28261590,25,26,51,hicexplorer/hicPCA.py
28261590,53,13,66,hicexplorer/test/general/test_hicPCA.py
28261590,39,78,117,hicexplorer/hicPCA.py
28261590,0,3,3,hicexplorer/utilities.py
28261590,7,12,19,hicexplorer/hicConvertFileFormats.py
28261590,9,11,20,hicexplorer/lib/ginteractions.py
28261590,1,1,2,hicexplorer/chicViewpoint.py
28261590,0,11,11,hicexplorer/hicPlotMatrix.py
28261590,28,24,52,hicexplorer/chicPlotViewpoint.py
28261590,14,39,53,hicexplorer/lib/viewpoint.py
28261590,50,116,166,hicexplorer/chicPlotViewpoint.py
28261590,10,13,23,hicexplorer/chicViewpoint.py
28261590,1,1,2,hicexplorer/chicViewpointBackgroundModel.py
28261590,135,10,145,hicexplorer/lib/viewpoint.py
28261590,0,0,0,hicexplorer/test/general/test_chicViewpoint.py
28261590,0,0,0,hicexplorer/test/general/test_chicViewpointBackgroundModel.py
28261590,1,1,2,hicexplorer/hicPlotViewpoint.py
28261590,14,13,27,hicexplorer/chicViewpoint.py
28261590,8,11,19,hicexplorer/chicViewpointBackgroundModel.py
28261590,33,13,46,hicexplorer/chicPlotViewpoint.py
28261590,88,32,120,hicexplorer/lib/viewpoint.py
28261590,2,2,4,hicexplorer/chicPlotViewpoint.py
28261590,1,1,2,hicexplorer/chicViewpointBackgroundModel.py
28261590,2,2,4,hicexplorer/hicPlotViewpoint.py
28261590,4,3,7,hicexplorer/lib/utilities.py
28261590,2,2,4,hicexplorer/lib/viewpoint.py
28261590,1,1,2,hicexplorer/_version.py
28261590,1,1,2,hicexplorer/hicConvertFileFormats.py
28261590,16,11,27,hicexplorer/lib/ginteractions.py
28261590,3,3,6,hicexplorer/lib/matrixFile.py
28261590,2,2,4,hicexplorer/lib/mcool.py
28261590,10,9,19,hicexplorer/trackPlot.py
28261590,5,3,8,hicexplorer/HiCMatrix.py
28261590,1,1,2,hicexplorer/test/general/test_hicAggregateContacts.py
28261590,1,1,2,hicexplorer/test/general/test_hicCorrectMatrix.py
28261590,1,1,2,hicexplorer/test/general/test_hicCorrelate.py
28261590,1,1,2,hicexplorer/test/general/test_hicFindEnrichedContacts.py
28261590,1,1,2,hicexplorer/test/general/test_hicFindTADs.py
28261590,1,1,2,hicexplorer/test/general/test_hicMergeMatrixBins.py
28261590,1,1,2,hicexplorer/test/general/test_hicPCA.py
28261590,1,1,2,hicexplorer/test/general/test_hicPlotDistVsCounts.py
28261590,1,1,2,hicexplorer/test/general/test_hicPlotMatrix.py
28261590,1,1,2,hicexplorer/test/general/test_hicPlotTADs.py
28261590,1,1,2,hicexplorer/test/general/test_hicPlotViewpoint.py
28261590,1,1,2,hicexplorer/test/general/test_hicTransform.py
28261590,1,1,2,hicexplorer/test/general/test_hicmatrix.py
28261590,1,1,2,hicexplorer/test/long_run/test_hicAggregateContacts_trivial_runs.py
28261590,1,1,2,hicexplorer/test/long_run/test_hicAggregateContacts_trivial_runs_three.py
28261590,1,1,2,hicexplorer/test/long_run/test_hicAggregateContacts_trivial_runs_two.py
28261590,0,110,110,hicexplorer/test/test_hicBuildMatrix.py
28261590,1,1,2,hicexplorer/test/test_pytest_collected_items.py
28261590,2,2,4,hicexplorer/lib/cool.py
28261590,2,1,3,hicexplorer/lib/ginteractions.py
28261590,2,2,4,hicexplorer/lib/h5.py
28261590,2,1,3,hicexplorer/lib/hicpro.py
28261590,3,1,4,hicexplorer/lib/homer.py
28261590,1,0,1,hicexplorer/lib/mcool.py
28261590,21,19,40,hicexplorer/HiCMatrix.py
28261590,1,0,1,hicexplorer/hicAggregateContacts.py
28261590,15,25,40,hicexplorer/hicConvertFileFormats.py
28261590,1,1,2,hicexplorer/hicCorrectMatrix.py
28261590,0,250,250,hicexplorer/hicExport.py
28261590,1,1,2,hicexplorer/hicTransform.py
28261590,17,8,25,hicexplorer/lib/cool.py
28261590,4,2,6,hicexplorer/lib/ginteractions.py
28261590,20,19,39,hicexplorer/lib/h5.py
28261590,5,6,11,hicexplorer/lib/hicpro.py
28261590,9,7,16,hicexplorer/lib/homer.py
28261590,4,3,7,hicexplorer/lib/matrixFile.py
28261590,13,17,30,hicexplorer/lib/matrixFileHandler.py
28261590,2,2,4,hicexplorer/lib/mcool.py
28261590,4,4,8,hicexplorer/test/general/test_hicCorrectMatrix.py
28261590,0,67,67,hicexplorer/test/general/test_hicExport.py
28261590,23,23,46,hicexplorer/test/general/test_hicFindTADs.py
28261590,10,5,15,hicexplorer/test/general/test_hicPCA.py
28261590,14,13,27,hicexplorer/test/general/test_hicPlotMatrix.py
28261590,50,21,71,hicexplorer/test/general/test_hicmatrix.py
28261590,1,1,2,hicexplorer/test/long_run/test_buildMatrix.py
28261590,1,1,2,hicexplorer/test/long_run/test_build_matrix_trivial_runs.py
28261590,1,1,2,hicexplorer/test/long_run/test_hicAggregateContacts_trivial_runs.py
28261590,1,1,2,hicexplorer/test/long_run/test_hicAggregateContacts_trivial_runs_three.py
28261590,1,1,2,hicexplorer/test/long_run/test_hicAggregateContacts_trivial_runs_two.py
28261590,2,2,4,hicexplorer/test/test_hicBuildMatrix.py
28261590,1,1,2,hicexplorer/trackPlot.py
28261590,1,0,1,hicexplorer/utilities.py
28261590,1,1,2,hicexplorer/__init__.py
28261590,13,6,19,hicexplorer/chicPlotViewpoint.py
28261590,0,9,9,hicexplorer/chicViewpoint.py
28261590,8,32,40,hicexplorer/lib/viewpoint.py
28261590,2,6,8,hicexplorer/chicViewpoint.py
28261590,12,34,46,hicexplorer/lib/viewpoint.py
28261590,14,35,49,hicexplorer/chicPlotViewpoint.py
28261590,1,1,2,hicexplorer/__init__.py
28261590,50,35,85,hicexplorer/chicPlotViewpoint.py
28261590,3,1,4,hicexplorer/lib/viewpoint.py
28261590,37,0,37,hicexplorer/lib/utilities.py
28261590,1,1,2,setup.py
28261590,4,1,5,hicexplorer/HiCMatrix.py
28261590,462,464,926,hicexplorer/test/general/test_hicmatrix.py
28261590,34,6,40,hicexplorer/chicPlotViewpoint.py
28261590,5,4,9,hicexplorer/lib/viewpoint.py
28261590,1,1,2,hicexplorer/__init__.py
28261590,13,19,32,hicexplorer/chicPlotViewpoint.py
28261590,8,13,21,hicexplorer/chicViewpoint.py
28261590,0,1,1,hicexplorer/chicViewpointBackgroundModel.py
28261590,33,25,58,hicexplorer/lib/viewpoint.py
28261590,1,1,2,hicexplorer/__init__.py
28261590,17,3,20,hicexplorer/chicPlotViewpoint.py
28261590,26,9,35,hicexplorer/chicViewpoint.py
28261590,2,1,3,hicexplorer/lib/__init__.py
28261590,25,24,49,hicexplorer/lib/viewpoint.py
28261590,1,1,2,hicexplorer/test/general/test_hicAggregateContacts.py
28261590,1,1,2,hicexplorer/test/general/test_hicCorrectMatrix.py
28261590,1,1,2,hicexplorer/test/general/test_hicCorrelate.py
28261590,1,1,2,hicexplorer/test/general/test_hicExport.py
28261590,1,1,2,hicexplorer/test/general/test_hicFindEnrichedContacts.py
28261590,1,1,2,hicexplorer/test/general/test_hicFindTADs.py
28261590,1,1,2,hicexplorer/test/general/test_hicMergeMatrixBins.py
28261590,1,1,2,hicexplorer/test/general/test_hicPCA.py
28261590,1,1,2,hicexplorer/test/general/test_hicPlotDistVsCounts.py
28261590,1,1,2,hicexplorer/test/general/test_hicPlotMatrix.py
28261590,1,1,2,hicexplorer/test/general/test_hicPlotTADs.py
28261590,1,1,2,hicexplorer/test/general/test_hicPlotViewpoint.py
28261590,1,1,2,hicexplorer/test/general/test_hicTransform.py
28261590,1,1,2,hicexplorer/test/general/test_hicmatrix.py
28261590,1,1,2,hicexplorer/test/long_run/test_buildMatrix.py
28261590,1,1,2,hicexplorer/test/long_run/test_build_matrix_trivial_runs.py
28261590,1,80,81,hicexplorer/test/long_run/test_hicAggregateContacts_trivial_runs.py
28261590,65,0,65,hicexplorer/test/long_run/test_hicAggregateContacts_trivial_runs_three.py
28261590,68,0,68,hicexplorer/test/long_run/test_hicAggregateContacts_trivial_runs_two.py
28261590,0,0,0,hicexplorer/test/{general => }/test_pytest_collected_items.py
28261590,0,1,1,hicexplorer/test/long_run/test_build_matrix_trivial_runs.py
28261590,1,4,5,hicexplorer/test/long_run/test_hicAggregateContacts_trivial_runs.py
28261590,0,0,0,hicexplorer/test/{ => general}/test_hicAggregateContacts.py
28261590,0,0,0,hicexplorer/test/{ => general}/test_hicCorrectMatrix.py
28261590,0,0,0,hicexplorer/test/{ => general}/test_hicCorrelate.py
28261590,0,0,0,hicexplorer/test/{ => general}/test_hicExport.py
28261590,0,0,0,hicexplorer/test/{ => general}/test_hicFindEnrichedContacts.py
28261590,0,0,0,hicexplorer/test/{ => general}/test_hicFindTADs.py
28261590,0,0,0,hicexplorer/test/{ => general}/test_hicMergeMatrixBins.py
28261590,0,0,0,hicexplorer/test/{ => general}/test_hicPCA.py
28261590,0,0,0,hicexplorer/test/{ => general}/test_hicPlotDistVsCounts.py
28261590,0,0,0,hicexplorer/test/{ => general}/test_hicPlotMatrix.py
28261590,0,0,0,hicexplorer/test/{ => general}/test_hicPlotTADs.py
28261590,0,0,0,hicexplorer/test/{ => general}/test_hicPlotViewpoint.py
28261590,0,0,0,hicexplorer/test/{ => general}/test_hicTransform.py
28261590,0,0,0,hicexplorer/test/{ => general}/test_hicmatrix.py
28261590,0,0,0,hicexplorer/test/{ => general}/test_pytest_collected_items.py
28261590,0,0,0,hicexplorer/test/{ => long_run}/test_buildMatrix.py
28261590,152,0,152,hicexplorer/test/long_run/test_hicAggregateContacts_trivial_runs.py
28261590,23,10,33,hicexplorer/hicConvertFileFormats.py
28261590,2,1,3,hicexplorer/hicPlotMatrix.py
28261590,25,11,36,hicexplorer/lib/hicpro.py
28261590,2,1,3,hicexplorer/lib/matrixFile.py
28261590,3,1,4,hicexplorer/lib/matrixFileHandler.py
28261590,173,133,306,hicexplorer/hicConvertFileFormats.py
28261590,10,2,12,hicexplorer/lib/h5.py
28261590,22,9,31,hicexplorer/lib/homer.py
28261590,8,3,11,hicexplorer/lib/matrixFileHandler.py
28261590,0,107,107,hicexplorer/test/test_buildMatrix.py
28261590,110,0,110,hicexplorer/test/test_hicBuildMatrix.py
28261590,4,4,8,hicexplorer/test/test_hicCorrectMatrix.py
28261590,1,1,2,setup.py
28261590,2,0,2,hicexplorer/chicPlotViewpoint.py
28261590,3,0,3,hicexplorer/chicViewpoint.py
28261590,1,1,2,hicexplorer/__init__.py
28261590,7,2,9,hicexplorer/chicPlotViewpoint.py
28261590,58,8,66,hicexplorer/lib/viewpoint.py
28261590,62,26,88,hicexplorer/chicPlotViewpoint.py
28261590,2,2,4,hicexplorer/chicViewpoint.py
28261590,1,0,1,hicexplorer/chicViewpointBackgroundModel.py
28261590,32,15,47,hicexplorer/lib/viewpoint.py
28261590,18,8,26,hicexplorer/chicViewpoint.py
28261590,10,7,17,hicexplorer/lib/viewpoint.py
28261590,1,1,2,hicexplorer/chicViewpointBackgroundModel.py
28261590,3,3,6,hicexplorer/lib/viewpoint.py
28261590,11,10,21,hicexplorer/chicViewpointBackgroundModel.py
28261590,14,16,30,hicexplorer/lib/viewpoint.py
28261590,1,1,2,hicexplorer/HiCMatrix.py
28261590,1,0,1,hicexplorer/hicFindTADs.py
28261590,3,0,3,hicexplorer/HiCMatrix.py
28261590,6,3,9,hicexplorer/hicFindEnrichedContacts.py
28261590,99,0,99,hicexplorer/chicPlotViewpoint.py
28261590,90,0,90,hicexplorer/chicViewpoint.py
28261590,40,88,128,hicexplorer/chicViewpointBackgroundModel.py
28261590,0,0,0,hicexplorer/chicViewpointPlot.py
28261590,1,0,1,hicexplorer/lib/__init__.py
28261590,154,0,154,hicexplorer/lib/viewpoint.py
28261590,0,0,0,hicexplorer/lib/viewpoint/__init__.py
28261590,0,22,22,hicexplorer/lib/viewpoint/viewpointClass.py
28261590,3,3,6,setup.py
28261590,17,11,28,hicexplorer/HiCMatrix.py
28261590,12,7,19,hicexplorer/lib/cool.py
28261590,1,1,2,hicexplorer/lib/matrixFile.py
28261590,4,4,8,hicexplorer/test/test_buildMatrix.py
28261590,4,4,8,hicexplorer/test/test_hicmatrix.py
28261590,1,1,2,hicexplorer/__init__.py
28261590,0,0,0,hicexplorer/chicViewpoint.py
28261590,84,14,98,hicexplorer/chicViewpointBackgroundModel.py
28261590,0,0,0,hicexplorer/chicViewpointPlot.py
28261590,0,0,0,hicexplorer/lib/__init__.py
28261590,0,0,0,hicexplorer/lib/viewpoint/__init__.py
28261590,22,0,22,hicexplorer/lib/viewpoint/viewpointClass.py
28261590,21,10,31,hicexplorer/HiCMatrix.py
28261590,1,1,2,hicexplorer/__init__.py
28261590,133,133,266,hicexplorer/hicConvertFileFormats.py
28261590,28,11,39,hicexplorer/lib/cool.py
28261590,2,2,4,hicexplorer/lib/h5.py
28261590,14,2,16,hicexplorer/lib/matrixFile.py
28261590,17,9,26,hicexplorer/lib/matrixFileHandler.py
28261590,21,14,35,hicexplorer/test/test_hicmatrix.py
28261590,6,0,6,hicexplorer/utilities.py
28261590,16,4,20,hicexplorer/hicDetectLongRangeContacts.py
28261590,1,1,2,hicexplorer/hicPlotMatrix.py
28261590,42,984,1026,hicexplorer/HiCMatrix.py
28261590,6,0,6,hicexplorer/test/test_hicmatrix.py
28261590,2,2,4,setup.py
28261590,1,0,1,hicexplorer/lib/__init__.py
28261590,189,0,189,hicexplorer/lib/cool.py
28261590,21,0,21,hicexplorer/lib/ginteractions.py
28261590,140,0,140,hicexplorer/lib/h5.py
28261590,32,0,32,hicexplorer/lib/hicpro.py
28261590,31,0,31,hicexplorer/lib/homer.py
28261590,16,0,16,hicexplorer/lib/matrixFile.py
28261590,41,0,41,hicexplorer/lib/matrixFileHandler.py
28261590,13,0,13,hicexplorer/lib/mcool.py
28261590,1,1,2,hicexplorer/_version.py
28261590,3,4,7,hicexplorer/test/test_hicPCA.py
28261590,1,1,2,hicexplorer/HiCMatrix.py
28261590,5,4,9,hicexplorer/hicConvertToCool.py
28261590,27,4,31,hicexplorer/HiCMatrix.py
28261590,1,1,2,hicexplorer/_version.py
28261590,5,10,15,hicexplorer/hicExport.py
28261590,32,5,37,hicexplorer/HiCMatrix.py
28261590,1,1,2,setup.py
28261590,132,0,132,hicexplorer/hicConvertToCool.py
28261590,251,14,265,hicexplorer/test/test_trivial_runs.py
28261590,61,6,67,hicexplorer/chicViewpointBackgroundModel.py
28261590,32,29,61,hicexplorer/hicPlotViewpoint.py
28261590,3,2,5,hicexplorer/hicDetectLongRangeContacts.py
28261590,1,1,2,hicexplorer/test/test_pytest_collected_items.py
28261590,2,4,6,hicexplorer/test/test_trivial_runs.py
28261590,59,0,59,hicexplorer/chicViewpointBackgroundModel.py
28261590,1,1,2,setup.py
28261590,0,0,0,hicexplorer/chicViewpointBackgroundModel.py
28261590,112,65,177,hicexplorer/test/test_hicmatrix.py
28261590,42,0,42,hicexplorer/test/test_pytest_collected_items.py
28261590,285,0,285,hicexplorer/test/test_trivial_runs.py
28261590,8,2,10,hicexplorer/hicExport.py
28261590,1,1,2,hicexplorer/utilities.py
28261590,4,1,5,hicexplorer/utilities.py
28261590,38,99,137,hicexplorer/hicDetectLongRangeContacts.py
28261590,223,55,278,hicexplorer/hicDetectLongRangeContacts.py
28261590,25,20,45,hicexplorer/hicPlotMatrix.py
28261590,70,2,72,hicexplorer/hicPlotViewpoint.py
28261590,1,1,2,hicexplorer/test/test_hicmatrix.py
28261590,0,5,5,hicexplorer/test/test_hicFindEnrichedContacts.py
28261590,98,85,183,hicexplorer/test/test_hicmatrix.py
28261590,9,2,11,hicexplorer/test/test_buildMatrix.py
28261590,44,13,57,hicexplorer/hicDetectLongRangeContacts.py
28261590,72,0,72,hicexplorer/test/test_hicFindEnrichedContacts.py
28261590,1239,4,1243,hicexplorer/test/test_hicmatrix.py
28261590,14,1,15,hicexplorer/test/test_hicDetectLongRangeContacts.py
28261590,56,3,59,hicexplorer/hicPlotMatrix.py
28261590,26,10,36,hicexplorer/hicDetectLongRangeContacts.py
28261590,48,17,65,hicexplorer/hicDetectLongRangeContacts.py
28261590,1,1,2,hicexplorer/utilities.py
28261590,1,1,2,hicexplorer/_version.py
28261590,58,46,104,hicexplorer/hicPlotViewpoint.py
28261590,33,0,33,hicexplorer/test/test_hicPlotViewpoint.py
28261590,1,1,2,hicexplorer/hicDetectLongRangeContacts.py
28261590,125,0,125,hicexplorer/hicDetectLongRangeContacts.py
28261590,46,0,46,hicexplorer/test/test_hicDetectLongRangeContacts.py
28261590,1,1,2,hicexplorer/_version.py
28261590,2,0,2,hicexplorer/test/test_hicPlotMatrix.py
28261590,14,1,15,hicexplorer/test/test_hicPlotMatrix.py
28261590,5,1,6,hicexplorer/hicPlotMatrix.py
28261590,3,2,5,hicexplorer/hicPlotMatrix.py
28261590,2,2,4,hicexplorer/hicBuildMatrix.py
28261590,9,8,17,hicexplorer/hicBuildMatrix.py
28261590,1,1,2,hicexplorer/hicPlotDistVsCounts.py
28261590,1,1,2,docs/conf.py
28261590,1,1,2,hicexplorer/hicPlotMatrix.py
28261590,1,1,2,hicexplorer/hicPlotTADs.py
28261590,3,1,4,hicexplorer/test/test_buildMatrix.py
28261590,3,3,6,hicexplorer/hicPlotDistVsCounts.py
28261590,6,8,14,hicexplorer/hicPlotDistVsCounts.py
28261590,10,11,21,hicexplorer/hicPlotDistVsCounts.py
28261590,1,1,2,setup.py
28261590,2,2,4,hicexplorer/hicPlotMatrix.py
28261590,13,9,22,hicexplorer/hicPlotMatrix.py
28261590,5,5,10,hicexplorer/test/test_hicPlotMatrix.py
28261590,1,1,2,hicexplorer/_version.py
28261590,4,5,9,hicexplorer/HiCMatrix.py
28261590,4,4,8,hicexplorer/hicAggregateContacts.py
28261590,1,1,2,hicexplorer/hicPlotMatrix.py
28261590,4,4,8,hicexplorer/test/test_hicmatrix.py
28261590,2,0,2,hicexplorer/utilities.py
28261590,2,0,2,hicexplorer/utilities.py
28261590,2,2,4,hicexplorer/test/test_hicPCA.py
28261590,1,0,1,hicexplorer/test/test_hicPlotMatrix.py
28261590,1,1,2,hicexplorer/test/test_hicPlotMatrix.py
28261590,3,3,6,hicexplorer/HiCMatrix.py
28261590,2,3,5,hicexplorer/hicCorrectMatrix.py
28261590,1,1,2,hicexplorer/hicFindTADs.py
28261590,0,2,2,hicexplorer/hicPlotMatrix.py
28261590,1,1,2,hicexplorer/test/test_hicAggregateContacts.py
28261590,3,2,5,hicexplorer/test/test_hicPlotMatrix.py
28261590,1,1,2,hicexplorer/trackPlot.py
28261590,8,15,23,hicexplorer/hicPlotMatrix.py
28261590,6,7,13,hicexplorer/test/test_hicPlotMatrix.py
28261590,0,3,3,hicexplorer/hicPlotMatrix.py
28261590,14,7,21,hicexplorer/hicPlotMatrix.py
28261590,32,16,48,hicexplorer/hicAggregateContacts.py
28261590,6,0,6,hicexplorer/HiCMatrix.py
28261590,1,1,2,hicexplorer/hicCorrectMatrix.py
28261590,3,1,4,hicexplorer/hicPlotMatrix.py
28261590,22,5,27,hicexplorer/hicPlotMatrix.py
28261590,0,1,1,hicexplorer/hicPlotMatrix.py
28261590,1,1,2,hicexplorer/hicPCA.py
28261590,9,6,15,hicexplorer/hicPlotMatrix.py
28261590,66,108,174,hicexplorer/HiCMatrix.py
28261590,0,3,3,hicexplorer/hicCorrectMatrix.py
28261590,6,6,12,hicexplorer/hicExport.py
28261590,5,5,10,hicexplorer/hicTransform.py
28261590,22,12,34,hicexplorer/HiCMatrix.py
28261590,2,1,3,hicexplorer/hicCorrectMatrix.py
28261590,2,2,4,hicexplorer/hicCorrelate.py
28261590,7,7,14,hicexplorer/hicExport.py
28261590,4,4,8,hicexplorer/hicPlotMatrix.py
28261590,2,1,3,hicexplorer/trackPlot.py
28261590,7,0,7,hicexplorer/utilities.py
28261590,2,2,4,hicexplorer/HiCMatrix.py
28261590,4,4,8,hicexplorer/hicPCA.py
28261590,62,15,77,hicexplorer/utilities.py
28261590,4,0,4,hicexplorer/test/test_hicAggregateContacts.py
28261590,26,46,72,hicexplorer/HiCMatrix.py
28261590,75,2,77,hicexplorer/test/test_hicAggregateContacts.py
28261590,1,0,1,hicexplorer/test/test_hicAggregateContacts.py
28261590,9,1,10,hicexplorer/hicAggregateContacts.py
28261590,25,6,31,hicexplorer/test/test_hicAggregateContacts.py
28261590,1,1,2,setup.py
28261590,1,2,3,hicexplorer/hicPlotMatrix.py
28261590,3,3,6,docs/conf.py
28261590,23,16,39,hicexplorer/findRestSite.py
28261590,136,118,254,hicexplorer/hicAggregateContacts.py
28261590,160,149,309,hicexplorer/hicBuildMatrix.py
28261590,24,16,40,hicexplorer/hicCompareMatrices.py
28261590,139,119,258,hicexplorer/hicCorrectMatrix.py
28261590,101,92,193,hicexplorer/hicCorrelate.py
28261590,82,73,155,hicexplorer/hicExport.py
28261590,20,15,35,hicexplorer/hicFindEnrichedContacts.py
28261590,112,100,212,hicexplorer/hicFindTADs.py
28261590,18,14,32,hicexplorer/hicInfo.py
28261590,41,27,68,hicexplorer/hicMergeMatrixBins.py
28261590,41,34,75,hicexplorer/hicPCA.py
28261590,66,61,127,hicexplorer/hicPlotDistVsCounts.py
28261590,93,93,186,hicexplorer/hicPlotMatrix.py
28261590,78,68,146,hicexplorer/hicPlotTADs.py
28261590,31,23,54,hicexplorer/hicPlotViewpoint.py
28261590,32,26,58,hicexplorer/hicPrepareQCreport.py
28261590,21,12,33,hicexplorer/hicSumMatrices.py
28261590,36,26,62,hicexplorer/hicTransform.py
28261590,3,3,6,hicexplorer/list_tools.py
28261590,1,1,2,hicexplorer/test/test_hicAggregateContacts.py
28261590,0,1,1,hicexplorer/trackPlot.py
28261590,2,1,3,setup.py
28261590,13,13,26,setup.py
28261590,1,0,1,hicexplorer/test/test_hicPlotTADs.py
28261590,1,1,2,hicexplorer/trackPlot.py
28261590,10,5,15,hicexplorer/HiCMatrix.py
28261590,19,0,19,hicexplorer/test/test_hicAggregateContacts.py
28261590,1,1,2,hicexplorer/hicAggregateContacts.py
28261590,29,3,32,hicexplorer/HiCMatrix.py
28261590,11,2,13,hicexplorer/test/test_buildMatrix.py
28261590,9,1,10,hicexplorer/test/test_hicExport.py
28261590,8,1,9,hicexplorer/test/test_hicmatrix.py
28261590,12,0,12,hicexplorer/HiCMatrix.py
28261590,8,16,24,hicexplorer/HiCMatrix.py
28261590,69,23,92,hicexplorer/HiCMatrix.py
28261590,5,1,6,hicexplorer/hicCorrectMatrix.py
28261590,1,1,2,setup.py
28261590,1,1,2,setup.py
28261590,4,2,6,hicexplorer/test/test_hicmatrix.py
28261590,8,0,8,hicexplorer/test/test_hicmatrix.py
28261590,19,6,25,hicexplorer/HiCMatrix.py
28261590,1,1,2,hicexplorer/hicCorrectMatrix.py
28261590,1,1,2,hicexplorer/hicCorrelate.py
28261590,10,3,13,hicexplorer/hicPlotMatrix.py
28261590,1,1,2,hicexplorer/trackPlot.py
28261590,6,4,10,hicexplorer/hicAggregateContacts.py
28261590,2,2,4,hicexplorer/hicAggregateContacts.py
28261590,3,3,6,docs/conf.py
28261590,3,3,6,docs/conf.py
28261590,10,2,12,hicexplorer/HiCMatrix.py
28261590,43,14,57,hicexplorer/hicPCA.py
28261590,50,1,51,hicexplorer/hicAggregateContacts.py
28261590,3,3,6,hicexplorer/HiCMatrix.py
28261590,2,2,4,hicexplorer/hicAggregateContacts.py
28261590,8,6,14,hicexplorer/hicFindEnrichedContacts.py
28261590,1,1,2,hicexplorer/hicFindTADs.py
28261590,3,3,6,hicexplorer/hicPlotMatrix.py
28261590,11,11,22,hicexplorer/trackPlot.py
28261590,8,3,11,hicexplorer/hicAggregateContacts.py
28261590,7,96,103,hicexplorer/HiCMatrix.py
28261590,737,0,737,hicexplorer/hicFindEnrichedContacts.py
28261590,0,739,739,hicexplorer/utilities.py
28261590,1,0,1,hicexplorer/hicPlotMatrix.py
28261590,4,4,8,hicexplorer/trackPlot.py
28261590,1,1,2,hicexplorer/utilities.py
28261590,1,1,2,hicexplorer/hicAggregateContacts.py
28261590,5,4,9,hicexplorer/hicAggregateContacts.py
28261590,71,70,141,hicexplorer/hicAggregateContacts.py
28261590,6,3,9,hicexplorer/hicAggregateContacts.py
28261590,177,173,350,hicexplorer/hicAggregateContacts.py
28261590,13,18,31,hicexplorer/hicAggregateContacts.py
28261590,1,1,2,hicexplorer/HiCMatrix.py
28261590,66,6,72,hicexplorer/hicPCA.py
28261590,2,16,18,hicexplorer/trackPlot.py
28261590,28,0,28,hicexplorer/utilities.py
28261590,220,187,407,hicexplorer/hicAggregateContacts.py
28261590,19,1,20,hicexplorer/test/test_hicAggregateContacts.py
28261590,70,15,85,hicexplorer/HiCMatrix.py
28261590,29,12,41,hicexplorer/hicAggregateContacts.py
28261590,7,6,13,hicexplorer/hicFindTADs.py
28261590,16,9,25,hicexplorer/hicPlotMatrix.py
28261590,64,34,98,hicexplorer/trackPlot.py
28261590,16,1,17,hicexplorer/utilities.py
28261590,2,2,4,hicexplorer/hicFindTADs.py
28261590,4,1,5,hicexplorer/hicFindTADs.py
28261590,19,0,19,hicexplorer/test/test_hicAggregateContacts.py
28261590,21,18,39,hicexplorer/hicAggregateContacts.py
28261590,0,2,2,hicexplorer/test/test_hicAggregateContacts.py
28261590,13,17,30,hicexplorer/hicAggregateContacts.py
28261590,37,0,37,hicexplorer/test/test_hicAggregateContacts.py
28261590,540,0,540,hicexplorer/hicAggregateContacts.py
28261590,4,0,4,hicexplorer/hicPlotMatrix.py
28261590,4,0,4,hicexplorer/hicPlotTADs.py
28261590,6,1,7,hicexplorer/hicPlotViewpoint.py
28261590,10,0,10,hicexplorer/utilities.py
28261590,1,1,2,hicexplorer/hicPlotMatrix.py
28261590,0,17,17,hicexplorer/hicPlotMatrix.py
28261590,0,2,2,hicexplorer/trackPlot.py
28261590,40,31,71,hicexplorer/hicPlotMatrix.py
28261590,6,40,46,hicexplorer/test/test_hicPlotMatrix.py
28261590,1,19,20,hicexplorer/trackPlot.py
28261590,21,0,21,hicexplorer/utilities.py
28261590,1,1,2,hicexplorer/hicPlotMatrix.py
28261590,10,3,13,hicexplorer/hicPlotMatrix.py
28261590,46,46,92,hicexplorer/test/test_hicPlotMatrix.py
28261590,6,8,14,hicexplorer/hicPlotMatrix.py
28261590,137,114,251,hicexplorer/hicPlotMatrix.py
28261590,7,3,10,hicexplorer/hicPlotMatrix.py
28261590,2,2,4,hicexplorer/findRestSite.py
28261590,1,1,2,hicexplorer/hicPlotMatrix.py
28261590,2,5,7,hicexplorer/HiCMatrix.py
28261590,5,1,6,hicexplorer/hicPlotMatrix.py
28261590,16,10,26,hicexplorer/hicExport.py
28261590,1,1,2,hicexplorer/findRestSite.py
28261590,2,2,4,hicexplorer/findRestSite.py
28261590,1,1,2,hicexplorer/findRestSite.py
28261590,3,3,6,hicexplorer/hicExport.py
28261590,3,0,3,hicexplorer/hicPlotMatrix.py
28261590,0,0,0,hicexplorer/HiCMatrix.py
28261590,0,0,0,hicexplorer/hicSumMatrices.py
28261590,0,0,0,hicexplorer/parserCommon.py
28261590,3,3,6,hicexplorer/HiCMatrix.py
28261590,3,0,3,docs/conf.py
28261590,6,3,9,hicexplorer/test/test_hicPlotDistVsCounts.py
28261590,2,2,4,hicexplorer/test/test_hicPlotDistVsCounts.py
28261590,16,1,17,hicexplorer/hicCorrectMatrix.py
28261590,1,1,2,hicexplorer/test/test_hicPlotDistVsCounts.py
28261590,24,23,47,hicexplorer/test/test_hicPlotMatrix.py
28261590,1,1,2,setup.py
28261590,17,2,19,hicexplorer/HiCMatrix.py
28261590,13,5,18,hicexplorer/hicCorrectMatrix.py
28261590,3,0,3,hicexplorer/hicCorrelate.py
28261590,2,1,3,hicexplorer/hicInfo.py
28261590,2,2,4,hicexplorer/hicMergeMatrixBins.py
28261590,3,0,3,hicexplorer/hicPCA.py
28261590,3,0,3,hicexplorer/hicPlotMatrix.py
28261590,39,0,39,hicexplorer/test/test_hicCorrectMatrix.py
28261590,48,0,48,hicexplorer/test/test_hicCorrelate.py
28261590,25,0,25,hicexplorer/test/test_hicMergeMatrixBins.py
28261590,1,1,2,setup.py
28261590,1,1,2,docs/conf.py
28261590,1,1,2,docs/conf.py
28261590,2,1,3,docs/conf.py
28261590,1,1,2,hicexplorer/_version.py
28261590,1,1,2,hicexplorer/hicPlotMatrix.py
28261590,1,1,2,hicexplorer/HiCMatrix.py
28261590,10,4,14,hicexplorer/hicPlotMatrix.py
28261590,30,0,30,hicexplorer/test/test_hicPlotMatrix.py
28261590,1,1,2,hicexplorer/_version.py
28261590,1,1,2,hicexplorer/_version.py
28261590,2,2,4,hicexplorer/hicLog2Ratio.py
28261590,3,2,5,setup.py
28261590,1,1,2,hicexplorer/_version.py
28261590,14,10,24,hicexplorer/hicPlotMatrix.py
28261590,53,25,78,hicexplorer/test/test_hicPlotMatrix.py
28261590,1,1,2,hicexplorer/__init__.py
28261590,29,26,55,hicexplorer/test/test_hicPlotMatrix.py
28261590,26,26,52,hicexplorer/test/test_hicPlotMatrix.py
28261590,24,0,24,hicexplorer/test/test_hicPlotDistVsCounts.py
28261590,1,1,2,hicexplorer/__init__.py
28261590,10,9,19,hicexplorer/hicPlotDistVsCounts.py
28261590,40,18,58,hicexplorer/hicPlotMatrix.py
28261590,2,1,3,hicexplorer/hicPlotViewpoint.py
28261590,4,1,5,hicexplorer/list_tools.py
28261590,122,24,146,hicexplorer/test/test_hicPlotMatrix.py
28261590,3,1,4,hicexplorer/trackPlot.py
28261590,2,0,2,hicexplorer/test/test_hicPCA.py
28261590,1,1,2,hicexplorer/test/test_hicPCA.py
28261590,2,0,2,hicexplorer/hicPCA.py
28261590,1,0,1,hicexplorer/test/test_hicPCA.py
28261590,5,2,7,hicexplorer/test/test_hicPCA.py
28261590,1,1,2,hicexplorer/hicBuildMatrix.py
28261590,1,1,2,hicexplorer/hicPCA.py
28261590,1,1,2,hicexplorer/hicPlotViewpoint.py
28261590,17,4,21,hicexplorer/hicTransform.py
28261590,9,2,11,hicexplorer/test/test_hicPCA.py
28261590,6,6,12,hicexplorer/test/test_hicPlotMatrix.py
28261590,14,15,29,hicexplorer/test/test_hicTransform.py
28261590,28,3,31,hicexplorer/hicBuildMatrix.py
28261590,1,1,2,hicexplorer/hicBuildMatrix.py
28261590,5,4,9,hicexplorer/hicPCA.py
28261590,10,2,12,hicexplorer/hicPlotMatrix.py
28261590,20,4,24,hicexplorer/hicPlotViewpoint.py
28261590,6,6,12,hicexplorer/test/test_hicPlotViewpoint.py
28261590,85,0,85,hicexplorer/test/test_hicTransform.py
28261590,11,3,14,hicexplorer/hicTransform.py
28261590,0,1,1,hicexplorer/parserCommon.py
28261590,0,1,1,hicexplorer/test/test_hicPlotTADs.py
28261590,4,4,8,hicexplorer/test/test_hicPlotViewpoint.py
28261590,2,3,5,hicexplorer/hicPCA.py
28261590,77,0,77,hicexplorer/test/test_hicPCA.py
28261590,7,6,13,hicexplorer/hicPlotViewpoint.py
28261590,83,0,83,hicexplorer/test/test_hicPlotViewpoint.py
28261590,1,1,2,hicexplorer/HiCMatrix.py
28261590,17,4,21,hicexplorer/hicPCA.py
28261590,14,28,42,hicexplorer/hicPlotMatrix.py
28261590,284,0,284,hicexplorer/test/test_hicPlotMatrix.py
28261590,2,0,2,hicexplorer/hicPCA.py
28261590,15,7,22,hicexplorer/hicBuildMatrix.py
28261590,6,4,10,hicexplorer/hicPCA.py
28261590,17,0,17,hicexplorer/parserCommon.py
28261590,2,1,3,hicexplorer/hicCorrelate.py
28261590,2,2,4,hicexplorer/HiCMatrix.py
28261590,1,2,3,hicexplorer/__init__.py
28261590,1,1,2,hicexplorer/hicPlotTADs.py
28261590,0,1,1,hicexplorer/hicSumMatrices.py
28261590,1,2,3,hicexplorer/hicTransform.py
28261590,0,1,1,hicexplorer/iterativeCorrection.py
28261590,1,2,3,hicexplorer/parserCommon.py
28261590,4,4,8,hicexplorer/readBed.py
28261590,0,1,1,hicexplorer/reduceMatrix.py
28261590,8,8,16,hicexplorer/trackPlot.py
28261590,3,4,7,hicexplorer/utilities.py
28261590,1,1,2,setup.py
28261590,2,2,4,hicexplorer/hicPlotViewpoint.py
28261590,1,2,3,hicexplorer/HiCMatrix.py
28261590,0,1,1,hicexplorer/hicCorrelate.py
28261590,17,5,22,hicexplorer/hicPlotViewpoint.py
28261590,1,1,2,hicexplorer/HiCMatrix.py
28261590,15,12,27,hicexplorer/hicPCA.py
28261590,62,11,73,hicexplorer/hicPlotMatrix.py
28261590,2,1,3,hicexplorer/hicBuildMatrix.py
28261590,9,10,19,hicexplorer/hicInfo.py
28261590,2,4,6,hicexplorer/HiCMatrix.py
28261590,3,0,3,hicexplorer/__init__.py
28261590,1,4,5,hicexplorer/findRestSite.py
28261590,1,4,5,hicexplorer/hicBuildMatrix.py
28261590,1,4,5,hicexplorer/hicCompareMatrices.py
28261590,3,5,8,hicexplorer/hicCorrectMatrix.py
28261590,1,3,4,hicexplorer/hicCorrelate.py
28261590,1,3,4,hicexplorer/hicExport.py
28261590,1,3,4,hicexplorer/hicFindEnrichedContacts.py
28261590,1,3,4,hicexplorer/hicFindTADs.py
28261590,1,3,4,hicexplorer/hicInfo.py
28261590,1,3,4,hicexplorer/hicLog2Ratio.py
28261590,1,3,4,hicexplorer/hicMergeMatrixBins.py
28261590,1,3,4,hicexplorer/hicMergeTADbins.py
28261590,1,4,5,hicexplorer/hicPCA.py
28261590,1,4,5,hicexplorer/hicPlotDistVsCounts.py
28261590,1,4,5,hicexplorer/hicPlotMatrix.py
28261590,1,4,5,hicexplorer/hicPlotTADs.py
28261590,1,4,5,hicexplorer/hicPlotViewpoint.py
28261590,1,4,5,hicexplorer/hicPrepareQCreport.py
28261590,1,3,4,hicexplorer/hicSumMatrices.py
28261590,2,3,5,hicexplorer/hicTransform.py
28261590,2,4,6,hicexplorer/iterativeCorrection.py
28261590,1,4,5,hicexplorer/list_tools.py
28261590,1,3,4,hicexplorer/parserCommon.py
28261590,1,4,5,hicexplorer/readBed.py
28261590,1,3,4,hicexplorer/reduceMatrix.py
28261590,1,3,4,hicexplorer/trackPlot.py
28261590,2,4,6,hicexplorer/utilities.py
28261590,1,1,2,setup.py
28261590,0,104,104,hicexplorer/hicChangeMatrixType.py
28261590,137,0,137,hicexplorer/hicTransform.py
28261590,2,2,4,hicexplorer/utilities.py
28261590,1,1,2,setup.py
28261590,3,3,6,hicexplorer/HiCMatrix.py
28261590,1,1,2,hicexplorer/hicMergeMatrixBins.py
28261590,1,1,2,hicexplorer/hicMergeTADbins.py
28261590,1,1,2,hicexplorer/hicPCA.py
28261590,2,2,4,hicexplorer/readBed.py
28261590,3,4,7,hicexplorer/trackPlot.py
28261590,12,3,15,hicexplorer/utilities.py
28261590,52,47,99,hicexplorer/HiCMatrix.py
28261590,7,3,10,hicexplorer/findRestSite.py
28261590,22,17,39,hicexplorer/hicBuildMatrix.py
28261590,6,0,6,hicexplorer/hicCompareMatrices.py
28261590,12,11,23,hicexplorer/hicCorrectMatrix.py
28261590,14,10,24,hicexplorer/hicCorrelate.py
28261590,19,14,33,hicexplorer/hicExport.py
28261590,6,0,6,hicexplorer/hicFindEnrichedContacts.py
28261590,15,13,28,hicexplorer/hicFindTADs.py
28261590,16,10,26,hicexplorer/hicInfo.py
28261590,7,2,9,hicexplorer/hicLog2Ratio.py
28261590,8,8,16,hicexplorer/hicMergeMatrixBins.py
28261590,11,4,15,hicexplorer/hicMergeTADbins.py
28261590,6,3,9,hicexplorer/hicPCA.py
28261590,13,8,21,hicexplorer/hicPlotDistVsCounts.py
28261590,25,19,44,hicexplorer/hicPlotMatrix.py
28261590,8,3,11,hicexplorer/hicPlotTADs.py
28261590,7,1,8,hicexplorer/hicPlotViewpoint.py
28261590,10,4,14,hicexplorer/hicPrepareQCreport.py
28261590,12,5,17,hicexplorer/hicSumMatrices.py
28261590,1,1,2,hicexplorer/iterativeCorrection.py
28261590,6,0,6,hicexplorer/list_tools.py
28261590,6,0,6,hicexplorer/parserCommon.py
28261590,16,11,27,hicexplorer/readBed.py
28261590,8,3,11,hicexplorer/reduceMatrix.py
28261590,95,86,181,hicexplorer/trackPlot.py
28261590,62,58,120,hicexplorer/utilities.py
28261590,24,7,31,hicexplorer/hicPlotViewpoint.py
28261590,31,10,41,hicexplorer/hicPlotViewpoint.py
28261590,0,1,1,hicexplorer/hicPlotViewpoint.py
28261590,2,2,4,hicexplorer/hicChangeMatrixType.py
28261590,2,2,4,hicexplorer/hicPCA.py
28261590,8,23,31,hicexplorer/hicPlotMatrix.py
28261590,2,2,4,hicexplorer/test/test_plotTads_plotMatrix.py
28261590,0,76,76,hicexplorer/trackPlot.py
28261590,1,1,2,hicexplorer/utilities.py
28261590,6,3,9,hicexplorer/hicChangeMatrixType.py
28261590,6,4,10,hicexplorer/hicPCA.py
28261590,1,1,2,hicexplorer/hicPlotMatrix.py
28261590,10,2,12,hicexplorer/utilities.py
28261590,21,67,88,hicexplorer/hicChangeMatrixType.py
28261590,19,56,75,hicexplorer/hicPCA.py
28261590,33,0,33,hicexplorer/utilities.py
28261590,1,2,3,hicexplorer/HiCMatrix.py
28261590,1,1,2,hicexplorer/hicMergeMatrixBins.py
28261590,13,46,59,hicexplorer/hicPCA.py
28261590,2,2,4,hicexplorer/utilities.py
28261590,43,4,47,hicexplorer/HiCMatrix.py
28261590,91,15,106,hicexplorer/hicChangeMatrixType.py
28261590,76,11,87,hicexplorer/hicPCA.py
28261590,1,1,2,hicexplorer/hicPlotMatrix.py
28261590,2,2,4,hicexplorer/utilities.py
28261590,11,11,22,hicexplorer/HiCMatrix.py
28261590,1,1,2,hicexplorer/hicBuildMatrix.py
28261590,1,1,2,hicexplorer/hicCorrectMatrix.py
28261590,0,3,3,hicexplorer/hicPlotMatrix.py
28261590,1,1,2,hicexplorer/hicSumMatrices.py
28261590,1,1,2,hicexplorer/parserCommon.py
28261590,5,5,10,hicexplorer/utilities.py
28261590,5,27,32,hicexplorer/HiCMatrix.py
28261590,2,2,4,hicexplorer/hicCorrectMatrix.py
28261590,2,2,4,hicexplorer/hicCorrelate.py
28261590,2,2,4,hicexplorer/hicExport.py
28261590,2,2,4,hicexplorer/hicFindTADs.py
28261590,0,41,41,hicexplorer/hicPlotMatrix.py
28261590,7,4,11,hicexplorer/trackPlot.py
28261590,5,6,11,hicexplorer/hicPlotMatrix.py
28261590,25,15,40,hicexplorer/hicPCA.py
28261590,1,1,2,hicexplorer/_version.py
28261590,2,1,3,hicexplorer/hicBuildMatrix.py
28261590,8,5,13,hicexplorer/hicPCA.py
28261590,1,1,2,hicexplorer/utilities.py
28261590,7,4,11,hicexplorer/HiCMatrix.py
28261590,28,14,42,hicexplorer/hicPCA.py
28261590,5,1,6,hicexplorer/hicPlotMatrix.py
28261590,11,6,17,hicexplorer/utilities.py
28261590,1,1,2,setup.py
28261590,71,0,71,hicexplorer/hicChangeMatrixType.py
28261590,4,1,5,hicexplorer/hicBuildMatrix.py
28261590,1,2,3,hicexplorer/hicBuildMatrix.py
28261590,0,1,1,hicexplorer/hicBuildMatrix.py
28261590,1,1,2,hicexplorer/hicBuildMatrix.py
28261590,1,0,1,hicexplorer/hicPlotViewpoint.py
28261590,13,19,32,hicexplorer/hicPlotViewpoint.py
28261590,1,1,2,setup.py
28261590,93,0,93,hicexplorer/hicPlotViewpoint.py
28261590,2,1,3,hicexplorer/hicBuildMatrix.py
28261590,1,1,2,hicexplorer/hicBuildMatrix.py
28261590,8,0,8,hicexplorer/hicBuildMatrix.py
28261590,30,24,54,hicexplorer/hicBuildMatrix.py
28261590,9,5,14,hicexplorer/hicPrepareQCreport.py
28261590,3,3,6,hicexplorer/test/test_buildMatrix.py
28261590,8,20,28,hicexplorer/HiCMatrix.py
28261590,1,1,2,hicexplorer/hicBuildMatrix.py
28261590,4,4,8,hicexplorer/hicPlotMatrix.py
28261590,2,4,6,hicexplorer/test/test_hicExport.py
28261590,3,0,3,hicexplorer/test/test_plotTads_plotMatrix.py
28261590,2,2,4,hicexplorer/HiCMatrix.py
28261590,1,1,2,hicexplorer/hicExport.py
28261590,1,1,2,hicexplorer/test/test_plotTads_plotMatrix.py
28261590,1,1,2,hicexplorer/trackPlot.py
28261590,1,1,2,setup.py
28261590,2,0,2,hicexplorer/test/test_plotTads_plotMatrix.py
28261590,0,1,1,hicexplorer/HiCMatrix.py
28261590,4,10,14,hicexplorer/hicPlotMatrix.py
28261590,8,4,12,hicexplorer/test/test_plotTads_plotMatrix.py
28261590,2,2,4,hicexplorer/hicCompareMatrices.py
28261590,2,2,4,hicexplorer/HiCMatrix.py
28261590,6,1,7,hicexplorer/HiCMatrix.py
28261590,8,6,14,hicexplorer/hicPlotMatrix.py
28261590,3,9,12,hicexplorer/test/test_plotTads_plotMatrix.py
28261590,27,28,55,hicexplorer/hicMergeMatrixBins.py
28261590,4,2,6,hicexplorer/HiCMatrix.py
28261590,16,0,16,hicexplorer/hicMergeMatrixBins.py
28261590,66,29,95,hicexplorer/HiCMatrix.py
28261590,3,3,6,hicexplorer/hicFindTADs.py
28261590,43,119,162,hicexplorer/HiCMatrix.py
28261590,1,0,1,hicexplorer/hicBuildMatrix.py
28261590,6,3,9,hicexplorer/test/test_hicExport.py
28261590,39,55,94,hicexplorer/HiCMatrix.py
28261590,1,2,3,hicexplorer/hicBuildMatrix.py
28261590,0,5,5,hicexplorer/hicCompareMatrices.py
28261590,0,2,2,hicexplorer/hicCorrelate.py
28261590,23,25,48,hicexplorer/hicFindTADs.py
28261590,21,22,43,hicexplorer/hicPlotMatrix.py
28261590,4,5,9,hicexplorer/hicPrepareQCreport.py
28261590,0,9,9,hicexplorer/hicSumMatrices.py
28261590,3,13,16,hicexplorer/test/test_buildMatrix.py
28261590,5,11,16,hicexplorer/test/test_hicExport.py
28261590,2,9,11,hicexplorer/test/test_hicmatrix.py
28261590,8,11,19,hicexplorer/test/test_plotTads_plotMatrix.py
28261590,137,98,235,hicexplorer/HiCMatrix.py
28261590,1,1,2,hicexplorer/hicExport.py
28261590,3,22,25,hicexplorer/hicFindTADs.py
28261590,14,14,28,hicexplorer/hicPlotMatrix.py
28261590,10,0,10,hicexplorer/test/test_buildMatrix.py
28261590,4,4,8,hicexplorer/test/test_hicExport.py
28261590,0,24,24,hicexplorer/test/test_hicFindTADs.py
28261590,1,1,2,hicexplorer/test/test_hicmatrix.py
28261590,1,1,2,hicexplorer/test/test_plotTads_plotMatrix.py
28261590,9,6,15,hicexplorer/hicFindTADs.py
28261590,1,1,2,hicexplorer/test/test_hicFindTADs.py
28261590,32,17,49,hicexplorer/hicPCA.py
28261590,24,7,31,hicexplorer/test/test_plotTads_plotMatrix.py
28261590,38,0,38,hicexplorer/HiCMatrix.py
28261590,25,10,35,hicexplorer/hicFindTADs.py
28261590,19,20,39,hicexplorer/test/test_hicFindTADs.py
28261590,31,27,58,hicexplorer/hicFindTADs.py
28261590,6,11,17,hicexplorer/HiCMatrix.py
28261590,1,1,2,hicexplorer/_version.py
28261590,7,1,8,hicexplorer/HiCMatrix.py
28261590,1,1,2,hicexplorer/hicBuildMatrix.py
28261590,2,1,3,hicexplorer/hicFindTADs.py
28261590,5,5,10,hicexplorer/hicPrepareQCreport.py
28261590,1,1,2,hicexplorer/test/test_buildMatrix.py
28261590,2,2,4,hicexplorer/trackPlot.py
28261590,3,1,4,hicexplorer/HiCMatrix.py
28261590,0,2,2,hicexplorer/trackPlot.py
28261590,2,0,2,hicexplorer/trackPlot.py
28261590,3,2,5,hicexplorer/hicPCA.py
28261590,2,1,3,setup.py
28261590,83,84,167,hicexplorer/hicBuildMatrix.py
28261590,58,39,97,hicexplorer/hicPrepareQCreport.py
28261590,3,3,6,hicexplorer/test/test_buildMatrix.py
28261590,1,1,2,hicexplorer/hicPrepareQCreport.py
28261590,2,1,3,hicexplorer/hicLog2Ratio.py
28261590,38,45,83,hicexplorer/hicPlotMatrix.py
28261590,45,58,103,hicexplorer/hicPlotMatrix.py
28261590,1,1,2,hicexplorer/trackPlot.py
28261590,86,30,116,hicexplorer/hicPrepareQCreport.py
28261590,3,2,5,hicexplorer/hicBuildMatrix.py
28261590,26,33,59,hicexplorer/trackPlot.py
28261590,9,27,36,hicexplorer/hicPlotMatrix.py
28261590,26,147,173,hicexplorer/hicPlotMatrix.py
28261590,34,10,44,hicexplorer/hicPlotMatrix.py
28261590,1,1,2,hicexplorer/hicBuildMatrix.py
28261590,1,1,2,hicexplorer/hicPlotMatrix.py
28261590,5,2,7,hicexplorer/hicPlotMatrix.py
28261590,31,36,67,hicexplorer/HiCMatrix.py
28261590,1,1,2,hicexplorer/hicFindTADs.py
28261590,26,11,37,hicexplorer/test/test_hicFindTADs.py
28261590,66,20,86,hicexplorer/HiCMatrix.py
28261590,27,4,31,hicexplorer/hicPlotMatrix.py
28261590,52,2,54,hicexplorer/test/test_plotTads_plotMatrix.py
28261590,103,75,178,hicexplorer/hicPlotMatrix.py
28261590,18,5,23,hicexplorer/HiCMatrix.py
28261590,5,4,9,hicexplorer/test/test_hicExport.py
28261590,63,0,63,hicexplorer/test/test_hicExport.py
28261590,4,6,10,hicexplorer/hicCompareMatrices.py
28261590,1,1,2,hicexplorer/hicCorrectMatrix.py
28261590,3,3,6,hicexplorer/hicExport.py
28261590,0,1,1,hicexplorer/hicInfo.py
28261590,11,13,24,hicexplorer/hicPlotMatrix.py
28261590,2,2,4,hicexplorer/trackPlot.py
28261590,69,131,200,hicexplorer/HiCMatrix.py
28261590,2,4,6,hicexplorer/hicBuildMatrix.py
28261590,6,4,10,hicexplorer/hicCompareMatrices.py
28261590,11,19,30,hicexplorer/hicCorrectMatrix.py
28261590,3,6,9,hicexplorer/hicCorrelate.py
28261590,14,25,39,hicexplorer/hicExport.py
28261590,2,4,6,hicexplorer/hicFindEnrichedContacts.py
28261590,54,109,163,hicexplorer/hicFindTADs.py
28261590,1,0,1,hicexplorer/hicInfo.py
28261590,4,8,12,hicexplorer/hicMergeMatrixBins.py
28261590,2,4,6,hicexplorer/hicMergeTADbins.py
28261590,21,41,62,hicexplorer/hicPlotDistVsCounts.py
28261590,25,35,60,hicexplorer/hicPlotMatrix.py
28261590,2,4,6,hicexplorer/hicPlotTADs.py
28261590,10,20,30,hicexplorer/hicPrepareQCreport.py
28261590,4,8,12,hicexplorer/iterativeCorrection.py
28261590,9,18,27,hicexplorer/readBed.py
28261590,2,4,6,hicexplorer/reduceMatrix.py
28261590,9,18,27,hicexplorer/utilities.py
28261590,131,69,200,hicexplorer/HiCMatrix.py
28261590,4,2,6,hicexplorer/hicBuildMatrix.py
28261590,4,6,10,hicexplorer/hicCompareMatrices.py
28261590,19,11,30,hicexplorer/hicCorrectMatrix.py
28261590,6,3,9,hicexplorer/hicCorrelate.py
28261590,25,14,39,hicexplorer/hicExport.py
28261590,4,2,6,hicexplorer/hicFindEnrichedContacts.py
28261590,109,54,163,hicexplorer/hicFindTADs.py
28261590,0,1,1,hicexplorer/hicInfo.py
28261590,8,4,12,hicexplorer/hicMergeMatrixBins.py
28261590,4,2,6,hicexplorer/hicMergeTADbins.py
28261590,41,21,62,hicexplorer/hicPlotDistVsCounts.py
28261590,35,25,60,hicexplorer/hicPlotMatrix.py
28261590,4,2,6,hicexplorer/hicPlotTADs.py
28261590,20,10,30,hicexplorer/hicPrepareQCreport.py
28261590,8,4,12,hicexplorer/iterativeCorrection.py
28261590,18,9,27,hicexplorer/readBed.py
28261590,4,2,6,hicexplorer/reduceMatrix.py
28261590,18,9,27,hicexplorer/utilities.py
28261590,36,29,65,hicexplorer/HiCMatrix.py
28261590,0,3,3,hicexplorer/hicCompareMatrices.py
28261590,7,130,137,hicexplorer/hicSumMatrices.py
28261590,35,142,177,hicexplorer/hicCompareMatrices.py
28261590,1,1,2,hicexplorer/hicFindTADs.py
28261590,2,1,3,hicexplorer/hicBuildMatrix.py
28261590,25,30,55,hicexplorer/HiCMatrix.py
28261590,1,2,3,hicexplorer/hicCorrelate.py
28261590,14,20,34,hicexplorer/hicSumMatrices.py
28261590,56,122,178,hicexplorer/hicCorrelate.py
28261590,62,18,80,hicexplorer/HiCMatrix.py
28261590,144,132,276,hicexplorer/HiCMatrix.py
28261590,144,101,245,hicexplorer/hicSumMatrices.py
28261590,4,4,8,hicexplorer/readBed.py
28261590,5,17,22,hicexplorer/HiCMatrix.py
28261590,2,2,4,hicexplorer/hicSumMatrices.py
28261590,9,3,12,hicexplorer/HiCMatrix.py
28261590,1,1,2,hicexplorer/hicExport.py
28261590,2,7,9,hicexplorer/hicExport.py
28261590,83,0,83,hicexplorer/trackPlot.py
28261590,9,5,14,hicexplorer/hicCorrectMatrix.py
28261590,4,3,7,hicexplorer/hicCorrelate.py
28261590,14,12,26,hicexplorer/hicPlotMatrix.py
28261590,9,40,49,hicexplorer/HiCMatrix.py
28261590,10,5,15,hicexplorer/hicExport.py
28261590,33,5,38,hicexplorer/HiCMatrix.py
28261590,21,22,43,hicexplorer/hicCompareMatrices.py
28261590,24,31,55,hicexplorer/hicCompareMatrices.py
28261590,24,59,83,hicexplorer/HiCMatrix.py
28261590,2,2,4,hicexplorer/hicCompareMatrices.py
28261590,1,1,2,hicexplorer/hicCorrectMatrix.py
28261590,2,2,4,hicexplorer/hicCorrelate.py
28261590,26,48,74,hicexplorer/hicSumMatrices.py
28261590,19,13,32,hicexplorer/HiCMatrix.py
28261590,2,2,4,hicexplorer/hicSumMatrices.py
28261590,22,12,34,hicexplorer/hicPlotMatrix.py
28261590,24,18,42,hicexplorer/hicPlotMatrix.py
28261590,1,1,2,hicexplorer/hicPlotMatrix.py
28261590,28,36,64,hicexplorer/hicPlotMatrix.py
28261590,1,1,2,hicexplorer/hicPlotMatrix.py
28261590,1,1,2,hicexplorer/hicPlotMatrix.py
28261590,21,21,42,hicexplorer/hicPlotMatrix.py
28261590,65,30,95,hicexplorer/hicPlotMatrix.py
28261590,27,14,41,hicexplorer/hicPlotMatrix.py
28261590,32,13,45,hicexplorer/hicPlotMatrix.py
28261590,56,14,70,hicexplorer/hicPlotMatrix.py
28261590,3,1,4,hicexplorer/HiCMatrix.py
28261590,2,2,4,hicexplorer/hicCompareMatrices.py
28261590,2,2,4,hicexplorer/hicCorrelate.py
28261590,24,6,30,hicexplorer/HiCMatrix.py
28261590,2,2,4,hicexplorer/hicCompareMatrices.py
28261590,2,2,4,hicexplorer/hicCorrelate.py
28261590,25,26,51,hicexplorer/hicSumMatrices.py
28261590,43,26,69,hicexplorer/hicPlotMatrix.py
28261590,48,13,61,hicexplorer/hicPlotMatrix.py
28261590,1,2,3,hicexplorer/hicFindTADs.py
28261590,39,22,61,hicexplorer/HiCMatrix.py
28261590,1,1,2,hicexplorer/hicCorrectMatrix.py
28261590,48,25,73,hicexplorer/hicSumMatrices.py
28261590,47,26,73,hicexplorer/hicPCA.py
28261590,8,0,8,hicexplorer/hicPlotMatrix.py
28261590,27,4,31,hicexplorer/hicPCA.py
28261590,3,3,6,hicexplorer/hicFindTADs.py
28261590,7,7,14,hicexplorer/hicFindTADs.py
28261590,5,5,10,hicexplorer/hicPCA.py
28261590,142,0,142,hicexplorer/HiCMatrix.py
28261590,8,119,127,hicexplorer/hicSumMatrices.py
28261590,159,34,193,hicexplorer/hicCompareMatrices.py
28261590,134,57,191,hicexplorer/hicCorrelate.py
28261590,5,3,8,hicexplorer/HiCMatrix.py
28261590,11,9,20,hicexplorer/hicSumMatrices.py
28261590,5,1,6,hicexplorer/hicSumMatrices.py
28261590,23,14,37,hicexplorer/hicSumMatrices.py
28261590,16,16,32,hicexplorer/HiCMatrix.py
28261590,148,53,201,hicexplorer/hicSumMatrices.py
28261590,73,30,103,hicexplorer/HiCMatrix.py
28261590,83,25,108,hicexplorer/hicSumMatrices.py
28261590,7,4,11,hicexplorer/hicExport.py
28261590,1,1,2,hicexplorer/hicFindTADs.py
28261590,17,5,22,hicexplorer/hicInfo.py
28261590,29,19,48,hicexplorer/HiCMatrix.py
28261590,1,1,2,hicexplorer/hicCompareMatrices.py
28261590,2,2,4,hicexplorer/hicCorrectMatrix.py
28261590,7,3,10,hicexplorer/hicCorrelate.py
28261590,6,5,11,hicexplorer/hicExport.py
28261590,1,1,2,hicexplorer/hicPlotMatrix.py
28261590,69,29,98,hicexplorer/hicSumMatrices.py
28261590,2,0,2,hicexplorer/test/test_plotTads_plotMatrix.py
28261590,25,13,38,hicexplorer/HiCMatrix.py
28261590,49,19,68,hicexplorer/hicPlotMatrix.py
28261590,1,1,2,hicexplorer/hicPlotTADs.py
28261590,1,1,2,hicexplorer/test/test_plotTads_plotMatrix.py
28261590,9,4,13,hicexplorer/trackPlot.py
28261590,20,21,41,hicexplorer/HiCMatrix.py
28261590,6,6,12,hicexplorer/hicPlotMatrix.py
28261590,2,2,4,hicexplorer/test/test_plotTads_plotMatrix.py
28261590,18,1,19,hicexplorer/HiCMatrix.py
28261590,5,5,10,hicexplorer/hicPlotMatrix.py
28261590,1,1,2,hicexplorer/test/test_hicFindTADs.py
28261590,2,2,4,hicexplorer/hicFindTADs.py
28261590,3,3,6,hicexplorer/test/test_hicFindTADs.py
28261590,2,2,4,docs/conf.py
28261590,18,19,37,hicexplorer/hicFindTADs.py
28261590,1,1,2,hicexplorer/hicMergeMatrixBins.py
28261590,4,4,8,hicexplorer/hicMergeTADbins.py
28261590,1,1,2,hicexplorer/hicPlotDistVsCounts.py
28261590,2,2,4,hicexplorer/test/test_buildMatrix.py
28261590,1,7,8,hicexplorer/hicBuildMatrix.py
28261590,2,0,2,hicexplorer/test/test_buildMatrix.py
28261590,1,3,4,hicexplorer/hicBuildMatrix.py
28261590,13,15,28,hicexplorer/hicBuildMatrix.py
28261590,6,100,106,hicexplorer/hicBuildMatrix.py
28261590,15,14,29,hicexplorer/hicBuildMatrix.py
28261590,0,1,1,hicexplorer/test/test_buildMatrix.py
28261590,129,99,228,hicexplorer/hicBuildMatrix.py
28261590,1,1,2,hicexplorer/HiCMatrix.py
28261590,6,4,10,hicexplorer/hicPlotMatrix.py
28261590,1,1,2,hicexplorer/hicPlotTADs.py
28261590,4,4,8,hicexplorer/test/test_plotTads_plotMatrix.py
28261590,21,0,21,hicexplorer/test/test_buildMatrix.py
28261590,27,3,30,hicexplorer/test/test_hicFindTADs.py
28261590,36,0,36,hicexplorer/test/test_hicmatrix.py
28261590,50,1,51,hicexplorer/test/test_plotTads_plotMatrix.py
28261590,16,12,28,hicexplorer/HiCMatrix.py
28261590,16,5,21,hicexplorer/hicExport.py
28261590,9,4,13,hicexplorer/hicFindTADs.py
28261590,1,1,2,hicexplorer/trackPlot.py
28261590,119,55,174,hicexplorer/hicBuildMatrix.py
28261590,24,10,34,hicexplorer/hicBuildMatrix.py
28261590,7,7,14,setup.py
28261590,18,14,32,hicexplorer/test/test_hicFindTADs.py
28261590,3,3,6,hicexplorer/test/test_hicFindTADs.py
28261590,2,2,4,hicexplorer/test/test_buildMatrix.py
28261590,14,11,25,hicexplorer/test/test_hicFindTADs.py
28261590,0,1,1,hicexplorer/test/test_hicmatrix.py
28261590,1,6,7,hicexplorer/hicFindTADs.py
28261590,4,1,5,hicexplorer/test/test_hicmatrix.py
28261590,2,2,4,hicexplorer/test/test_buildMatrix.py
28261590,94,0,94,hicexplorer/test/test_hicFindTADs.py
28261590,16,22,38,hicexplorer/hicFindTADs.py
28261590,59,12,71,hicexplorer/hicFindTADs.py
28261590,3,3,6,hicexplorer/hicBuildMatrix.py
28261590,1,1,2,hicexplorer/hicCompareMatrices.py
28261590,1,1,2,hicexplorer/hicInfo.py
28261590,1,1,2,docs/conf.py
28261590,2,2,4,hicexplorer/HiCMatrix.py
28261590,3,3,6,hicexplorer/hicBuildMatrix.py
28261590,2,2,4,hicexplorer/hicCorrectMatrix.py
28261590,1,1,2,hicexplorer/hicCorrelate.py
28261590,4,4,8,hicexplorer/hicFindTADs.py
28261590,1,1,2,hicexplorer/hicMergeMatrixBins.py
28261590,5,5,10,hicexplorer/hicMergeTADbins.py
28261590,4,4,8,hicexplorer/hicPlotDistVsCounts.py
28261590,1,1,2,hicexplorer/hicPlotMatrix.py
28261590,1,1,2,hicexplorer/hicPlotTADs.py
28261590,2,2,4,hicexplorer/list_tools.py
28261590,1,1,2,hicexplorer/trackPlot.py
28261590,2,2,4,hicexplorer/utilities.py
28261590,6,5,11,hicexplorer/hicInfo.py
28261590,8,3,11,hicexplorer/hicBuildMatrix.py
28261590,9,5,14,hicexplorer/hicBuildMatrix.py
28261590,2,2,4,hicexplorer/hicBuildMatrix.py
28261590,12,12,24,hicexplorer/hicBuildMatrix.py
28261590,1,11,12,hicexplorer/hicFindTADs.py
28261590,5,2,7,hicexplorer/hicCompareMatrices.py
28261590,3,1,4,hicexplorer/hicExport.py
28261590,44,9,53,hicexplorer/HiCMatrix.py
28261590,14,4,18,hicexplorer/hicPlotMatrix.py
28261590,30,3,33,hicexplorer/HiCMatrix.py
28261590,12,1,13,hicexplorer/HiCMatrix.py
28261590,2,1,3,setup.py
28261590,42,55,97,hicexplorer/trackPlot.py
28261590,12,0,12,hicexplorer/hicPlotMatrix.py
28261590,1,1,2,setup.py
28261590,1,1,2,hicexplorer/readBed.py
28261590,1,1,2,hicexplorer/readBed.py
28261590,2,2,4,hicexplorer/test/test_buildMatrix.py
28261590,2,1,3,hicexplorer/test/test_buildMatrix.py
28261590,17,12,29,setup.py
28261590,2,2,4,hicexplorer/hicBuildMatrix.py
28261590,0,2,2,hicexplorer/hicBuildMatrix.py
28261590,15,4,19,hicexplorer/trackPlot.py
28261590,2,0,2,hicexplorer/test/test_plotTads_plotMatrix.py
28261590,1,1,2,hicexplorer/_version.py
28261590,0,1,1,hicexplorer/hicMergeMatrixBins.py
28261590,0,2,2,hicexplorer/hicPlotTADs.py
28261590,0,22,22,hicexplorer/readBed.py
28261590,1,2,3,hicexplorer/HiCMatrix.py
28261590,1,0,1,hicexplorer/hicMergeMatrixBins.py
28261590,3,1,4,hicexplorer/hicMergeTADbins.py
28261590,11,18,29,hicexplorer/hicPlotMatrix.py
28261590,1,1,2,hicexplorer/hicPlotTADs.py
28261590,24,21,45,hicexplorer/readBed.py
28261590,37,56,93,hicexplorer/trackPlot.py
28261590,30,0,30,hicexplorer/utilities.py
28261590,1,1,2,hicexplorer/test/test_plotTads_plotMatrix.py
28261590,1,1,2,hicexplorer/HiCMatrix.py
28261590,2,1,3,hicexplorer/hicMergeTADbins.py
28261590,0,1,1,hicexplorer/HiCMatrix.py
28261590,1,1,2,hicexplorer/findRestSite.py
28261590,0,1,1,hicexplorer/hicBuildMatrix.py
28261590,0,1,1,hicexplorer/hicCompareMatrices.py
28261590,0,1,1,hicexplorer/hicCorrectMatrix.py
28261590,0,1,1,hicexplorer/hicCorrelate.py
28261590,0,1,1,hicexplorer/hicExport.py
28261590,0,1,1,hicexplorer/hicFindEnrichedContacts.py
28261590,0,1,1,hicexplorer/hicFindTADs.py
28261590,0,1,1,hicexplorer/hicInfo.py
28261590,0,1,1,hicexplorer/hicLog2Ratio.py
28261590,0,1,1,hicexplorer/hicMergeMatrixBins.py
28261590,0,1,1,hicexplorer/hicMergeTADbins.py
28261590,0,1,1,hicexplorer/hicPlotDistVsCounts.py
28261590,19,1,20,hicexplorer/hicPlotMatrix.py
28261590,2,3,5,hicexplorer/hicPlotTADs.py
28261590,7,8,15,hicexplorer/hicPrepareQCreport.py
28261590,0,1,1,hicexplorer/hicSumMatrices.py
28261590,0,1,1,hicexplorer/iterativeCorrection.py
28261590,0,1,1,hicexplorer/list_tools.py
28261590,1,1,2,hicexplorer/parserCommon.py
28261590,36,6,42,hicexplorer/readBed.py
28261590,0,1,1,hicexplorer/reduceMatrix.py
28261590,42,34,76,hicexplorer/trackPlot.py
28261590,0,1,1,hicexplorer/utilities.py
28261590,2,0,2,hicexplorer/hicPlotTADs.py
28261590,57,8,65,hicexplorer/trackPlot.py
28261590,20,1,21,hicexplorer/readBed.py
28261590,1,1,2,setup.py
28261590,6,1,7,hicexplorer/hicPlotTADs.py
28261590,36,0,36,hicexplorer/test/test_plotTads_plotMatrix.py
28261590,23,4,27,hicexplorer/trackPlot.py
28261590,1,1,2,hicexplorer/readBed.py
28261590,1,13,14,hicexplorer/HiCMatrix.py
28261590,1,1,2,hicexplorer/_version.py
28261590,1,1,2,hicexplorer/findRestSite.py
28261590,1,9,10,hicexplorer/hicBuildMatrix.py
28261590,1,0,1,hicexplorer/hicCompareMatrices.py
28261590,1,1,2,hicexplorer/hicCorrectMatrix.py
28261590,1,0,1,hicexplorer/hicCorrelate.py
28261590,1,1,2,hicexplorer/hicExport.py
28261590,1,1,2,hicexplorer/hicFindEnrichedContacts.py
28261590,1,0,1,hicexplorer/hicFindTADs.py
28261590,1,1,2,hicexplorer/hicInfo.py
28261590,1,0,1,hicexplorer/hicLog2Ratio.py
28261590,1,1,2,hicexplorer/hicMergeMatrixBins.py
28261590,1,1,2,hicexplorer/hicMergeTADbins.py
28261590,1,0,1,hicexplorer/hicPlotDistVsCounts.py
28261590,1,0,1,hicexplorer/hicPlotMatrix.py
28261590,1,0,1,hicexplorer/hicPlotTADs.py
28261590,1,0,1,hicexplorer/hicPrepareQCreport.py
28261590,1,1,2,hicexplorer/hicSumMatrices.py
28261590,1,1,2,hicexplorer/iterativeCorrection.py
28261590,1,1,2,hicexplorer/list_tools.py
28261590,1,1,2,hicexplorer/parserCommon.py
28261590,3,3,6,hicexplorer/readBed.py
28261590,1,1,2,hicexplorer/reduceMatrix.py
28261590,1,15,16,hicexplorer/trackPlot.py
28261590,1,4,5,hicexplorer/utilities.py
28261590,98,53,151,hicexplorer/test/test_plotTads_plotMatrix.py
28261590,1,1,2,setup.py
28261590,5,0,5,hicexplorer/utilities.py
28261590,36,10,46,hicexplorer/trackPlot.py
28261590,3,3,6,hicexplorer/readBed.py
28261590,5,4,9,hicexplorer/hicPrepareQCreport.py
28261590,17,1,18,hicexplorer/hicPlotTADs.py
28261590,1,1,2,hicexplorer/hicMergeTADbins.py
28261590,1,1,2,hicexplorer/hicFindTADs.py
28261590,9,0,9,hicexplorer/hicBuildMatrix.py
28261590,19,2,21,hicexplorer/HiCMatrix.py
28261590,3,3,6,hicexplorer/hicBuildMatrix.py
28261590,1,1,2,hicexplorer/test/test_buildMatrix.py
28261590,2,2,4,hicexplorer/test/test_plotTads_plotMatrix.py
28261590,6,4,10,hicexplorer/test/test_buildMatrix.py
28261590,18,2,20,hicexplorer/test/test_plotTads_plotMatrix.py
28261590,4,4,8,hicexplorer/test/test_hicmatrix.py
28261590,4,1,5,hicexplorer/test/test_hicmatrix.py
28261590,1,1,2,hicexplorer/hicPrepareQCreport.py
28261590,5,4,9,hicexplorer/hicBuildMatrix.py
28261590,1,0,1,hicexplorer/test/test_buildMatrix.py
28261590,13,14,27,hicexplorer/hicBuildMatrix.py
28261590,4,5,9,hicexplorer/test/test_buildMatrix.py
28261590,2,1,3,hicexplorer/hicPrepareQCreport.py
28261590,2,2,4,hicexplorer/test/test_buildMatrix.py
28261590,15,5,20,hicexplorer/test/test_buildMatrix.py
28261590,5,3,8,hicexplorer/hicBuildMatrix.py
28261590,15,3,18,hicexplorer/test/test_buildMatrix.py
28261590,1,1,2,hicexplorer/hicBuildMatrix.py
28261590,29,1,30,hicexplorer/test/test_buildMatrix.py
28261590,6,7,13,hicexplorer/hicBuildMatrix.py
28261590,1,0,1,hicexplorer/test/test_buildMatrix.py
28261590,13,7,20,hicexplorer/hicPrepareQCreport.py
28261590,17,8,25,hicexplorer/hicBuildMatrix.py
28261590,10,1,11,hicexplorer/test/test_buildMatrix.py
28261590,7,7,14,setup.py
28261590,1,1,2,hicexplorer/trackPlot.py
28261590,3,3,6,hicexplorer/trackPlot.py
28261590,2,0,2,hicexplorer/trackPlot.py
28261590,1,1,2,hicexplorer/trackPlot.py
28261590,1,0,1,hicexplorer/trackPlot.py
28261590,8,4,12,hicexplorer/trackPlot.py
28261590,8,7,15,hicexplorer/trackPlot.py
28261590,1,1,2,hicexplorer/trackPlot.py
28261590,9,1,10,hicexplorer/trackPlot.py
28261590,5,3,8,hicexplorer/trackPlot.py
28261590,6,0,6,hicexplorer/hicPlotTADs.py
28261590,5,2,7,hicexplorer/hicPlotMatrix.py
28261590,1,1,2,setup.py
28261590,6,2,8,hicexplorer/hicFindTADs.py
28261590,9,4,13,hicexplorer/HiCMatrix.py
28261590,6,4,10,hicexplorer/hicBuildMatrix.py
28261590,2,0,2,hicexplorer/hicCompareMatrices.py
28261590,1,0,1,hicexplorer/hicCorrectMatrix.py
28261590,2,0,2,hicexplorer/hicCorrelate.py
28261590,2,0,2,hicexplorer/hicExport.py
28261590,2,0,2,hicexplorer/hicFindEnrichedContacts.py
28261590,2,0,2,hicexplorer/hicInfo.py
28261590,2,0,2,hicexplorer/hicMergeMatrixBins.py
28261590,1,0,1,hicexplorer/hicMergeTADbins.py
28261590,2,0,2,hicexplorer/hicPlotMatrix.py
28261590,1,0,1,hicexplorer/hicPrepareQCreport.py
28261590,2,0,2,hicexplorer/hicSumMatrices.py
28261590,2,0,2,hicexplorer/iterativeCorrection.py
28261590,1,0,1,hicexplorer/list_tools.py
28261590,2,0,2,hicexplorer/readBed.py
28261590,2,0,2,hicexplorer/reduceMatrix.py
28261590,1,0,1,hicexplorer/trackPlot.py
28261590,5,1,6,hicexplorer/hicPlotMatrix.py
28261590,1,0,1,hicexplorer/HiCMatrix.py
28261590,1,1,2,hicexplorer/hicPlotDistVsCounts.py
28261590,8,8,16,hicexplorer/hicMergeMatrixBins.py
28261590,1,1,2,hicexplorer/HiCMatrix.py
28261590,4,0,4,hicexplorer/hicMergeMatrixBins.py
28261590,3,0,3,hicexplorer/HiCMatrix.py
28261590,77,73,150,hicexplorer/hicMergeMatrixBins.py
28261590,1,104,105,hicexplorer/hicMergeMatrixBins.py
28261590,1,1,2,hicexplorer/trackPlot.py
28261590,3,3,6,hicexplorer/trackPlot.py
28261590,1,1,2,hicexplorer/HiCMatrix.py
28261590,1,1,2,hicexplorer/hicMergeMatrixBins.py
28261590,2,2,4,hicexplorer/hicMergeMatrixBins.py
28261590,5,3,8,hicexplorer/HiCMatrix.py
28261590,1,0,1,hicexplorer/HiCMatrix.py
28261590,1,1,2,setup.py
28261590,2,1,3,hicexplorer/HiCMatrix.py
28261590,1,1,2,setup.py
28261590,17,0,17,hicexplorer/HiCMatrix.py
28261590,4,4,8,hicexplorer/hicMergeMatrixBins.py
28261590,1,1,2,hicexplorer/reduceMatrix.py
28261590,0,2,2,hicexplorer/HiCMatrix.py
28261590,1,1,2,hicexplorer/hicFindTADs.py
28261590,1,1,2,hicexplorer/reduceMatrix.py
28261590,29,8,37,hicexplorer/HiCMatrix.py
28261590,4,4,8,hicexplorer/findRestSite.py
28261590,1,0,1,hicexplorer/hicBuildMatrix.py
28261590,2,2,4,hicexplorer/reduceMatrix.py
28261590,1,0,1,hicexplorer/HiCMatrix.py
28261590,2,2,4,hicexplorer/findRestSite.py
28261590,11,11,22,hicexplorer/reduceMatrix.py
28261590,3,3,6,hicexplorer/findRestSite.py
28261590,9,7,16,hicexplorer/hicBuildMatrix.py
28261590,2,2,4,hicexplorer/hicMergeMatrixBins.py
28261590,3,3,6,hicexplorer/reduceMatrix.py
28261590,12,7,19,hicexplorer/HiCMatrix.py
28261590,2,1,3,hicexplorer/hicFindTADs.py
28261590,14,1,15,hicexplorer/hicPlotMatrix.py
28261590,4,4,8,hicexplorer/HiCMatrix.py
28261590,1,1,2,hicexplorer/findRestSite.py
28261590,8,8,16,hicexplorer/hicMergeMatrixBins.py
28261590,2,2,4,hicexplorer/readBed.py
28261590,18,18,36,hicexplorer/reduceMatrix.py
28261590,9,4,13,hicexplorer/HiCMatrix.py
28261590,1,1,2,hicexplorer/readBed.py
28261590,17,17,34,hicexplorer/reduceMatrix.py
28261590,2,1,3,hicexplorer/trackPlot.py
28261590,1,1,2,scripts/inter_tad_vs_intra_tad.py
28261590,1,0,1,hicexplorer/hicMergeTADbins.py
28261590,0,1,1,hicexplorer/hicPlotMatrix.py
28261590,35,31,66,hicexplorer/HiCMatrix.py
28261590,15,14,29,hicexplorer/hicBuildMatrix.py
28261590,6,4,10,hicexplorer/hicCorrectMatrix.py
28261590,9,7,16,hicexplorer/hicCorrelate.py
28261590,2,3,5,hicexplorer/hicExport.py
28261590,0,1,1,hicexplorer/hicFindEnrichedContacts.py
28261590,23,17,40,hicexplorer/hicFindTADs.py
28261590,1,1,2,hicexplorer/hicInfo.py
28261590,6,3,9,hicexplorer/hicMergeMatrixBins.py
28261590,4,3,7,hicexplorer/hicMergeTADbins.py
28261590,13,8,21,hicexplorer/hicPlotDistVsCounts.py
28261590,14,9,23,hicexplorer/hicPlotMatrix.py
28261590,1,0,1,hicexplorer/hicPlotTADs.py
28261590,3,4,7,hicexplorer/hicSumMatrices.py
28261590,1,1,2,hicexplorer/iterativeCorrection.py
28261590,1,0,1,hicexplorer/readBed.py
28261590,1,1,2,hicexplorer/test/test_buildMatrix.py
28261590,3,1,4,hicexplorer/test/test_hicmatrix.py
28261590,23,20,43,hicexplorer/trackPlot.py
28261590,29,29,58,hicexplorer/utilities.py
28261590,4,3,7,setup.py
28261590,28,3,31,hicexplorer/hicFindTADs.py
28261590,24,19,43,hicexplorer/hicBuildMatrix.py
28261590,960,982,1942,hicexplorer/hicFindTADs.py
28261590,0,1288,1288,hicexplorer/hicFindTads_class.py
28261590,968,980,1948,hicexplorer/hicFindTADs.py
28261590,0,1288,1288,hicexplorer/hicFindTads_class.py
28261590,10,70,80,hicexplorer/hicFindTads_class.py
28261590,6,7,13,hicexplorer/utilities.py
28261590,3,3,6,hicexplorer/hicFindTADs.py
28261590,1348,0,1348,hicexplorer/hicFindTads_class.py
28261590,18,4,22,hicexplorer/trackPlot.py
28261590,21,15,36,hicexplorer/hicBuildMatrix.py
28261590,98,56,154,hicexplorer/hicFindTADs.py
28261590,8,7,15,hicexplorer/hicBuildMatrix.py
28261590,1,1,2,setup.py
28261590,1,1,2,hicexplorer/hicBuildMatrix.py
28261590,39,2,41,hicexplorer/hicBuildMatrix.py
28261590,2,1,3,setup.py
28261590,10,31,41,hicexplorer/hicBuildMatrix.py
28261590,2,3,5,hicexplorer/hicBuildMatrix.py
28261590,11,5,16,hicexplorer/trackPlot.py
28261590,3,1,4,hicexplorer/hicPlotTADs.py
28261590,11,5,16,hicexplorer/trackPlot.py
28261590,1,1,2,hicexplorer/hicPlotDistVsCounts.py
28261590,24,25,49,hicexplorer/hicCorrelate.py
28261590,6,2,8,hicexplorer/hicCorrelate.py
28261590,32,30,62,hicexplorer/hicBuildMatrix.py
28261590,25,15,40,hicexplorer/hicBuildMatrix.py
28261590,7,3,10,hicexplorer/hicBuildMatrix.py
28261590,50,34,84,hicexplorer/hicBuildMatrix.py
28261590,10,3,13,hicexplorer/hicBuildMatrix.py
28261590,63,36,99,hicexplorer/hicBuildMatrix.py
28261590,1,1,2,hicexplorer/hicBuildMatrix.py
28261590,1,12,13,hicexplorer/hicBuildMatrix.py
28261590,9,9,18,hicexplorer/hicBuildMatrix.py
28261590,2,2,4,hicexplorer/hicBuildMatrix.py
28261590,3,1,4,hicexplorer/hicBuildMatrix.py
28261590,46,213,259,hicexplorer/hicBuildMatrix.py
28261590,17,3,20,hicexplorer/hicBuildMatrix.py
28261590,66,100,166,hicexplorer/hicBuildMatrix.py
28261590,81,12,93,hicexplorer/hicBuildMatrix.py
28261590,1,1,2,hicexplorer/findRestSite.py
28261590,41,26,67,hicexplorer/hicBuildMatrix.py
28261590,240,116,356,hicexplorer/hicBuildMatrix.py
28261590,1,1,2,hicexplorer/_version.py
28261590,2,2,4,hicexplorer/hicPrepareQCreport.py
28261590,2,3,5,hicexplorer/trackPlot.py
28261590,1,1,2,hicexplorer/hicPrepareQCreport.py
28261590,2,2,4,hicexplorer/trackPlot.py
28261590,2,2,4,setup.py
28261590,6,6,12,hicexplorer/trackPlot.py
28261590,4,4,8,hicexplorer/trackPlot.py
28261590,8,7,15,hicexplorer/trackPlot.py
28261590,1,0,1,hicexplorer/hicBuildMatrix.py
28261590,19,4,23,hicexplorer/hicBuildMatrix.py
28261590,3,17,20,hicexplorer/hicBuildMatrix.py
28261590,5,0,5,hicexplorer/hicBuildMatrix.py
28261590,0,1,1,hicexplorer/hicBuildMatrix.py
28261590,2,26,28,hicexplorer/hicBuildMatrix.py
28261590,9,8,17,hicexplorer/hicBuildMatrix.py
28261590,7,7,14,hicexplorer/hicBuildMatrix.py
28261590,12,16,28,hicexplorer/hicBuildMatrix.py
28261590,74,36,110,hicexplorer/hicBuildMatrix.py
28261590,10,17,27,hicexplorer/hicBuildMatrix.py
28261590,76,315,391,hicexplorer/hicBuildMatrix.py
28261590,1,4,5,setup.py
28261590,1,1,2,hicexplorer/_version.py
28261590,1,1,2,hicexplorer/hicFindEnrichedContacts.py
28261590,11,100,111,hicexplorer/hicFindEnrichedContacts.py
28261590,5,1,6,hicexplorer/HiCMatrix.py
28261590,1,1,2,hicexplorer/utilities.py
28261590,0,1,1,hicexplorer/hicPlotDistVsCounts.py
28261590,202,48,250,hicexplorer/hicBuildMatrix.py
28261590,1,2,3,hicexplorer/trackPlot.py
28261590,3,0,3,hicexplorer/HiCMatrix.py
28261590,2,1,3,hicexplorer/trackPlot.py
28261590,20,6,26,hicexplorer/hicPlotDistVsCounts.py
28261590,1,1,2,hicexplorer/hicCorrectMatrix.py
28261590,8,2,10,hicexplorer/hicBuildMatrix.py
28261590,4,3,7,hicexplorer/hicBuildMatrix.py
28261590,1,0,1,hicexplorer/hicBuildMatrix.py
28261590,9,16,25,hicexplorer/hicBuildMatrix.py
28261590,1,1,2,hicexplorer/hicPlotDistVsCounts.py
28261590,2,2,4,hicexplorer/hicPlotMatrix.py
28261590,4,8,12,hicexplorer/hicPlotMatrix.py
28261590,14,5,19,hicexplorer/HiCMatrix.py
28261590,168,81,249,hicexplorer/hicBuildMatrix.py
28261590,10,4,14,hicexplorer/hicBuildMatrix.py
28261590,26,16,42,hicexplorer/hicBuildMatrix.py
28261590,17,2,19,hicexplorer/hicPlotDistVsCounts.py
28261590,5,1,6,hicexplorer/hicPlotTADs.py
28261590,6,0,6,setup.py
28261590,1,1,2,hicexplorer/_version.py
28261590,1,1,2,hicexplorer/_version.py
28261590,314,64,378,hicexplorer/hicPlotDistVsCounts.py
28261590,56,0,56,scripts/inter_tad_vs_intra_tad.py
28261590,2,2,4,hicexplorer/hicBuildMatrix.py
28261590,1,0,1,hicexplorer/hicBuildMatrix.py
28261590,2,0,2,hicexplorer/hicPlotTADs.py
28261590,7,3,10,hicexplorer/trackPlot.py
28261590,2,2,4,hicexplorer/hicBuildMatrix.py
28261590,2,1,3,setup.py
28261590,1,1,2,hicexplorer/hicPrepareQCreport.py
28261590,0,1,1,setup.py
28261590,2,1,3,setup.py
28261590,181,146,327,hicexplorer/hicBuildMatrix.py
28261590,1,1,2,hicexplorer/test/test_buildMatrix.py
28261590,1,1,2,hicexplorer/hicBuildMatrix.py
28261590,1,1,2,hicexplorer/hicBuildMatrix.py
28261590,1,1,2,hicexplorer/hicBuildMatrix.py
28261590,16,7,23,hicexplorer/test/test_buildMatrix.py
28261590,23,4,27,hicexplorer/HiCMatrix.py
28261590,3,3,6,hicexplorer/HiCMatrix.py
28261590,15,9,24,hicexplorer/hicBuildMatrix.py
28261590,8,4,12,hicexplorer/hicPrepareQCreport.py
28261590,4,0,4,hicexplorer/hicCompareMatrices.py
28261590,1,1,2,hicexplorer/hicCompareMatrices.py
28261590,67,0,67,hicexplorer/hicCompareMatrices.py
28261590,1,1,2,hicexplorer/list_tools.py
28261590,1,1,2,setup.py
28261590,5,0,5,hicexplorer/hicSumMatrices.py
28261590,2,2,4,hicexplorer/hicInfo.py
28261590,2,1,3,setup.py
28261590,1,0,1,hicexplorer/list_tools.py
28261590,4,0,4,hicexplorer/hicPrepareQCreport.py
28261590,0,1,1,hicexplorer/hicPrepareQCreport.py
28261590,14,15,29,hicexplorer/hicPrepareQCreport.py
28261590,44,29,73,hicexplorer/hicBuildMatrix.py
28261590,24,26,50,hicexplorer/hicBuildMatrix.py
28261590,187,0,187,hicexplorer/hicPrepareQCreport.py
28261590,2,1,3,setup.py
28261590,31,20,51,hicexplorer/hicBuildMatrix.py
28261590,5,38,43,hicexplorer/hicBuildMatrix.py
28261590,88,57,145,hicexplorer/hicBuildMatrix.py
28261590,61,0,61,hicexplorer/list_tools.py
28261590,1,1,2,setup.py
28261590,14,8,22,hicexplorer/hicBuildMatrix.py
28261590,3,0,3,hicexplorer/hicBuildMatrix.py
28261590,1,1,2,hicexplorer/hicBuildMatrix.py
28261590,175,141,316,hicexplorer/hicBuildMatrix.py
28261590,6,1,7,hicexplorer/hicBuildMatrix.py
28261590,45,54,99,hicexplorer/hicBuildMatrix.py
28261590,163,75,238,hicexplorer/hicBuildMatrix.py
28261590,232,151,383,hicexplorer/hicBuildMatrix.py
28261590,12,7,19,hicexplorer/hicBuildMatrix.py
28261590,0,2,2,docs/conf.py
28261590,0,1,1,hicexplorer/HiCMatrix.py
28261590,1,2,3,hicexplorer/hicBuildMatrix.py
28261590,0,2,2,hicexplorer/hicCorrectMatrix.py
28261590,0,2,2,hicexplorer/hicCorrelate.py
28261590,0,7,7,hicexplorer/hicFindTADs.py
28261590,0,2,2,hicexplorer/hicLog2Ratio.py
28261590,0,2,2,hicexplorer/hicPlotDistVsCounts.py
28261590,0,5,5,hicexplorer/hicPlotMatrix.py
28261590,0,2,2,hicexplorer/hicSumMatrices.py
28261590,0,6,6,hicexplorer/readBed.py
28261590,0,2,2,hicexplorer/test/test_plotTads_plotMatrix.py
28261590,0,11,11,hicexplorer/trackPlot.py
28261590,0,6,6,hicexplorer/utilities.py
28261590,1,1,2,hicexplorer/hicCorrectMatrix.py
28261590,2,2,4,hicexplorer/utilities.py
28261590,2,2,4,hicexplorer/trackPlot.py
28261590,1,1,2,hicexplorer/readBed.py
28261590,10,5,15,hicexplorer/hicFindTADs.py
28261590,62,59,121,docs/conf.py
28261590,5,1,6,setup.py
28261590,0,1,1,hicexplorer/test/test_buildMatrix.py
28261590,9,10,19,hicexplorer/test/test_hicmatrix.py
28261590,4,3,7,hicexplorer/test/test_plotTads_plotMatrix.py
28261590,34,35,69,hicexplorer/HiCMatrix.py
28261590,1,1,2,hicexplorer/findRestSite.py
28261590,51,49,100,hicexplorer/hicBuildMatrix.py
28261590,26,26,52,hicexplorer/hicCorrectMatrix.py
28261590,13,13,26,hicexplorer/hicCorrelate.py
28261590,1,2,3,hicexplorer/hicFindEnrichedContacts.py
28261590,43,40,83,hicexplorer/hicFindTADs.py
28261590,1,2,3,hicexplorer/hicInfo.py
28261590,3,2,5,hicexplorer/hicLog2Ratio.py
28261590,8,7,15,hicexplorer/hicMergeMatrixBins.py
28261590,3,3,6,hicexplorer/hicMergeTADbins.py
28261590,10,8,18,hicexplorer/hicPlotDistVsCounts.py
28261590,36,33,69,hicexplorer/hicPlotMatrix.py
28261590,3,3,6,hicexplorer/hicPlotTADs.py
28261590,3,1,4,hicexplorer/hicSumMatrices.py
28261590,3,2,5,hicexplorer/parserCommon.py
28261590,14,6,20,hicexplorer/readBed.py
28261590,2,3,5,hicexplorer/reduceMatrix.py
28261590,113,105,218,hicexplorer/trackPlot.py
28261590,82,63,145,hicexplorer/utilities.py
28261590,170,0,170,scripts/hicComputeSaturation.py
28261590,15,8,23,hicexplorer/hicPlotMatrix.py
28261590,13,7,20,hicexplorer/hicPlotMatrix.py
28261590,3,153,156,hicexplorer/hicCorrectMatrix.py
28261590,2,2,4,hicexplorer/hicFindTADs.py
28261590,113,114,227,hicexplorer/reduceMatrix.py
28261590,1,1,2,hicexplorer/hicFindTADs.py
28261590,1,1,2,hicexplorer/_version.py
28261590,4,4,8,setup.py
28261590,2,2,4,setup.py
28261590,1,1,2,docs/conf.py
28261590,65,0,65,hicexplorer/hicPCA.py
28261590,1,1,2,hicexplorer/iterativeCorrection.py
28261590,5,5,10,hicexplorer/hicBuildMatrix.py
28261590,9,1,10,hicexplorer/trackPlot.py
28261590,64,35,99,hicexplorer/hicCorrectMatrix.py
28261590,12,15,27,hicexplorer/HiCMatrix.py
28261590,6,5,11,hicexplorer/hicMergeMatrixBins.py
28261590,5,0,5,hicexplorer/hicBuildMatrix.py
28261590,1,1,2,setup.py
28261590,42,5,47,setup.py
28261590,2,3,5,setup.py
28261590,4,2,6,setup.py
28261590,2,3,5,setup.py
28261590,4,3,7,setup.py
28261590,2,2,4,hicexplorer/hicBuildMatrix.py
28261590,2,2,4,hicexplorer/hicPlotMatrix.py
28261590,10,2,12,hicexplorer/hicFindTADs.py
28261590,0,6,6,hicexplorer/hicBuildMatrix.py
28261590,1,1,2,hicexplorer/hicFindTADs.py
28261590,3,3,6,hicexplorer/hicBuildMatrix.py
28261590,1,1,2,docs/conf.py
28261590,2,2,4,setup.py
28261590,3,2,5,setup.py
28261590,2,2,4,docs/conf.py
28261590,12,16,28,docs/conf.py
28261590,3,4,7,docs/conf.py
28261590,1,2,3,docs/conf.py
28261590,10,3,13,docs/conf.py
28261590,1,1,2,docs/conf.py
28261590,1,2,3,setup.py
28261590,1,2,3,setup.py
28261590,1,1,2,docs/conf.py
28261590,1,1,2,docs/conf.py
28261590,2,2,4,hicexplorer/findRestSite.py
28261590,11,9,20,hicexplorer/hicCorrectMatrix.py
28261590,1,1,2,hicexplorer/hicFindTADs.py
28261590,3,3,6,hicexplorer/hicPlotTADs.py
28261590,1,1,2,hicexplorer/test/test_plotTads_plotMatrix.py
28261590,3,1,4,hicexplorer/hicCorrectMatrix.py
28261590,1,1,2,hicexplorer/HiCMatrix.py
28261590,13,6,19,hicexplorer/hicPlotTADs.py
28261590,9,11,20,hicexplorer/trackPlot.py
28261590,68,29,97,hicexplorer/hicFindTADs.py
28261590,128,109,237,hicexplorer/HiCMatrix.py
28261590,2,2,4,hicexplorer/iterativeCorrection.py
28261590,103,61,164,hicexplorer/hicCorrectMatrix.py
28261590,4,0,4,hicexplorer/hicInfo.py
28261590,1,1,2,hicexplorer/hicFindTADs.py
28261590,8,2,10,hicexplorer/trackPlot.py
28261590,10,1,11,hicexplorer/iterativeCorrection.py
28261590,5,3,8,hicexplorer/hicFindTADs.py
28261590,168,64,232,hicexplorer/hicFindTADs.py
28261590,26,9,35,hicexplorer/HiCMatrix.py
28261590,62,3,65,hicexplorer/test/test_hicmatrix.py
28261590,84,47,131,hicexplorer/hicFindTADs.py
28261590,2,1,3,hicexplorer/utilities.py
28261590,102,18,120,hicexplorer/hicFindTADs.py
28261590,2,10,12,hicexplorer/HiCMatrix.py
28261590,7,1,8,hicexplorer/trackPlot.py
28261590,2,1,3,hicexplorer/hicFindTADs.py
28261590,155,351,506,hicexplorer/hicFindTADs.py
28261590,0,159,159,scripts/hicComputeSaturation.py
28261590,0,5,5,hicexplorer/hicBuildMatrix.py
28261590,14,16,30,hicexplorer/HiCMatrix.py
28261590,27,1,28,hicexplorer/test/test_hicmatrix.py
28261590,9,3,12,hicexplorer/HiCMatrix.py
28261590,34,5,39,hicexplorer/HiCMatrix.py
28261590,107,10,117,hicexplorer/hicFindTADs.py
28261590,20,8,28,hicexplorer/HiCMatrix.py
28261590,13,18,31,hicexplorer/hicPlotDistVsCounts.py
28261590,6,6,12,hicexplorer/hicBuildMatrix.py
28261590,68,40,108,hicexplorer/hicFindTADs.py
28261590,32,10,42,hicexplorer/findRestSite.py
28261590,1,1,2,hicexplorer/hicPlotMatrix.py
28261590,5,1,6,hicexplorer/hicBuildMatrix.py
28261590,4,2,6,hicexplorer/hicFindTADs.py
28261590,1,1,2,hicexplorer/hicPlotMatrix.py
28261590,45,0,45,hicexplorer/hicInfo.py
28261590,1,1,2,setup.py
28261590,3,1,4,hicexplorer/trackPlot.py
28261590,0,2,2,hicexplorer/hicSumMatrices.py
28261590,2,2,4,hicexplorer/trackPlot.py
28261590,13,6,19,hicexplorer/trackPlot.py
28261590,60,47,107,hicexplorer/trackPlot.py
28261590,1,1,2,setup.py
28261590,10,0,10,hicexplorer/test/test_plotTads_plotMatrix.py
28261590,137,25,162,hicexplorer/hicPlotMatrix.py
28261590,2,1,3,hicexplorer/trackPlot.py
28261590,1,1,2,hicexplorer/HiCMatrix.py
28261590,4,8,12,hicexplorer/test/test_plotTads_plotMatrix.py
28261590,1,1,2,setup.py
28261590,1,1,2,setup.py
28261590,2,2,4,hicexplorer/trackPlot.py
28261590,53,0,53,hicexplorer/test/test_plotTads_plotMatrix.py
28261590,36,16,52,hicexplorer/trackPlot.py
28261590,1,1,2,setup.py
28261590,17,7,24,hicexplorer/hicBuildMatrix.py
28261590,4,5,9,hicexplorer/HiCMatrix.py
28261590,5,4,9,hicexplorer/hicBuildMatrix.py
28261590,9,10,19,hicexplorer/trackPlot.py
28261590,7,10,17,hicexplorer/HiCMatrix.py
28261590,8,13,21,hicexplorer/hicBuildMatrix.py
28261590,15,18,33,hicexplorer/trackPlot.py
28261590,1,1,2,hicexplorer/_version.py
28261590,5,71,76,setup.py
28261590,6,1,7,hicexplorer/hicBuildMatrix.py
28261590,1,1,2,hicexplorer/trackPlot.py
28261590,2,9,11,hicexplorer/iterativeCorrection.py
28261590,5,8,13,hicexplorer/trackPlot.py
28261590,3,6,9,hicexplorer/readBed.py
28261590,16,5,21,hicexplorer/trackPlot.py
28261590,5,1,6,hicexplorer/trackPlot.py
28261590,9,9,18,hicexplorer/hicExport.py
28261590,6,3,9,hicexplorer/iterativeCorrection.py
28261590,13,70,83,hicexplorer/iterativeCorrection.py
28261590,3,0,3,hicexplorer/HiCMatrix.py
28261590,25,18,43,hicexplorer/hicCorrectMatrix.py
28261590,1,0,1,hicexplorer/hicPlotTADs.py
28261590,21,25,46,hicexplorer/trackPlot.py
28261590,9,7,16,hicexplorer/utilities.py
28261590,1,1,2,hicexplorer/readBed.py
28261590,1,1,2,hicexplorer/trackPlot.py
28261590,3,1,4,hicexplorer/hicFindEnrichedContacts.py
28261590,16,7,23,hicexplorer/utilities.py
28261590,5,4,9,hicexplorer/hicBuildMatrix.py
28261590,1,1,2,hicexplorer/hicMergeMatrixBins.py
28261590,19,1,20,hicexplorer/reduceMatrix.py
28261590,2,1,3,hicexplorer/test/test_buildMatrix.py
28261590,2,1,3,setup.py
28261590,1,1,2,hicexplorer/_version.py
28261590,7,4,11,hicexplorer/hicMergeTADbins.py
28261590,1,1,2,hicexplorer/hicPlotMatrix.py
28261590,28,4,32,hicexplorer/reduceMatrix.py
28261590,1,60,61,hicexplorer/hicFindTADs.py
28261590,132,0,132,hicexplorer/hicMergeTADbins.py
28261590,1,1,2,hicexplorer/trackPlot.py
28261590,1,1,2,hicexplorer/hicCorrectMatrix.py
28261590,58,3,61,hicexplorer/hicFindTADs.py
28261590,18,1,19,hicexplorer/hicMergeMatrixBins.py
28261590,3,0,3,hicexplorer/reduceMatrix.py
28261590,2,0,2,hicexplorer/utilities.py
28261590,2,1,3,hicexplorer/hicCorrelate.py
28261590,8,7,15,hicexplorer/trackPlot.py
28261590,5,0,5,hicexplorer/trackPlot.py
28261590,29,17,46,hicexplorer/trackPlot.py
28261590,2,1,3,hicexplorer/trackPlot.py
28261590,46,13,59,hicexplorer/trackPlot.py
28261590,6,5,11,hicexplorer/trackPlot.py
28261590,1,2,3,hicexplorer/trackPlot.py
28261590,1,1,2,docs/conf.py
28261590,5,3,8,hicexplorer/trackPlot.py
28261590,89,0,89,hicexplorer/hicLog2Ratio.py
28261590,10,3,13,hicexplorer/hicExport.py
28261590,4,1,5,hicexplorer/hicBuildMatrix.py
28261590,1,1,2,hicexplorer/hicCorrelate.py
28261590,1,1,2,hicexplorer/hicCorrelate.py
28261590,78,39,117,hicexplorer/HiCMatrix.py
28261590,33,3,36,hicexplorer/hicFindTADs.py
28261590,2,2,4,hicexplorer/hicSumMatrices.py
28261590,3,4,7,hicexplorer/hicBuildMatrix.py
28261590,14,14,28,hicexplorer/hicCorrectMatrix.py
28261590,2,2,4,hicexplorer/hicFindEnrichedContacts.py
28261590,7,4,11,hicexplorer/hicFindTADs.py
28261590,7,7,14,hicexplorer/hicMergeMatrixBins.py
28261590,3,3,6,hicexplorer/hicPlotMatrix.py
28261590,4,4,8,hicexplorer/hicSumMatrices.py
28261590,1,1,2,docs/conf.py
28261590,3,1,4,hicexplorer/hicExport.py
28261590,2,1,3,hicexplorer/HiCMatrix.py
28261590,3,3,6,hicexplorer/trackPlot.py
28261590,4,8,12,hicexplorer/hicSumMatrices.py
28261590,3,1,4,hicexplorer/readBed.py
28261590,19,6,25,hicexplorer/trackPlot.py
28261590,32,13,45,hicexplorer/hicFindTADs.py
28261590,4,0,4,hicexplorer/trackPlot.py
28261590,2,0,2,hicexplorer/HiCMatrix.py
28261590,1,1,2,hicexplorer/hicExport.py
28261590,10,0,10,hicexplorer/HiCMatrix.py
28261590,3,1,4,hicexplorer/hicExport.py
28261590,13,5,18,hicexplorer/hicFindTADs.py
28261590,35,0,35,hicexplorer/HiCMatrix.py
28261590,6,2,8,hicexplorer/hicExport.py
28261590,1,1,2,hicexplorer/HiCMatrix.py
28261590,6,5,11,hicexplorer/hicExport.py
28261590,18,4,22,hicexplorer/trackPlot.py
28261590,1,1,2,hicexplorer/hicExport.py
28261590,1,1,2,hicexplorer/HiCMatrix.py
28261590,21,12,33,hicexplorer/hicBuildMatrix.py
28261590,23,0,23,hicexplorer/test/test_buildMatrix.py
28261590,5,10,15,hicexplorer/HiCMatrix.py
28261590,0,4,4,hicexplorer/test/test_hicmatrix.py
28261590,1,1,2,hicexplorer/HiCMatrix.py
28261590,11,4,15,hicexplorer/hicBuildMatrix.py
28261590,84,12,96,hicexplorer/hicExport.py
28261590,7,0,7,hicexplorer/HiCMatrix.py
28261590,126,88,214,hicexplorer/HiCMatrix.py
28261590,46,0,46,hicexplorer/test/test_hicmatrix.py
28261590,2,1,3,setup.py
28261590,26,11,37,hicexplorer/HiCMatrix.py
28261590,0,110,110,scripts/hicCombineMatrices.py
28261590,25,1,26,hicexplorer/hicExport.py
28261590,74,29,103,hicexplorer/HiCMatrix.py
28261590,110,0,110,scripts/hicCombineMatrices.py
28261590,3,0,3,scripts/hicComputeSaturation.py
28261590,24,0,24,hicexplorer/hicFindTADs.py
28261590,36,28,64,hicexplorer/hicFindTADs.py
28261590,16,0,16,hicexplorer/trackPlot.py
28261590,34,6,40,hicexplorer/hicFindEnrichedContacts.py
28261590,18,8,26,hicexplorer/utilities.py
28261590,147,30,177,hicexplorer/HiCMatrix.py
28261590,1,1,2,hicexplorer/hicFindTADs.py
28261590,2,1,3,hicexplorer/trackPlot.py
28261590,6,1,7,hicexplorer/trackPlot.py
28261590,1,1,2,hicexplorer/trackPlot.py
28261590,15,10,25,hicexplorer/hicFindTADs.py
28261590,1,2,3,hicexplorer/trackPlot.py
28261590,69,68,137,hicexplorer/hicFindTADs.py
28261590,4,0,4,hicexplorer/HiCMatrix.py
28261590,44,26,70,hicexplorer/HiCMatrix.py
28261590,10,11,21,hicexplorer/hicExport.py
28261590,5,6,11,hicexplorer/HiCMatrix.py
28261590,2,2,4,hicexplorer/hicExport.py
28261590,3,3,6,hicexplorer/hicExport.py
28261590,1,1,2,hicexplorer/findRestSite.py
28261590,1,2,3,hicexplorer/hicFindTADs.py
28261590,2,1,3,hicexplorer/HiCMatrix.py
28261590,2,1,3,docs/conf.py
28261590,69,1642,1711,hicexplorer/hicPlotTADs.py
28261590,0,319,319,hicexplorer/hicPlotTADs_multit.py
28261590,1,1,2,setup.py
28261590,123,0,123,hicexplorer/hicPlotDistVsCounts.py
28261590,0,0,0,{hicexplorer => scripts}/hicComputeSaturation.py
28261590,1,1,2,setup.py
28261590,0,1,1,hicexplorer/hicFindTADs.py
28261590,2,2,4,hicexplorer/hicFindTADs.py
28261590,3,2,5,hicexplorer/hicFindTADs.py
28261590,156,0,156,hicexplorer/hicComputeSaturation.py
28261590,1,1,2,setup.py
28261590,1,0,1,hicexplorer/HiCMatrix.py
28261590,1,1,2,hicexplorer/hicFindTADs.py
28261590,8,4,12,hicexplorer/hicFindTADs.py
28261590,1,1,2,hicexplorer/hicPlotMatrix.py
28261590,47,17,64,hicexplorer/hicFindTADs.py
28261590,12,0,12,hicexplorer/hicPlotTADs_multit.py
28261590,32,12,44,hicexplorer/trackPlot.py
28261590,8,8,16,hicexplorer/HiCMatrix.py
28261590,9,11,20,hicexplorer/hicExport.py
28261590,33,22,55,hicexplorer/HiCMatrix.py
28261590,31,12,43,hicexplorer/HiCMatrix.py
28261590,6,3,9,hicexplorer/hicPlotMatrix.py
28261590,33,7,40,hicexplorer/hicExport.py
28261590,5,3,8,hicexplorer/HiCMatrix.py
28261590,11,14,25,hicexplorer/HiCMatrix.py
28261590,1,1,2,hicexplorer/HiCMatrix.py
28261590,29,3,32,hicexplorer/HiCMatrix.py
28261590,28,5,33,hicexplorer/HiCMatrix.py
28261590,112,71,183,hicexplorer/trackPlot.py
28261590,5,2,7,hicexplorer/trackPlot.py
28261590,7,1,8,hicexplorer/hicPlotTADs.py
28261590,48,3,51,hicexplorer/hicFindTADs.py
28261590,123,54,177,hicexplorer/hicBuildMatrix.py
28261590,1,1,2,hicexplorer/HiCMatrix.py
28261590,8,0,8,hicexplorer/HiCMatrix.py
28261590,56,44,100,hicexplorer/trackPlot.py
28261590,90,54,144,hicexplorer/trackPlot.py
28261590,11,3,14,hicexplorer/hicBuildMatrix.py
28261590,32,49,81,hicexplorer/hicBuildMatrix.py
28261590,99,13,112,hicexplorer/hicBuildMatrix.py
28261590,21,8,29,hicexplorer/hicBuildMatrix.py
28261590,2,0,2,hicexplorer/hicPlotTADs_multit.py
28261590,4,0,4,hicexplorer/HiCMatrix.py
28261590,37,50,87,hicexplorer/hicBuildMatrix.py
28261590,22,3,25,hicexplorer/hicCorrectMatrix.py
28261590,18,8,26,hicexplorer/trackPlot.py
28261590,1,1,2,hicexplorer/reduceMatrix.py
28261590,37,16,53,hicexplorer/hicPlotTADs_multit.py
28261590,25,2,27,hicexplorer/HiCMatrix.py
28261590,64,18,82,hicexplorer/hicCorrectMatrix.py
28261590,6,0,6,hicexplorer/trackPlot.py
28261590,122,13,135,hicexplorer/hicCorrectMatrix.py
28261590,6,7,13,hicexplorer/hicMergeMatrixBins.py
28261590,4,3,7,hicexplorer/hicCorrectMatrix.py
28261590,12,15,27,hicexplorer/hicBuildMatrix.py
28261590,1,1,2,hicexplorer/hicBuildMatrix.py
28261590,2,2,4,hicexplorer/hicFindTADs.py
28261590,17,9,26,hicexplorer/hicFindTADs.py
28261590,1,1,2,hicexplorer/hicFindTADs.py
28261590,51,57,108,hicexplorer/hicFindTADs.py
28261590,5,2,7,hicexplorer/trackPlot.py
28261590,9,0,9,hicexplorer/HiCMatrix.py
28261590,153,140,293,hicexplorer/hicFindTADs.py
28261590,4,10,14,hicexplorer/hicPlotTADs_multit.py
28261590,105,45,150,hicexplorer/trackPlot.py
28261590,81,72,153,hicexplorer/trackPlot.py
28261590,0,8,8,hicexplorer/hicPlotTADs_multit.py
28261590,4,4,8,hicexplorer/readBed.py
28261590,138,19,157,hicexplorer/trackPlot.py
28261590,16,6,22,hicexplorer/hicPlotTADs_multit.py
28261590,214,0,214,hicexplorer/readBed.py
28261590,396,2,398,hicexplorer/trackPlot.py
28261590,1,1,2,hicexplorer/hicPlotTADs_multit.py
28261590,179,63,242,hicexplorer/trackPlot.py
28261590,2,0,2,hicexplorer/hicPlotTADs.py
28261590,2,2,4,hicexplorer/hicPlotTADs_multit.py
28261590,84,85,169,hicexplorer/trackPlot.py
28261590,10,1428,1438,hicexplorer/hicPlotTADs_multit.py
28261590,567,97,664,hicexplorer/trackPlot.py
28261590,1706,0,1706,hicexplorer/hicPlotTADs_multit.py
28261590,272,0,272,hicexplorer/trackPlot.py
28261590,6,6,12,hicexplorer/hicPlotTADs.py
28261590,7,1,8,hicexplorer/hicFindTADs.py
28261590,108,47,155,hicexplorer/hicFindTADs.py
28261590,16,13,29,hicexplorer/HiCMatrix.py
28261590,10,3,13,hicexplorer/hicPlotTADs.py
28261590,2,0,2,hicexplorer/HiCMatrix.py
28261590,62,64,126,hicexplorer/hicPlotTADs.py
28261590,78,30,108,hicexplorer/hicPlotTADs.py
28261590,2,1,3,hicexplorer/utilities.py
28261590,32,18,50,hicexplorer/findRestSite.py
28261590,1,1,2,docs/conf.py
28261590,1,6,7,hicexplorer/hicCorrelate.py
28261590,3,2,5,docs/conf.py
28261590,1,0,1,docs/conf.py
28261590,2,8,10,hicexplorer/hicPlotMatrix.py
28261590,22,2,24,hicexplorer/hicPlotTADs.py
28261590,4,2,6,docs/conf.py
28261590,2,1,3,docs/conf.py
28261590,8,0,8,docs/conf.py
28261590,1,1,2,setup.py
28261590,8,7,15,hicexplorer/hicFindTADs.py
28261590,6,5,11,hicexplorer/hicCorrectMatrix.py
28261590,26,10,36,hicexplorer/hicCorrectMatrix.py
28261590,24,25,49,hicexplorer/HiCMatrix.py
28261590,5,1,6,hicexplorer/_version.py
28261590,3,0,3,hicexplorer/hicMergeMatrixBins.py
28261590,2,2,4,hicexplorer/HiCMatrix.py
28261590,22,4,26,docs/conf.py
28261590,1,2,3,hicexplorer/hicFindTADs.py
28261590,2,0,2,hicexplorer/hicCorrectMatrix.py
28261590,1,1,2,hicexplorer/hicFindTADs.py
28261590,631,226,857,hicexplorer/hicFindTADs.py
28261590,196,59,255,hicexplorer/hicCorrectMatrix.py
28261590,13,1,14,hicexplorer/HiCMatrix.py
28261590,11,9,20,hicexplorer/hicPlotTADs.py
28261590,35,3,38,hicexplorer/hicPlotTADs.py
28261590,6,4,10,hicexplorer/hicExport.py
28261590,2,2,4,hicexplorer/hicSumMatrices.py
28261590,16,9,25,hicexplorer/hicPlotMatrix.py
28261590,6,0,6,hicexplorer/HiCMatrix.py
28261590,10,2,12,hicexplorer/hicPlotTADs.py
28261590,3,3,6,hicexplorer/hicCorrectMatrix.py
28261590,3,2,5,hicexplorer/hicPlotTADs.py
28261590,11,2,13,hicexplorer/hicBuildMatrix.py
28261590,73,22,95,hicexplorer/hicPlotTADs.py
28261590,132,31,163,hicexplorer/hicPlotTADs.py
28261590,1,1,2,hicexplorer/hicBuildMatrix.py
28261590,1,1,2,hicexplorer/hicBuildMatrix.py
28261590,13,6,19,hicexplorer/hicPlotTADs.py
28261590,230,43,273,hicexplorer/hicPlotTADs.py
28261590,4,1,5,hicexplorer/HiCMatrix.py
28261590,5,2,7,hicexplorer/HiCMatrix.py
28261590,1,1,2,hicexplorer/HiCMatrix.py
28261590,11,3,14,hicexplorer/findRestSite.py
28261590,3,3,6,hicexplorer/findRestSite.py
28261590,31,7,38,hicexplorer/findRestSite.py
28261590,9,6,15,hicexplorer/findRestSite.py
28261590,58,70,128,hicexplorer/hicPlotTADs.py
28261590,12,1,13,hicexplorer/hicPlotTADs.py
28261590,2,2,4,hicexplorer/findRestSite.py
28261590,1,1,2,setup.py
28261590,2,1,3,setup.py
28261590,288,0,288,docs/conf.py
28261590,10,15,25,hicexplorer/hicFindEnrichedContacts.py
28261590,17,24,41,hicexplorer/hicMergeMatrixBins.py
28261590,14,20,34,hicexplorer/hicSumMatrices.py
28261590,19,0,19,hicexplorer/parserCommon.py
28261590,0,0,0,hicexplorer/HiCMatrix.py
28261590,9,14,23,hicexplorer/findRestSite.py
28261590,0,0,0,hicexplorer/hicBuildMatrix.py
28261590,16,25,41,hicexplorer/hicCorrectMatrix.py
28261590,57,71,128,hicexplorer/hicCorrelate.py
28261590,18,23,41,hicexplorer/hicExport.py
28261590,0,0,0,hicexplorer/hicFindEnrichedContacts.py
28261590,0,0,0,hicexplorer/hicFindTADs.py
28261590,0,0,0,hicexplorer/hicMergeMatrixBins.py
28261590,0,0,0,hicexplorer/hicPlotMatrix.py
28261590,0,0,0,hicexplorer/hicPlotTADs.py
28261590,0,0,0,hicexplorer/hicSumMatrices.py
28261590,0,0,0,hicexplorer/iterativeCorrection.py
28261590,0,0,0,hicexplorer/utilities.py
28261590,0,0,0,bin/findRestSite => hicexplorer/findRestSite.py
28261590,0,0,0,bin/hicCorrectMatrix => hicexplorer/hicCorrectMatrix.py
28261590,0,0,0,bin/hicCorrelate => hicexplorer/hicCorrelate.py
28261590,0,0,0,bin/hicExport => hicexplorer/hicExport.py
28261590,0,0,0,bin/hicFindEnrichedContacts => hicexplorer/hicFindEnrichedContacts.py
28261590,0,0,0,bin/hicMergeMatrixBins => hicexplorer/hicMergeMatrixBins.py
28261590,1,1,2,hicexplorer/hicPlotMatrix.py
28261590,0,0,0,bin/hicSumMatrices => hicexplorer/hicSumMatrices.py
28261590,4,9,13,hicexplorer/hicFindTADs.py
28261590,363,0,363,hicexplorer/hicPlotMatrix.py
28261590,7,6,13,hicexplorer/hicBuildMatrix.py
28261590,4,9,13,hicexplorer/hicPlotTADs.py
28261590,397,0,397,hicexplorer/hicFindTADs.py
28261590,0,0,0,bin/hicBuildMatrix => hicexplorer/hicBuildMatrix.py
28261590,0,0,0,bin/hicPlotTADs => hicexplorer/hicPlotTADs.py
28261590,10,1,11,hicexplorer/HiCMatrix.py
28261590,1,0,1,hicexplorer/_version.py
28261590,4,0,4,hicexplorer/iterativeCorrection.py
28261590,7,5,12,hicexplorer/utilities.py
28261590,23,1,24,hicexplorer/HiCMatrix.py
28261590,11,19,30,hicexplorer/iterativeCorrection.py
28261590,881,0,881,hicexplorer/utilities.py
28261590,0,0,0,hicexplorer/__init__.py
28261590,1,1,2,hicexplorer/HiCMatrix.py
28261590,1,1,2,setup.py
28261590,145,0,145,setup.py
28261590,0,0,0,hicexplorer/reduceMatrix.py
28261590,999,0,999,hicexplorer/HiCMatrix.py
28261590,142,0,142,hicexplorer/iterativeCorrection.py
28261590,184,0,184,hicexplorer/reduceMatrix.py
47754491,4,3,7,steganography.py
47754491,501,0,501,checkers.py
47754491,139,0,139,steganography.py
47754491,375,0,375,ping.py
47754491,21,0,21,enigma.py
47754491,7,0,7,modbusclient.py
47754491,5,4,9,encode.py
47754491,18,0,18,base85.py
47754491,79,0,79,encode.py
47754491,1,0,1,base91.py
47754491,3,2,5,rot13.py
47754491,18,0,18,binary.py
47754491,19,0,19,rot13.py
47754491,1,1,2,pycurl-example.py
47754491,20,0,20,qttest.py
47754491,83,0,83,websitescrapefasttrack.py
47754491,30,5,35,puzzle.py
47754491,4,0,4,puzzle.py
47754491,190,0,190,puzzle.py
47754491,7,2,9,webcamlive.py
47754491,6,2,8,webcamlive.py
47754491,4,1,5,webcam.py
47754491,20,0,20,webcamlive.py
47754491,6,0,6,imageshow.py
47754491,2,1,3,webcam.py
47754491,1,0,1,webcam2.py
47754491,32,0,32,webcam2.py
47754491,19,0,19,client.py
47754491,27,0,27,server.py
47754491,6,2,8,rotate-gv.py
47754491,125,0,125,rotate-gv.py
47754491,117,0,117,rotate14.py
47754491,4,2,6,calculator-tk.py
47754491,63,54,117,calculator-tk.py
47754491,19,2,21,calculator-tk.py
47754491,38,25,63,calculator-tk.py
47754491,0,0,0,calculator.py => calculator-tk.py
47754491,1,1,2,calculator.py
47754491,106,0,106,calculator.py
47754491,109,0,109,base91.py
47754491,53,0,53,fractal.py
47754491,1,1,2,Anotheruitest.py
47754491,8,6,14,click.py
47754491,1,1,2,event-tester.py
47754491,1,2,3,scribble.py
47754491,20,0,20,pytests.py
47754491,270,0,270,kalitools/bully/bully-master/src/bully.py
47754491,0,0,0,Anotheruitest.py
47754491,0,0,0,RCF.py
47754491,0,0,0,RightClick-v2.py
47754491,0,0,0,RightClick-v4.py
47754491,0,0,0,RightClick.py
47754491,0,0,0,TrayAllClicksMenu.py
47754491,0,0,0,TrayLeftClickMenu.py
47754491,0,0,0,TrayRightClickMenu.py
47754491,0,0,0,TrayTypical.py
47754491,0,0,0,cliargs.py
47754491,0,0,0,event-tester.py
47754491,0,0,0,gtkmenu.py
47754491,0,0,0,pycurl-example.py
47754491,0,0,0,pyfunctions.py
47754491,0,0,0,pykey-test.py
47754491,0,0,0,pymouse-simple.py
47754491,0,0,0,pymusic.py
47754491,0,0,0,rightclick-gv.py
47754491,0,0,0,rightclick-tester.py
47754491,0,0,0,sched.py
47754491,0,0,0,scribble.py
47754491,0,0,0,tests.py
47754491,0,0,0,tkinter-3.py
47754491,0,0,0,tkinter-hello.py
47754491,0,0,0,uinput-simple.py
47754491,0,0,0,webcam.py
47754491,16,0,16,webcam.py
47754491,0,0,0,a.py
47754491,0,0,0,b.py
47754491,0,0,0,a.py
47754491,0,0,0,b.py
47754491,0,0,0,tmp2/a.py
47754491,0,0,0,tmp2/b.py
47754491,29,9,38,tests.py
47754491,14,0,14,tests.py
47754491,16,0,16,pycurl-example.py
47754491,22,0,22,pymusic.py
47754491,2,0,2,pyfunctions.py
47754491,115,34,149,sched.py
47754491,0,19,19,foldera/tkinter-3.py
47754491,0,19,19,folderb/tkinter-3.py
47754491,0,19,19,folderc/tkinter-3.py
47754491,53,0,53,sched.py
47754491,190,0,190,RCF.py
47754491,19,0,19,foldera/tkinter-3.py
47754491,19,0,19,folderb/tkinter-3.py
47754491,19,0,19,folderc/tkinter-3.py
47754491,37,0,37,pyfunctions.py
47754491,15,7,22,cliargs.py
47754491,20,12,32,cliargs.py
47754491,22,0,22,pykey-test.py
47754491,11,15,26,rightclick-gv.py
47754491,1,1,2,event-tester.py
47754491,1,1,2,pymouse-simple.py
47754491,56,0,56,rightclick-gv.py
47754491,5,1,6,rightclick-tester.py
47754491,1,1,2,pymouse-simple.py
47754491,2,1,3,pymouse-simple.py
47754491,3,0,3,rightclick-tester.py
47754491,15,0,15,rightclick-tester.py
47754491,50,46,96,rightclick-tester.py
47754491,3,1,4,rightclick-tester.py
47754491,37,24,61,rightclick-tester.py
47754491,1,1,2,rightclick-tester.py
47754491,5,18,23,event-tester.py
47754491,72,0,72,rightclick-tester.py
47754491,35,0,35,event-tester.py
47754491,3,2,5,pymouse-simple.py
47754491,10,11,21,RightClick-v2.py
47754491,228,0,228,RightClick-v4.py
47754491,11,1,12,pymouse-simple.py
47754491,121,0,121,scribble.py
47754491,23,0,23,pymouse-simple.py
47754491,1,1,2,uinput-simple.py
47754491,168,0,168,RightClick-v0.py
47754491,35,23,58,RightClick-v3.py => RightClick-v2.py
47754491,144,151,295,RightClick.py
47754491,12,0,12,uinput-simple.py
47754491,42,9,51,RightClick-v3.py
47754491,3,0,3,RightClick.py
47754491,12,11,23,uinput-click.py
47754491,13,7,20,uinput-simple.py
47754491,1,0,1,uinput-simple.py
47754491,20,6,26,RightClick-v3.py
47754491,20,0,20,cliargs.py
47754491,0,189,189,RightClick v2.py
47754491,1,0,1,RightClick-v3.py
47754491,50,0,50,TrayAllClicksMenu.py
47754491,75,0,75,TrayLeftClickMenu.py
47754491,5,11,16,StatusIcon2.py => TrayRightClickMenu.py
47754491,6,1,7,StatusIcon.py => TrayTypical.py
47754491,106,0,106,gtkmenu.py
47754491,51,0,51,StatusIcon2.py
47754491,8,0,8,StatusIcon2.py
47754491,169,0,169,RightClick-v3.py
47754491,51,0,51,StatusIcon.py
47754491,1,1,2,uinput-click.py
47754491,15,0,15,uinput-simple.py
47754491,0,0,0,tkinter-hallo.py => tkinter-hello.py
47754491,1,0,1,devlist.py
47754491,3,1,4,tkinter-3.py
47754491,4,2,6,click.py
47754491,9,16,25,Anotheruitest.py
47754491,4,4,8,RightClick v2.py
47754491,6,6,12,Anotheruitest.py
47754491,7,7,14,uinput-click.py
47754491,34,3,37,Anotheruitest.py
47754491,5,3,8,uinput-click.py
47754491,11,0,11,Anotheruitest.py
47754491,17,0,17,tkinter-3.py
47754491,12,0,12,tkinter-hallo.py
47754491,1,1,2,click.py
47754491,5,4,9,click.py
47754491,3,2,5,RightClick v2.py
47754491,30,7,37,RightClick v2.py
47754491,165,0,165,RightClick v2.py
47754491,1,0,1,click.py
47754491,8,9,17,click.py
47754491,1,0,1,devlist.py
47754491,165,0,165,RightClick.py
47754491,0,0,0,click.py
47754491,90,0,90,uinput-click-vbox.py
47754491,98,0,98,uinput-click.py
47754491,1,0,1,click.py
47754491,1,0,1,click.py
47754491,12,0,12,click.py
47754491,0,0,0,devlist.py
47754491,8,0,8,devlist.py
29126205,2,2,4,code/xcorr_namaster.py
29126205,11,5,16,code/xcorr_namaster.py
29126205,8,1,9,code/xcorr_namaster.py
29126205,1,1,2,code/xcorr_namaster.py
29126205,4,0,4,code/xcorr_namaster.py
29126205,4,0,4,code/xcorr_namaster.py
29126205,12,2,14,code/xcorr_namaster.py
29126205,2,2,4,code/xcorr_namaster.py
29126205,1,1,2,code/xcorr_namaster.py
29126205,3,0,3,code/xcorr_namaster.py
29126205,5,1,6,code/xcorr_namaster.py
29126205,4,0,4,code/xcorr_namaster.py
29126205,4,5,9,code/xcorr_namaster.py
29126205,24,5,29,code/xcorr_namaster.py
29126205,8,2,10,code/xcorr_namaster.py
29126205,2,2,4,code/xcorr_namaster.py
29126205,4,1,5,code/xcorr_namaster.py
29126205,4,1,5,code/xcorr_namaster.py
29126205,2,0,2,code/xcorr_namaster.py
29126205,6,1,7,code/xcorr_namaster.py
29126205,5,2,7,code/xcorr_namaster.py
29126205,3,1,4,code/xcorr_planck.py
29126205,2,2,4,code/xcorr_planck.py
29126205,21,9,30,code/xcorr_namaster.py
29126205,58,2,60,code/xcorr_namaster.py
29126205,5,3,8,code/xcorr_planck.py
29126205,2,0,2,code/xcorr_namaster.py
29126205,1,1,2,code/xcorr_namaster.py
29126205,1,1,2,code/xcorr_planck.py
29126205,6,1,7,code/xcorr_namaster.py
29126205,1,1,2,code/xcorr_planck.py
29126205,21,5,26,code/xcorr_planck.py
29126205,16,0,16,code/xcorr_planck.py
29126205,5,2,7,code/xcorr_namaster.py
29126205,9,0,9,code/xcorr_namaster.py
29126205,61,0,61,code/generate_sims_S.py
29126205,10,2,12,code/xcorr_posterior_maps.py
29126205,1,1,2,code/xcorr_namaster.py
29126205,1,1,2,code/xcorr_posterior_maps.py
29126205,1,1,2,code/xcorr_posterior_maps.py
29126205,3,1,4,code/xcorr_posterior_maps.py
29126205,42,0,42,code/xcorr_posterior_maps.py
29126205,3,2,5,code/xcorr_namaster.py
29126205,14,2,16,code/NaMaster_Planck.py
29126205,145,0,145,code/NaMaster_Planck.py
29126205,74,0,74,code/xcorr_namaster.py
29126205,2,1,3,code/xcorr_namaster.py
29126205,2,2,4,code/xcorr_namaster.py
29126205,1,1,2,code/xcorr_namaster.py
29126205,1,1,2,code/xcorr_namaster.py
29126205,1,2,3,code/xcorr_namaster.py
29126205,4,1,5,code/xcorr_namaster.py
29126205,2,1,3,code/xcorr_namaster.py
29126205,1,1,2,code/xcorr_namaster.py
29126205,13,1,14,code/xcorr_namaster.py
29126205,1,1,2,code/xcorr_namaster.py
29126205,1,1,2,code/xcorr_namaster.py
29126205,18,3,21,code/xcorr_namaster.py
29126205,1,1,2,code/xcorr_namaster.py
29126205,5,0,5,code/xcorr_namaster.py
29126205,1,1,2,code/xcorr_namaster.py
29126205,0,1,1,code/xcorr_namaster.py
29126205,9,3,12,code/xcorr_namaster.py
29126205,2,1,3,code/xcorr_namaster.py
29126205,1,0,1,code/xcorr_namaster.py
29126205,5,0,5,code/xcorr_namaster.py
29126205,4,3,7,code/xcorr_namaster.py
29126205,14,39,53,code/xcorr_namaster.py
29126205,46,4,50,code/xcorr_namaster.py
29126205,7,7,14,code/xcorr_namaster.py
29126205,25,6,31,code/xcorr_namaster.py
29126205,1,1,2,code/xcorr_namaster.py
29126205,10,3,13,code/xcorr_namaster.py
29126205,5,2,7,code/xcorr_namaster.py
29126205,1,1,2,code/xcorr_namaster.py
29126205,2,2,4,code/xcorr_namaster.py
29126205,127,1,128,code/xcorr_namaster.py
29126205,5,0,5,code/xcorr_namaster.py
29126205,20,5,25,code/NaMaster_sims_fast.py
29126205,169,0,169,code/NaMaster_sims_fast.py
29126205,140,73,213,code/polspice_calibration.py
29126205,12,11,23,code/autocorr_bin.py
29126205,32,29,61,code/autocorr_parameter_wrapper.py
29126205,61,3,64,code/generate_sims.py
29126205,62,61,123,code/mask_apod_automate.py
29126205,206,0,206,code/polspice_calibration.py
29126205,1,1,2,code/generate_sims.py
29126205,1,1,2,code/generate_sims.py
29126205,12,4,16,code/mask_apod_automate.py
29126205,6,3,9,code/parameter_estimation.py
29126205,1,1,2,code/parameter_estimation.py
29126205,1,1,2,code/parameter_estimation.py
29126205,1,1,2,code/parameter_estimation.py
29126205,1,1,2,code/parameter_estimation.py
29126205,1,1,2,code/parameter_estimation.py
29126205,1,1,2,code/parameter_estimation.py
29126205,1,1,2,code/parameter_estimation.py
29126205,1,1,2,code/parameter_estimation.py
29126205,1,1,2,code/parameter_estimation.py
29126205,1,1,2,code/parameter_estimation.py
29126205,1,1,2,code/parameter_estimation.py
29126205,1,1,2,code/parameter_estimation.py
29126205,1,1,2,code/parameter_estimation.py
29126205,1,1,2,code/parameter_estimation.py
29126205,1,1,2,code/parameter_estimation.py
29126205,1,1,2,code/parameter_estimation.py
29126205,1,1,2,code/parameter_estimation.py
29126205,1,1,2,code/parameter_estimation.py
29126205,1,1,2,code/parameter_estimation.py
29126205,1,1,2,code/parameter_estimation.py
29126205,1,1,2,code/parameter_estimation.py
29126205,3,2,5,code/parameter_estimation.py
29126205,1,1,2,code/parameter_estimation.py
29126205,2,2,4,code/parameter_estimation.py
29126205,3,3,6,code/parameter_estimation.py
29126205,1,1,2,code/parameter_estimation.py
29126205,1,1,2,code/parameter_estimation.py
29126205,1,1,2,code/parameter_estimation.py
29126205,1,1,2,code/parameter_estimation.py
29126205,1,1,2,code/parameter_estimation.py
29126205,1,1,2,code/parameter_estimation.py
29126205,1,1,2,code/parameter_estimation.py
29126205,1,1,2,code/parameter_estimation.py
29126205,1,1,2,code/parameter_estimation.py
29126205,1,1,2,code/parameter_estimation.py
29126205,1,1,2,code/parameter_estimation.py
29126205,1,1,2,code/parameter_estimation.py
29126205,1,1,2,code/parameter_estimation.py
29126205,1,1,2,code/parameter_estimation.py
29126205,3,2,5,code/parameter_estimation.py
29126205,3,2,5,code/parameter_estimation.py
29126205,1,1,2,code/parameter_estimation.py
29126205,4,2,6,code/parameter_estimation.py
29126205,1,1,2,code/parameter_estimation.py
29126205,4,0,4,code/parameter_estimation.py
29126205,2,0,2,code/parameter_estimation.py
29126205,1,0,1,code/parameter_estimation.py
29126205,37,6,43,code/parameter_estimation.py
29126205,1,1,2,code/parameter_estimation.py
29126205,1,0,1,code/parameter_estimation.py
29126205,12,8,20,code/parameter_estimation.py
29126205,1,1,2,code/parameter_estimation.py
29126205,1,1,2,code/parameter_estimation.py
29126205,1,1,2,code/parameter_estimation.py
29126205,1,1,2,code/parameter_estimation.py
29126205,1,1,2,code/parameter_estimation.py
29126205,1,1,2,code/parameter_estimation.py
29126205,1,1,2,code/parameter_estimation.py
29126205,1,1,2,code/parameter_estimation.py
29126205,1,1,2,code/parameter_estimation.py
29126205,1,1,2,code/parameter_estimation.py
29126205,1,1,2,code/parameter_estimation.py
29126205,1,1,2,code/parameter_estimation.py
29126205,1,1,2,code/parameter_estimation.py
29126205,1,1,2,code/parameter_estimation.py
29126205,1,1,2,code/parameter_estimation.py
29126205,1,1,2,code/parameter_estimation.py
29126205,1,1,2,code/parameter_estimation.py
29126205,3,1,4,code/parameter_estimation.py
29126205,1,1,2,code/parameter_estimation.py
29126205,1,1,2,code/parameter_estimation.py
29126205,2,1,3,code/parameter_estimation.py
29126205,4,1,5,code/parameter_estimation.py
29126205,14,0,14,code/run_autocorr_automate.py
29126205,60,0,60,code/autocorr_parameter_wrapper.py
29126205,49,0,49,code/generate_sims.py
29126205,61,0,61,code/autocorr_bin.py
29126205,84,0,84,code/mask_apod_automate.py
29126205,1,0,1,code/parameter_estimation.py
29126205,20,2,22,code/plaszczynski.py
29126205,4,2,6,code/plot_xcorr.py
29126205,4,2,6,code/parameter_estimation.py
29126205,10,9,19,code/plaszczynski.py
29126205,11,4,15,code/plaszczynski.py
29126205,7,3,10,code/parameter_estimation.py
29126205,5,3,8,code/TQU_setup.py
29126205,1,2,3,code/xcorr_bin_polspice.py
29126205,21,0,21,code/TQU_setup.py
29126205,0,0,0,code/__init__.py
29126205,49,4,53,code/convert_TQUmap_Equ_to_Gal.py
29126205,156,0,156,code/coord_v_convert.py
29126205,38,0,38,code/mwe_meanbayes.py
29126205,126,0,126,code/plot_example_xcorr.py
29126205,78,35,113,code/plot_map_outcomes.py
29126205,34,0,34,code/plot_planck_naive_flatprior_maps.py
29126205,73,0,73,code/plot_prexcorr_maps.py
29126205,116,0,116,code/plot_xcorr.py
29126205,2,2,4,code/rht_to_planck.py
29126205,106,0,106,code/rotate_TQU_anglebins.py
29126205,15,0,15,code/rotate_map_alm.py
29126205,33,0,33,code/rotate_map_test.py
29126205,65,0,65,code/test_bayes.py
29126205,245,0,245,code/test_bayesian_machinery.py
29126205,80,0,80,code/test_psi_pdfs.py
29126205,101,0,101,code/test_theta_pdfs.py
29126205,11,3,14,code/xcorr_bin_polspice.py
29126205,2,0,2,code/bayesian_machinery.py
29126205,3,0,3,code/bayesian_machinery.py
29126205,2,0,2,code/bayesian_machinery.py
29126205,2,0,2,code/bayesian_machinery.py
29126205,1,1,2,code/bayesian_machinery.py
29126205,9,2,11,code/bayesian_machinery.py
29126205,1,1,2,code/parameter_estimation.py
29126205,14,8,22,code/parameter_estimation.py
29126205,1,1,2,code/parameter_estimation.py
29126205,1,1,2,code/parameter_estimation.py
29126205,1,1,2,code/parameter_estimation.py
29126205,1,1,2,code/parameter_estimation.py
29126205,1,1,2,code/parameter_estimation.py
29126205,1,1,2,code/parameter_estimation.py
29126205,1,1,2,code/parameter_estimation.py
29126205,1,1,2,code/parameter_estimation.py
29126205,1,1,2,code/parameter_estimation.py
29126205,1,1,2,code/parameter_estimation.py
29126205,1,1,2,code/parameter_estimation.py
29126205,44,1,45,code/parameter_estimation.py
29126205,1,1,2,code/parameter_estimation.py
29126205,1,0,1,code/parameter_estimation.py
29126205,1,1,2,code/parameter_estimation.py
29126205,1,1,2,code/parameter_estimation.py
29126205,1,1,2,code/parameter_estimation.py
29126205,89,2,91,code/parameter_estimation.py
29126205,1,1,2,code/parameter_estimation.py
29126205,1,1,2,code/parameter_estimation.py
29126205,1,1,2,code/parameter_estimation.py
29126205,2,1,3,code/parameter_estimation.py
29126205,1,1,2,code/parameter_estimation.py
29126205,2,2,4,code/parameter_estimation.py
29126205,16,4,20,code/parameter_estimation.py
29126205,2,2,4,code/parameter_estimation.py
29126205,1,1,2,code/rht_to_planck.py
29126205,84,1,85,code/parameter_estimation.py
29126205,164,0,164,code/galfa_name_lookup.py
29126205,6,7,13,code/rht_to_planck.py
29126205,1,1,2,code/parameter_estimation.py
29126205,1,1,2,code/parameter_estimation.py
29126205,1,1,2,code/parameter_estimation.py
29126205,1,1,2,code/parameter_estimation.py
29126205,1,1,2,code/parameter_estimation.py
29126205,1,1,2,code/parameter_estimation.py
29126205,1,1,2,code/parameter_estimation.py
29126205,1,1,2,code/parameter_estimation.py
29126205,1,1,2,code/parameter_estimation.py
29126205,1,1,2,code/parameter_estimation.py
29126205,1,1,2,code/parameter_estimation.py
29126205,1,1,2,code/parameter_estimation.py
29126205,1,1,2,code/parameter_estimation.py
29126205,1,1,2,code/parameter_estimation.py
29126205,2,2,4,code/parameter_estimation.py
29126205,3,1,4,code/parameter_estimation.py
29126205,73,2,75,code/parameter_estimation.py
29126205,0,6,6,code/rhtdata_to_galfacubes.py
29126205,1,1,2,code/bayesian_machinery.py
29126205,9,5,14,code/bayesian_machinery.py
29126205,23,15,38,code/bayesian_machinery.py
29126205,1,1,2,code/bayesian_machinery.py
29126205,2,1,3,code/bayesian_machinery.py
29126205,2,2,4,code/bayesian_machinery.py
29126205,2,1,3,code/bayesian_machinery.py
29126205,2,1,3,code/bayesian_machinery.py
29126205,2,1,3,code/bayesian_machinery.py
29126205,2,1,3,code/bayesian_machinery.py
29126205,4,1,5,code/bayesian_machinery.py
29126205,5,1,6,code/bayesian_machinery.py
29126205,1,1,2,code/bayesian_machinery.py
29126205,6,1,7,code/bayesian_machinery.py
29126205,12,26,38,code/bayesian_machinery.py
29126205,1,1,2,code/bayesian_machinery.py
29126205,27,17,44,code/bayesian_machinery.py
29126205,16,6,22,code/parameter_estimation.py
29126205,1,1,2,code/bayesian_machinery.py
29126205,1,1,2,code/bayesian_machinery.py
29126205,2,2,4,code/bayesian_machinery.py
29126205,10,10,20,code/bayesian_machinery.py
29126205,8,13,21,code/bayesian_machinery.py
29126205,2,2,4,code/bayesian_machinery.py
29126205,2,2,4,code/bayesian_machinery.py
29126205,2,1,3,code/parameter_estimation.py
29126205,3,0,3,code/parameter_estimation.py
29126205,54,1,55,code/parameter_estimation.py
29126205,1,1,2,code/bayesian_machinery.py
29126205,2,2,4,code/bayesian_machinery.py
29126205,1,1,2,code/bayesian_machinery.py
29126205,4,1,5,code/bayesian_machinery.py
29126205,1,1,2,code/bayesian_machinery.py
29126205,7,3,10,code/bayesian_machinery.py
29126205,1,1,2,code/bayesian_machinery.py
29126205,3,1,4,code/bayesian_machinery.py
29126205,4,3,7,code/bayesian_machinery.py
29126205,4,4,8,code/bayesian_machinery.py
29126205,3,1,4,code/bayesian_machinery.py
29126205,1,1,2,code/bayesian_machinery.py
29126205,1,1,2,code/bayesian_machinery.py
29126205,19,13,32,code/bayesian_machinery.py
29126205,12,7,19,code/bayesian_machinery.py
29126205,11,3,14,code/bayesian_machinery.py
29126205,21,12,33,code/bayesian_machinery.py
29126205,20,16,36,code/convert_TQUmap_Equ_to_Gal.py
29126205,7,15,22,code/convert_TQUmap_Equ_to_Gal.py
29126205,26,3,29,code/convert_TQUmap_Equ_to_Gal.py
29126205,4,4,8,code/bayesian_machinery.py
29126205,3,3,6,code/bayesian_machinery.py
29126205,2,2,4,code/bayesian_machinery.py
29126205,4,1,5,code/bayesian_machinery.py
29126205,4,4,8,code/bayesian_machinery.py
29126205,1,1,2,code/rht_to_planck.py
29126205,21,3,24,code/rht_to_planck.py
29126205,2,2,4,code/bayesian_machinery.py
29126205,16,16,32,code/bayesian_machinery.py
29126205,1,0,1,code/bayesian_machinery.py
29126205,6,3,9,code/parameter_estimation.py
29126205,2,1,3,code/bayesian_machinery.py
29126205,2,3,5,code/bayesian_machinery.py
29126205,1,0,1,code/bayesian_machinery.py
29126205,6,6,12,code/bayesian_machinery.py
29126205,7,4,11,code/bayesian_machinery.py
29126205,49,34,83,code/bayesian_machinery.py
29126205,12,4,16,code/parameter_estimation.py
29126205,1,1,2,code/bayesian_machinery.py
29126205,1,1,2,code/bayesian_machinery.py
29126205,3,1,4,code/bayesian_machinery.py
29126205,1,1,2,code/bayesian_machinery.py
29126205,1,1,2,code/bayesian_machinery.py
29126205,20,20,40,code/bayesian_machinery.py
29126205,8,5,13,code/bayesian_machinery.py
29126205,7,3,10,code/bayesian_machinery.py
29126205,12,6,18,code/bayesian_machinery.py
29126205,7,3,10,code/parameter_estimation.py
29126205,5,4,9,code/parameter_estimation.py
29126205,7,6,13,code/rht_to_planck.py
29126205,11,3,14,code/rht_to_planck.py
29126205,10,7,17,code/rht_to_planck.py
29126205,1,1,2,code/parameter_estimation.py
29126205,1,1,2,code/parameter_estimation.py
29126205,1,1,2,code/parameter_estimation.py
29126205,1,1,2,code/parameter_estimation.py
29126205,1,1,2,code/parameter_estimation.py
29126205,2,1,3,code/parameter_estimation.py
29126205,62,39,101,code/bayesian_machinery.py
29126205,3,3,6,code/bayesian_machinery.py
29126205,2,2,4,code/bayesian_machinery.py
29126205,14,0,14,code/bayesian_machinery.py
29126205,4,3,7,code/bayesian_machinery.py
29126205,5,19,24,code/bayesian_machinery.py
29126205,40,64,104,code/bayesian_machinery.py
29126205,2,2,4,code/bayesian_machinery.py
29126205,2,2,4,code/bayesian_machinery.py
29126205,1,0,1,code/bayesian_machinery.py
29126205,1,1,2,code/bayesian_machinery.py
29126205,2,2,4,code/bayesian_machinery.py
29126205,76,40,116,code/bayesian_machinery.py
29126205,4,3,7,code/bayesian_machinery.py
29126205,26,17,43,code/bayesian_machinery.py
29126205,1,1,2,code/bayesian_machinery.py
29126205,16,8,24,code/bayesian_machinery.py
29126205,1,1,2,code/bayesian_machinery.py
29126205,1,2,3,code/bayesian_machinery.py
29126205,1,1,2,code/bayesian_machinery.py
29126205,1,1,2,code/bayesian_machinery.py
29126205,3,3,6,code/bayesian_machinery.py
29126205,3,3,6,code/bayesian_machinery.py
29126205,1,1,2,code/bayesian_machinery.py
29126205,1,1,2,code/bayesian_machinery.py
29126205,1,1,2,code/bayesian_machinery.py
29126205,5,3,8,code/bayesian_machinery.py
29126205,51,0,51,code/bayesian_machinery.py
29126205,4,0,4,code/bayesian_machinery.py
29126205,15,11,26,code/bayesian_machinery.py
29126205,1,1,2,code/parameter_estimation.py
29126205,28,1,29,code/parameter_estimation.py
29126205,34,27,61,code/convert_TQUmap_Equ_to_Gal.py
29126205,30,8,38,code/convert_TQUmap_Equ_to_Gal.py
29126205,56,0,56,code/convert_TQUmap_Equ_to_Gal.py
29126205,2,2,4,code/plot_map_outcomes.py
29126205,2,1,3,code/plot_map_outcomes.py
29126205,1,1,2,code/plot_map_outcomes.py
29126205,1,1,2,code/plot_map_outcomes.py
29126205,1,1,2,code/plot_map_outcomes.py
29126205,39,5,44,code/plot_map_outcomes.py
29126205,8,1,9,code/plot_map_outcomes.py
29126205,4,3,7,code/bayesian_machinery.py
29126205,3,0,3,code/parameter_estimation.py
29126205,3,3,6,code/plot_map_outcomes.py
29126205,8,3,11,code/plot_map_outcomes.py
29126205,11,2,13,code/plot_map_outcomes.py
29126205,8,3,11,code/plot_map_outcomes.py
29126205,2,1,3,code/plot_map_outcomes.py
29126205,24,1,25,code/plot_map_outcomes.py
29126205,7,1,8,code/plot_map_outcomes.py
29126205,3,0,3,code/plot_map_outcomes.py
29126205,2,2,4,code/parameter_estimation.py
29126205,17,1,18,code/parameter_estimation.py
29126205,5,4,9,code/parameter_estimation.py
29126205,32,0,32,code/parameter_estimation.py
29126205,2,2,4,code/bayesian_machinery.py
29126205,6,4,10,code/bayesian_machinery.py
29126205,20,10,30,code/bayesian_machinery.py
29126205,1,1,2,code/rht_to_planck.py
29126205,1,1,2,code/rht_to_planck.py
29126205,1,1,2,code/rht_to_planck.py
29126205,1,1,2,code/rht_to_planck.py
29126205,1,1,2,code/rht_to_planck.py
29126205,1,1,2,code/rht_to_planck.py
29126205,1,1,2,code/rht_to_planck.py
29126205,1,1,2,code/rht_to_planck.py
29126205,1,1,2,code/rht_to_planck.py
29126205,1,1,2,code/rht_to_planck.py
29126205,1,1,2,code/rht_to_planck.py
29126205,1,1,2,code/rht_to_planck.py
29126205,1,1,2,code/rht_to_planck.py
29126205,1,1,2,code/rht_to_planck.py
29126205,1,1,2,code/rht_to_planck.py
29126205,1,1,2,code/rht_to_planck.py
29126205,1,1,2,code/rht_to_planck.py
29126205,1,1,2,code/rht_to_planck.py
29126205,1,1,2,code/parameter_estimation.py
29126205,1,1,2,code/parameter_estimation.py
29126205,1,1,2,code/parameter_estimation.py
29126205,1,1,2,code/parameter_estimation.py
29126205,1,1,2,code/parameter_estimation.py
29126205,1,1,2,code/parameter_estimation.py
29126205,1,1,2,code/parameter_estimation.py
29126205,1,1,2,code/parameter_estimation.py
29126205,1,1,2,code/parameter_estimation.py
29126205,1,1,2,code/parameter_estimation.py
29126205,1,1,2,code/parameter_estimation.py
29126205,1,1,2,code/parameter_estimation.py
29126205,1,1,2,code/parameter_estimation.py
29126205,1,1,2,code/parameter_estimation.py
29126205,1,1,2,code/parameter_estimation.py
29126205,1,1,2,code/parameter_estimation.py
29126205,1,1,2,code/parameter_estimation.py
29126205,2,1,3,code/parameter_estimation.py
29126205,1,1,2,code/parameter_estimation.py
29126205,1,1,2,code/parameter_estimation.py
29126205,1,1,2,code/parameter_estimation.py
29126205,1,1,2,code/parameter_estimation.py
29126205,1,1,2,code/parameter_estimation.py
29126205,1,1,2,code/rht_to_planck.py
29126205,1,1,2,code/rht_to_planck.py
29126205,1,1,2,code/parameter_estimation.py
29126205,1,1,2,code/rht_to_planck.py
29126205,1,1,2,code/rht_to_planck.py
29126205,1,1,2,code/rht_to_planck.py
29126205,2,2,4,code/rht_to_planck.py
29126205,1,1,2,code/rht_to_planck.py
29126205,1,1,2,code/rht_to_planck.py
29126205,1,1,2,code/rht_to_planck.py
29126205,1,1,2,code/rht_to_planck.py
29126205,1,1,2,code/rht_to_planck.py
29126205,2,2,4,code/rht_to_planck.py
29126205,1,1,2,code/rht_to_planck.py
29126205,1,1,2,code/rht_to_planck.py
29126205,1,1,2,code/rht_to_planck.py
29126205,1,1,2,code/rht_to_planck.py
29126205,1,1,2,code/rht_to_planck.py
29126205,1,1,2,code/rht_to_planck.py
29126205,1,1,2,code/parameter_estimation.py
29126205,1,1,2,code/parameter_estimation.py
29126205,1,1,2,code/parameter_estimation.py
29126205,1,1,2,code/rht_to_planck.py
29126205,1,1,2,code/rht_to_planck.py
29126205,1,1,2,code/rht_to_planck.py
29126205,2,2,4,code/rht_to_planck.py
29126205,5,1,6,code/parameter_estimation.py
29126205,1,1,2,code/rht_to_planck.py
29126205,1,1,2,code/rht_to_planck.py
29126205,1,1,2,code/rht_to_planck.py
29126205,1,1,2,code/rht_to_planck.py
29126205,2,2,4,code/rht_to_planck.py
29126205,1,1,2,code/rht_to_planck.py
29126205,1,1,2,code/rht_to_planck.py
29126205,2,2,4,code/rht_to_planck.py
29126205,1,1,2,code/rht_to_planck.py
29126205,2,2,4,code/rht_to_planck.py
29126205,1,1,2,code/rht_to_planck.py
29126205,1,1,2,code/rht_to_planck.py
29126205,1,1,2,code/rht_to_planck.py
29126205,2,2,4,code/rht_to_planck.py
29126205,2,2,4,code/rht_to_planck.py
29126205,1,1,2,code/rht_to_planck.py
29126205,1,1,2,code/rht_to_planck.py
29126205,2,2,4,code/rht_to_planck.py
29126205,2,2,4,code/rht_to_planck.py
29126205,2,2,4,code/rht_to_planck.py
29126205,2,2,4,code/rht_to_planck.py
29126205,2,2,4,code/rht_to_planck.py
29126205,1,1,2,code/rht_to_planck.py
29126205,1,1,2,code/rht_to_planck.py
29126205,2,2,4,code/rht_to_planck.py
29126205,2,2,4,code/parameter_estimation.py
29126205,17,4,21,code/parameter_estimation.py
29126205,60,3,63,code/parameter_estimation.py
29126205,1,1,2,code/rht_to_planck.py
29126205,1,1,2,code/rht_to_planck.py
29126205,2,2,4,code/rht_to_planck.py
29126205,1,1,2,code/rht_to_planck.py
29126205,1,1,2,code/rht_to_planck.py
29126205,1,1,2,code/rht_to_planck.py
29126205,1,1,2,code/rht_to_planck.py
29126205,1,1,2,code/rht_to_planck.py
29126205,4,3,7,code/rht_to_planck.py
29126205,2,2,4,code/rht_to_planck.py
29126205,1,1,2,code/rht_to_planck.py
29126205,1,1,2,code/rht_to_planck.py
29126205,1,1,2,code/rht_to_planck.py
29126205,1,1,2,code/rht_to_planck.py
29126205,1,1,2,code/rht_to_planck.py
29126205,1,1,2,code/rht_to_planck.py
29126205,1,1,2,code/rht_to_planck.py
29126205,3,3,6,code/rht_to_planck.py
29126205,2,2,4,code/parameter_estimation.py
29126205,1,1,2,code/rht_to_planck.py
29126205,1,1,2,code/rht_to_planck.py
29126205,1,1,2,code/rht_to_planck.py
29126205,1,1,2,code/rht_to_planck.py
29126205,1,1,2,code/rht_to_planck.py
29126205,1,1,2,code/rht_to_planck.py
29126205,3,3,6,code/rht_to_planck.py
29126205,1,1,2,code/rht_to_planck.py
29126205,1,1,2,code/rht_to_planck.py
29126205,1,1,2,code/rht_to_planck.py
29126205,1,1,2,code/rht_to_planck.py
29126205,1,1,2,code/rht_to_planck.py
29126205,1,1,2,code/rht_to_planck.py
29126205,1,1,2,code/rht_to_planck.py
29126205,2,2,4,code/rht_to_planck.py
29126205,7,3,10,code/rht_to_planck.py
29126205,2,2,4,code/parameter_estimation.py
29126205,2,2,4,code/rht_to_planck.py
29126205,4,2,6,code/rht_to_planck.py
29126205,22,2,24,code/parameter_estimation.py
29126205,2,1,3,code/rht_to_planck.py
29126205,21,4,25,code/rht_to_planck.py
29126205,28,3,31,code/rht_to_planck.py
29126205,1,1,2,code/rht_to_planck.py
29126205,1,1,2,code/rht_to_planck.py
29126205,1,1,2,code/rht_to_planck.py
29126205,1,1,2,code/rht_to_planck.py
29126205,1,1,2,code/rht_to_planck.py
29126205,1,1,2,code/rht_to_planck.py
29126205,6,1,7,code/rht_to_planck.py
29126205,4,3,7,code/rht_to_planck.py
29126205,1,0,1,code/rht_to_planck.py
29126205,2,2,4,code/rht_to_planck.py
29126205,19,3,22,code/rht_to_planck.py
29126205,4,1,5,code/parameter_estimation.py
29126205,27,2,29,code/parameter_estimation.py
29126205,46,25,71,code/rht_to_planck.py
29126205,1,1,2,code/parameter_estimation.py
29126205,1,1,2,code/parameter_estimation.py
29126205,90,1,91,code/parameter_estimation.py
29126205,1,2,3,code/rht_to_planck.py
29126205,2,2,4,code/rht_to_planck.py
29126205,118,0,118,code/rht_to_planck.py
29126205,1,1,2,code/bayesian_machinery.py
29126205,20,20,40,code/bayesian_machinery.py
29126205,4,4,8,code/bayesian_machinery.py
29126205,5,2,7,code/bayesian_machinery.py
29126205,21,19,40,code/bayesian_machinery.py
29126205,4,0,4,code/bayesian_machinery.py
29126205,218,27,245,code/bayesian_machinery.py
29126205,2,2,4,code/bayesian_machinery.py
29126205,3,0,3,code/bayesian_machinery.py
29126205,1,1,2,code/bayesian_machinery.py
29126205,1,1,2,code/bayesian_machinery.py
29126205,3,3,6,code/bayesian_machinery.py
29126205,4,0,4,code/bayesian_machinery.py
29126205,1,1,2,code/bayesian_machinery.py
29126205,6,3,9,code/bayesian_machinery.py
29126205,8,2,10,code/bayesian_machinery.py
29126205,17,17,34,code/bayesian_machinery.py
29126205,1,1,2,code/bayesian_machinery.py
29126205,1,1,2,code/bayesian_machinery.py
29126205,8,8,16,code/bayesian_machinery.py
29126205,58,17,75,code/bayesian_machinery.py
29126205,3,0,3,code/rht_to_planck.py
29126205,3,1,4,code/rht_to_planck.py
29126205,8,5,13,code/rht_to_planck.py
29126205,58,3,61,code/rht_to_planck.py
29126205,11,9,20,code/bayesian_machinery.py
29126205,56,35,91,code/bayesian_machinery.py
29126205,15,15,30,code/bayesian_machinery.py
29126205,1,1,2,code/bayesian_machinery.py
29126205,6,1,7,code/bayesian_machinery.py
29126205,23,28,51,code/bayesian_machinery.py
29126205,13,8,21,code/bayesian_machinery.py
29126205,8,2,10,code/bayesian_machinery.py
29126205,1,1,2,code/bayesian_machinery.py
29126205,6,3,9,code/bayesian_machinery.py
29126205,2,3,5,code/bayesian_machinery.py
29126205,2,1,3,code/bayesian_machinery.py
29126205,1,4,5,code/bayesian_machinery.py
29126205,6,2,8,code/bayesian_machinery.py
29126205,2,2,4,code/bayesian_machinery.py
29126205,3,1,4,code/bayesian_machinery.py
29126205,1,1,2,code/bayesian_machinery.py
29126205,1,1,2,code/bayesian_machinery.py
29126205,1,1,2,code/bayesian_machinery.py
29126205,2,1,3,code/bayesian_machinery.py
29126205,1,1,2,code/bayesian_machinery.py
29126205,1,7,8,code/bayesian_machinery.py
29126205,1,1,2,code/bayesian_machinery.py
29126205,1,0,1,code/bayesian_machinery.py
29126205,2,1,3,code/bayesian_machinery.py
29126205,9,8,17,code/bayesian_machinery.py
29126205,6,6,12,code/bayesian_machinery.py
29126205,2,1,3,code/bayesian_machinery.py
29126205,2,4,6,code/bayesian_machinery.py
29126205,2,2,4,code/bayesian_machinery.py
29126205,1,1,2,code/bayesian_machinery.py
29126205,126,30,156,code/bayesian_machinery.py
29126205,2,1,3,code/bayesian_machinery.py
29126205,1,1,2,code/bayesian_machinery.py
29126205,5,3,8,code/bayesian_machinery.py
29126205,1,1,2,code/bayesian_machinery.py
29126205,1,1,2,code/bayesian_machinery.py
29126205,7,7,14,code/bayesian_machinery.py
29126205,2,2,4,code/bayesian_machinery.py
29126205,2,4,6,code/bayesian_machinery.py
29126205,1,0,1,code/bayesian_machinery.py
29126205,2,1,3,code/bayesian_machinery.py
29126205,1,1,2,code/bayesian_machinery.py
29126205,15,8,23,code/bayesian_machinery.py
29126205,94,8,102,code/bayesian_machinery.py
29126205,2,0,2,code/bayesian_machinery.py
29126205,1,1,2,code/bayesian_machinery.py
29126205,18,8,26,code/bayesian_machinery.py
29126205,1,1,2,code/bayesian_machinery.py
29126205,20,32,52,code/bayesian_machinery.py
29126205,41,8,49,code/bayesian_machinery.py
29126205,4,0,4,code/bayesian_machinery.py
29126205,2,2,4,code/bayesian_machinery.py
29126205,3,3,6,code/bayesian_machinery.py
29126205,1,1,2,code/bayesian_machinery.py
29126205,0,1,1,code/bayesian_machinery.py
29126205,4,3,7,code/bayesian_machinery.py
29126205,8,10,18,code/bayesian_machinery.py
29126205,1,2,3,code/bayesian_machinery.py
29126205,2,2,4,code/bayesian_machinery.py
29126205,8,8,16,code/bayesian_machinery.py
29126205,4,0,4,code/bayesian_machinery.py
29126205,2,1,3,code/bayesian_machinery.py
29126205,2,2,4,code/bayesian_machinery.py
29126205,2,2,4,code/bayesian_machinery.py
29126205,6,6,12,code/bayesian_machinery.py
29126205,33,24,57,code/bayesian_machinery.py
29126205,1,0,1,code/bayesian_machinery.py
29126205,1,1,2,code/bayesian_machinery.py
29126205,2,2,4,code/bayesian_machinery.py
29126205,5,2,7,code/bayesian_machinery.py
29126205,2,2,4,code/bayesian_machinery.py
29126205,8,8,16,code/bayesian_machinery.py
29126205,8,2,10,code/bayesian_machinery.py
29126205,1,0,1,code/bayesian_machinery.py
29126205,8,8,16,code/bayesian_machinery.py
29126205,8,7,15,code/bayesian_machinery.py
29126205,4,1,5,code/bayesian_machinery.py
29126205,2,8,10,code/bayesian_machinery.py
29126205,49,14,63,code/bayesian_machinery.py
29126205,3,3,6,code/bayesian_machinery.py
29126205,3,2,5,code/bayesian_machinery.py
29126205,1,1,2,code/bayesian_machinery.py
29126205,1,4,5,code/bayesian_machinery.py
29126205,10,1,11,code/bayesian_machinery.py
29126205,6,4,10,code/bayesian_machinery.py
29126205,5,3,8,code/bayesian_machinery.py
29126205,1,1,2,code/bayesian_machinery.py
29126205,3,0,3,code/bayesian_machinery.py
29126205,3,0,3,code/bayesian_machinery.py
29126205,10,7,17,code/bayesian_machinery.py
29126205,6,6,12,code/bayesian_machinery.py
29126205,1,1,2,code/bayesian_machinery.py
29126205,2,2,4,code/bayesian_machinery.py
29126205,3,3,6,code/bayesian_machinery.py
29126205,6,2,8,code/bayesian_machinery.py
29126205,2,2,4,code/bayesian_machinery.py
29126205,7,7,14,code/bayesian_machinery.py
29126205,22,10,32,code/bayesian_machinery.py
29126205,8,8,16,code/bayesian_machinery.py
29126205,1,1,2,code/bayesian_machinery.py
29126205,16,13,29,code/bayesian_machinery.py
29126205,8,2,10,code/bayesian_machinery.py
29126205,31,4,35,code/bayesian_machinery.py
29126205,1,7,8,code/rhtdata_to_galfacubes.py
29126205,9,0,9,code/rhtdata_to_galfacubes.py
29126205,12,10,22,code/rhtdata_to_galfacubes.py
29126205,4,2,6,code/rhtdata_to_galfacubes.py
29126205,2,1,3,code/rhtdata_to_galfacubes.py
29126205,2,0,2,code/rhtdata_to_galfacubes.py
29126205,4,2,6,code/rhtdata_to_galfacubes.py
29126205,5,0,5,code/rhtdata_to_galfacubes.py
29126205,2,2,4,code/rhtdata_to_galfacubes.py
29126205,65,0,65,code/rhtdata_to_galfacubes.py
29126205,2,2,4,code/bayesian_machinery.py
29126205,1,2,3,code/bayesian_machinery.py
29126205,1,5,6,code/bayesian_machinery.py
29126205,1,1,2,code/bayesian_machinery.py
29126205,13,7,20,code/bayesian_machinery.py
29126205,3,1,4,code/bayesian_machinery.py
29126205,3,3,6,code/bayesian_machinery.py
29126205,1,1,2,code/bayesian_machinery.py
29126205,4,3,7,code/bayesian_machinery.py
29126205,5,5,10,code/bayesian_machinery.py
29126205,13,9,22,code/bayesian_machinery.py
29126205,2,2,4,code/bayesian_machinery.py
29126205,24,6,30,code/bayesian_machinery.py
29126205,2,2,4,code/bayesian_machinery.py
29126205,3,0,3,code/bayesian_machinery.py
29126205,3,3,6,code/bayesian_machinery.py
29126205,1,1,2,code/bayesian_machinery.py
29126205,3,1,4,code/bayesian_machinery.py
29126205,2,3,5,code/bayesian_machinery.py
29126205,2,2,4,code/bayesian_machinery.py
29126205,3,0,3,code/bayesian_machinery.py
29126205,14,24,38,code/bayesian_machinery.py
29126205,32,0,32,code/bayesian_machinery.py
29126205,2,5,7,code/bayesian_machinery.py
29126205,2,1,3,code/bayesian_machinery.py
29126205,2,1,3,code/bayesian_machinery.py
29126205,40,2,42,code/bayesian_machinery.py
29126205,10,0,10,code/bayesian_machinery.py
29126205,21,2,23,code/bayesian_machinery.py
29126205,2,2,4,code/bayesian_machinery.py
29126205,2,2,4,code/bayesian_machinery.py
29126205,2,2,4,code/bayesian_machinery.py
29126205,2,0,2,code/bayesian_machinery.py
29126205,10,4,14,code/bayesian_machinery.py
29126205,2,1,3,code/bayesian_machinery.py
29126205,3,3,6,code/bayesian_machinery.py
29126205,8,1,9,code/bayesian_machinery.py
29126205,2,1,3,code/bayesian_machinery.py
29126205,1,1,2,code/bayesian_machinery.py
29126205,1,1,2,code/bayesian_machinery.py
29126205,6,5,11,code/bayesian_machinery.py
29126205,4,3,7,code/bayesian_machinery.py
29126205,11,15,26,code/bayesian_machinery.py
29126205,5,2,7,code/bayesian_machinery.py
29126205,6,1,7,code/bayesian_machinery.py
29126205,2,0,2,code/bayesian_machinery.py
29126205,6,3,9,code/bayesian_machinery.py
29126205,3,7,10,code/bayesian_machinery.py
29126205,3,7,10,code/bayesian_machinery.py
29126205,16,3,19,code/bayesian_machinery.py
29126205,16,3,19,code/bayesian_machinery.py
29126205,0,1,1,code/bayesian_machinery.py
29126205,0,1,1,code/bayesian_machinery.py
29126205,3,3,6,code/bayesian_machinery.py
29126205,3,3,6,code/bayesian_machinery.py
29126205,2,2,4,code/bayesian_machinery.py
29126205,2,2,4,code/bayesian_machinery.py
29126205,6,6,12,code/bayesian_machinery.py
29126205,6,6,12,code/bayesian_machinery.py
29126205,4,4,8,code/bayesian_machinery.py
29126205,4,4,8,code/bayesian_machinery.py
29126205,2,2,4,code/bayesian_machinery.py
29126205,2,2,4,code/bayesian_machinery.py
29126205,1,1,2,code/bayesian_machinery.py
29126205,1,1,2,code/bayesian_machinery.py
29126205,5,1,6,code/bayesian_machinery.py
29126205,5,1,6,code/bayesian_machinery.py
29126205,2,2,4,code/bayesian_machinery.py
29126205,2,2,4,code/bayesian_machinery.py
29126205,6,6,12,code/bayesian_machinery.py
29126205,6,6,12,code/bayesian_machinery.py
29126205,7,3,10,code/bayesian_machinery.py
29126205,7,3,10,code/bayesian_machinery.py
29126205,69,14,83,code/bayesian_machinery.py
29126205,69,14,83,code/bayesian_machinery.py
29126205,2,2,4,code/bayesian_machinery.py
29126205,2,2,4,code/bayesian_machinery.py
29126205,2,3,5,code/bayesian_machinery.py
29126205,2,3,5,code/bayesian_machinery.py
29126205,2,0,2,code/bayesian_machinery.py
29126205,2,0,2,code/bayesian_machinery.py
29126205,4,4,8,code/bayesian_machinery.py
29126205,4,4,8,code/bayesian_machinery.py
29126205,5,2,7,code/bayesian_machinery.py
29126205,5,2,7,code/bayesian_machinery.py
29126205,1,1,2,code/bayesian_machinery.py
29126205,1,1,2,code/bayesian_machinery.py
29126205,22,7,29,code/bayesian_machinery.py
29126205,22,7,29,code/bayesian_machinery.py
29126205,2,1,3,code/bayesian_machinery.py
29126205,2,1,3,code/bayesian_machinery.py
29126205,1,1,2,code/bayesian_machinery.py
29126205,1,1,2,code/bayesian_machinery.py
29126205,28,5,33,code/bayesian_machinery.py
29126205,28,5,33,code/bayesian_machinery.py
29126205,36,11,47,code/bayesian_machinery.py
29126205,36,11,47,code/bayesian_machinery.py
29126205,7,0,7,code/bayesian_machinery.py
29126205,7,0,7,code/bayesian_machinery.py
29126205,7,2,9,code/bayesian_machinery.py
29126205,7,2,9,code/bayesian_machinery.py
29126205,22,1,23,code/bayesian_machinery.py
29126205,22,1,23,code/bayesian_machinery.py
29126205,1,1,2,code/bayesian_machinery.py
29126205,1,1,2,code/bayesian_machinery.py
29126205,3,0,3,code/bayesian_machinery.py
29126205,3,0,3,code/bayesian_machinery.py
29126205,3,3,6,code/bayesian_machinery.py
29126205,3,3,6,code/bayesian_machinery.py
29126205,1,1,2,code/bayesian_machinery.py
29126205,1,1,2,code/bayesian_machinery.py
29126205,5,3,8,code/bayesian_machinery.py
29126205,5,3,8,code/bayesian_machinery.py
29126205,35,12,47,code/bayesian_machinery.py
29126205,35,12,47,code/bayesian_machinery.py
29126205,44,0,44,code/TQU_setup.py
29126205,94,0,94,code/xcorr_bin_polspice.py
29126205,44,0,44,code/TQU_setup.py
29126205,94,0,94,code/xcorr_bin_polspice.py
29126205,3,3,6,code/parameter_estimation.py
29126205,3,3,6,code/parameter_estimation.py
29126205,1,0,1,code/parameter_estimation.py
29126205,1,0,1,code/parameter_estimation.py
29126205,2,2,4,code/parameter_estimation.py
29126205,2,2,4,code/parameter_estimation.py
29126205,105,10,115,code/parameter_estimation.py
29126205,105,10,115,code/parameter_estimation.py
29126205,7,6,13,code/parameter_estimation.py
29126205,7,6,13,code/parameter_estimation.py
29126205,12,7,19,code/parameter_estimation.py
29126205,12,7,19,code/parameter_estimation.py
29126205,69,1,70,code/parameter_estimation.py
29126205,69,1,70,code/parameter_estimation.py
29126205,4,3,7,code/rht_to_planck.py
29126205,4,3,7,code/rht_to_planck.py
29126205,15,6,21,code/rht_to_planck.py
29126205,15,6,21,code/rht_to_planck.py
29126205,34,13,47,code/rht_to_planck.py
29126205,34,13,47,code/rht_to_planck.py
29126205,21,9,30,code/rht_to_planck.py
29126205,21,9,30,code/rht_to_planck.py
29126205,4,4,8,code/rht_to_planck.py
29126205,4,4,8,code/rht_to_planck.py
29126205,27,0,27,code/rht_to_planck.py
29126205,27,0,27,code/rht_to_planck.py
29126205,9,5,14,code/rht_to_planck.py
29126205,9,5,14,code/rht_to_planck.py
29126205,6,0,6,code/bayesian_machinery.py
29126205,6,0,6,code/bayesian_machinery.py
29126205,8,0,8,code/bayesian_machinery.py
29126205,8,0,8,code/bayesian_machinery.py
29126205,9,0,9,code/bayesian_machinery.py
29126205,9,0,9,code/bayesian_machinery.py
29126205,22,5,27,code/bayesian_machinery.py
29126205,22,5,27,code/bayesian_machinery.py
29126205,27,16,43,code/bayesian_machinery.py
29126205,27,16,43,code/bayesian_machinery.py
29126205,92,24,116,code/bayesian_machinery.py
29126205,92,24,116,code/bayesian_machinery.py
29126205,13,0,13,code/bayesian_machinery.py
29126205,13,0,13,code/bayesian_machinery.py
29126205,18,5,23,code/bayesian_machinery.py
29126205,18,5,23,code/bayesian_machinery.py
29126205,25,0,25,code/bayesian_machinery.py
29126205,25,0,25,code/bayesian_machinery.py
29126205,25,1,26,code/bayesian_machinery.py
29126205,25,1,26,code/bayesian_machinery.py
29126205,3,3,6,code/bayesian_machinery.py
29126205,3,3,6,code/bayesian_machinery.py
29126205,7,4,11,code/bayesian_machinery.py
29126205,7,4,11,code/bayesian_machinery.py
29126205,6,3,9,code/bayesian_machinery.py
29126205,6,3,9,code/bayesian_machinery.py
29126205,10,5,15,code/bayesian_machinery.py
29126205,10,5,15,code/bayesian_machinery.py
29126205,0,3,3,code/bayesian_machinery.py
29126205,0,3,3,code/bayesian_machinery.py
29126205,7,4,11,code/bayesian_machinery.py
29126205,7,4,11,code/bayesian_machinery.py
29126205,25,0,25,code/bayesian_machinery.py
29126205,25,0,25,code/bayesian_machinery.py
29126205,55,7,62,code/bayesian_machinery.py
29126205,55,7,62,code/bayesian_machinery.py
29126205,34,6,40,code/parameter_estimation.py
29126205,34,6,40,code/parameter_estimation.py
29126205,20,0,20,code/bayesian_machinery.py
29126205,20,0,20,code/bayesian_machinery.py
29126205,3,29,32,code/bayesian_machinery.py
29126205,3,29,32,code/bayesian_machinery.py
29126205,8,5,13,code/bayesian_machinery.py
29126205,8,5,13,code/bayesian_machinery.py
29126205,18,12,30,code/bayesian_machinery.py
29126205,18,12,30,code/bayesian_machinery.py
29126205,17,3,20,code/bayesian_machinery.py
29126205,17,3,20,code/bayesian_machinery.py
29126205,47,1,48,code/bayesian_machinery.py
29126205,47,1,48,code/bayesian_machinery.py
29126205,22,16,38,code/bayesian_machinery.py
29126205,22,16,38,code/bayesian_machinery.py
29126205,88,1,89,code/bayesian_machinery.py
29126205,88,1,89,code/bayesian_machinery.py
29126205,59,9,68,code/bayesian_machinery.py
29126205,59,9,68,code/bayesian_machinery.py
29126205,30,13,43,code/bayesian_machinery.py
29126205,30,13,43,code/bayesian_machinery.py
29126205,18,13,31,code/bayesian_machinery.py
29126205,18,13,31,code/bayesian_machinery.py
29126205,3,3,6,code/bayesian_machinery.py
29126205,3,3,6,code/bayesian_machinery.py
29126205,211,0,211,code/bayesian_machinery.py
29126205,211,0,211,code/bayesian_machinery.py
29126205,53,2,55,code/parameter_estimation.py
29126205,53,2,55,code/parameter_estimation.py
29126205,17,2,19,code/parameter_estimation.py
29126205,17,2,19,code/parameter_estimation.py
29126205,6,0,6,code/parameter_estimation.py
29126205,6,0,6,code/parameter_estimation.py
29126205,8,8,16,code/parameter_estimation.py
29126205,8,8,16,code/parameter_estimation.py
29126205,125,35,160,code/parameter_estimation.py
29126205,125,35,160,code/parameter_estimation.py
29126205,22,0,22,code/parameter_estimation.py
29126205,22,0,22,code/parameter_estimation.py
29126205,23,9,32,code/parameter_estimation.py
29126205,23,9,32,code/parameter_estimation.py
29126205,27,7,34,code/parameter_estimation.py
29126205,27,7,34,code/parameter_estimation.py
29126205,7,4,11,code/parameter_estimation.py
29126205,7,4,11,code/parameter_estimation.py
29126205,92,6,98,code/parameter_estimation.py
29126205,92,6,98,code/parameter_estimation.py
29126205,3,3,6,code/parameter_estimation.py
29126205,3,3,6,code/parameter_estimation.py
29126205,6,1,7,code/parameter_estimation.py
29126205,6,1,7,code/parameter_estimation.py
29126205,11,1,12,code/parameter_estimation.py
29126205,11,1,12,code/parameter_estimation.py
29126205,8,4,12,code/parameter_estimation.py
29126205,8,4,12,code/parameter_estimation.py
29126205,6,0,6,code/parameter_estimation.py
29126205,6,0,6,code/parameter_estimation.py
29126205,2,3,5,code/parameter_estimation.py
29126205,2,3,5,code/parameter_estimation.py
29126205,23,5,28,code/parameter_estimation.py
29126205,23,5,28,code/parameter_estimation.py
29126205,6,0,6,code/parameter_estimation.py
29126205,6,0,6,code/parameter_estimation.py
29126205,19,3,22,code/parameter_estimation.py
29126205,19,3,22,code/parameter_estimation.py
29126205,7,6,13,code/parameter_estimation.py
29126205,7,6,13,code/parameter_estimation.py
29126205,3,1,4,code/parameter_estimation.py
29126205,3,1,4,code/parameter_estimation.py
29126205,23,0,23,code/parameter_estimation.py
29126205,23,0,23,code/parameter_estimation.py
29126205,22,0,22,code/parameter_estimation.py
29126205,22,0,22,code/parameter_estimation.py
29126205,21,5,26,code/parameter_estimation.py
29126205,21,5,26,code/parameter_estimation.py
29126205,77,25,102,code/parameter_estimation.py
29126205,77,25,102,code/parameter_estimation.py
29126205,3,2,5,code/parameter_estimation.py
29126205,3,2,5,code/parameter_estimation.py
29126205,18,2,20,code/parameter_estimation.py
29126205,18,2,20,code/parameter_estimation.py
29126205,8,4,12,code/parameter_estimation.py
29126205,8,4,12,code/parameter_estimation.py
29126205,41,43,84,code/parameter_estimation.py
29126205,41,43,84,code/parameter_estimation.py
29126205,16,24,40,code/parameter_estimation.py
29126205,16,24,40,code/parameter_estimation.py
29126205,68,3,71,code/parameter_estimation.py
29126205,68,3,71,code/parameter_estimation.py
29126205,4,4,8,code/parameter_estimation.py
29126205,4,4,8,code/parameter_estimation.py
29126205,13,8,21,code/parameter_estimation.py
29126205,13,8,21,code/parameter_estimation.py
29126205,13,8,21,code/parameter_estimation.py
29126205,13,8,21,code/parameter_estimation.py
29126205,24,15,39,code/parameter_estimation.py
29126205,24,15,39,code/parameter_estimation.py
29126205,10,2,12,code/parameter_estimation.py
29126205,10,2,12,code/parameter_estimation.py
29126205,10,3,13,code/parameter_estimation.py
29126205,10,3,13,code/parameter_estimation.py
29126205,4,0,4,code/parameter_estimation.py
29126205,4,0,4,code/parameter_estimation.py
29126205,4,5,9,code/parameter_estimation.py
29126205,4,5,9,code/parameter_estimation.py
29126205,3,1,4,code/parameter_estimation.py
29126205,3,1,4,code/parameter_estimation.py
29126205,7,1,8,code/parameter_estimation.py
29126205,7,1,8,code/parameter_estimation.py
29126205,7,1,8,code/parameter_estimation.py
29126205,7,1,8,code/parameter_estimation.py
29126205,11,2,13,code/parameter_estimation.py
29126205,11,2,13,code/parameter_estimation.py
29126205,20,0,20,code/parameter_estimation.py
29126205,20,0,20,code/parameter_estimation.py
29126205,6,1,7,code/parameter_estimation.py
29126205,6,1,7,code/parameter_estimation.py
29126205,4,26,30,code/parameter_estimation.py
29126205,4,26,30,code/parameter_estimation.py
29126205,29,5,34,code/parameter_estimation.py
29126205,29,5,34,code/parameter_estimation.py
29126205,23,11,34,code/parameter_estimation.py
29126205,23,11,34,code/parameter_estimation.py
29126205,61,9,70,code/parameter_estimation.py
29126205,61,9,70,code/parameter_estimation.py
29126205,16,4,20,code/parameter_estimation.py
29126205,16,4,20,code/parameter_estimation.py
29126205,18,0,18,code/parameter_estimation.py
29126205,18,0,18,code/parameter_estimation.py
29126205,25,27,52,code/parameter_estimation.py
29126205,25,27,52,code/parameter_estimation.py
29126205,47,49,96,code/parameter_estimation.py
29126205,47,49,96,code/parameter_estimation.py
29126205,6,3,9,code/parameter_estimation.py
29126205,6,3,9,code/parameter_estimation.py
29126205,25,32,57,code/parameter_estimation.py
29126205,25,32,57,code/parameter_estimation.py
29126205,7,23,30,code/parameter_estimation.py
29126205,7,23,30,code/parameter_estimation.py
29126205,4,0,4,code/parameter_estimation.py
29126205,4,0,4,code/parameter_estimation.py
29126205,39,28,67,code/parameter_estimation.py
29126205,39,28,67,code/parameter_estimation.py
29126205,49,8,57,code/parameter_estimation.py
29126205,49,8,57,code/parameter_estimation.py
29126205,9,2,11,code/parameter_estimation.py
29126205,9,2,11,code/parameter_estimation.py
29126205,62,56,118,code/parameter_estimation.py
29126205,62,56,118,code/parameter_estimation.py
29126205,17,2,19,code/parameter_estimation.py
29126205,17,2,19,code/parameter_estimation.py
29126205,14,4,18,code/parameter_estimation.py
29126205,14,4,18,code/parameter_estimation.py
29126205,1,0,1,code/parameter_estimation.py
29126205,1,0,1,code/parameter_estimation.py
29126205,6,0,6,code/parameter_estimation.py
29126205,6,0,6,code/parameter_estimation.py
29126205,4,7,11,code/parameter_estimation.py
29126205,4,7,11,code/parameter_estimation.py
29126205,4,3,7,code/parameter_estimation.py
29126205,4,3,7,code/parameter_estimation.py
29126205,18,0,18,code/parameter_estimation.py
29126205,18,0,18,code/parameter_estimation.py
29126205,5,0,5,code/parameter_estimation.py
29126205,5,0,5,code/parameter_estimation.py
29126205,33,14,47,code/parameter_estimation.py
29126205,33,14,47,code/parameter_estimation.py
29126205,37,39,76,code/parameter_estimation.py
29126205,37,39,76,code/parameter_estimation.py
29126205,12,5,17,code/parameter_estimation.py
29126205,12,5,17,code/parameter_estimation.py
29126205,6,2,8,code/parameter_estimation.py
29126205,6,2,8,code/parameter_estimation.py
29126205,16,16,32,code/parameter_estimation.py
29126205,16,16,32,code/parameter_estimation.py
29126205,28,1,29,code/parameter_estimation.py
29126205,28,1,29,code/parameter_estimation.py
29126205,8,1,9,code/parameter_estimation.py
29126205,8,1,9,code/parameter_estimation.py
29126205,32,2,34,code/parameter_estimation.py
29126205,32,2,34,code/parameter_estimation.py
29126205,1,1,2,code/rht_to_planck.py
29126205,1,1,2,code/rht_to_planck.py
29126205,7,68,75,code/parameter_estimation.py
29126205,7,68,75,code/parameter_estimation.py
29126205,2,0,2,code/parameter_estimation.py
29126205,2,0,2,code/parameter_estimation.py
29126205,3,2,5,code/parameter_estimation.py
29126205,3,2,5,code/parameter_estimation.py
29126205,9,1,10,code/parameter_estimation.py
29126205,9,1,10,code/parameter_estimation.py
29126205,3,4,7,code/rht_to_planck.py
29126205,3,4,7,code/rht_to_planck.py
29126205,87,3,90,code/rht_to_planck.py
29126205,87,3,90,code/rht_to_planck.py
29126205,53,11,64,code/rht_to_planck.py
29126205,53,11,64,code/rht_to_planck.py
29126205,1,0,1,code/rht_to_planck.py
29126205,1,0,1,code/rht_to_planck.py
29126205,13,5,18,code/rht_to_planck.py
29126205,13,5,18,code/rht_to_planck.py
29126205,51,0,51,code/angle_map_RHT2Planck.py
29126205,34,1,35,code/rht_to_planck.py
29126205,51,0,51,code/angle_map_RHT2Planck.py
29126205,34,1,35,code/rht_to_planck.py
29126205,51,0,51,code/angle_map_RHT2Planck.py
29126205,30,0,30,code/rht_to_planck.py
29126205,51,0,51,code/angle_map_RHT2Planck.py
29126205,30,0,30,code/rht_to_planck.py
29126205,28,29,57,code/rht_to_planck.py
29126205,28,29,57,code/rht_to_planck.py
29126205,12,8,20,code/rht_to_planck.py
29126205,12,8,20,code/rht_to_planck.py
29126205,70,7,77,code/rht_to_planck.py
29126205,70,7,77,code/rht_to_planck.py
29126205,1,1,2,code/rht_to_planck.py
29126205,1,1,2,code/rht_to_planck.py
29126205,1,0,1,code/rht_to_planck.py
29126205,1,0,1,code/rht_to_planck.py
29126205,6,3,9,code/rht_to_planck.py
29126205,6,3,9,code/rht_to_planck.py
29126205,26,1,27,code/rht_to_planck.py
29126205,26,1,27,code/rht_to_planck.py
29126205,11,1,12,code/rht_to_planck.py
29126205,11,1,12,code/rht_to_planck.py
29126205,7,6,13,code/rht_to_planck.py
29126205,7,6,13,code/rht_to_planck.py
29126205,0,6,6,code/blank.py
29126205,0,6,6,code/blank.py
29126205,58,50,108,code/rht_to_planck.py
29126205,58,50,108,code/rht_to_planck.py
29126205,54,5,59,code/rht_to_planck.py
29126205,54,5,59,code/rht_to_planck.py
29126205,7,1,8,code/rht_to_planck.py
29126205,7,1,8,code/rht_to_planck.py
29126205,34,0,34,code/rht_to_planck.py
29126205,34,0,34,code/rht_to_planck.py
29126205,4,1,5,code/parameter_estimation.py
29126205,4,1,5,code/parameter_estimation.py
29126205,77,0,77,code/parameter_estimation.py
29126205,77,0,77,code/parameter_estimation.py
29126205,85,20,105,code/parameter_estimation.py
29126205,85,20,105,code/parameter_estimation.py
29126205,2,77,79,code/parameter_estimation.py
29126205,2,77,79,code/parameter_estimation.py
29126205,112,16,128,code/parameter_estimation.py
29126205,112,16,128,code/parameter_estimation.py
29126205,53,11,64,code/parameter_estimation.py
29126205,53,11,64,code/parameter_estimation.py
29126205,74,52,126,code/parameter_estimation.py
29126205,74,52,126,code/parameter_estimation.py
29126205,29,1,30,code/parameter_estimation.py
29126205,29,1,30,code/parameter_estimation.py
29126205,4,5,9,code/parameter_estimation.py
29126205,4,5,9,code/parameter_estimation.py
29126205,21,15,36,code/parameter_estimation.py
29126205,21,15,36,code/parameter_estimation.py
29126205,32,8,40,code/parameter_estimation.py
29126205,32,8,40,code/parameter_estimation.py
29126205,23,6,29,code/parameter_estimation.py
29126205,23,6,29,code/parameter_estimation.py
29126205,13,4,17,code/parameter_estimation.py
29126205,13,4,17,code/parameter_estimation.py
29126205,30,0,30,code/parameter_estimation.py
29126205,30,0,30,code/parameter_estimation.py
29126205,66,0,66,code/plaszczynski.py
29126205,5,1,6,code/debias.py
29126205,10,1,11,code/debias.py
29126205,17,0,17,code/debias.py
29126205,6,0,6,code/blank.py
34600889,1,4,5,employees/views.py
34600889,4,1,5,employees/views.py
34600889,0,1,1,events/views.py
34600889,4,10,14,events/views.py
34600889,18,0,18,employees/management/commands/setdefaultavatar.py
34600889,1,1,2,employees/serializers.py
34600889,2,2,4,categories/migrations/0001_initial.py
34600889,0,20,20,categories/migrations/0002_auto_20170327_1555.py
34600889,8,32,40,employees/migrations/0001_initial.py
34600889,2,2,4,events/migrations/0001_initial.py
34600889,5,8,13,stars/migrations/0001_initial.py
34600889,0,20,20,stars/migrations/0002_badge_sharing_text.py
34600889,1,0,1,employees/admin.py
34600889,1,0,1,employees/models.py
34600889,2,0,2,employees/serializers.py
34600889,1,0,1,events/views.py
34600889,4,2,6,employees/views.py
34600889,2,1,3,events/migrations/0001_initial.py
34600889,1,0,1,events/models.py
34600889,2,1,3,events/serializers.py
34600889,1,1,2,employees/models.py
34600889,2,1,3,events/migrations/0001_initial.py
34600889,1,0,1,events/models.py
34600889,9,1,10,events/serializers.py
34600889,1,1,2,employees/models.py
34600889,2,0,2,AllStars/settings/base.py
34600889,4,0,4,categories/models.py
34600889,7,0,7,categories/serializers.py
34600889,2,1,3,categories/urls.py
34600889,23,0,23,categories/views.py
34600889,20,0,20,categories/migrations/0002_auto_20170327_1555.py
34600889,1,1,2,categories/models.py
34600889,20,0,20,stars/migrations/0002_badge_sharing_text.py
34600889,1,0,1,stars/models.py
34600889,1,1,2,stars/serializers.py
34600889,1,1,2,events/views.py
34600889,2,1,3,events/serializers.py
34600889,6,0,6,employees/serializers.py
34600889,3,0,3,events/serializers.py
34600889,1,0,1,events/serializers.py
34600889,1,1,2,employees/management/commands/dailycheck.py
34600889,9,0,9,AllStars/settings/base.py
34600889,3,0,3,employees/urls.py
34600889,11,0,11,employees/views.py
34600889,9,2,11,stars/serializers.py
34600889,0,1,1,administrator/views.py
34600889,45,25,70,AllStars/settings/base.py
34600889,1,1,2,AllStars/settings/local.py
34600889,1,1,2,AllStars/settings/production.py
34600889,6,2,8,activities/views.py
34600889,3,1,4,administrator/urls.py
34600889,1,1,2,employees/management/commands/updatescore.py
34600889,3,1,4,employees/urls.py
34600889,18,11,29,employees/views.py
34600889,12,4,16,stars/urls.py
34600889,18,12,30,stars/views.py
34600889,1,1,2,AllStars/settings/base.py
34600889,1,0,1,administrator/serializers.py
34600889,1,1,2,administrator/views.py
34600889,0,6,6,employees/views.py
34600889,7,0,7,administrator/views.py
34600889,5,2,7,AllStars/settings/base.py
34600889,5,0,5,administrator/serializers.py
34600889,2,1,3,administrator/urls.py
34600889,18,1,19,administrator/views.py
34600889,35,4,39,categories/views.py
34600889,15,2,17,events/tests.py
34600889,18,1,19,administrator/serializers.py
34600889,2,1,3,administrator/urls.py
34600889,41,1,42,administrator/views.py
34600889,0,2,2,administrator/pagination.py
34600889,7,1,8,administrator/serializers.py
34600889,2,0,2,administrator/urls.py
34600889,254,89,343,administrator/views.py
34600889,1,1,2,employees/urls.py
34600889,2,1,3,administrator/urls.py
34600889,18,1,19,administrator/views.py
34600889,6,0,6,administrator/serializers.py
34600889,3,0,3,administrator/urls.py
34600889,42,0,42,administrator/views.py
34600889,6,1,7,administrator/serializers.py
34600889,3,1,4,administrator/urls.py
34600889,43,2,45,administrator/views.py
34600889,13,3,16,employees/management/commands/dailycheck.py
34600889,34,0,34,employees/management/commands/updateevent.py
34600889,2,1,3,activities/urls.py
34600889,38,0,38,activities/views.py
34600889,12,0,12,events/views.py
34600889,6,1,7,events/serializers.py
34600889,2,0,2,events/urls.py
34600889,14,1,15,events/views.py
34600889,1,1,2,AllStars/urls.py
34600889,5,5,10,events/urls.py
34600889,16,8,24,events/views.py
34600889,4,1,5,events/urls.py
34600889,43,0,43,events/views.py
34600889,10,0,10,events/serializers.py
34600889,5,3,8,events/urls.py
34600889,42,3,45,events/views.py
34600889,2,1,3,events/urls.py
34600889,38,7,45,events/views.py
34600889,2,1,3,events/urls.py
34600889,25,0,25,events/views.py
34600889,1,0,1,AllStars/urls.py
34600889,8,0,8,events/serializers.py
34600889,7,0,7,events/urls.py
34600889,37,2,39,events/views.py
34600889,1,1,2,events/admin.py
34600889,5,1,6,events/migrations/0001_initial.py
34600889,1,0,1,events/models.py
34600889,2,2,4,events/migrations/0001_initial.py
34600889,1,1,2,events/models.py
34600889,3,1,4,events/migrations/0001_initial.py
34600889,11,0,11,administrator/serializers.py
34600889,3,0,3,administrator/urls.py
34600889,71,0,71,administrator/views.py
34600889,3,1,4,events/admin.py
34600889,1,0,1,AllStars/settings/base.py
34600889,0,0,0,events/__init__.py
34600889,17,0,17,events/admin.py
34600889,7,0,7,events/apps.py
34600889,62,0,62,events/migrations/0001_initial.py
34600889,0,0,0,events/migrations/__init__.py
34600889,43,0,43,events/models.py
34600889,3,0,3,events/tests.py
34600889,3,0,3,events/views.py
34600889,1,2,3,employees/serializers.py
34600889,1,1,2,categories/serializers.py
34600889,3,3,6,categories/tests.py
34600889,15,3,18,stars/views.py
34600889,2,2,4,employees/migrations/0001_initial.py
34600889,1,1,2,employees/models.py
34600889,1,1,2,categories/admin.py
34600889,2,3,5,categories/migrations/0001_initial.py
34600889,1,2,3,categories/models.py
34600889,6,1,7,administrator/serializers.py
34600889,3,0,3,administrator/urls.py
34600889,71,3,74,administrator/views.py
34600889,2,1,3,employees/migrations/0001_initial.py
34600889,1,0,1,employees/models.py
34600889,6,1,7,administrator/serializers.py
34600889,3,0,3,administrator/urls.py
34600889,71,2,73,administrator/views.py
34600889,2,1,3,administrator/urls.py
34600889,39,0,39,administrator/views.py
34600889,3,1,4,employees/migrations/0001_initial.py
34600889,2,0,2,employees/models.py
34600889,6,0,6,administrator/serializers.py
34600889,2,0,2,administrator/urls.py
34600889,28,3,31,administrator/views.py
34600889,1,1,2,employees/admin.py
34600889,2,1,3,employees/migrations/0001_initial.py
34600889,1,0,1,employees/models.py
34600889,0,1,1,employees/serializers.py
34600889,24,0,24,stars/serializers.py
34600889,3,1,4,stars/urls.py
34600889,65,1,66,stars/views.py
34600889,5,0,5,stars/views.py
34600889,2,0,2,stars/urls.py
34600889,24,0,24,stars/views.py
34600889,3,0,3,AllStars/settings/base.py
34600889,2,0,2,administrator/urls.py
34600889,17,1,18,stars/serializers.py
34600889,39,3,42,stars/views.py
34600889,2,2,4,administrator/urls.py
34600889,4,2,6,administrator/views.py
34600889,2,1,3,administrator/urls.py
34600889,37,0,37,administrator/views.py
34600889,2,2,4,stars/migrations/0001_initial.py
34600889,1,1,2,stars/models.py
34600889,2,1,3,stars/migrations/0001_initial.py
34600889,1,0,1,stars/models.py
34600889,6,0,6,administrator/serializers.py
34600889,5,3,8,administrator/urls.py
34600889,33,86,119,administrator/views.py
34600889,78,1,79,employees/views.py
34600889,1,1,2,stars/admin.py
34600889,2,1,3,stars/migrations/0001_initial.py
34600889,1,0,1,stars/models.py
34600889,1,1,2,stars/admin.py
34600889,6,1,7,stars/migrations/0001_initial.py
34600889,2,0,2,stars/models.py
34600889,12,1,13,stars/admin.py
34600889,30,2,32,stars/migrations/0001_initial.py
34600889,23,0,23,stars/models.py
34600889,1,1,2,stars/views.py
34600889,18,9,27,AllStars/settings/base.py
34600889,5,1,6,activities/migrations/0001_initial.py
34600889,31,6,37,employees/migrations/0001_initial.py
34600889,3,1,4,employees/urls.py
34600889,6,2,8,stars/urls.py
34600889,20,14,34,stars/views.py
34600889,2,2,4,activities/models.py
34600889,2,2,4,activities/serializers.py
34600889,2,2,4,administrator/serializers.py
34600889,2,2,4,categories/models.py
34600889,2,2,4,categories/serializers.py
34600889,1,1,2,employees/admin.py
34600889,4,4,8,employees/models.py
34600889,3,1,4,stars/urls.py
34600889,25,0,25,stars/views.py
34600889,6,0,6,stars/serializers.py
34600889,2,0,2,stars/urls.py
34600889,25,1,26,stars/views.py
34600889,2,1,3,stars/urls.py
34600889,26,1,27,stars/views.py
34600889,1,1,2,stars/models.py
34600889,11,5,16,stars/serializers.py
34600889,2,1,3,stars/urls.py
34600889,25,1,26,stars/views.py
34600889,13,13,26,employees/serializers.py
34600889,3,3,6,administrator/views.py
34600889,1,1,2,AllStars/settings/base.py
34600889,17,13,30,employees/serializers.py
34600889,3,0,3,AllStars/settings/base.py
34600889,2,1,3,administrator/urls.py
34600889,51,1,52,administrator/views.py
34600889,7,0,7,employees/serializers.py
34600889,2,0,2,administrator/urls.py
34600889,32,1,33,administrator/views.py
34600889,3,0,3,employees/serializers.py
34600889,0,5,5,AllStars/settings/base.py
34600889,0,2,2,AllStars/urls.py
34600889,0,0,0,events/__init__.py
34600889,0,28,28,events/admin.py
34600889,0,7,7,events/apps.py
34600889,0,133,133,events/migrations/0001_initial.py
34600889,0,0,0,events/migrations/__init__.py
34600889,0,90,90,events/models.py
34600889,0,106,106,events/serializers.py
34600889,0,19,19,events/tests.py
34600889,0,24,24,events/urls.py
34600889,0,454,454,events/views.py
34600889,1,1,2,AllStars/urls.py
34600889,1,1,2,AllStars/urls.py
34600889,5,12,17,stars/serializers.py
34600889,1,5,6,stars/urls.py
34600889,2,37,39,stars/views.py
34600889,0,1,1,AllStars/settings/base.py
34600889,1,1,2,AllStars/urls.py
34600889,3,28,31,categories/serializers.py
34600889,5,10,15,categories/urls.py
34600889,16,94,110,categories/views.py
34600889,0,3,3,categories/tests.py
34600889,1,75,76,categories/views.py
34600889,12,12,24,docs/conf.py
34600889,1,30,31,stars/views.py
34600889,5,0,5,administrator/urls.py
34600889,3,7,10,employees/urls.py
34600889,1,1,2,employees/views.py
34600889,1,1,2,AllStars/urls.py
34600889,0,46,46,administrator/serializers.py
34600889,6,5,11,administrator/urls.py
34600889,8,124,132,administrator/views.py
34600889,7,1,8,employees/serializers.py
34600889,2,1,3,employees/urls.py
34600889,23,3,26,employees/views.py
34600889,1,2,3,employees/urls.py
34600889,0,21,21,employees/views.py
34600889,2,3,5,employees/urls.py
34600889,13,31,44,employees/views.py
34600889,0,7,7,employees/serializers.py
34600889,0,4,4,employees/urls.py
34600889,1,103,104,employees/views.py
34600889,0,1,1,employees/urls.py
34600889,0,32,32,employees/views.py
34600889,1,1,2,employees/views.py
34600889,0,3,3,employees/serializers.py
34600889,3,0,3,employees/urls.py
34600889,1,1,2,employees/views.py
34600889,4,4,8,employees/views.py
34600889,0,8,8,categories/tests.py
34600889,1,1,2,docs/conf.py
34600889,3,3,6,AllStars/settings/local.py
34600889,6,0,6,employees/views.py
34600889,5,5,10,AllStars/urls.py
34600889,1,3,4,categories/serializers.py
34600889,2,33,35,categories/tests.py
34600889,1,4,5,stars/tests.py
34600889,4,4,8,administrator/serializers.py
34600889,1,1,2,administrator/views.py
34600889,1,6,7,categories/admin.py
34600889,3,13,16,categories/migrations/0001_initial.py
34600889,0,30,30,categories/migrations/0002_auto_20161005_2109.py
34600889,0,14,14,categories/models.py
34600889,3,3,6,categories/serializers.py
34600889,1,1,2,categories/views.py
34600889,2,2,4,employees/migrations/0001_initial.py
34600889,1,1,2,stars/admin.py
34600889,2,3,5,stars/migrations/0001_initial.py
34600889,0,1,1,stars/models.py
34600889,1,1,2,stars/views.py
34600889,7,3,10,employees/admin.py
34600889,20,4,24,employees/migrations/0001_initial.py
34600889,0,24,24,employees/migrations/0002_auto_20160721_1559.py
34600889,0,21,21,employees/migrations/0003_employee_skills.py
34600889,0,20,20,employees/migrations/0004_employee_is_password_reset_required.py
34600889,14,14,28,employees/models.py
34600889,338,0,338,docs/conf.py
34600889,1,1,2,categories/views.py
34600889,2,2,4,employees/management/commands/dailycheck.py
34600889,1,1,2,employees/management/commands/updatescore.py
34600889,7,7,14,employees/views.py
34600889,1,1,2,events/views.py
34600889,2,2,4,utils/send_messages.py
34600889,20,2,22,administrator/views.py
34600889,6,0,6,stars/serializers.py
34600889,3,3,6,stars/views.py
34600889,15,0,15,administrator/views.py
34600889,1,0,1,stars/serializers.py
34600889,2,0,2,administrator/pagination.py
34600889,15,0,15,administrator/pagination.py
34600889,13,6,19,administrator/views.py
34600889,2,0,2,administrator/urls.py
34600889,18,0,18,administrator/views.py
34600889,2,0,2,stars/serializers.py
34600889,6,0,6,administrator/serializers.py
34600889,32,0,32,administrator/views.py
34600889,2,2,4,administrator/views.py
34600889,0,3,3,administrator/admin.py
34600889,0,0,0,administrator/migrations/__init__.py
34600889,0,5,5,administrator/models.py
34600889,20,0,20,administrator/serializers.py
34600889,0,3,3,administrator/tests.py
34600889,25,7,32,administrator/views.py
34600889,5,0,5,administrator/serializers.py
34600889,5,3,8,administrator/views.py
34600889,1,2,3,administrator/serializers.py
34600889,1,1,2,administrator/serializers.py
34600889,11,1,12,administrator/serializers.py
34600889,1,0,1,AllStars/urls.py
34600889,0,0,0,administrator/__init__.py
34600889,3,0,3,administrator/admin.py
34600889,7,0,7,administrator/apps.py
34600889,0,0,0,administrator/migrations/__init__.py
34600889,5,0,5,administrator/models.py
34600889,18,0,18,administrator/serializers.py
34600889,3,0,3,administrator/tests.py
34600889,11,0,11,administrator/urls.py
34600889,177,0,177,administrator/views.py
34600889,4,4,8,categories/views.py
34600889,12,1,13,categories/views.py
34600889,3,1,4,categories/urls.py
34600889,27,1,28,categories/views.py
34600889,3,2,5,categories/views.py
34600889,3,3,6,categories/admin.py
34600889,30,0,30,categories/migrations/0002_auto_20161005_2109.py
34600889,3,0,3,categories/models.py
34600889,1,0,1,AllStars/settings/base.py
34600889,2,1,3,categories/urls.py
34600889,34,0,34,categories/views.py
34600889,1,1,2,categories/serializers.py
34600889,1,1,2,AllStars/settings/base.py
34600889,1,0,1,AllStars/settings/base.py
34600889,3,2,5,categories/urls.py
34600889,28,1,29,categories/views.py
34600889,2,1,3,employees/views.py
34600889,2,0,2,employees/serializers.py
34600889,3,0,3,employees/serializers.py
34600889,3,1,4,employees/urls.py
34600889,34,2,36,employees/views.py
34600889,0,2,2,employees/views.py
34600889,1,0,1,employees/serializers.py
34600889,1,1,2,AllStars/settings/production.py
34600889,1,3,4,stars/views.py
34600889,1,1,2,categories/views.py
34600889,3,1,4,employees/urls.py
34600889,75,0,75,employees/views.py
34600889,4,0,4,AllStars/settings/base.py
34600889,4,2,6,categories/views.py
34600889,7,6,13,employees/views.py
34600889,4,4,8,events/views.py
34600889,2,2,4,stars/views.py
34600889,1,0,1,AllStars/settings/base.py
34600889,2,0,2,stars/views.py
34600889,1,0,1,AllStars/settings/base.py
34600889,2,0,2,employees/views.py
34600889,25,6,31,employees/views.py
34600889,1,0,1,activities/views.py
34600889,5,5,10,activities/views.py
34600889,8,9,17,AllStars/settings/base.py
34600889,1,1,2,activities/views.py
34600889,2,1,3,categories/views.py
34600889,1,1,2,employees/admin.py
34600889,20,0,20,employees/migrations/0004_employee_is_password_reset_required.py
34600889,1,0,1,employees/models.py
34600889,1,0,1,employees/serializers.py
34600889,4,1,5,employees/views.py
34600889,31,3,34,activities/serializers.py
34600889,8,8,16,activities/views.py
34600889,7,0,7,activities/serializers.py
34600889,11,6,17,activities/views.py
34600889,0,1,1,categories/views.py
34600889,2,0,2,categories/urls.py
34600889,35,0,35,categories/views.py
34600889,2,2,4,employees/admin.py
34600889,6,0,6,employees/serializers.py
34600889,2,1,3,employees/urls.py
34600889,27,0,27,employees/views.py
34600889,3,2,5,employees/admin.py
34600889,1,0,1,AllStars/settings/base.py
34600889,1,1,2,AllStars/settings/local.py
34600889,21,0,21,employees/migrations/0003_employee_skills.py
34600889,1,0,1,employees/models.py
34600889,0,1,1,AllStars/settings/base.py
34600889,14,0,14,activities/permissions.py
34600889,57,69,126,activities/views.py
34600889,0,7,7,utils/send_messages.py
34600889,2,0,2,AllStars/settings/base.py
34600889,61,48,109,activities/views.py
34600889,9,2,11,utils/send_messages.py
34600889,24,0,24,employees/migrations/0002_auto_20160721_1559.py
34600889,1,1,2,employees/models.py
34600889,2,1,3,activities/urls.py
34600889,25,0,25,activities/views.py
34600889,2,1,3,activities/urls.py
34600889,26,1,27,activities/views.py
34600889,1,1,2,categories/tests.py
34600889,4,1,5,AllStars/settings/base.py
34600889,3,1,4,activities/urls.py
34600889,44,2,46,activities/views.py
34600889,4,4,8,utils/send_messages.py
34600889,4,5,9,activities/migrations/0001_initial.py
34600889,0,20,20,activities/migrations/0002_auto_20160712_2121.py
34600889,0,27,27,activities/migrations/0003_auto_20160713_1426.py
34600889,0,24,24,activities/migrations/0004_auto_20160713_1946.py
34600889,0,20,20,activities/migrations/0005_auto_20160718_1533.py
34600889,11,1,12,employees/migrations/0001_initial.py
34600889,0,26,26,employees/migrations/0002_employeedevice.py
34600889,0,25,25,employees/migrations/0003_auto_20160712_2038.py
34600889,2,1,3,employees/models.py
34600889,7,5,12,employees/views.py
34600889,14,2,16,activities/tests.py
34600889,18,2,20,events/tests.py
34600889,27,2,29,stars/tests.py
34600889,2,0,2,employees/management/commands/dailycheck.py
34600889,22,0,22,events/serializers.py
34600889,5,5,10,events/views.py
34600889,1,1,2,utils/send_messages.py
34600889,11,1,12,activities/serializers.py
34600889,4,1,5,activities/urls.py
34600889,86,3,89,activities/views.py
34600889,1,1,2,activities/admin.py
34600889,20,0,20,activities/migrations/0005_auto_20160718_1533.py
34600889,1,1,2,activities/models.py
34600889,2,2,4,stars/views.py
34600889,5,5,10,utils/send_messages.py
34600889,3,0,3,utils/send_messages.py
34600889,8,2,10,utils/send_messages.py
34600889,4,26,30,activities/views.py
34600889,3,7,10,stars/views.py
34600889,40,2,42,utils/send_messages.py
34600889,1,0,1,AllStars/settings/base.py
34600889,19,1,20,stars/views.py
34600889,1,0,1,AllStars/settings/base.py
34600889,2,1,3,employees/urls.py
34600889,30,0,30,employees/views.py
34600889,1,0,1,AllStars/settings/base.py
34600889,1,1,2,employees/models.py
34600889,10,1,11,stars/views.py
34600889,1,19,20,activities/views.py
34600889,19,0,19,utils/send_messages.py
34600889,1,1,2,activities/admin.py
34600889,24,0,24,activities/migrations/0004_auto_20160713_1946.py
34600889,2,5,7,activities/models.py
34600889,2,1,3,activities/urls.py
34600889,54,2,56,activities/views.py
34600889,1,1,2,AllStars/settings/base.py
34600889,1,1,2,AllStars/settings/production.py
34600889,4,0,4,AllStars/settings/base.py
34600889,3,0,3,AllStars/settings/local.py
34600889,3,0,3,AllStars/settings/production.py
34600889,33,3,36,activities/views.py
34600889,1,1,2,activities/admin.py
34600889,27,0,27,activities/migrations/0003_auto_20160713_1426.py
34600889,1,1,2,activities/models.py
34600889,3,0,3,AllStars/settings/base.py
34600889,7,0,7,activities/serializers.py
34600889,2,1,3,activities/urls.py
34600889,45,2,47,activities/views.py
34600889,20,0,20,activities/migrations/0002_auto_20160712_2121.py
34600889,25,0,25,employees/migrations/0003_auto_20160712_2038.py
34600889,1,1,2,activities/models.py
34600889,2,2,4,employees/models.py
34600889,7,1,8,employees/serializers.py
34600889,2,1,3,employees/urls.py
34600889,36,2,38,employees/views.py
34600889,7,1,8,employees/admin.py
34600889,26,0,26,employees/migrations/0002_employeedevice.py
34600889,6,0,6,employees/models.py
34600889,19,0,19,events/serializers.py
34600889,2,1,3,events/urls.py
34600889,29,0,29,events/views.py
34600889,4,1,5,events/views.py
34600889,5,5,10,AllStars/settings/base.py
34600889,6,5,11,employees/views.py
34600889,1,1,2,employees/views.py
34600889,1,1,2,employees/views.py
34600889,0,1,1,AllStars/settings/base.py
34600889,1,1,2,events/serializers.py
34600889,0,1,1,events/views.py
34600889,2,1,3,events/urls.py
34600889,18,1,19,events/views.py
34600889,3,3,6,events/views.py
34600889,4,4,8,events/views.py
34600889,1,0,1,AllStars/settings/base.py
34600889,5,1,6,events/migrations/0001_initial.py
34600889,3,0,3,events/models.py
34600889,10,1,11,events/serializers.py
34600889,12,6,18,events/views.py
34600889,8,0,8,events/views.py
34600889,7,2,9,events/admin.py
34600889,21,2,23,events/migrations/0001_initial.py
34600889,10,2,12,events/models.py
34600889,9,4,13,events/views.py
34600889,13,5,18,events/views.py
34600889,2,6,8,categories/tests.py
34600889,8,0,8,categories/tests.py
34600889,2,0,2,employees/tests.py
34600889,3,3,6,events/migrations/0001_initial.py
34600889,2,2,4,events/models.py
34600889,3,1,4,events/urls.py
34600889,50,0,50,events/views.py
34600889,2,2,4,events/admin.py
34600889,3,1,4,events/migrations/0001_initial.py
34600889,2,0,2,events/models.py
34600889,4,3,7,events/serializers.py
34600889,4,4,8,events/views.py
34600889,3,1,4,events/migrations/0001_initial.py
34600889,2,0,2,events/models.py
34600889,4,3,7,events/serializers.py
34600889,2,1,3,events/migrations/0001_initial.py
34600889,1,0,1,events/models.py
34600889,17,0,17,events/serializers.py
34600889,3,1,4,events/urls.py
34600889,27,1,28,events/views.py
34600889,9,0,9,events/serializers.py
34600889,2,1,3,events/urls.py
34600889,27,0,27,events/views.py
34600889,5,2,7,events/urls.py
34600889,55,1,56,events/views.py
34600889,3,3,6,events/urls.py
34600889,2,2,4,events/views.py
34600889,6,0,6,events/serializers.py
34600889,3,0,3,events/urls.py
34600889,51,1,52,events/views.py
34600889,3,0,3,AllStars/settings/base.py
34600889,2,2,4,events/migrations/0001_initial.py
34600889,1,1,2,events/models.py
34600889,5,2,7,events/views.py
34600889,2,1,3,events/urls.py
34600889,25,4,29,events/views.py
34600889,2,1,3,events/urls.py
34600889,59,1,60,events/views.py
34600889,6,1,7,events/serializers.py
34600889,2,1,3,events/urls.py
34600889,12,4,16,events/views.py
34600889,0,12,12,events/serializers.py
34600889,14,10,24,events/views.py
34600889,3,1,4,events/serializers.py
34600889,13,5,18,events/views.py
34600889,2,1,3,employees/urls.py
34600889,28,0,28,employees/views.py
34600889,4,4,8,employees/views.py
34600889,1,1,2,employees/admin.py
34600889,1,1,2,employees/migrations/0001_initial.py
34600889,4,5,9,employees/models.py
34600889,1,1,2,employees/serializers.py
34600889,1,1,2,employees/views.py
34600889,1,1,2,events/admin.py
34600889,11,1,12,events/migrations/0001_initial.py
34600889,10,0,10,events/models.py
34600889,2,1,3,events/migrations/0001_initial.py
34600889,1,0,1,events/models.py
34600889,1,1,2,events/admin.py
34600889,7,6,13,events/migrations/0001_initial.py
34600889,8,7,15,events/models.py
34600889,6,1,7,events/admin.py
34600889,20,1,21,events/migrations/0001_initial.py
34600889,12,0,12,events/models.py
34600889,1,0,1,AllStars/settings/base.py
34600889,1,0,1,AllStars/urls.py
34600889,0,0,0,activities/__init__.py
34600889,14,0,14,activities/admin.py
34600889,7,0,7,activities/apps.py
34600889,47,0,47,activities/migrations/0001_initial.py
34600889,0,0,0,activities/migrations/__init__.py
34600889,27,0,27,activities/models.py
34600889,3,0,3,activities/tests.py
34600889,6,0,6,activities/urls.py
34600889,3,0,3,activities/views.py
34600889,0,1,1,events/serializers.py
34600889,4,14,18,events/views.py
34600889,1,1,2,employees/views.py
34600889,1,0,1,events/urls.py
34600889,1,0,1,AllStars/urls.py
34600889,28,0,28,events/serializers.py
34600889,7,0,7,events/urls.py
34600889,77,0,77,events/views.py
34600889,1,1,2,employees/views.py
34600889,6,2,8,employees/management/commands/dailycheck.py
34600889,4,4,8,AllStars/settings/base.py
34600889,2,1,3,employees/models.py
34600889,79,0,79,employees/management/commands/dailycheck.py
34600889,5,6,11,employees/management/commands/updatescore.py
34600889,7,0,7,AllStars/settings/base.py
34600889,29,5,34,AllStars/settings/base.py
34600889,22,21,43,employees/views.py
34600889,5,4,9,stars/views.py
34600889,3,4,7,employees/management/commands/updatescore.py
34600889,2,1,3,employees/management/commands/updatescore.py
34600889,1,1,2,AllStars/settings/base.py
34600889,1,0,1,stars/serializers.py
34600889,3,3,6,employees/management/commands/updatescore.py
34600889,2,2,4,employees/migrations/0001_initial.py
34600889,1,1,2,employees/models.py
34600889,1,0,1,employees/management/commands/updatescore.py
34600889,7,0,7,employees/management/commands/updatescore.py
34600889,11,0,11,employees/management/commands/updatescore.py
34600889,1,1,2,stars/views.py
34600889,6,0,6,categories/serializers.py
34600889,2,2,4,stars/serializers.py
34600889,1,1,2,stars/views.py
34600889,2,0,2,employees/models.py
34600889,2,2,4,employees/migrations/0001_initial.py
34600889,1,1,2,employees/models.py
34600889,29,4,33,employees/management/commands/updatescore.py
34600889,3,5,8,stars/views.py
34600889,6,0,6,employees/models.py
34600889,15,11,26,employees/admin.py
34600889,17,0,17,employees/management/commands/updatescore.py
34600889,10,6,16,employees/migrations/0001_initial.py
34600889,13,5,18,employees/models.py
34600889,11,12,23,stars/serializers.py
34600889,9,6,15,stars/views.py
34600889,8,0,8,stars/views.py
34600889,1,1,2,employees/admin.py
34600889,1,1,2,employees/views.py
34600889,1,1,2,AllStars/settings/production.py
34600889,2,1,3,employees/views.py
34600889,2,1,3,employees/serializers.py
34600889,11,3,14,AllStars/settings/base.py
34600889,1,0,1,AllStars/settings/production.py
34600889,6,1,7,employees/admin.py
34600889,6,1,7,employees/migrations/0001_initial.py
34600889,5,0,5,employees/models.py
34600889,11,0,11,employees/models.py
34600889,10,0,10,AllStars/settings/base.py
34600889,1,0,1,employees/admin.py
34600889,2,1,3,employees/migrations/0001_initial.py
34600889,1,0,1,employees/models.py
34600889,2,0,2,employees/serializers.py
34600889,2,1,3,employees/admin.py
34600889,2,1,3,employees/migrations/0001_initial.py
34600889,12,0,12,employees/models.py
34600889,1,0,1,employees/serializers.py
34600889,0,1,1,AllStars/settings/local.py
34600889,2,1,3,utils/custom_storages.py
34600889,13,6,19,employees/views.py
34600889,0,1,1,employees/admin.py
34600889,2,3,5,employees/migrations/0001_initial.py
34600889,4,3,7,employees/models.py
34600889,0,6,6,employees/serializers.py
34600889,2,3,5,employees/urls.py
34600889,7,28,35,employees/views.py
34600889,0,1,1,AllStars/settings/base.py
34600889,6,0,6,AllStars/settings/production.py
34600889,3,2,5,AllStars/settings/production.py
34600889,0,0,0,utils/__init__.py
34600889,0,0,0,{AllStars/settings => utils}/custom_storages.py
34600889,1,5,6,AllStars/settings/base.py
34600889,5,0,5,AllStars/settings/custom_storages.py
34600889,5,0,5,AllStars/settings/local.py
34600889,10,0,10,AllStars/settings/production.py
34600889,4,1,5,AllStars/settings/base.py
34600889,2,2,4,employees/views.py
34600889,1,1,2,employees/views.py
34600889,0,1,1,employees/views.py
34600889,1,0,1,employees/admin.py
34600889,3,1,4,employees/migrations/0001_initial.py
34600889,5,0,5,employees/models.py
34600889,6,0,6,employees/serializers.py
34600889,2,1,3,employees/urls.py
34600889,34,1,35,employees/views.py
34600889,1,2,3,employees/views.py
34600889,1,1,2,events/models.py
34600889,1,2,3,stars/views.py
34600889,39,0,39,stars/views.py
34600889,88,4,92,employees/views.py
34600889,20,0,20,categories/views.py
34600889,0,8,8,stars/views.py
34600889,1,1,2,employees/admin.py
34600889,2,1,3,employees/migrations/0001_initial.py
34600889,1,0,1,employees/models.py
34600889,1,1,2,employees/serializers.py
34600889,3,0,3,AllStars/settings/base.py
34600889,7,1,8,categories/views.py
34600889,12,2,14,employees/views.py
34600889,11,1,12,stars/views.py
34600889,12,3,15,events/admin.py
34600889,17,4,21,events/migrations/0001_initial.py
34600889,22,4,26,events/models.py
34600889,1,0,1,AllStars/settings/base.py
34600889,0,0,0,events/__init__.py
34600889,9,0,9,events/admin.py
34600889,7,0,7,events/apps.py
34600889,61,0,61,events/migrations/0001_initial.py
34600889,0,0,0,events/migrations/__init__.py
34600889,32,0,32,events/models.py
34600889,3,0,3,events/tests.py
34600889,3,0,3,events/views.py
34600889,6,0,6,employees/models.py
34600889,4,12,16,stars/views.py
34600889,51,39,90,stars/views.py
34600889,10,0,10,stars/serializers.py
34600889,2,1,3,stars/urls.py
34600889,61,0,61,stars/views.py
34600889,7,0,7,employees/serializers.py
34600889,2,1,3,employees/urls.py
34600889,51,2,53,employees/views.py
34600889,9,2,11,employees/views.py
34600889,1,0,1,stars/serializers.py
34600889,1,0,1,stars/views.py
34600889,8,3,11,AllStars/settings/production.py
34600889,1,1,2,AllStars/urls.py
34600889,2,2,4,employees/management/commands/updatescore.py
34600889,4,4,8,employees/views.py
34600889,9,6,15,employees/views.py
34600889,8,4,12,employees/views.py
34600889,8,6,14,categories/serializers.py
34600889,1,2,3,employees/urls.py
34600889,0,21,21,employees/views.py
34600889,1,1,2,employees/views.py
34600889,5,2,7,employees/views.py
34600889,7,0,7,employees/models.py
34600889,3,6,9,employees/views.py
34600889,1,0,1,AllStars/settings/base.py
34600889,2,1,3,employees/admin.py
34600889,6,0,6,categories/serializers.py
34600889,3,0,3,stars/serializers.py
34600889,0,17,17,employees/management/commands/nextmonth.py
34600889,45,0,45,employees/management/commands/updatescore.py
34600889,2,0,2,stars/views.py
34600889,6,0,6,employees/views.py
34600889,5,0,5,stars/views.py
34600889,1,1,2,AllStars/urls.py
34600889,29,9,38,employees/views.py
34600889,6,0,6,AllStars/settings/base.py
34600889,11,0,11,AllStars/settings/production.py
34600889,4,5,9,AllStars/settings/base.py
34600889,7,0,7,AllStars/settings/local.py
34600889,3,0,3,employees/urls.py
34600889,47,0,47,employees/views.py
34600889,1,1,2,employees/admin.py
34600889,3,2,5,employees/migrations/0001_initial.py
34600889,1,0,1,employees/models.py
34600889,14,7,21,stars/views.py
34600889,1,0,1,stars/serializers.py
34600889,15,3,18,stars/views.py
34600889,1,1,2,AllStars/settings/base.py
34600889,9,0,9,stars/serializers.py
34600889,2,1,3,stars/urls.py
34600889,17,1,18,stars/views.py
34600889,1,1,2,stars/views.py
34600889,2,1,3,employees/urls.py
34600889,34,0,34,employees/views.py
34600889,2,1,3,employees/urls.py
34600889,34,0,34,employees/views.py
34600889,5,4,9,employees/views.py
34600889,0,1,1,employees/serializers.py
34600889,2,2,4,stars/migrations/0001_initial.py
34600889,1,1,2,stars/models.py
34600889,12,5,17,stars/views.py
34600889,3,4,7,employees/views.py
34600889,2,13,15,employees/tests.py
34600889,3,3,6,AllStars/settings/base.py
34600889,1,1,2,categories/views.py
34600889,16,10,26,employees/views.py
34600889,1,1,2,stars/serializers.py
34600889,0,6,6,stars/views.py
34600889,4,7,11,stars/views.py
34600889,9,0,9,employees/serializers.py
34600889,1,1,2,employees/views.py
34600889,5,0,5,employees/views.py
34600889,9,2,11,employees/views.py
34600889,1,1,2,stars/serializers.py
34600889,6,0,6,stars/serializers.py
34600889,2,0,2,stars/urls.py
34600889,20,1,21,stars/views.py
34600889,9,3,12,categories/serializers.py
34600889,2,1,3,categories/urls.py
34600889,29,13,42,categories/views.py
34600889,6,6,12,stars/serializers.py
34600889,8,2,10,stars/views.py
34600889,2,1,3,employees/urls.py
34600889,38,20,58,employees/views.py
34600889,4,1,5,employees/urls.py
34600889,41,5,46,employees/views.py
34600889,3,0,3,AllStars/settings/base.py
34600889,4,0,4,employees/serializers.py
34600889,2,1,3,employees/urls.py
34600889,36,0,36,employees/views.py
34600889,1,1,2,stars/serializers.py
34600889,7,1,8,employees/serializers.py
34600889,2,1,3,employees/urls.py
34600889,18,2,20,employees/views.py
34600889,1,1,2,employees/admin.py
34600889,8,1,9,employees/serializers.py
34600889,2,0,2,employees/urls.py
34600889,18,1,19,employees/views.py
34600889,2,2,4,stars/views.py
34600889,1,1,2,categories/serializers.py
34600889,3,3,6,stars/migrations/0001_initial.py
34600889,1,1,2,stars/models.py
34600889,3,3,6,categories/admin.py
34600889,6,6,12,categories/migrations/0001_initial.py
34600889,2,2,4,categories/models.py
34600889,1,1,2,stars/admin.py
34600889,2,2,4,stars/migrations/0001_initial.py
34600889,1,1,2,stars/models.py
34600889,6,2,8,categories/admin.py
34600889,13,1,14,categories/migrations/0001_initial.py
34600889,13,0,13,categories/models.py
34600889,7,1,8,employees/admin.py
34600889,19,2,21,employees/migrations/0001_initial.py
34600889,15,1,16,employees/models.py
34600889,3,2,5,stars/migrations/0001_initial.py
34600889,1,0,1,stars/models.py
34600889,4,2,6,employees/admin.py
34600889,4,2,6,employees/migrations/0001_initial.py
34600889,3,1,4,employees/models.py
34600889,55,3,58,employees/serializers.py
34600889,10,2,12,employees/views.py
34600889,18,0,18,AllStars/settings/base.py
34600889,1,0,1,AllStars/urls.py
34600889,1,0,1,employees/serializers.py
34600889,2,2,4,employees/migrations/0001_initial.py
34600889,1,1,2,employees/models.py
34600889,6,1,7,stars/views.py
34600889,2,0,2,stars/views.py
34600889,3,1,4,employees/serializers.py
34600889,2,2,4,stars/serializers.py
34600889,1,1,2,stars/views.py
34600889,1,1,2,stars/views.py
34600889,2,0,2,employees/views.py
34600889,8,17,25,employees/tests.py
34600889,9,0,9,stars/serializers.py
34600889,33,2,35,employees/tests.py
34600889,55,2,57,categories/tests.py
34600889,6,5,11,employees/migrations/0001_initial.py
34600889,5,2,7,stars/migrations/0001_initial.py
34600889,1,1,2,categories/serializers.py
34600889,35,3,38,categories/views.py
34600889,4,3,7,stars/serializers.py
34600889,47,3,50,stars/views.py
34600889,5,0,5,employees/serializers.py
34600889,54,1,55,employees/views.py
34600889,3,2,5,categories/urls.py
34600889,9,1,10,categories/views.py
34600889,0,1,1,employees/serializers.py
34600889,7,0,7,categories/serializers.py
34600889,3,2,5,categories/urls.py
34600889,10,2,12,categories/views.py
34600889,2,1,3,categories/urls.py
34600889,11,2,13,categories/views.py
34600889,6,0,6,employees/models.py
34600889,3,0,3,stars/models.py
34600889,2,0,2,employees/serializers.py
34600889,2,1,3,stars/urls.py
34600889,8,0,8,stars/views.py
34600889,1,1,2,AllStars/settings/base.py
34600889,2,3,5,AllStars/settings/production.py
34600889,0,1,1,categories/admin.py
34600889,2,0,2,categories/serializers.py
34600889,1,1,2,categories/urls.py
34600889,1,3,4,categories/views.py
34600889,5,4,9,employees/admin.py
34600889,3,2,5,employees/management/commands/nextmonth.py
34600889,2,2,4,employees/models.py
34600889,1,0,1,employees/serializers.py
34600889,9,5,14,employees/views.py
34600889,1,1,2,stars/admin.py
34600889,4,1,5,stars/serializers.py
34600889,1,1,2,stars/urls.py
34600889,8,11,19,stars/views.py
34600889,6,0,6,stars/serializers.py
34600889,2,1,3,stars/urls.py
34600889,21,2,23,stars/views.py
34600889,3,3,6,categories/migrations/0001_initial.py
34600889,2,2,4,categories/models.py
34600889,5,0,5,stars/serializers.py
34600889,4,1,5,stars/urls.py
34600889,13,1,14,stars/views.py
34600889,2,1,3,stars/urls.py
34600889,9,0,9,stars/views.py
34600889,8,1,9,stars/serializers.py
34600889,2,1,3,stars/urls.py
34600889,16,3,19,stars/views.py
34600889,6,2,8,employees/serializers.py
34600889,2,1,3,employees/urls.py
34600889,8,1,9,employees/views.py
34600889,0,0,0,employees/management/__init__.py
34600889,0,0,0,employees/management/commands/__init__.py
34600889,0,0,0,employees/management/commands/_private.py
34600889,16,0,16,employees/management/commands/nextmonth.py
34600889,13,0,13,employees/views.py
34600889,6,1,7,stars/serializers.py
34600889,18,2,20,stars/views.py
34600889,1,0,1,AllStars/settings/base.py
34600889,5,0,5,employees/models.py
34600889,2,0,2,stars/views.py
34600889,1,0,1,AllStars/settings/base.py
34600889,5,0,5,employees/models.py
34600889,2,0,2,stars/views.py
34600889,1,0,1,AllStars/urls.py
34600889,1,1,2,categories/migrations/0001_initial.py
34600889,1,1,2,employees/migrations/0001_initial.py
34600889,1,1,2,stars/admin.py
34600889,2,2,4,stars/migrations/0001_initial.py
34600889,1,1,2,stars/models.py
34600889,8,0,8,stars/serializers.py
34600889,7,0,7,stars/urls.py
34600889,57,2,59,stars/views.py
34600889,1,1,2,categories/serializers.py
34600889,0,2,2,employees/serializers.py
34600889,2,2,4,employees/urls.py
34600889,1,1,2,employees/views.py
34600889,3,1,4,AllStars/settings/base.py
34600889,0,2,2,employees/views.py
34600889,12,5,17,employees/views.py
34600889,6,1,7,categories/serializers.py
34600889,2,1,3,employees/urls.py
34600889,8,0,8,employees/views.py
34600889,2,1,3,employees/urls.py
34600889,12,0,12,employees/views.py
34600889,4,1,5,employees/admin.py
34600889,11,11,22,employees/admin.py
34600889,1,1,2,categories/urls.py
34600889,3,2,5,categories/views.py
34600889,1,0,1,AllStars/urls.py
34600889,8,0,8,categories/serializer.py
34600889,6,0,6,categories/urls.py
34600889,13,2,15,categories/views.py
34600889,0,3,3,AllStars/settings/base.py
34600889,15,0,15,AllStars/settings/production.py
34600889,23,0,23,AllStars/settings/base.py
34600889,3,1,4,AllStars/wsgi.py
34600889,3,0,3,AllStars/settings/base.py
34600889,9,0,9,employees/models.py
34600889,14,0,14,employees/admin.py
34600889,10,0,10,AllStars/settings/base.py
34600889,2,1,3,employees/urls.py
34600889,13,1,14,employees/views.py
34600889,2,0,2,employees/urls.py
34600889,13,1,14,employees/views.py
34600889,1,1,2,employees/serializers.py
34600889,2,2,4,employees/admin.py
34600889,1,1,2,employees/migrations/0001_initial.py
34600889,1,1,2,employees/models.py
34600889,1,1,2,employees/serializers.py
34600889,1,0,1,AllStars/urls.py
34600889,36,0,36,employees/serializers.py
34600889,8,0,8,employees/urls.py
34600889,20,2,22,employees/views.py
34600889,1,0,1,AllStars/settings/base.py
34600889,13,1,14,categories/migrations/0001_initial.py
34600889,0,27,27,categories/migrations/0002_subcategory.py
34600889,3,1,4,employees/migrations/0001_initial.py
34600889,0,21,21,employees/migrations/0002_employee_categories.py
34600889,0,0,0,{starts => stars}/__init__.py
34600889,8,0,8,stars/admin.py
34600889,2,2,4,{starts => stars}/apps.py
34600889,32,0,32,stars/migrations/0001_initial.py
34600889,0,0,0,{starts => stars}/migrations/__init__.py
34600889,14,0,14,stars/models.py
34600889,0,0,0,{starts => stars}/tests.py
34600889,0,0,0,{starts => stars}/views.py
34600889,0,3,3,starts/admin.py
34600889,0,5,5,starts/models.py
34600889,1,0,1,AllStars/settings/base.py
34600889,13,1,14,categories/admin.py
34600889,28,0,28,categories/migrations/0001_initial.py
34600889,27,0,27,categories/migrations/0002_subcategory.py
34600889,26,1,27,categories/models.py
34600889,2,1,3,employees/admin.py
34600889,21,0,21,employees/migrations/0002_employee_categories.py
34600889,1,0,1,employees/models.py
34600889,0,0,0,AllStars/__init__.py
34600889,0,0,0,AllStars/settings/__init__.py
34600889,125,0,125,AllStars/settings/base.py
34600889,21,0,21,AllStars/settings/local.py
34600889,10,0,10,AllStars/settings/production.py
34600889,24,0,24,AllStars/urls.py
34600889,16,0,16,AllStars/wsgi.py
34600889,0,0,0,categories/__init__.py
34600889,3,0,3,categories/admin.py
34600889,7,0,7,categories/apps.py
34600889,0,0,0,categories/migrations/__init__.py
34600889,5,0,5,categories/models.py
34600889,3,0,3,categories/tests.py
34600889,3,0,3,categories/views.py
34600889,0,0,0,employees/__init__.py
34600889,31,0,31,employees/admin.py
34600889,7,0,7,employees/apps.py
34600889,69,0,69,employees/migrations/0001_initial.py
34600889,0,0,0,employees/migrations/__init__.py
34600889,24,0,24,employees/models.py
34600889,3,0,3,employees/tests.py
34600889,3,0,3,employees/views.py
34600889,10,0,10,manage.py
34600889,0,0,0,starts/__init__.py
34600889,3,0,3,starts/admin.py
34600889,7,0,7,starts/apps.py
34600889,0,0,0,starts/migrations/__init__.py
34600889,5,0,5,starts/models.py
34600889,3,0,3,starts/tests.py
34600889,3,0,3,starts/views.py
27496810,45,16,61,src/RobotFrameworkCore/org.robotframework.ide.core-functions/src/main/python/scripts/TestRunnerAgent.py
27496810,24,0,24,src/RobotFrameworkCore/org.robotframework.ide.core-functions/src/test/python/scripts/test_TestRunnerAgent.py
27496810,1,0,1,src/RobotFrameworkCore/org.robotframework.ide.core-functions/src/main/python/scripts/robot_session_server.py
27496810,12,10,22,src/RobotFrameworkCore/org.robotframework.ide.core-functions/src/main/python/scripts/TestRunnerAgent.py
27496810,34,21,55,src/RobotFrameworkCore/org.robotframework.ide.core-functions/src/main/python/scripts/robot_session_server.py
27496810,28,2,30,src/RobotFrameworkCore/org.robotframework.ide.core-functions/src/main/python/scripts/TestRunnerAgent.py
27496810,35,0,35,src/RobotFrameworkCore/org.robotframework.ide.core-functions/src/test/python/scripts/test_TestRunnerAgent.py
27496810,9,7,16,tests/GuiTests/RcpttProjects/RedGuiTests/Settings/PythonScripts/StdLibrariesReaderWithNoRemote.py
27496810,24,27,51,tests/GuiTests/RcpttProjects/RedGuiTests/Settings/PythonScripts/compare_files.py
27496810,12,16,28,tests/GuiTests/RcpttProjects/RedGuiTests/Settings/PythonScripts/compare_msg_log_as_strings.py
27496810,17,19,36,tests/GuiTests/RcpttProjects/RedGuiTests/Settings/PythonScripts/compare_msg_log_in_files.py
27496810,2,3,5,tests/GuiTests/RcpttProjects/RedGuiTests/TestData/ExternalLibs/CalculatorLibrary.py
27496810,1,1,2,tests/GuiTests/RcpttProjects/RedGuiTests/TestData/LibsFromPythonPath/LibFromPythonPath.py
27496810,10,3,13,src/RobotFrameworkCore/org.robotframework.ide.core-functions/src/main/python/scripts/robot_session_server.py
27496810,8,0,8,src/RobotFrameworkCore/org.robotframework.ide.core-functions/src/test/python/scripts/res_test_robot_session_server/vars_modules/vars_loading.py
27496810,19,0,19,src/RobotFrameworkCore/org.robotframework.ide.core-functions/src/test/python/scripts/test_robot_session_server.py
27496810,22,36,58,src/RobotFrameworkCore/org.robotframework.ide.core-functions/src/main/python/scripts/red_variables.py
27496810,2,2,4,src/RobotFrameworkCore/org.robotframework.ide.core-functions/src/main/python/scripts/robot_session_server.py
27496810,1,4,5,src/RobotFrameworkCore/org.robotframework.ide.core-functions/src/main/python/scripts/red_libraries.py
27496810,9,15,24,src/RobotFrameworkCore/org.robotframework.ide.core-functions/src/main/python/scripts/red_keyword_autodiscover.py
27496810,10,16,26,src/RobotFrameworkCore/org.robotframework.ide.core-functions/src/main/python/scripts/red_libraries.py
27496810,16,26,42,src/RobotFrameworkCore/org.robotframework.ide.core-functions/src/main/python/scripts/red_library_autodiscover.py
27496810,12,14,26,src/RobotFrameworkCore/org.robotframework.ide.core-functions/src/main/python/scripts/rflint_integration.py
27496810,45,32,77,src/RobotFrameworkCore/org.robotframework.ide.core-functions/src/main/python/scripts/robot_session_server.py
27496810,0,15,15,src/RobotFrameworkCore/org.robotframework.ide.core-functions/src/main/python/scripts/dynamic.py
27496810,0,9,9,src/RobotFrameworkCore/org.robotframework.ide.core-functions/src/main/python/scripts/static.py
27496810,15,0,15,src/RobotFrameworkCore/org.robotframework.ide.core-functions/src/main/python/scripts/dynamic.py
27496810,9,0,9,src/RobotFrameworkCore/org.robotframework.ide.core-functions/src/main/python/scripts/static.py
27496810,3,1,4,src/RobotFrameworkCore/org.robotframework.ide.core-functions/src/main/python/scripts/robot_session_server.py
27496810,1,0,1,src/RobotFrameworkCore/org.robotframework.ide.core-functions/src/test/python/scripts/res_test_robot_session_server/vars_modules/a/__init__.py
27496810,4,0,4,src/RobotFrameworkCore/org.robotframework.ide.core-functions/src/test/python/scripts/res_test_robot_session_server/vars_modules/a/b.py
27496810,19,2,21,src/RobotFrameworkCore/org.robotframework.ide.core-functions/src/test/python/scripts/test_robot_session_server.py
27496810,1,0,1,src/RobotFrameworkCore/org.robotframework.ide.core-functions/src/main/python/scripts/rflint_integration.py
27496810,9,1,10,src/RobotFrameworkCore/org.robotframework.ide.core-functions/src/main/python/scripts/rflint_integration.py
27496810,13,3,16,src/RobotFrameworkCore/org.robotframework.ide.core-functions/src/main/python/scripts/SuiteVisitorImportProxy.py
27496810,5,4,9,src/RobotFrameworkCore/org.robotframework.ide.core-functions/src/main/python/scripts/red_keyword_autodiscover.py
27496810,11,10,21,src/RobotFrameworkCore/org.robotframework.ide.core-functions/src/main/python/scripts/red_library_autodiscover.py
27496810,4,2,6,src/RobotFrameworkCore/org.robotframework.ide.core-functions/src/main/python/scripts/robot_session_server.py
27496810,11,0,11,src/RobotFrameworkCore/org.robotframework.ide.core-functions/src/main/python/scripts/rflint_integration.py
27496810,13,0,13,src/RobotFrameworkCore/org.robotframework.ide.core-functions/src/main/python/scripts/robot_session_server.py
27496810,13,10,23,src/RobotFrameworkCore/org.robotframework.ide.core-functions/src/main/python/scripts/robot_session_server.py
27496810,18,7,25,src/RobotFrameworkCore/org.robotframework.ide.core-functions/src/main/python/scripts/robot_session_server.py
27496810,0,1,1,src/RobotFrameworkCore/org.robotframework.ide.core-functions/src/main/python/scripts/robot_session_server.py
27496810,10,1,11,src/RobotFrameworkCore/org.robotframework.ide.core-functions/src/main/python/scripts/robot_session_server.py
27496810,13,6,19,src/RobotFrameworkCore/org.robotframework.ide.core-functions/src/main/python/scripts/TestRunnerAgent.py
27496810,4,1,5,src/RobotFrameworkCore/org.robotframework.ide.core-functions/src/main/python/scripts/red_libraries.py
27496810,1,1,2,src/RobotFrameworkCore/org.robotframework.ide.core-functions/src/main/python/scripts/red_library_autodiscover.py
27496810,14,6,20,src/RobotFrameworkCore/org.robotframework.ide.core-functions/src/main/python/scripts/red_modules.py
27496810,7,0,7,src/RobotFrameworkCore/org.robotframework.ide.core-functions/src/test/python/scripts/test_TestRunnerAgent.py
27496810,22,11,33,src/RobotFrameworkCore/org.robotframework.ide.core-functions/src/main/python/scripts/robot_session_server.py
27496810,1,1,2,src/RobotFrameworkCore/org.robotframework.ide.core-functions/src/main/python/scripts/robot_session_server.py
27496810,1,1,2,src/RobotFrameworkCore/org.robotframework.ide.core-functions/src/main/python/scripts/red_libraries.py
27496810,1,1,2,src/RobotFrameworkCore/org.robotframework.ide.core-functions/src/main/python/scripts/robot_session_server.py
27496810,2,1,3,src/RobotFrameworkCore/org.robotframework.ide.core-functions/src/main/python/scripts/red_module_classes.py
27496810,16,1,17,src/RobotFrameworkCore/org.robotframework.ide.core-functions/src/main/python/scripts/TestRunnerAgent.py
27496810,0,85,85,src/RobotUserScripts/runPyDevDebug.py
27496810,7,3,10,src/RobotFrameworkCore/org.robotframework.ide.core-functions/src/main/python/scripts/red_module_classes.py
27496810,29,1,30,src/RobotFrameworkCore/org.robotframework.ide.core-functions/src/test/python/scripts/test_red_module_classes.py
27496810,0,0,0,src/RobotFrameworkCore/org.robotframework.ide.core-functions/src/main/python/scripts/red_pydevd_package/__init__.py
27496810,4,0,4,src/RobotFrameworkCore/org.robotframework.ide.core-functions/src/main/python/scripts/red_pydevd_package/redpydevd/__init__.py
27496810,3,0,3,src/RobotFrameworkCore/org.robotframework.ide.core-functions/src/main/python/scripts/red_pydevd_package/redpydevd/__main__.py
27496810,71,0,71,src/RobotFrameworkCore/org.robotframework.ide.core-functions/src/main/python/scripts/red_pydevd_package/redpydevd/redpydevd.py
27496810,19,0,19,src/RobotFrameworkCore/org.robotframework.ide.core-functions/src/main/python/scripts/red_pydevd_package/setup.py
27496810,11,0,11,src/RobotFrameworkCore/org.robotframework.ide.core-functions/src/test/python/scripts/test_redpydev.py
27496810,1,1,2,src/RobotFrameworkCore/org.robotframework.ide.core-functions/src/main/python/scripts/robot_session_server.py
27496810,13,0,13,src/RobotFrameworkCore/org.robotframework.ide.core-functions/src/test/python/scripts/res_test_robot_session_server/a/lib_logger.py
27496810,9,0,9,src/RobotFrameworkCore/org.robotframework.ide.core-functions/src/test/python/scripts/test_robot_session_server.py
27496810,156,81,237,src/RobotFrameworkCore/org.robotframework.ide.core-functions/src/main/python/scripts/red_module_classes.py
27496810,4,0,4,src/RobotFrameworkCore/org.robotframework.ide.core-functions/src/test/python/scripts/res_test_red_module_classes/module_with_non_module_files/__init__.py
27496810,22,9,31,src/RobotFrameworkCore/org.robotframework.ide.core-functions/src/test/python/scripts/test_red_module_classes.py
27496810,9,23,32,src/RobotFrameworkCore/org.robotframework.ide.core-functions/src/main/python/scripts/TestRunnerAgent.py
27496810,2,9,11,src/RobotFrameworkCore/org.robotframework.ide.core-functions/src/main/python/scripts/red_variables.py
27496810,1,1,2,src/RobotFrameworkCore/org.robotframework.ide.core-functions/src/main/python/scripts/robot_session_server.py
27496810,393,212,605,src/Eclipse-IDE/org.robotframework.ide.eclipse.main.plugin.tests/src/org/robotframework/ide/eclipse/main/plugin/project/dryrun/Decorator.py
27496810,18,2,20,src/RobotFrameworkCore/org.robotframework.ide.core-functions/src/main/python/scripts/SuiteVisitorImportProxy.py
27496810,1,1,2,src/RobotFrameworkCore/org.robotframework.ide.core-functions/src/main/python/scripts/robot_session_server.py
27496810,31,20,51,src/RobotFrameworkCore/org.robotframework.ide.core-functions/src/test/python/scripts/test_robot_session_server.py
27496810,251,0,251,src/Eclipse-IDE/org.robotframework.ide.eclipse.main.plugin.tests/src/org/robotframework/ide/eclipse/main/plugin/project/dryrun/Decorator.py
27496810,12,12,24,src/RobotFrameworkCore/org.robotframework.ide.core-functions/src/main/python/scripts/SuiteVisitorImportProxy.py
27496810,41,49,90,src/RobotFrameworkCore/org.robotframework.ide.core-functions/src/test/python/scripts/test_robot_session_server.py
27496810,89,44,133,src/RobotFrameworkCore/org.robotframework.ide.core-functions/src/main/python/scripts/red_module_classes.py
27496810,4,0,4,src/RobotFrameworkCore/org.robotframework.ide.core-functions/src/test/python/scripts/res_test_red_module_classes/UnicodeClass.py
27496810,19,0,19,src/RobotFrameworkCore/org.robotframework.ide.core-functions/src/test/python/scripts/res_test_red_module_classes/classes_with_comments.py
27496810,26,0,26,src/RobotFrameworkCore/org.robotframework.ide.core-functions/src/test/python/scripts/res_test_red_module_classes/docs_and_methods.py
27496810,83,27,110,src/RobotFrameworkCore/org.robotframework.ide.core-functions/src/test/python/scripts/test_red_module_classes.py
27496810,22,0,22,src/RobotFrameworkCore/org.robotframework.ide.core-functions/src/main/python/scripts/red_libraries.py
27496810,60,2,62,src/RobotFrameworkCore/org.robotframework.ide.core-functions/src/main/python/scripts/robot_session_server.py
27496810,9,0,9,src/RobotFrameworkCore/org.robotframework.ide.core-functions/src/test/python/scripts/res_test_robot_session_server/c/HangingInit.py
27496810,4,0,4,src/RobotFrameworkCore/org.robotframework.ide.core-functions/src/test/python/scripts/res_test_robot_session_server/c/__init__.py
27496810,14,12,26,src/RobotFrameworkCore/org.robotframework.ide.core-functions/src/test/python/scripts/test_red_libraries.py
27496810,100,9,109,src/RobotFrameworkCore/org.robotframework.ide.core-functions/src/test/python/scripts/test_robot_session_server.py
27496810,1,1,2,src/RobotFrameworkCore/org.robotframework.ide.core-functions/src/main/python/scripts/robot_session_server.py
27496810,1,1,2,src/RobotFrameworkCore/org.robotframework.ide.core-functions/src/main/python/scripts/robot_session_server.py
27496810,0,552,552,misc/scripts/building/RedReleaseVersionUpdater.py
27496810,0,110,110,tests/scripts/CreateTestSuiteFromTag.py
27496810,0,45,45,tests/scripts/UpdateRcpttRaportHtml.py
27496810,46,89,135,src/RobotFrameworkCore/org.robotframework.ide.core-functions/src/main/python/scripts/red_module_classes.py
27496810,0,19,19,src/RobotFrameworkCore/org.robotframework.ide.core-functions/src/test/python/scripts/res_test_red_module_classes/classes_with_comments.py
27496810,0,26,26,src/RobotFrameworkCore/org.robotframework.ide.core-functions/src/test/python/scripts/res_test_red_module_classes/docs_and_methods.py
27496810,22,65,87,src/RobotFrameworkCore/org.robotframework.ide.core-functions/src/test/python/scripts/test_red_module_classes.py
27496810,8,6,14,src/RobotFrameworkCore/org.robotframework.ide.core-functions/src/main/python/scripts/robot_session_server.py
27496810,20,9,29,src/RobotFrameworkCore/org.robotframework.ide.core-functions/src/main/python/scripts/red_module_classes.py
27496810,19,0,19,src/RobotFrameworkCore/org.robotframework.ide.core-functions/src/test/python/scripts/res_test_red_module_classes/classes_with_comments.py
27496810,26,0,26,src/RobotFrameworkCore/org.robotframework.ide.core-functions/src/test/python/scripts/res_test_red_module_classes/docs_and_methods.py
27496810,22,14,36,src/RobotFrameworkCore/org.robotframework.ide.core-functions/src/test/python/scripts/test_red_module_classes.py
27496810,9,2,11,src/RobotFrameworkCore/org.robotframework.ide.core-functions/src/main/python/scripts/robot_session_server.py
27496810,9,0,9,src/RobotFrameworkCore/org.robotframework.ide.core-functions/src/main/python/scripts/TestRunnerAgent.py
27496810,15,0,15,src/RobotFrameworkCore/org.robotframework.ide.core-functions/src/main/python/scripts/robot_session_server.py
27496810,46,0,46,src/RobotFrameworkCore/org.robotframework.ide.core-functions/src/test/python/scripts/test_robot_session_server.py
27496810,78,46,124,src/RobotFrameworkCore/org.robotframework.ide.core-functions/src/main/python/scripts/red_module_classes.py
27496810,56,21,77,src/RobotFrameworkCore/org.robotframework.ide.core-functions/src/test/python/scripts/test_red_module_classes.py
27496810,1,1,2,src/RobotFrameworkCore/org.robotframework.ide.core-functions/src/main/python/scripts/rflint_integration.py
27496810,1,1,2,src/RobotFrameworkCore/org.robotframework.ide.core-functions/src/main/python/scripts/robot_session_server.py
27496810,4,4,8,src/RobotFrameworkCore/org.robotframework.ide.core-functions/src/main/python/scripts/robot_session_server.py
27496810,3,4,7,src/RobotFrameworkCore/org.robotframework.ide.core-functions/src/main/python/scripts/red_variables.py
27496810,2,0,2,src/RobotFrameworkCore/org.robotframework.ide.core-functions/src/test/python/scripts/res_test_red_variables/vars_class_as_var.py
27496810,9,1,10,src/RobotFrameworkCore/org.robotframework.ide.core-functions/src/test/python/scripts/test_red_variables.py
27496810,8,4,12,src/RobotFrameworkCore/org.robotframework.ide.core-functions/src/main/python/scripts/red_variables.py
27496810,4,0,4,src/RobotFrameworkCore/org.robotframework.ide.core-functions/src/test/python/scripts/res_test_red_variables/vars_with_case_sensitive_names.py
27496810,8,0,8,src/RobotFrameworkCore/org.robotframework.ide.core-functions/src/test/python/scripts/test_red_variables.py
27496810,6,2,8,src/RobotFrameworkCore/org.robotframework.ide.core-functions/src/main/python/scripts/red_libraries.py
27496810,19,0,19,src/RobotFrameworkCore/org.robotframework.ide.core-functions/src/main/python/scripts/red_libraries.py
27496810,8,0,8,src/RobotFrameworkCore/org.robotframework.ide.core-functions/src/main/python/scripts/robot_session_server.py
27496810,6,0,6,src/RobotFrameworkCore/org.robotframework.ide.core-functions/src/test/python/scripts/test_red_libraries.py
27496810,1,1,2,src/RobotFrameworkCore/org.robotframework.ide.core-functions/src/main/python/scripts/red_keyword_autodiscover.py
27496810,0,29,29,src/RobotFrameworkCore/org.robotframework.ide.core-functions/src/main/python/scripts/red_libraries.py
27496810,1,1,2,src/RobotFrameworkCore/org.robotframework.ide.core-functions/src/main/python/scripts/red_library_autodiscover.py
27496810,0,12,12,src/RobotFrameworkCore/org.robotframework.ide.core-functions/src/main/python/scripts/red_module_classes.py
27496810,0,17,17,src/RobotFrameworkCore/org.robotframework.ide.core-functions/src/main/python/scripts/red_modules.py
27496810,0,11,11,src/RobotFrameworkCore/org.robotframework.ide.core-functions/src/main/python/scripts/red_variables.py
27496810,1,1,2,src/RobotFrameworkCore/org.robotframework.ide.core-functions/src/main/python/scripts/robot_session_server.py
27496810,2,2,4,src/RobotFrameworkCore/org.robotframework.ide.core-functions/src/main/python/scripts/red_library_autodiscover.py
27496810,4,1,5,src/RobotFrameworkCore/org.robotframework.ide.core-functions/src/main/python/scripts/red_library_autodiscover.py
27496810,45,56,101,src/RobotUserScripts/runPyDevDebug.py
27496810,34,23,57,src/RobotFrameworkCore/org.robotframework.ide.core-functions/src/main/python/scripts/TestRunnerAgent.py
27496810,8,3,11,src/RobotFrameworkCore/org.robotframework.ide.core-functions/src/main/python/scripts/red_libraries.py
27496810,28,20,48,src/RobotFrameworkCore/org.robotframework.ide.core-functions/src/main/python/scripts/red_modules.py
27496810,44,23,67,src/RobotFrameworkCore/org.robotframework.ide.core-functions/src/test/python/scripts/test_TestRunnerAgent.py
27496810,5,5,10,src/RobotFrameworkCore/org.robotframework.ide.core-functions/src/test/python/scripts/test_red_libraries.py
27496810,36,4,40,src/RobotFrameworkCore/org.robotframework.ide.core-functions/src/test/python/scripts/test_red_modules.py
27496810,59,66,125,src/RobotFrameworkCore/org.robotframework.ide.core-functions/src/main/python/scripts/red_modules.py
27496810,1,10,11,src/RobotFrameworkCore/org.robotframework.ide.core-functions/src/main/python/scripts/robot_session_server.py
27496810,0,0,0,src/RobotFrameworkCore/org.robotframework.ide.core-functions/src/test/python/scripts/res_test_red_modules/__init__.py
27496810,7,8,15,src/RobotFrameworkCore/org.robotframework.ide.core-functions/src/test/python/scripts/test_red_modules.py
27496810,19,3,22,src/RobotFrameworkCore/org.robotframework.ide.core-functions/src/main/python/scripts/red_libraries.py
27496810,1,1,2,src/RobotFrameworkCore/org.robotframework.ide.core-functions/src/test/python/scripts/test_robot_session_server.py
27496810,2,1,3,src/RobotFrameworkCore/org.robotframework.ide.core-functions/src/main/python/scripts/TestRunnerAgent.py
27496810,16,1,17,src/RobotFrameworkCore/org.robotframework.ide.core-functions/src/main/python/scripts/TestRunnerAgent.py
27496810,29,0,29,src/RobotFrameworkCore/org.robotframework.ide.core-functions/src/main/python/scripts/interruptor.py
27496810,24,3,27,src/RobotFrameworkCore/org.robotframework.ide.core-functions/src/main/python/scripts/TestRunnerAgent.py
27496810,69,0,69,src/RobotFrameworkCore/org.robotframework.ide.core-functions/src/test/python/scripts/test_red_libraries.py
27496810,9,13,22,src/RobotFrameworkCore/org.robotframework.ide.core-functions/src/main/python/scripts/red_library_autodiscover.py
27496810,7,1,8,src/RobotFrameworkCore/org.robotframework.ide.core-functions/src/main/python/scripts/red_module_classes.py
27496810,1,0,1,src/RobotFrameworkCore/org.robotframework.ide.core-functions/src/test/python/scripts/res_test_red_module_classes/mod_outer/__init__.py
27496810,2,0,2,src/RobotFrameworkCore/org.robotframework.ide.core-functions/src/test/python/scripts/res_test_red_module_classes/mod_outer/mod_inner/__init__.py
27496810,4,0,4,src/RobotFrameworkCore/org.robotframework.ide.core-functions/src/test/python/scripts/res_test_red_module_classes/mod_outer/mod_inner/mod_a/ClassA.py
27496810,4,0,4,src/RobotFrameworkCore/org.robotframework.ide.core-functions/src/test/python/scripts/res_test_red_module_classes/mod_outer/mod_inner/mod_a/OtherClassA.py
27496810,6,0,6,src/RobotFrameworkCore/org.robotframework.ide.core-functions/src/test/python/scripts/res_test_red_module_classes/mod_outer/mod_inner/mod_a/__init__.py
27496810,4,0,4,src/RobotFrameworkCore/org.robotframework.ide.core-functions/src/test/python/scripts/res_test_red_module_classes/mod_outer/mod_inner/mod_b/ClassB.py
27496810,5,0,5,src/RobotFrameworkCore/org.robotframework.ide.core-functions/src/test/python/scripts/res_test_red_module_classes/mod_outer/mod_inner/mod_b/__init__.py
27496810,42,0,42,src/RobotFrameworkCore/org.robotframework.ide.core-functions/src/test/python/scripts/test_red_module_classes.py
27496810,67,61,128,src/RobotUserScripts/remoteRun.py
27496810,96,72,168,src/RobotUserScripts/remoteRun.py
27496810,44,0,44,src/RobotUserScripts/createVarsFromRobotInit.py
27496810,60,43,103,src/RobotUserScripts/remoteRun.py
27496810,147,0,147,src/RobotUserScripts/remoteRun.py
27496810,1,1,2,src/RobotFrameworkCore/org.robotframework.ide.core-functions/src/main/python/scripts/robot_session_server.py
27496810,12,3,15,src/RobotFrameworkCore/org.robotframework.ide.core-functions/src/main/python/scripts/red_keyword_autodiscover.py
27496810,12,2,14,src/RobotFrameworkCore/org.robotframework.ide.core-functions/src/main/python/scripts/red_library_autodiscover.py
27496810,6,3,9,src/RobotFrameworkCore/org.robotframework.ide.core-functions/src/main/python/scripts/robot_session_server.py
27496810,16,0,16,src/RobotFrameworkCore/org.robotframework.ide.core-functions/src/main/python/scripts/red_module_classes.py
27496810,2,1,3,src/RobotFrameworkCore/org.robotframework.ide.core-functions/src/test/python/scripts/test_red_module_classes.py
27496810,19,0,19,src/RobotFrameworkCore/org.robotframework.ide.core-functions/src/main/python/scripts/red_libraries.py
27496810,9,0,9,src/RobotFrameworkCore/org.robotframework.ide.core-functions/src/main/python/scripts/robot_session_server.py
27496810,1,1,2,src/RobotUserScripts/runPyDevDebug.py
27496810,67,58,125,src/RobotFrameworkCore/org.robotframework.ide.core-functions/src/main/python/scripts/red_libraries.py
27496810,7,0,7,src/RobotFrameworkCore/org.robotframework.ide.core-functions/src/test/python/scripts/res_test_robot_session_server/LibError.py
27496810,4,2,6,src/RobotFrameworkCore/org.robotframework.ide.core-functions/src/test/python/scripts/test_robot_session_server.py
27496810,4,0,4,src/RobotFrameworkCore/org.robotframework.ide.core-functions/src/test/python/scripts/res_test_red_module_classes/robot/CustomRobotClassName.py
27496810,8,0,8,src/RobotFrameworkCore/org.robotframework.ide.core-functions/src/test/python/scripts/test_red_module_classes.py
27496810,21,25,46,src/RobotFrameworkCore/org.robotframework.ide.core-functions/src/main/python/scripts/red_module_classes.py
27496810,4,0,4,src/RobotFrameworkCore/org.robotframework.ide.core-functions/src/test/python/scripts/res_test_red_module_classes/module_diff_names/DifferentModuleClassName.py
27496810,4,0,4,src/RobotFrameworkCore/org.robotframework.ide.core-functions/src/test/python/scripts/res_test_red_module_classes/module_diff_names/SameModuleClassName.py
27496810,0,0,0,src/RobotFrameworkCore/org.robotframework.ide.core-functions/src/test/python/scripts/res_test_red_module_classes/module_diff_names/__init__.py
27496810,11,3,14,src/RobotFrameworkCore/org.robotframework.ide.core-functions/src/test/python/scripts/test_red_module_classes.py
27496810,27,16,43,src/RobotFrameworkCore/org.robotframework.ide.core-functions/src/main/python/scripts/red_module_classes.py
27496810,11,3,14,src/RobotFrameworkCore/org.robotframework.ide.core-functions/src/test/python/scripts/test_red_module_classes.py
27496810,5,4,9,src/RobotFrameworkCore/org.robotframework.ide.core-functions/src/main/python/scripts/red_libraries.py
27496810,2,2,4,src/RobotFrameworkCore/org.robotframework.ide.core-functions/src/main/python/scripts/robot_session_server.py
27496810,1,1,2,src/RobotFrameworkCore/org.robotframework.ide.core-functions/src/test/python/scripts/test_red_libraries.py
27496810,3,3,6,src/RobotFrameworkCore/org.robotframework.ide.core-functions/src/test/python/scripts/test_robot_session_server.py
27496810,31,14,45,src/RobotFrameworkCore/org.robotframework.ide.core-functions/src/main/python/scripts/red_library_autodiscover.py
27496810,22,18,40,src/RobotFrameworkCore/org.robotframework.ide.core-functions/src/main/python/scripts/rflint_integration.py
27496810,3,1,4,src/RobotFrameworkCore/org.robotframework.ide.core-functions/src/main/python/scripts/robot_session_server.py
27496810,0,0,0,src/RobotFrameworkCore/org.robotframework.ide.core-functions/src/test/python/scripts/res_test_red_library_autodiscover/python_libs/.hidden/hidden.py
27496810,12,1,13,src/RobotFrameworkCore/org.robotframework.ide.core-functions/src/test/python/scripts/test_red_library_autodiscover.py
27496810,181,163,344,src/RobotFrameworkCore/org.robotframework.ide.core-functions/src/main/python/scripts/rflint_integration.py
27496810,5,1,6,src/RobotFrameworkCore/org.robotframework.ide.core-functions/src/main/python/scripts/robot_session_server.py
27496810,7,4,11,src/RobotFrameworkCore/org.robotframework.ide.core-functions/src/main/python/scripts/SuiteVisitorImportProxy.py
27496810,33,0,33,src/RobotFrameworkCore/org.robotframework.ide.core-functions/src/main/python/scripts/red_keyword_autodiscover.py
27496810,36,44,80,src/RobotFrameworkCore/org.robotframework.ide.core-functions/src/main/python/scripts/red_library_autodiscover.py
27496810,0,7,7,src/RobotFrameworkCore/org.robotframework.ide.core-functions/src/main/python/scripts/red_virtualenv_check.py
27496810,31,15,46,src/RobotFrameworkCore/org.robotframework.ide.core-functions/src/main/python/scripts/robot_session_server.py
27496810,0,0,0,src/RobotFrameworkCore/org.robotframework.ide.core-functions/src/test/python/scripts/res_test_red_library_autodiscover/python_libs/a/b/c/lib_c.py
27496810,0,0,0,src/RobotFrameworkCore/org.robotframework.ide.core-functions/src/test/python/scripts/res_test_red_library_autodiscover/python_libs/a/b/lib_b.py
27496810,0,0,0,src/RobotFrameworkCore/org.robotframework.ide.core-functions/src/test/python/scripts/res_test_red_library_autodiscover/python_libs/a/lib_a.py
27496810,0,0,0,src/RobotFrameworkCore/org.robotframework.ide.core-functions/src/test/python/scripts/res_test_red_library_autodiscover/python_libs/lib.py
27496810,0,0,0,src/RobotFrameworkCore/org.robotframework.ide.core-functions/src/test/python/scripts/res_test_red_library_autodiscover/python_libs/other/lib.py
27496810,0,0,0,src/RobotFrameworkCore/org.robotframework.ide.core-functions/src/test/python/scripts/res_test_red_library_autodiscover/python_libs_and_java_libs/libs/lib.py
27496810,0,0,0,src/RobotFrameworkCore/org.robotframework.ide.core-functions/src/test/python/scripts/res_test_red_library_autodiscover/python_libs_and_robot_files/libs/lib.py
27496810,0,0,0,src/RobotFrameworkCore/org.robotframework.ide.core-functions/src/test/python/scripts/res_test_red_library_autodiscover/python_libs_multiple/lib.py
27496810,0,0,0,src/RobotFrameworkCore/org.robotframework.ide.core-functions/src/test/python/scripts/res_test_red_library_autodiscover/python_libs_multiple/libs/lib.py
27496810,0,0,0,src/RobotFrameworkCore/org.robotframework.ide.core-functions/src/test/python/scripts/res_test_red_library_autodiscover/python_libs_multiple/libs/other.py
27496810,0,0,0,src/RobotFrameworkCore/org.robotframework.ide.core-functions/src/test/python/scripts/res_test_red_library_autodiscover/python_libs_multiple/other.py
27496810,71,0,71,src/RobotFrameworkCore/org.robotframework.ide.core-functions/src/test/python/scripts/test_red_library_autodiscover.py
27496810,54,54,108,src/RobotFrameworkCore/org.robotframework.ide.core-functions/src/main/python/scripts/robot_session_server.py
27496810,1,0,1,src/RobotFrameworkCore/org.robotframework.ide.core-functions/src/test/python/scripts/res_test_robot_session_server/a/vars.py
27496810,1,0,1,src/RobotFrameworkCore/org.robotframework.ide.core-functions/src/test/python/scripts/res_test_robot_session_server/b/vars.py
27496810,25,0,25,src/RobotFrameworkCore/org.robotframework.ide.core-functions/src/test/python/scripts/test_robot_session_server.py
27496810,12,19,31,src/RobotFrameworkCore/org.robotframework.ide.core-functions/src/main/python/scripts/red_module_classes.py
27496810,8,8,16,src/RobotFrameworkCore/org.robotframework.ide.core-functions/src/main/python/scripts/robot_session_server.py
27496810,4,4,8,src/RobotFrameworkCore/org.robotframework.ide.core-functions/src/test/python/scripts/test_red_module_classes.py
27496810,7,7,14,src/RobotFrameworkCore/org.robotframework.ide.core-functions/src/test/python/scripts/test_robot_session_server.py
27496810,37,44,81,src/RobotFrameworkCore/org.robotframework.ide.core-functions/src/main/python/scripts/red_module_classes.py
27496810,17,6,23,src/RobotFrameworkCore/org.robotframework.ide.core-functions/src/test/python/scripts/test_red_module_classes.py
27496810,13,2,15,src/RobotFrameworkCore/org.robotframework.ide.core-functions/src/main/python/scripts/rflint_integration.py
27496810,2,1,3,src/RobotFrameworkCore/org.robotframework.ide.core-functions/src/main/python/scripts/robot_session_server.py
27496810,67,49,116,src/RobotFrameworkCore/org.robotframework.ide.core-functions/src/main/python/scripts/robot_session_server.py
27496810,32,47,79,src/RobotFrameworkCore/org.robotframework.ide.core-functions/src/main/python/scripts/red_module_classes.py
27496810,0,0,0,src/RobotFrameworkCore/org.robotframework.ide.core-functions/src/test/python/scripts/res_test_red_module_classes/relative_import/__init__.py
27496810,2,0,2,src/RobotFrameworkCore/org.robotframework.ide.core-functions/src/test/python/scripts/res_test_red_module_classes/relative_import/non_relative.py
27496810,4,0,4,src/RobotFrameworkCore/org.robotframework.ide.core-functions/src/test/python/scripts/res_test_red_module_classes/relative_import/relative.py
27496810,11,11,22,src/RobotFrameworkCore/org.robotframework.ide.core-functions/src/test/python/scripts/test_red_module_classes.py
27496810,156,195,351,src/RobotFrameworkCore/org.robotframework.ide.core-functions/src/main/python/scripts/red_module_classes.py
27496810,4,0,4,src/RobotFrameworkCore/org.robotframework.ide.core-functions/src/test/python/scripts/res_test_red_module_classes/cycle/module_a.py
27496810,4,0,4,src/RobotFrameworkCore/org.robotframework.ide.core-functions/src/test/python/scripts/res_test_red_module_classes/cycle/module_b.py
27496810,2,0,2,src/RobotFrameworkCore/org.robotframework.ide.core-functions/src/test/python/scripts/res_test_red_module_classes/error.py
27496810,17,0,17,src/RobotFrameworkCore/org.robotframework.ide.core-functions/src/test/python/scripts/res_test_red_module_classes/several_classes_and_methods.py
27496810,23,0,23,src/RobotFrameworkCore/org.robotframework.ide.core-functions/src/test/python/scripts/test_red_libraries.py
27496810,110,78,188,src/RobotFrameworkCore/org.robotframework.ide.core-functions/src/test/python/scripts/test_red_module_classes.py
27496810,24,0,24,src/RobotFrameworkCore/org.robotframework.ide.core-functions/src/test/python/scripts/test_red_modules.py
27496810,8,8,16,src/RobotUserScripts/my_script.py
27496810,3,4,7,src/RobotFrameworkCore/org.robotframework.ide.core-functions/src/main/python/scripts/SuiteVisitorImportProxy.py
27496810,3,68,71,src/RobotFrameworkCore/org.robotframework.ide.core-functions/src/main/python/scripts/SuiteVisitorImportProxy.py
27496810,17,54,71,src/RobotFrameworkCore/org.robotframework.ide.core-functions/src/main/python/scripts/red_library_autodiscover.py
27496810,330,331,661,src/RobotFrameworkCore/org.robotframework.ide.core-functions/src/main/python/scripts/robot_session_server.py
27496810,5,3,8,src/RobotFrameworkCore/org.robotframework.ide.core-functions/src/main/python/scripts/TestRunnerAgent.py
27496810,28,24,52,src/RobotFrameworkCore/org.robotframework.ide.core-functions/src/main/python/scripts/SuiteVisitorImportProxy.py
27496810,122,122,244,src/RobotFrameworkCore/org.robotframework.ide.core-functions/src/main/python/scripts/red_library_autodiscover.py
27496810,246,247,493,src/RobotFrameworkCore/org.robotframework.ide.core-functions/src/main/python/scripts/SuiteVisitorImportProxy.py
27496810,2,1,3,src/RobotFrameworkCore/org.robotframework.ide.core-functions/src/main/python/scripts/robot_session_server.py
27496810,152,0,152,src/RobotFrameworkCore/org.robotframework.ide.core-functions/src/main/python/scripts/rflint_integration.py
27496810,330,307,637,src/RobotFrameworkCore/org.robotframework.ide.core-functions/src/main/python/scripts/robot_session_server.py
27496810,706,703,1409,src/RobotFrameworkCore/org.robotframework.ide.core-functions/src/main/python/scripts/TestRunnerAgent.py
27496810,171,172,343,src/RobotFrameworkCore/org.robotframework.ide.core-functions/src/main/python/scripts/red_variables.py
27496810,307,307,614,src/RobotFrameworkCore/org.robotframework.ide.core-functions/src/main/python/scripts/robot_session_server.py
27496810,97,83,180,src/RobotFrameworkCore/org.robotframework.ide.core-functions/src/test/python/scripts/test_red_variables.py
27496810,63,63,126,src/RobotFrameworkCore/org.robotframework.ide.core-functions/src/test/python/scripts/test_robot_session_server.py
27496810,1,1,2,src/RobotFrameworkCore/org.robotframework.ide.core-functions/src/main/python/scripts/SuiteVisitorImportProxy.py
27496810,2,2,4,src/RobotFrameworkCore/org.robotframework.ide.core-functions/src/main/python/scripts/TestRunnerAgent.py
27496810,10,1,11,src/RobotFrameworkCore/org.robotframework.ide.core-functions/src/main/python/scripts/SuiteVisitorImportProxy.py
27496810,18,20,38,src/RobotFrameworkCore/org.robotframework.ide.core-functions/src/main/python/scripts/red_library_autodiscover.py
27496810,33,17,50,src/RobotFrameworkCore/org.robotframework.ide.core-functions/src/main/python/scripts/red_library_autodiscover.py
27496810,10,1,11,src/RobotFrameworkCore/org.robotframework.ide.core-functions/src/main/python/scripts/red_library_autodiscover.py
27496810,9,0,9,src/RobotFrameworkCore/org.robotframework.ide.core-functions/src/main/python/scripts/robot_session_server.py
27496810,20,40,60,src/RobotFrameworkCore/org.robotframework.ide.core-functions/src/main/python/scripts/red_library_autodiscover.py
27496810,0,0,0,src/RobotFrameworkCore/org.robotframework.ide.core-functions/src/test/python/scripts/{res_test_robot_session_server/classes => res_test_red_module_classes}/ClassName.py
27496810,0,0,0,src/RobotFrameworkCore/org.robotframework.ide.core-functions/src/test/python/scripts/{res_test_robot_session_server/classes => res_test_red_module_classes}/DifferentClassName.py
27496810,0,0,0,src/RobotFrameworkCore/org.robotframework.ide.core-functions/src/test/python/scripts/{res_test_robot_session_server/classes => res_test_red_module_classes}/empty.py
27496810,0,0,0,src/RobotFrameworkCore/org.robotframework.ide.core-functions/src/test/python/scripts/{res_test_robot_session_server/classes => res_test_red_module_classes}/init/__init__.py
27496810,0,0,0,src/RobotFrameworkCore/org.robotframework.ide.core-functions/src/test/python/scripts/{res_test_robot_session_server/classes => res_test_red_module_classes}/init_and_module/ModuleClass.py
27496810,0,0,0,src/RobotFrameworkCore/org.robotframework.ide.core-functions/src/test/python/scripts/{res_test_robot_session_server/classes => res_test_red_module_classes}/init_and_module/OtherModuleClass.py
27496810,0,0,0,src/RobotFrameworkCore/org.robotframework.ide.core-functions/src/test/python/scripts/{res_test_robot_session_server/classes => res_test_red_module_classes}/init_and_module/__init__.py
27496810,0,0,0,src/RobotFrameworkCore/org.robotframework.ide.core-functions/src/test/python/scripts/{res_test_robot_session_server/classes => res_test_red_module_classes}/module/ModuleClass.py
27496810,0,0,0,src/RobotFrameworkCore/org.robotframework.ide.core-functions/src/test/python/scripts/{res_test_robot_session_server/classes => res_test_red_module_classes}/module/OtherModuleClass.py
27496810,0,0,0,src/RobotFrameworkCore/org.robotframework.ide.core-functions/src/test/python/scripts/{res_test_robot_session_server/classes => res_test_red_module_classes}/module/__init__.py
27496810,0,0,0,src/RobotFrameworkCore/org.robotframework.ide.core-functions/src/test/python/scripts/{res_test_robot_session_server/classes => res_test_red_module_classes}/several_classes.py
27496810,0,0,0,src/RobotFrameworkCore/org.robotframework.ide.core-functions/src/test/python/scripts/{res_test_robot_session_server/variables => res_test_red_variables}/empty.py
27496810,0,0,0,src/RobotFrameworkCore/org.robotframework.ide.core-functions/src/test/python/scripts/{res_test_robot_session_server/variables => res_test_red_variables}/vars_in_class.py
27496810,0,0,0,src/RobotFrameworkCore/org.robotframework.ide.core-functions/src/test/python/scripts/{res_test_robot_session_server/variables => res_test_red_variables}/vars_in_lines.py
27496810,0,0,0,src/RobotFrameworkCore/org.robotframework.ide.core-functions/src/test/python/scripts/{res_test_robot_session_server/variables => res_test_red_variables}/vars_in_method.py
27496810,0,0,0,src/RobotFrameworkCore/org.robotframework.ide.core-functions/src/test/python/scripts/{res_test_robot_session_server/variables => res_test_red_variables}/vars_with_argument.py
27496810,0,0,0,src/RobotFrameworkCore/org.robotframework.ide.core-functions/src/test/python/scripts/{res_test_robot_session_server/variables => res_test_red_variables}/vars_with_syntax.py
27496810,4,0,4,src/RobotFrameworkCore/org.robotframework.ide.core-functions/src/test/python/scripts/res_test_robot_session_server/a/LibClass.py
27496810,9,0,9,src/RobotFrameworkCore/org.robotframework.ide.core-functions/src/test/python/scripts/res_test_robot_session_server/b/LibClass.py
27496810,15,15,30,src/RobotFrameworkCore/org.robotframework.ide.core-functions/src/test/python/scripts/test_red_module_classes.py
27496810,9,9,18,src/RobotFrameworkCore/org.robotframework.ide.core-functions/src/test/python/scripts/test_red_variables.py
27496810,24,5,29,src/RobotFrameworkCore/org.robotframework.ide.core-functions/src/test/python/scripts/test_robot_session_server.py
27496810,78,0,78,src/RobotFrameworkCore/org.robotframework.ide.core-functions/src/test/python/scripts/test_red_module_classes.py
27496810,83,0,83,src/RobotFrameworkCore/org.robotframework.ide.core-functions/src/test/python/scripts/test_red_variables.py
27496810,15,167,182,src/RobotFrameworkCore/org.robotframework.ide.core-functions/src/test/python/scripts/test_robot_session_server.py
27496810,1,8,9,src/RobotFrameworkCore/org.robotframework.ide.core-functions/src/main/python/scripts/red_module_classes.py
27496810,4,0,4,src/RobotFrameworkCore/org.robotframework.ide.core-functions/src/test/python/scripts/res_test_robot_session_server/classes/ClassName.py
27496810,4,0,4,src/RobotFrameworkCore/org.robotframework.ide.core-functions/src/test/python/scripts/res_test_robot_session_server/classes/DifferentClassName.py
27496810,9,0,9,src/RobotFrameworkCore/org.robotframework.ide.core-functions/src/test/python/scripts/res_test_robot_session_server/classes/init/__init__.py
27496810,9,0,9,src/RobotFrameworkCore/org.robotframework.ide.core-functions/src/test/python/scripts/res_test_robot_session_server/classes/init_and_module/OtherModuleClass.py
27496810,9,0,9,src/RobotFrameworkCore/org.robotframework.ide.core-functions/src/test/python/scripts/res_test_robot_session_server/classes/init_and_module/__init__.py
27496810,4,0,4,src/RobotFrameworkCore/org.robotframework.ide.core-functions/src/test/python/scripts/res_test_robot_session_server/classes/module/ModuleClass.py
27496810,9,0,9,src/RobotFrameworkCore/org.robotframework.ide.core-functions/src/test/python/scripts/res_test_robot_session_server/classes/module/OtherModuleClass.py
27496810,0,0,0,src/RobotFrameworkCore/org.robotframework.ide.core-functions/src/test/python/scripts/res_test_robot_session_server/classes/module/__init__.py
27496810,11,0,11,src/RobotFrameworkCore/org.robotframework.ide.core-functions/src/test/python/scripts/res_test_robot_session_server/classes/several_classes.py
27496810,0,9,9,src/RobotFrameworkCore/org.robotframework.ide.core-functions/src/test/python/scripts/res_test_robot_session_server/module/mod_2.py
27496810,60,9,69,src/RobotFrameworkCore/org.robotframework.ide.core-functions/src/test/python/scripts/test_robot_session_server.py
27496810,36,29,65,src/RobotFrameworkCore/org.robotframework.ide.core-functions/src/main/python/scripts/SuiteVisitorImportProxy.py
27496810,76,15,91,src/RobotFrameworkCore/org.robotframework.ide.core-functions/src/main/python/scripts/red_library_autodiscover.py
27496810,5,10,15,src/RobotFrameworkCore/org.robotframework.ide.core-functions/src/main/python/scripts/robot_session_server.py
27496810,2,1,3,src/RobotFrameworkCore/org.robotframework.ide.core-functions/src/main/python/scripts/TestRunnerAgent.py
27496810,9,1,10,src/RobotFrameworkCore/org.robotframework.ide.core-functions/src/main/python/scripts/red_module_classes.py
27496810,2,3,5,src/RobotFrameworkCore/org.robotframework.ide.core-functions/src/test/python/scripts/test_robot_session_server.py
27496810,1,0,1,tests/GuiTests/RcpttProjects/RedGuiTests/TestData/LibsFromPythonPath/SecondLevel/SimpleVariablesFromPythonPath.py
27496810,4,0,4,tests/GuiTests/RcpttProjects/RedGuiTests/TestData/LibsFromPythonPath/VariablesWithClass.py
27496810,1,1,2,tests/GuiTests/RcpttProjects/RedGuiTests/RedXml/TestData/pip_package/setup.py
27496810,3,0,3,tests/GuiTests/RcpttProjects/RedGuiTests/RedXml/TestData/pip_package/pthRedTest/api/LogLib.py
27496810,0,0,0,tests/GuiTests/RcpttProjects/RedGuiTests/RedXml/TestData/pip_package/pthRedTest/api/__init__.py
27496810,3,0,3,tests/GuiTests/RcpttProjects/RedGuiTests/RedXml/TestData/pip_package/pthRedTest/api/dump.py
27496810,124,0,124,tests/GuiTests/RcpttProjects/RedGuiTests/RedXml/TestData/pip_package/setup.py
27496810,1,1,2,tests/GuiTests/RcpttProjects/RedGuiTests/TestData/LibsFromPythonPath/LibFromPythonPath.py
27496810,5,0,5,tests/GuiTests/RcpttProjects/RedGuiTests/TestData/LibsFromPythonPath/LibFromPythonPath.py
27496810,0,8,8,tests/GuiTests/RcpttProjects/RedGuiTests/Settings/PythonScripts/obroc_bajty.py
27496810,44,0,44,tests/GuiTests/RcpttProjects/RedGuiTests/Settings/PythonScripts/compare_files.py
27496810,8,0,8,tests/GuiTests/RcpttProjects/RedGuiTests/Settings/PythonScripts/obroc_bajty.py
27496810,28,0,28,tests/GuiTests/RcpttProjects/RedGuiTests/TestData/ExternalLibs/calculator.py
27496810,67,0,67,tests/GuiTests/RcpttProjects/RedGuiTests/TestData/ExternalLibs/CalculatorLibrary.py
27496810,6,3,9,tests/GuiTests/RcpttProjects/RedGuiTests/Settings/PythonScripts/StdLibrariesReaderWithNoRemote.py
27496810,12,0,12,tests/GuiTests/RcpttProjects/RedGuiTests/Settings/PythonScripts/StdLibrariesReaderWithNoRemote.py
27496810,35,0,35,tests/GuiTests/RcpttProjects/RedGuiTests/Settings/PythonScripts/compare_msg_log_as_strings.py
27496810,42,0,42,tests/GuiTests/RcpttProjects/RedGuiTests/Settings/PythonScripts/compare_msg_log_in_files.py
27496810,7,2,9,src/RobotFrameworkCore/org.robotframework.ide.core-functions/src/main/python/scripts/TestRunnerAgent.py
27496810,71,72,143,src/RobotFrameworkCore/org.robotframework.ide.core-functions/src/main/python/scripts/TestRunnerAgent.py
27496810,30,7,37,src/RobotFrameworkCore/org.robotframework.ide.core-functions/src/main/python/scripts/TestRunnerAgent.py
27496810,3,2,5,src/RobotFrameworkCore/org.robotframework.ide.core-functions/src/main/python/scripts/TestRunnerAgent.py
27496810,398,315,713,src/RobotFrameworkCore/org.robotframework.ide.core-functions/src/main/python/scripts/TestRunnerAgent.py
27496810,6,1,7,src/RobotFrameworkCore/org.robotframework.ide.core-functions/src/main/python/scripts/robot_session_server.py
27496810,23,16,39,src/RobotFrameworkCore/org.robotframework.ide.core-functions/src/main/python/scripts/red_library_autodiscover.py
27496810,4,3,7,src/RobotFrameworkCore/org.robotframework.ide.core-functions/src/main/python/scripts/red_virtualenv_check.py
27496810,3,1,4,src/RobotFrameworkCore/org.robotframework.ide.core-functions/src/main/python/scripts/robot_session_server.py
27496810,12,7,19,src/RobotFrameworkCore/org.robotframework.ide.core-functions/src/main/python/scripts/SuiteVisitorImportProxy.py
27496810,52,0,52,src/RobotFrameworkCore/org.robotframework.ide.core-functions/src/main/python/scripts/red_library_autodiscover.py
27496810,13,0,13,src/RobotFrameworkCore/org.robotframework.ide.core-functions/src/main/python/scripts/robot_session_server.py
27496810,9,0,9,src/RobotFrameworkCore/org.robotframework.ide.core-functions/src/test/python/scripts/test_robot_session_server.py
27496810,9,0,9,src/RobotFrameworkCore/org.robotframework.ide.core-functions/src/test/python/scripts/test_robot_session_server.py
27496810,2,0,2,src/RobotFrameworkCore/org.robotframework.ide.core-functions/src/test/python/scripts/res_test_robot_session_server/variables/vars_with_argument.py
27496810,39,25,64,src/RobotFrameworkCore/org.robotframework.ide.core-functions/src/test/python/scripts/test_robot_session_server.py
27496810,2,2,4,src/RobotFrameworkCore/org.robotframework.ide.core-functions/src/test/python/scripts/test_robot_session_server.py
27496810,2,2,4,src/RobotFrameworkCore/org.robotframework.ide.core-functions/src/main/python/scripts/robot_session_server.py
27496810,0,0,0,src/RobotFrameworkCore/org.robotframework.ide.core-functions/src/test/python/scripts/res_test_robot_session_server/variables/empty.py
27496810,3,0,3,src/RobotFrameworkCore/org.robotframework.ide.core-functions/src/test/python/scripts/res_test_robot_session_server/variables/vars_in_class.py
27496810,3,0,3,src/RobotFrameworkCore/org.robotframework.ide.core-functions/src/test/python/scripts/res_test_robot_session_server/variables/vars_in_lines.py
27496810,2,0,2,src/RobotFrameworkCore/org.robotframework.ide.core-functions/src/test/python/scripts/res_test_robot_session_server/variables/vars_in_method.py
27496810,2,0,2,src/RobotFrameworkCore/org.robotframework.ide.core-functions/src/test/python/scripts/res_test_robot_session_server/variables/vars_with_syntax_error.py
27496810,47,0,47,src/RobotFrameworkCore/org.robotframework.ide.core-functions/src/test/python/scripts/test_robot_session_server.py
27496810,22,19,41,src/RobotFrameworkCore/org.robotframework.ide.core-functions/src/main/python/scripts/red_variables.py
27496810,40,28,68,src/RobotFrameworkCore/org.robotframework.ide.core-functions/src/main/python/scripts/red_module_classes.py
27496810,10,11,21,src/RobotFrameworkCore/org.robotframework.ide.core-functions/src/main/python/scripts/red_libraries.py
27496810,7,7,14,src/RobotFrameworkCore/org.robotframework.ide.core-functions/src/main/python/scripts/SuiteVisitorImportProxy.py
27496810,68,80,148,src/RobotFrameworkCore/org.robotframework.ide.core-functions/src/main/python/scripts/SuiteVisitorImportProxy.py
27496810,1,1,2,src/RobotFrameworkCore/org.robotframework.ide.core-functions/src/main/python/scripts/robot_session_server.py
27496810,5,3,8,src/RobotFrameworkCore/org.robotframework.ide.core-functions/src/main/python/scripts/SuiteVisitorImportProxy.py
27496810,0,63,63,src/RobotFrameworkCore/org.robotframework.ide.core-functions/src/main/python/scripts/red_library_autodiscover.py
27496810,0,13,13,src/RobotFrameworkCore/org.robotframework.ide.core-functions/src/main/python/scripts/robot_session_server.py
27496810,2,2,4,src/RobotFrameworkCore/org.robotframework.ide.core-functions/src/main/python/scripts/SuiteVisitorImportProxy.py
27496810,1,1,2,src/RobotFrameworkCore/org.robotframework.ide.core-functions/src/main/python/scripts/red_library_autodiscover.py
27496810,31,28,59,src/RobotFrameworkCore/org.robotframework.ide.core-functions/src/main/python/scripts/SuiteVisitorImportProxy.py
27496810,63,0,63,src/RobotFrameworkCore/org.robotframework.ide.core-functions/src/main/python/scripts/red_library_autodiscover.py
27496810,13,0,13,src/RobotFrameworkCore/org.robotframework.ide.core-functions/src/main/python/scripts/robot_session_server.py
27496810,5,12,17,src/RobotFrameworkCore/org.robotframework.ide.core-functions/src/main/python/scripts/robot_session_server.py
27496810,19,15,34,src/RobotFrameworkCore/org.robotframework.ide.core-functions/src/test/python/scripts/test_robot_session_server.py
27496810,15,18,33,src/RobotFrameworkCore/org.robotframework.ide.core-functions/src/test/python/scripts/test_robot_session_server.py
27496810,7,7,14,src/RobotFrameworkCore/org.robotframework.ide.core-functions/src/test/python/scripts/test_robot_session_server.py
27496810,4,2,6,src/RobotFrameworkCore/org.robotframework.ide.core-functions/src/test/python/scripts/test_robot_session_server.py
27496810,0,0,0,src/RobotFrameworkCore/org.robotframework.ide.core-functions/src/test/python/scripts/res_test_robot_session_server/module/__init__.py
27496810,4,0,4,src/RobotFrameworkCore/org.robotframework.ide.core-functions/src/test/python/scripts/res_test_robot_session_server/module/mod_1.py
27496810,9,0,9,src/RobotFrameworkCore/org.robotframework.ide.core-functions/src/test/python/scripts/res_test_robot_session_server/module/mod_2.py
27496810,49,0,49,src/RobotFrameworkCore/org.robotframework.ide.core-functions/src/test/python/scripts/test_robot_session_server.py
27496810,28,36,64,src/RobotFrameworkCore/org.robotframework.ide.core-functions/src/main/python/scripts/red_module_classes.py
27496810,65,58,123,src/RobotFrameworkCore/org.robotframework.ide.core-functions/src/main/python/scripts/robot_session_server.py
27496810,0,82,82,src/RobotFrameworkCore/org.robotframework.ide.core-functions/src/main/python/scripts/extend_pythonpath.py
27496810,0,112,112,src/RobotFrameworkCore/org.robotframework.ide.core-functions/src/main/python/scripts/module_classes_printer.py
27496810,190,0,190,src/RobotFrameworkCore/org.robotframework.ide.core-functions/src/main/python/scripts/red_module_classes.py
27496810,16,11,27,src/RobotFrameworkCore/org.robotframework.ide.core-functions/src/main/python/scripts/red_modules.py
27496810,32,9,41,src/RobotFrameworkCore/org.robotframework.ide.core-functions/src/main/python/scripts/robot_session_server.py
27496810,1,0,1,src/RobotFrameworkCore/org.robotframework.ide.core-functions/src/main/python/scripts/red_modules.py
27496810,1,1,2,src/RobotFrameworkCore/org.robotframework.ide.core-functions/src/main/python/scripts/red_modules.py
27496810,1,2,3,src/RobotFrameworkCore/org.robotframework.ide.core-functions/src/main/python/scripts/red_variables.py
27496810,25,18,43,src/RobotFrameworkCore/org.robotframework.ide.core-functions/src/main/python/scripts/robot_session_server.py
27496810,1,0,1,src/RobotFrameworkCore/org.robotframework.ide.core-functions/src/main/python/scripts/robot_session_server.py
27496810,3,5,8,src/RobotFrameworkCore/org.robotframework.ide.core-functions/src/main/python/scripts/robot_session_server.py
27496810,1,1,2,src/RobotFrameworkCore/org.robotframework.ide.core-functions/src/main/python/scripts/robot_session_server.py
27496810,24,3,27,src/RobotFrameworkCore/org.robotframework.ide.core-functions/src/main/python/scripts/robot_session_server.py
27496810,2,0,2,src/RobotFrameworkCore/org.robotframework.ide.core-functions/src/test/python/scripts/res_test_robot_session_server/a/lib.py
27496810,2,0,2,src/RobotFrameworkCore/org.robotframework.ide.core-functions/src/test/python/scripts/res_test_robot_session_server/b/lib.py
27496810,1,2,3,src/RobotFrameworkCore/org.robotframework.ide.core-functions/src/test/python/scripts/test_TestRunnerAgent.py
27496810,15,0,15,src/RobotFrameworkCore/org.robotframework.ide.core-functions/src/test/python/scripts/test_robot_session_server.py
27496810,2,8,10,src/RobotFrameworkCore/org.robotframework.ide.core-functions/src/main/python/scripts/red_libraries.py
27496810,38,1,39,src/RobotFrameworkCore/org.robotframework.ide.core-functions/src/main/python/scripts/red_libraries.py
27496810,7,7,14,src/RobotFrameworkCore/org.robotframework.ide.core-functions/src/main/python/scripts/robot_session_server.py
27496810,11,9,20,src/RobotFrameworkCore/org.robotframework.ide.core-functions/src/main/python/scripts/TestRunnerAgent.py
27496810,6,7,13,src/RobotFrameworkCore/org.robotframework.ide.core-functions/src/main/python/scripts/TestRunnerAgent.py
27496810,24,10,34,src/RobotFrameworkCore/org.robotframework.ide.core-functions/src/main/python/scripts/TestRunnerAgent.py
27496810,29,9,38,src/RobotFrameworkCore/org.robotframework.ide.core-functions/src/main/python/scripts/TestRunnerAgent.py
27496810,0,2,2,src/RobotFrameworkCore/org.robotframework.ide.core-functions/src/main/python/scripts/util.py
27496810,24,0,24,src/RobotFrameworkCore/org.robotframework.ide.core-functions/src/test/python/scripts/test_TestRunnerAgent.py
27496810,0,8,8,src/RobotFrameworkCore/org.robotframework.ide.core-functions/src/test/python/scripts/test_util.py
27496810,1,1,2,src/RobotFrameworkCore/org.robotframework.ide.core-functions/src/test/python/unittest_red.py
27496810,1,1,2,src/RobotFrameworkCore/org.robotframework.ide.core-functions/src/test/python/unittest_red.py
27496810,2,3,5,src/RobotFrameworkCore/org.robotframework.ide.core-functions/src/test/python/unittest_red.py
27496810,0,0,0,src/RobotFrameworkCore/org.robotframework.ide.core-functions/src/main/{resources/org/rf/ide/core/executor => python/scripts}/SuiteVisitorImportProxy.py
27496810,0,0,0,src/RobotFrameworkCore/org.robotframework.ide.core-functions/src/main/{resources/org/rf/ide/core/executor => python/scripts}/TestRunnerAgent.py
27496810,0,0,0,src/RobotFrameworkCore/org.robotframework.ide.core-functions/src/main/{resources/org/rf/ide/core/executor => python/scripts}/classpath_updater.py
27496810,0,0,0,src/RobotFrameworkCore/org.robotframework.ide.core-functions/src/main/{resources/org/rf/ide/core/executor => python/scripts}/extend_pythonpath.py
27496810,0,0,0,src/RobotFrameworkCore/org.robotframework.ide.core-functions/src/main/{resources/org/rf/ide/core/executor => python/scripts}/module_classes_printer.py
27496810,0,0,0,src/RobotFrameworkCore/org.robotframework.ide.core-functions/src/main/{resources/org/rf/ide/core/executor => python/scripts}/red_libraries.py
27496810,0,0,0,src/RobotFrameworkCore/org.robotframework.ide.core-functions/src/main/{resources/org/rf/ide/core/executor => python/scripts}/red_modules.py
27496810,0,0,0,src/RobotFrameworkCore/org.robotframework.ide.core-functions/src/main/{resources/org/rf/ide/core/executor => python/scripts}/red_variables.py
27496810,0,0,0,src/RobotFrameworkCore/org.robotframework.ide.core-functions/src/main/{resources/org/rf/ide/core/executor => python/scripts}/red_virtualenv_check.py
27496810,0,0,0,src/RobotFrameworkCore/org.robotframework.ide.core-functions/src/main/{resources/org/rf/ide/core/executor => python/scripts}/robot_session_server.py
27496810,2,0,2,src/RobotFrameworkCore/org.robotframework.ide.core-functions/src/main/python/scripts/util.py
27496810,8,0,8,src/RobotFrameworkCore/org.robotframework.ide.core-functions/src/test/python/scripts/test_util.py
27496810,9,0,9,src/RobotFrameworkCore/org.robotframework.ide.core-functions/src/test/python/unittest_red.py
27496810,97,90,187,src/RobotFrameworkCore/org.robotframework.ide.core-functions/src/main/resources/org/rf/ide/core/executor/TestRunnerAgent.py
27496810,25,28,53,src/RobotFrameworkCore/org.robotframework.ide.core-functions/src/main/resources/org/rf/ide/core/executor/TestRunnerAgent.py
27496810,10,6,16,src/RobotFrameworkCore/org.robotframework.ide.core-functions/src/main/resources/org/rf/ide/core/executor/TestRunnerAgent.py
27496810,4,2,6,src/RobotFrameworkCore/org.robotframework.ide.core-functions/src/main/resources/org/rf/ide/core/executor/TestRunnerAgent.py
27496810,9,5,14,src/RobotFrameworkCore/org.robotframework.ide.core-functions/src/main/resources/org/rf/ide/core/executor/TestRunnerAgent.py
27496810,146,353,499,src/RobotFrameworkCore/org.robotframework.ide.core-functions/src/main/resources/org/rf/ide/core/executor/TestRunnerAgent.py
27496810,2,2,4,src/RobotFrameworkCore/org.robotframework.ide.core-functions/src/main/resources/org/rf/ide/core/executor/TestRunnerAgent.py
27496810,0,7,7,src/RobotFrameworkCore/org.robotframework.ide.core-functions/src/main/resources/org/rf/ide/core/executor/RemoteDebugTempScript.py
27496810,10,1,11,src/RobotFrameworkCore/org.robotframework.ide.core-functions/src/main/resources/org/rf/ide/core/executor/TestRunnerAgent.py
27496810,9,12,21,src/RobotFrameworkCore/org.robotframework.ide.core-functions/src/main/resources/org/rf/ide/core/executor/TestRunnerAgent.py
27496810,2,3,5,src/RobotFrameworkCore/org.robotframework.ide.core-functions/src/main/resources/org/rf/ide/core/executor/SuiteVisitorImportProxy.py
27496810,6,4,10,src/RobotFrameworkCore/org.robotframework.ide.core-functions/src/main/resources/org/rf/ide/core/executor/SuiteVisitorImportProxy.py
27496810,5,7,12,src/RobotFrameworkCore/org.robotframework.ide.core-functions/src/main/resources/org/rf/ide/core/executor/SuiteVisitorImportProxy.py
27496810,1,1,2,src/RobotFrameworkCore/org.robotframework.ide.core-functions/src/main/resources/org/rf/ide/core/executor/SuiteVisitorImportProxy.py
27496810,1,2,3,src/RobotFrameworkCore/org.robotframework.ide.core-functions/src/main/resources/org/rf/ide/core/executor/SuiteVisitorImportProxy.py
27496810,8,4,12,src/RobotFrameworkCore/org.robotframework.ide.core-functions/src/main/resources/org/rf/ide/core/executor/SuiteVisitorImportProxy.py
27496810,13,6,19,src/RobotFrameworkCore/org.robotframework.ide.core-functions/src/main/resources/org/rf/ide/core/executor/TestRunnerAgent.py
27496810,17,0,17,src/RobotUserScripts/my_script.py
27496810,96,0,96,src/RobotUserScripts/runPyDevDebug.py
27496810,1,1,2,src/RobotFrameworkCore/org.robotframework.ide.core-functions/src/main/resources/org/rf/ide/core/executor/SuiteVisitorImportProxy.py
27496810,5,2,7,src/RobotFrameworkCore/org.robotframework.ide.core-functions/src/main/resources/org/rf/ide/core/executor/SuiteVisitorImportProxy.py
27496810,20,8,28,src/RobotFrameworkCore/org.robotframework.ide.core-functions/src/main/resources/org/rf/ide/core/executor/SuiteVisitorImportProxy.py
27496810,3,3,6,src/RobotFrameworkCore/org.robotframework.ide.core-functions/src/main/resources/org/rf/ide/core/executor/SuiteVisitorImportProxy.py
27496810,37,5,42,src/RobotFrameworkCore/org.robotframework.ide.core-functions/src/main/resources/org/rf/ide/core/executor/SuiteVisitorImportProxy.py
27496810,1,1,2,src/RobotFrameworkCore/org.robotframework.ide.core-functions/src/main/resources/org/rf/ide/core/executor/TestRunnerAgent.py
27496810,1,1,2,src/RobotFrameworkCore/org.robotframework.ide.core-functions/src/main/resources/org/rf/ide/core/executor/red_variables.py
27496810,16,8,24,src/RobotFrameworkCore/org.robotframework.ide.core-functions/src/main/resources/org/rf/ide/core/executor/red_variables.py
27496810,2,2,4,src/RobotFrameworkCore/org.robotframework.ide.core-functions/src/main/resources/org/rf/ide/core/executor/TestRunnerAgent.py
27496810,1,1,2,src/RobotFrameworkCore/org.robotframework.ide.core-functions/src/main/resources/org/rf/ide/core/executor/TestRunnerAgent.py
27496810,4,0,4,src/RobotFrameworkCore/org.robotframework.ide.core-functions/src/main/resources/org/rf/ide/core/executor/TestRunnerAgent.py
27496810,2,0,2,src/RobotFrameworkCore/org.robotframework.ide.core-functions/src/main/resources/org/rf/ide/core/executor/TestRunnerAgent.py
27496810,6,0,6,src/RobotFrameworkCore/org.robotframework.ide.core-functions/src/main/resources/org/rf/ide/core/executor/red_virtualenv_check.py
27496810,9,0,9,src/RobotFrameworkCore/org.robotframework.ide.core-functions/src/main/resources/org/rf/ide/core/executor/robot_session_server.py
27496810,5,2,7,src/RobotFrameworkCore/org.robotframework.ide.core-functions/src/main/resources/org/rf/ide/core/executor/extend_pythonpath.py
27496810,4,3,7,src/RobotFrameworkCore/org.robotframework.ide.core-functions/src/main/resources/org/rf/ide/core/executor/SuiteVisitorImportProxy.py
27496810,11,4,15,src/RobotFrameworkCore/org.robotframework.ide.core-functions/src/main/resources/org/rf/ide/core/executor/red_variables.py
27496810,8,5,13,src/RobotFrameworkCore/org.robotframework.ide.core-functions/src/main/resources/org/rf/ide/core/executor/TestRunnerAgent.py
27496810,2,0,2,src/RobotFrameworkCore/org.robotframework.ide.core-functions/src/main/resources/org/rf/ide/core/executor/TestRunnerAgent.py
27496810,57,40,97,src/RobotFrameworkCore/org.robotframework.ide.core-functions/src/main/resources/org/rf/ide/core/executor/TestRunnerAgent.py
27496810,12,6,18,src/RobotFrameworkCore/org.robotframework.ide.core-functions/src/main/resources/org/rf/ide/core/executor/TestRunnerAgent.py
27496810,0,4,4,src/RobotFrameworkCore/org.robotframework.ide.core-functions/src/main/resources/org/rf/ide/core/executor/module_classes_printer.py
27496810,17,12,29,src/RobotFrameworkCore/org.robotframework.ide.core-functions/src/main/resources/org/rf/ide/core/executor/TestRunnerAgent.py
27496810,4,1,5,src/RobotFrameworkCore/org.robotframework.ide.core-functions/src/main/resources/org/rf/ide/core/executor/extend_pythonpath.py
27496810,10,6,16,src/RobotFrameworkCore/org.robotframework.ide.core-functions/src/main/resources/org/rf/ide/core/executor/TestRunnerAgent.py
27496810,0,22,22,src/RobotFrameworkCore/org.robotframework.ide.core-functions/src/main/resources/org/rf/ide/core/executor/red_modules.py
27496810,15,7,22,src/RobotFrameworkCore/org.robotframework.ide.core-functions/src/main/resources/org/rf/ide/core/executor/robot_session_server.py
27496810,1,1,2,src/RobotFrameworkCore/org.robotframework.ide.core-functions/src/main/resources/org/rf/ide/core/executor/module_classes_printer.py
27496810,8,1,9,src/RobotFrameworkCore/org.robotframework.ide.core-functions/src/main/resources/org/rf/ide/core/executor/TestRunnerAgent.py
27496810,2,1,3,src/RobotFrameworkCore/org.robotframework.ide.core-functions/src/main/resources/org/rf/ide/core/executor/module_classes_printer.py
27496810,7,3,10,src/RobotFrameworkCore/org.robotframework.ide.core-functions/src/main/resources/org/rf/ide/core/executor/TestRunnerAgent.py
27496810,4,6,10,src/RobotFrameworkCore/org.robotframework.ide.core-functions/src/main/resources/org/rf/ide/core/executor/classpath_updater.py
27496810,28,9,37,src/RobotFrameworkCore/org.robotframework.ide.core-functions/src/main/resources/org/rf/ide/core/executor/module_classes_printer.py
27496810,51,11,62,src/RobotFrameworkCore/org.robotframework.ide.core-functions/src/main/resources/org/rf/ide/core/executor/red_modules.py
27496810,22,14,36,src/RobotFrameworkCore/org.robotframework.ide.core-functions/src/main/resources/org/rf/ide/core/executor/robot_session_server.py
27496810,1,1,2,src/RobotFrameworkCore/org.robotframework.ide.core-functions/src/main/resources/org/rf/ide/core/executor/TestRunnerAgent.py
27496810,6,0,6,src/RobotFrameworkCore/org.robotframework.ide.core-functions/src/main/resources/org/rf/ide/core/executor/TestRunnerAgent.py
27496810,3,0,3,src/RobotFrameworkCore/org.robotframework.ide.core-functions/src/main/resources/org/rf/ide/core/executor/extend_pythonpath.py
27496810,1,1,2,src/RobotFrameworkCore/org.robotframework.ide.core-functions/src/main/resources/org/rf/ide/core/executor/extend_pythonpath.py
27496810,9,6,15,src/RobotFrameworkCore/org.robotframework.ide.core-functions/src/main/resources/org/rf/ide/core/executor/extend_pythonpath.py
27496810,29,1,30,src/RobotFrameworkCore/org.robotframework.ide.core-functions/src/main/resources/org/rf/ide/core/executor/extend_pythonpath.py
27496810,17,9,26,src/RobotFrameworkCore/org.robotframework.ide.core-functions/src/main/resources/org/rf/ide/core/executor/module_classes_printer.py
27496810,42,0,42,src/RobotFrameworkCore/org.robotframework.ide.core-functions/src/main/resources/org/rf/ide/core/executor/extend_pythonpath.py
27496810,19,6,25,src/RobotFrameworkCore/org.robotframework.ide.core-functions/src/main/resources/org/rf/ide/core/executor/module_classes_printer.py
27496810,26,18,44,src/RobotFrameworkCore/org.robotframework.ide.core-functions/src/main/resources/org/rf/ide/core/executor/SuiteVisitorImportProxy.py
27496810,7,5,12,src/RobotFrameworkCore/org.robotframework.ide.core-functions/src/main/resources/org/rf/ide/core/executor/SuiteVisitorImportProxy.py
27496810,24,3,27,src/RobotFrameworkCore/org.robotframework.ide.core-functions/src/main/resources/org/rf/ide/core/executor/SuiteVisitorImportProxy.py
27496810,1,1,2,src/RobotFrameworkCore/org.robotframework.ide.core-functions/src/main/resources/org/rf/ide/core/executor/SuiteVisitorImportProxy.py
27496810,1,1,2,src/RobotFrameworkCore/org.robotframework.ide.core-functions/src/main/resources/org/rf/ide/core/executor/SuiteVisitorImportProxy.py
27496810,12,5,17,src/RobotFrameworkCore/org.robotframework.ide.core-functions/src/main/resources/org/rf/ide/core/executor/SuiteVisitorImportProxy.py
27496810,5,0,5,src/RobotFrameworkCore/org.robotframework.ide.core-functions/src/main/resources/org/rf/ide/core/executor/RemoteDebugTempScript.py
27496810,0,78,78,src/RobotFrameworkCore/org.robotframework.ide.core-functions/src/main/resources/org/rf/ide/core/executor/SuiteVisitatorImportProxy.py
27496810,145,0,145,src/RobotFrameworkCore/org.robotframework.ide.core-functions/src/main/resources/org/rf/ide/core/executor/SuiteVisitorImportProxy.py
27496810,2,1,3,src/RobotFrameworkCore/org.robotframework.ide.core-functions/src/main/resources/org/rf/ide/core/executor/TestRunnerAgent.py
27496810,78,0,78,src/RobotFrameworkCore/org.robotframework.ide.core-functions/src/main/resources/org/rf/ide/core/executor/SuiteVisitatorImportProxy.py
27496810,1,1,2,src/RobotFrameworkCore/org.robotframework.ide.core-functions/src/main/resources/org/rf/ide/core/executor/module_classes_printer.py
27496810,4,1,5,src/RobotFrameworkCore/org.robotframework.ide.core-functions/src/main/resources/org/rf/ide/core/executor/TestRunnerAgent.py
27496810,22,0,22,src/RobotFrameworkCore/org.robotframework.ide.core-functions/src/main/resources/org/rf/ide/core/executor/module_classes_printer.py
27496810,1,0,1,src/RobotFrameworkCore/org.robotframework.ide.core-functions/src/main/resources/org/rf/ide/core/executor/module_classes_printer.py
27496810,29,0,29,src/RobotFrameworkCore/org.robotframework.ide.core-functions/src/main/resources/org/rf/ide/core/executor/classpath_updater.py
27496810,7,2,9,src/RobotFrameworkCore/org.robotframework.ide.core-functions/src/main/resources/org/rf/ide/core/executor/robot_session_server.py
27496810,14,2,16,src/RobotFrameworkCore/org.robotframework.ide.core-functions/src/main/resources/org/rf/ide/core/executor/red_modules.py
27496810,2,2,4,src/RobotFrameworkCore/org.robotframework.ide.core-functions/src/main/resources/org/rf/ide/core/executor/red_variables.py
27496810,0,1,1,src/RobotFrameworkCore/org.robotframework.ide.core-functions/src/main/resources/org/rf/ide/core/executor/red_variables.py
27496810,13,3,16,src/RobotFrameworkCore/org.robotframework.ide.core-functions/src/main/resources/org/rf/ide/core/executor/red_variables.py
27496810,4,2,6,src/RobotFrameworkCore/org.robotframework.ide.core-functions/src/main/resources/org/rf/ide/core/executor/red_variables.py
27496810,22,19,41,src/RobotFrameworkCore/org.robotframework.ide.core-functions/src/main/resources/org/rf/ide/core/executor/robot_session_server.py
27496810,3,0,3,src/RobotFrameworkCore/org.robotframework.ide.core-functions/src/main/resources/org/rf/ide/core/executor/robot_session_server.py
27496810,2,2,4,src/RobotFrameworkCore/org.robotframework.ide.core-functions/src/main/resources/org/rf/ide/core/executor/robot_session_server.py
27496810,5,4,9,src/RobotFrameworkCore/org.robotframework.ide.core-functions/src/main/resources/org/rf/ide/core/executor/red_variables.py
27496810,2,2,4,src/RobotFrameworkCore/org.robotframework.ide.core-functions/src/main/resources/org/rf/ide/core/executor/robot_session_server.py
27496810,8,8,16,src/RobotFrameworkCore/org.robotframework.ide.core-functions/src/main/resources/org/rf/ide/core/executor/robot_session_server.py
27496810,0,73,73,src/RobotFrameworkCore/org.robotframework.ide.core-functions/src/main/resources/org/rf/ide/core/executor/GlobalVarsImporter.py
27496810,0,257,257,src/RobotFrameworkCore/org.robotframework.ide.core-functions/src/main/resources/org/rf/ide/core/executor/RobotCommandExecutionServer.py
27496810,0,13,13,src/RobotFrameworkCore/org.robotframework.ide.core-functions/src/main/resources/org/rf/ide/core/executor/StdLibrariesReader.py
27496810,6,0,6,src/RobotFrameworkCore/org.robotframework.ide.core-functions/src/main/resources/org/rf/ide/core/executor/module_classes_printer.py
27496810,30,0,30,src/RobotFrameworkCore/org.robotframework.ide.core-functions/src/main/resources/org/rf/ide/core/executor/red_modules.py
27496810,197,0,197,src/RobotFrameworkCore/org.robotframework.ide.core-functions/src/main/resources/org/rf/ide/core/executor/robot_session_server.py
27496810,27,0,27,src/RobotFrameworkCore/org.robotframework.ide.core-functions/src/main/resources/org/rf/ide/core/executor/std_libraries.py
27496810,143,0,143,src/RobotFrameworkCore/org.robotframework.ide.core-functions/src/main/resources/org/rf/ide/core/executor/variables.py
27496810,1,1,2,src/RobotFrameworkCore/org.robotframework.ide.core-functions/src/main/resources/org/rf/ide/core/executor/RobotCommandExecutionServer.py
27496810,7,7,14,src/RobotFrameworkCore/org.robotframework.ide.core-functions/src/main/resources/org/rf/ide/core/executor/module_classes_printer.py
27496810,3,0,3,src/RobotFrameworkCore/org.robotframework.ide.core-functions/src/main/resources/org/rf/ide/core/executor/module_classes_printer.py
27496810,1,1,2,src/RobotFrameworkCore/org.robotframework.ide.core-functions/src/main/resources/org/rf/ide/core/executor/module_classes_printer.py
27496810,3,0,3,src/RobotFrameworkCore/org.robotframework.ide.core-functions/src/main/resources/org/rf/ide/core/executor/TestRunnerAgent.py
27496810,3,1,4,src/RobotFrameworkCore/org.robotframework.ide.core-functions/src/main/resources/org/rf/ide/core/executor/GlobalVarsImporter.py
27496810,2,1,3,src/RobotFrameworkCore/org.robotframework.ide.core-functions/src/main/resources/org/rf/ide/core/executor/RobotCommandExecutionServer.py
27496810,5,0,5,src/RobotFrameworkCore/org.robotframework.ide.core-functions/src/main/resources/org/rf/ide/core/executor/RobotCommandExecutionServer.py
27496810,3,1,4,src/RobotFrameworkCore/org.robotframework.ide.core-functions/src/main/resources/org/rf/ide/core/executor/RobotCommandExecutionServer.py
27496810,2,2,4,src/RobotFrameworkCore/org.robotframework.ide.core-functions/src/main/resources/org/rf/ide/core/executor/RobotCommandExecutionServer.py
27496810,7,20,27,src/RobotFrameworkCore/org.robotframework.ide.core-functions/src/main/resources/org/rf/ide/core/executor/RobotCommandExecutionServer.py
27496810,13,3,16,src/RobotFrameworkCore/org.robotframework.ide.core-functions/src/main/resources/org/rf/ide/core/executor/RobotCommandExecutionServer.py
27496810,1,10,11,src/RobotFrameworkCore/org.robotframework.ide.core-functions/src/main/resources/org/rf/ide/core/executor/RobotCommandExecutionServer.py
27496810,9,12,21,src/RobotFrameworkCore/org.robotframework.ide.core-functions/src/main/resources/org/rf/ide/core/executor/RobotCommandExecutionServer.py
27496810,12,9,21,src/RobotFrameworkCore/org.robotframework.ide.core-functions/src/main/resources/org/rf/ide/core/executor/RobotCommandExecutionServer.py
27496810,23,7,30,src/RobotFrameworkCore/org.robotframework.ide.core-functions/src/main/resources/org/rf/ide/core/executor/RobotCommandExecutionServer.py
27496810,17,15,32,src/RobotFrameworkCore/org.robotframework.ide.core-functions/src/main/resources/org/rf/ide/core/executor/RobotCommandExecutionServer.py
27496810,9,4,13,src/RobotFrameworkCore/org.robotframework.ide.core-functions/src/main/resources/org/rf/ide/core/executor/TestRunnerAgent.py
27496810,7,4,11,src/RobotFrameworkCore/org.robotframework.ide.core-functions/src/main/resources/org/rf/ide/core/executor/TestRunnerAgent.py
27496810,2,0,2,src/RobotFrameworkCore/org.robotframework.ide.core-functions/src/main/resources/org/rf/ide/core/executor/RemoteDebugTempScript.py
27496810,3,2,5,src/RobotFrameworkCore/org.robotframework.ide.core-functions/src/main/resources/org/rf/ide/core/executor/TestRunnerAgent.py
27496810,11,3,14,src/RobotFrameworkCore/org.robotframework.ide.core-functions/src/main/resources/org/rf/ide/core/executor/RobotCommandExecutionServer.py
27496810,0,0,0,src/RobotFrameworkCore/org.robotframework.ide.core-functions/src/main/resources/org/{robotframework => rf}/ide/core/executor/GlobalVarsImporter.py
27496810,0,0,0,src/RobotFrameworkCore/org.robotframework.ide.core-functions/src/main/resources/org/{robotframework => rf}/ide/core/executor/RobotCommandExecutionServer.py
27496810,0,0,0,src/RobotFrameworkCore/org.robotframework.ide.core-functions/src/main/resources/org/{robotframework => rf}/ide/core/executor/StdLibrariesReader.py
27496810,0,0,0,src/RobotFrameworkCore/org.robotframework.ide.core-functions/src/main/resources/org/{robotframework => rf}/ide/core/executor/TestRunnerAgent.py
27496810,0,0,0,src/RobotFrameworkCore/org.robotframework.ide.core-functions/src/main/resources/org/{robotframework => rf}/ide/core/executor/module_classes_printer.py
27496810,25,13,38,src/RobotFrameworkCore/org.robotframework.ide.core-functions/src/main/resources/org/robotframework/ide/core/executor/TestRunnerAgent.py
27496810,7,4,11,src/RobotFrameworkCore/org.robotframework.ide.core-functions/src/main/resources/org/robotframework/ide/core/executor/RobotCommandExecutionServer.py
27496810,6,1,7,src/RobotFrameworkCore/org.robotframework.ide.core-functions/src/main/resources/org/robotframework/ide/core/executor/RobotCommandExecutionServer.py
27496810,14,5,19,src/RobotFrameworkCore/org.robotframework.ide.core-functions/src/main/resources/org/robotframework/ide/core/executor/RobotCommandExecutionServer.py
27496810,1,1,2,src/RobotFrameworkCore/org.robotframework.ide.core-functions/src/main/resources/org/robotframework/ide/core/executor/RobotCommandExecutionServer.py
27496810,6,1,7,src/RobotFrameworkCore/org.robotframework.ide.core-functions/src/main/resources/org/robotframework/ide/core/executor/RobotCommandExecutionServer.py
27496810,12,4,16,src/RobotFrameworkCore/org.robotframework.ide.core-functions/src/main/resources/org/robotframework/ide/core/executor/RobotCommandExecutionServer.py
27496810,56,52,108,src/RobotFrameworkCore/org.robotframework.ide.core-functions/src/main/resources/org/robotframework/ide/core/executor/GlobalVarsImporter.py
27496810,51,26,77,src/RobotFrameworkCore/org.robotframework.ide.core-functions/src/main/resources/org/robotframework/ide/core/executor/RobotCommandExecutionServer.py
27496810,1,1,2,src/RobotFrameworkCore/org.robotframework.ide.core-functions/src/main/resources/org/robotframework/ide/core/executor/TestRunnerAgent.py
27496810,3,3,6,src/RobotFrameworkCore/org.robotframework.ide.core-functions/src/main/resources/org/robotframework/ide/core/executor/TestRunnerAgent.py
27496810,1,1,2,src/RobotFrameworkCore/org.robotframework.ide.core-functions/src/main/resources/org/robotframework/ide/core/executor/RobotCommandExecutionServer.py
27496810,7,1,8,src/RobotFrameworkCore/org.robotframework.ide.core-functions/src/main/resources/org/robotframework/ide/core/executor/RobotCommandExecutionServer.py
27496810,43,0,43,src/RobotFrameworkCore/org.robotframework.ide.core-functions/src/main/resources/org/robotframework/ide/core/executor/module_classes_printer.py
27496810,1,1,2,src/RobotFrameworkCore/org.robotframework.ide.core-functions/src/main/resources/org/robotframework/ide/core/executor/RobotCommandExecutionServer.py
27496810,5,0,5,src/RobotFrameworkCore/org.robotframework.ide.core-functions/src/main/resources/org/robotframework/ide/core/executor/RobotCommandExecutionServer.py
27496810,5,4,9,src/RobotFrameworkCore/org.robotframework.ide.core-functions/src/main/resources/org/robotframework/ide/core/executor/GlobalVarsImporter.py
27496810,113,95,208,src/RobotFrameworkCore/org.robotframework.ide.core-functions/src/main/resources/org/robotframework/ide/core/executor/RobotCommandExecutionServer.py
27496810,151,0,151,src/RobotFrameworkCore/org.robotframework.ide.core-functions/src/main/resources/org/robotframework/ide/core/executor/RobotCommandExecutionServer.py
27496810,66,0,66,src/RobotFrameworkCore/org.robotframework.ide.core-functions/src/main/resources/org/robotframework/ide/core/executor/GlobalVarsImporter.py
27496810,6,0,6,src/RobotFrameworkCore/org.robotframework.ide.core-functions/src/main/resources/org/robotframework/ide/core/executor/StdLibrariesReader.py
27496810,8,0,8,src/RobotFrameworkCore/org.robotframework.ide.core-functions/src/main/resources/org/robotframework/ide/core/executor/TestRunnerAgent.py
27496810,1,1,2,src/RobotFrameworkCore/org.robotframework.ide.core-functions/src/main/resources/org/robotframework/ide/core/executor/TestRunnerAgent.py
27496810,9,7,16,src/RobotFrameworkCore/org.robotframework.ide.core-functions/src/main/resources/org/robotframework/ide/core/executor/TestRunnerAgent.py
27496810,1,0,1,src/RobotFrameworkCore/org.robotframework.ide.core-functions/src/main/resources/org/robotframework/ide/core/executor/TestRunnerAgent.py
27496810,4,1,5,src/RobotFrameworkCore/org.robotframework.ide.core-functions/src/main/resources/org/robotframework/ide/core/executor/TestRunnerAgent.py
27496810,23,9,32,src/RobotFrameworkCore/org.robotframework.ide.core-functions/src/main/resources/org/robotframework/ide/core/executor/TestRunnerAgent.py
27496810,35,2,37,src/RobotFrameworkCore/org.robotframework.ide.core-functions/src/main/resources/org/robotframework/ide/core/executor/TestRunnerAgent.py
27496810,6,0,6,src/RobotFrameworkCore/org.robotframework.ide.core-functions/src/main/resources/org/robotframework/ide/core/executor/TestRunnerAgent.py
27496810,7,0,7,src/RobotFrameworkCore/org.robotframework.ide.core-functions/src/main/resources/org/robotframework/ide/core/executor/StdLibrariesReader.py
27496810,1,1,2,src/RobotFrameworkCore/org.robotframework.ide.core-functions/src/main/resources/org/robotframework/ide/core/executor/TestRunnerAgent.py
27496810,20,1,21,src/RobotFrameworkCore/org.robotframework.ide.core-functions/src/main/resources/org/robotframework/ide/core/executor/TestRunnerAgent.py
27496810,63,7,70,src/RobotFrameworkCore/org.robotframework.ide.core-functions/src/main/resources/org/robotframework/ide/core/executor/TestRunnerAgent.py
27496810,507,0,507,src/RobotFrameworkCore/org.robotframework.ide.core-functions/src/main/resources/org/robotframework/ide/core/executor/TestRunnerAgent.py
27496810,552,0,552,misc/scripts/building/RedReleaseVersionUpdater.py
27496810,84,0,84,misc/nilsimsa_POC/nilsimsa_POC.py
27496810,1,1,2,tests/scripts/CreateTestSuiteFromTag.py
27496810,1,1,2,tests/scripts/UpdateRcpttRaportHtml.py
27496810,1,1,2,tests/scripts/UpdateRcpttRaportHtml.py
27496810,10,13,23,tests/scripts/CreateTestSuiteFromTag.py
27496810,113,0,113,tests/scripts/CreateTestSuiteFromTag.py
27496810,45,0,45,tests/scripts/UpdateRcpttRaportHtml.py
28687875,1,1,2,drop-boxes/register-mtb-data-dropbox/register-mtb-data-dropbox.py
28687875,1,1,2,drop-boxes/register-mtb-data-dropbox/register-mtb-data-dropbox.py
28687875,2,2,4,drop-boxes/register-mtb-data-dropbox/register-mtb-data-dropbox.py
28687875,1,1,2,drop-boxes/register-mtb-data-dropbox/register-mtb-data-dropbox.py
28687875,24,13,37,drop-boxes/register-mtb-data-dropbox/register-mtb-data-dropbox.py
28687875,2,0,2,drop-boxes/register-mtb-data-dropbox/register-mtb-data-dropbox.py
28687875,2,2,4,drop-boxes/register-imgag-dropbox/register-imgag.py
28687875,116,71,187,drop-boxes/register-omero-metadata/register-omero.py
28687875,114,0,114,drop-boxes/register-omero-metadata/register-omero.py
28687875,3,0,3,drop-boxes/register-mtb-data-dropbox/register-mtb-data-dropbox.py
28687875,1,1,2,drop-boxes/register-mtb-data-dropbox/register-mtb-data-dropbox.py
28687875,1,1,2,reporting-plugins/test-plugin/script.py
28687875,1,1,2,reporting-plugins/test-plugin/script.py
28687875,13,87,100,reporting-plugins/test-plugin/script.py
28687875,1,1,2,drop-boxes/register-nmr-dropbox/register-nmr.py
28687875,1,1,2,drop-boxes/register-nmr-dropbox/register-nmr.py
28687875,1,1,2,drop-boxes/register-nmr-dropbox/register-nmr.py
28687875,99,57,156,drop-boxes/register-nmr-dropbox/register-nmr.py
28687875,88,0,88,drop-boxes/register-nmr-dropbox/register-nmr.py
28687875,7,2,9,drop-boxes/register-convert-ms-vendor-format/etl_msconvert.py
28687875,3,2,5,drop-boxes/register-mtb-data-dropbox/register-mtb-data-dropbox.py
28687875,4,2,6,drop-boxes/register-mtb-data-dropbox/register-mtb-data-dropbox.py
28687875,1,1,2,drop-boxes/register-mtb-data-dropbox/register-mtb-data-dropbox.py
28687875,4,1,5,drop-boxes/register-attachments-dropbox/register-attachment-dropbox.py
28687875,26,26,52,drop-boxes/register-convert-ms-vendor-format/etl_msconvert.py
28687875,2,1,3,reporting-plugins/register-sample-batch/script.py
28687875,3,0,3,reporting-plugins/register-sample-batch/script.py
28687875,4,2,6,reporting-plugins/register-sample-batch/script.py
28687875,3,6,9,drop-boxes/register-convert-ms-vendor-format/etl_msconvert.py
28687875,1,2,3,drop-boxes/register-convert-ms-vendor-format/etl_msconvert.py
28687875,1,1,2,drop-boxes/register-convert-ms-vendor-format/etl_msconvert.py
28687875,14,8,22,reporting-plugins/update-sample-metadata/script.py
28687875,11,12,23,drop-boxes/register-mtb-data-dropbox/register-mtb-data-dropbox.py
28687875,37,15,52,drop-boxes/register-mtb-data-dropbox/register-mtb-data-dropbox.py
28687875,1,1,2,drop-boxes/register-convert-ms-vendor-format/etl_msconvert.py
28687875,15,3,18,drop-boxes/register-convert-ms-vendor-format/etl_msconvert.py
28687875,2,2,4,drop-boxes/register-wiff-dropbox/register-wiff-data-dropbox.py
28687875,0,4,4,drop-boxes/register-wiff-dropbox/register-wiff-data-dropbox.py
28687875,1,1,2,drop-boxes/register-wiff-dropbox/register-wiff-data-dropbox.py
28687875,2,1,3,drop-boxes/register-mtb-data-dropbox/register-mtb-data-dropbox.py
28687875,3,2,5,drop-boxes/register-wiff-dropbox/register-wiff-data-dropbox.py
28687875,5,1,6,drop-boxes/register-wiff-dropbox/register-wiff-data-dropbox.py
28687875,1,1,2,drop-boxes/register-wiff-dropbox/register-wiff-data-dropbox.py
28687875,1,1,2,drop-boxes/register-wiff-dropbox/register-wiff-data-dropbox.py
28687875,3,0,3,drop-boxes/register-wiff-dropbox/register-wiff-data-dropbox.py
28687875,3,3,6,drop-boxes/register-wiff-dropbox/register-wiff-data-dropbox.py
28687875,141,0,141,drop-boxes/register-wiff-dropbox/register-wiff-data-dropbox.py
28687875,1,1,2,drop-boxes/register-imgag-dropbox/register-imgag.py
28687875,1,1,2,drop-boxes/register-imgag-dropbox/register-imgag.py
28687875,2,1,3,drop-boxes/register-imgag-dropbox/register-imgag.py
28687875,1,1,2,drop-boxes/register-imgag-dropbox/register-imgag.py
28687875,1,1,2,drop-boxes/register-mtb-data-dropbox/register-mtb-data-dropbox.py
28687875,4,1,5,drop-boxes/register-imgag-dropbox/register-imgag.py
28687875,4,1,5,drop-boxes/register-mtb-data-dropbox/register-mtb-data-dropbox.py
28687875,2,2,4,drop-boxes/register-mtb-data-dropbox/register-mtb-data-dropbox.py
28687875,3,1,4,drop-boxes/register-mtb-data-dropbox/register-mtb-data-dropbox.py
28687875,13,4,17,drop-boxes/register-mtb-data-dropbox/register-mtb-data-dropbox.py
28687875,7,4,11,drop-boxes/register-mtb-data-dropbox/register-mtb-data-dropbox.py
28687875,3,2,5,drop-boxes/register-mtb-data-dropbox/register-mtb-data-dropbox.py
28687875,10,12,22,drop-boxes/register-mtb-data-dropbox/register-mtb-data-dropbox.py
28687875,3,2,5,drop-boxes/register-mtb-data-dropbox/register-mtb-data-dropbox.py
28687875,4,0,4,drop-boxes/register-mtb-data-dropbox/register-mtb-data-dropbox.py
28687875,124,20,144,drop-boxes/register-mtb-data-dropbox/register-mtb-data-dropbox.py
28687875,1,1,2,drop-boxes/register-mtb-data-dropbox/register-mtb-data-dropbox.py
28687875,1,1,2,drop-boxes/register-hlatyping-dropbox/register-hlatyping.py
28687875,1,0,1,drop-boxes/register-attachments-dropbox/register-attachment-dropbox.py
28687875,1,0,1,reporting-plugins/register-sample-batch/script.py
28687875,0,3,3,reporting-plugins/register-sample-batch/script.py
28687875,17,1,18,reporting-plugins/register-sample-batch/script.py
28687875,6,2,8,drop-boxes/register-attachments-dropbox/register-attachment-dropbox.py
28687875,1,1,2,drop-boxes/register-mtb-data-dropbox/register-mtb-data-dropbox.py
28687875,2,2,4,drop-boxes/register-mtb-data-dropbox/register-mtb-data-dropbox.py
28687875,1,1,2,drop-boxes/register-mtb-data-dropbox/mtbutils.py
28687875,11,5,16,drop-boxes/register-mtb-data-dropbox/register-mtb-data-dropbox.py
28687875,5,0,5,drop-boxes/register-mtb-data-dropbox/register-mtb-data-dropbox.py
28687875,2,0,2,drop-boxes/register-mtb-data-dropbox/register-mtb-data-dropbox.py
28687875,5,6,11,drop-boxes/register-mtb-data-dropbox/register-mtb-data-dropbox.py
28687875,2,2,4,drop-boxes/register-mtb-data-dropbox/register-mtb-data-dropbox.py
28687875,1,1,2,drop-boxes/register-mtb-data-dropbox/register-mtb-data-dropbox.py
28687875,45,2,47,drop-boxes/register-mtb-data-dropbox/register-mtb-data-dropbox.py
28687875,1,1,2,drop-boxes/register-mtb-data-dropbox/register-mtb-data-dropbox.py
28687875,13,0,13,drop-boxes/register-mtb-data-dropbox/register-mtb-data-dropbox.py
28687875,2,0,2,drop-boxes/register-mtb-data-dropbox/register-mtb-data-dropbox.py
28687875,9,5,14,drop-boxes/register-convert-ms-vendor-format/etl_msconvert.py
28687875,1,1,2,drop-boxes/register-convert-ms-vendor-format/etl_msconvert.py
28687875,4,1,5,drop-boxes/register-document-dropbox/register-document.py
28687875,1,1,2,drop-boxes/register-hlatyping-dropbox/register-hlatyping.py
28687875,12,8,20,drop-boxes/register-peptidedata-dropbox/register-peptidedata.py
28687875,3,3,6,drop-boxes/register-mtb-data-dropbox/mtbutils.py
28687875,7,8,15,drop-boxes/register-mtb-data-dropbox/register-mtb-data-dropbox.py
28687875,1,0,1,drop-boxes/register-mtb-data-dropbox/register-mtb-data-dropbox.py
28687875,2,2,4,drop-boxes/register-mtb-data-dropbox/register-mtb-data-dropbox.py
28687875,35,3,38,drop-boxes/register-mtb-data-dropbox/register-mtb-data-dropbox.py
28687875,9,0,9,drop-boxes/register-mtb-data-dropbox/mtbutils.py
28687875,8,6,14,drop-boxes/register-mtb-data-dropbox/register-mtb-data-dropbox.py
28687875,3,2,5,drop-boxes/register-mtb-data-dropbox/register-mtb-data-dropbox.py
28687875,36,2,38,drop-boxes/register-mtb-data-dropbox/register-mtb-data-dropbox.py
28687875,16,1,17,drop-boxes/register-mtb-data-dropbox/register-mtb-data-dropbox.py
28687875,1,1,2,drop-boxes/register-mtb-data-dropbox/register-mtb-data-dropbox.py
28687875,5,2,7,drop-boxes/register-mtb-data-dropbox/register-mtb-data-dropbox.py
28687875,7,2,9,drop-boxes/register-mtb-data-dropbox/register-mtb-data-dropbox.py
28687875,0,2,2,drop-boxes/register-mtb-data-dropbox/register-mtb-data-dropbox.py
28687875,1,1,2,drop-boxes/register-mtb-data-dropbox/register-mtb-data-dropbox.py
28687875,1,1,2,drop-boxes/register-mtb-data-dropbox/register-mtb-data-dropbox.py
28687875,9,3,12,drop-boxes/register-mtb-data-dropbox/register-mtb-data-dropbox.py
28687875,9,2,11,drop-boxes/register-mtb-data-dropbox/register-mtb-data-dropbox.py
28687875,6,3,9,drop-boxes/register-mtb-data-dropbox/register-mtb-data-dropbox.py
28687875,6,4,10,drop-boxes/register-mtb-data-dropbox/register-mtb-data-dropbox.py
28687875,5,8,13,drop-boxes/register-mtb-data-dropbox/register-mtb-data-dropbox.py
28687875,4,2,6,drop-boxes/register-mtb-data-dropbox/register-mtb-data-dropbox.py
28687875,3,0,3,drop-boxes/register-mtb-data-dropbox/register-mtb-data-dropbox.py
28687875,1,1,2,drop-boxes/register-mtb-data-dropbox/register-mtb-data-dropbox.py
28687875,2,2,4,drop-boxes/register-mtb-data-dropbox/register-mtb-data-dropbox.py
28687875,22,5,27,drop-boxes/register-mtb-data-dropbox/register-mtb-data-dropbox.py
28687875,5,1,6,drop-boxes/register-mtb-data-dropbox/register-mtb-data-dropbox.py
28687875,1,1,2,drop-boxes/register-mtb-data-dropbox/register-mtb-data-dropbox.py
28687875,1,1,2,drop-boxes/register-mtb-data-dropbox/register-mtb-data-dropbox.py
28687875,1,1,2,drop-boxes/register-mtb-data-dropbox/register-mtb-data-dropbox.py
28687875,1,1,2,drop-boxes/register-mtb-data-dropbox/register-mtb-data-dropbox.py
28687875,2,1,3,drop-boxes/register-mtb-data-dropbox/register-mtb-data-dropbox.py
28687875,30,7,37,drop-boxes/register-mtb-data-dropbox/register-mtb-data-dropbox.py
28687875,3,3,6,drop-boxes/register-mtb-data-dropbox/register-mtb-data-dropbox.py
28687875,2,2,4,drop-boxes/register-mtb-data-dropbox/register-mtb-data-dropbox.py
28687875,1,1,2,drop-boxes/register-mtb-data-dropbox/register-mtb-data-dropbox.py
28687875,7,5,12,drop-boxes/register-mtb-data-dropbox/register-mtb-data-dropbox.py
28687875,1,1,2,drop-boxes/register-mtb-data-dropbox/register-mtb-data-dropbox.py
28687875,1,0,1,drop-boxes/register-mtb-data-dropbox/register-mtb-data-dropbox.py
28687875,2,2,4,drop-boxes/register-mtb-data-dropbox/register-mtb-data-dropbox.py
28687875,1,0,1,drop-boxes/register-mtb-data-dropbox/register-mtb-data-dropbox.py
28687875,3,2,5,drop-boxes/register-mtb-data-dropbox/register-mtb-data-dropbox.py
28687875,1,1,2,drop-boxes/register-mtb-data-dropbox/register-mtb-data-dropbox.py
28687875,9,3,12,drop-boxes/register-mtb-data-dropbox/register-mtb-data-dropbox.py
28687875,31,0,31,drop-boxes/register-mtb-data-dropbox/register-mtb-data-dropbox.py
28687875,48,6,54,drop-boxes/register-mtb-data-dropbox/register-mtb-data-dropbox.py
28687875,2,2,4,drop-boxes/register-mtb-data-dropbox/register-mtb-data-dropbox.py
28687875,29,18,47,drop-boxes/register-mtb-data-dropbox/register-mtb-data-dropbox.py
28687875,10,3,13,drop-boxes/register-mtb-data-dropbox/register-mtb-data-dropbox.py
28687875,1,1,2,drop-boxes/register-mtb-data-dropbox/register-mtb-data-dropbox.py
28687875,5,2,7,drop-boxes/register-mtb-data-dropbox/register-mtb-data-dropbox.py
28687875,1,1,2,drop-boxes/register-microarrays-dropbox/register-cel-dropbox.py
28687875,3,2,5,drop-boxes/register-microarrays-dropbox/register-cel-dropbox.py
28687875,1,1,2,drop-boxes/register-microarrays-dropbox/register-cel-dropbox.py
28687875,2,0,2,drop-boxes/register-microarrays-dropbox/register-cel-dropbox.py
28687875,3,3,6,drop-boxes/register-mtb-data-dropbox/register-mtb-data-dropbox.py
28687875,3,0,3,drop-boxes/register-mtb-data-dropbox/register-mtb-data-dropbox.py
28687875,2,2,4,drop-boxes/register-mtb-data-dropbox/register-mtb-data-dropbox.py
28687875,2,0,2,drop-boxes/register-mtb-data-dropbox/register-mtb-data-dropbox.py
28687875,12,14,26,drop-boxes/register-mtb-data-dropbox/register-mtb-data-dropbox.py
28687875,1,1,2,drop-boxes/register-mtb-data-dropbox/register-mtb-data-dropbox.py
28687875,2,0,2,drop-boxes/register-mtb-data-dropbox/register-mtb-data-dropbox.py
28687875,1,1,2,drop-boxes/register-mtb-data-dropbox/register-mtb-data-dropbox.py
28687875,1,1,2,drop-boxes/register-mtb-data-dropbox/register-mtb-data-dropbox.py
28687875,1,1,2,drop-boxes/register-mtb-data-dropbox/register-mtb-data-dropbox.py
28687875,2,4,6,drop-boxes/register-mtb-data-dropbox/register-mtb-data-dropbox.py
28687875,3,1,4,drop-boxes/register-mtb-data-dropbox/register-mtb-data-dropbox.py
28687875,1,1,2,drop-boxes/register-mtb-data-dropbox/register-mtb-data-dropbox.py
28687875,1,1,2,drop-boxes/register-mtb-data-dropbox/register-mtb-data-dropbox.py
28687875,1,1,2,drop-boxes/register-mtb-data-dropbox/register-mtb-data-dropbox.py
28687875,2,2,4,drop-boxes/register-mtb-data-dropbox/register-mtb-data-dropbox.py
28687875,16,0,16,drop-boxes/register-mtb-data-dropbox/register-mtb-data-dropbox.py
28687875,4,0,4,drop-boxes/register-mtb-data-dropbox/register-mtb-data-dropbox.py
28687875,1,1,2,drop-boxes/register-mtb-data-dropbox/register-mtb-data-dropbox.py
28687875,1,1,2,drop-boxes/register-mtb-data-dropbox/register-mtb-data-dropbox.py
28687875,4,4,8,drop-boxes/register-mtb-data-dropbox/register-mtb-data-dropbox.py
28687875,11,3,14,drop-boxes/register-mtb-data-dropbox/register-mtb-data-dropbox.py
28687875,2,2,4,drop-boxes/register-mtb-data-dropbox/register-mtb-data-dropbox.py
28687875,6,10,16,drop-boxes/register-mtb-data-dropbox/register-mtb-data-dropbox.py
28687875,3,2,5,drop-boxes/register-mtb-data-dropbox/register-mtb-data-dropbox.py
28687875,2,2,4,drop-boxes/register-mtb-data-dropbox/register-mtb-data-dropbox.py
28687875,5,1,6,drop-boxes/register-mtb-data-dropbox/register-mtb-data-dropbox.py
28687875,2,2,4,drop-boxes/register-mtb-data-dropbox/register-mtb-data-dropbox.py
28687875,3,2,5,drop-boxes/register-mtb-data-dropbox/register-mtb-data-dropbox.py
28687875,31,6,37,drop-boxes/register-mtb-data-dropbox/register-mtb-data-dropbox.py
28687875,3,6,9,drop-boxes/register-mtb-data-dropbox/register-mtb-data-dropbox.py
28687875,6,1,7,drop-boxes/register-mtb-data-dropbox/register-mtb-data-dropbox.py
28687875,14,7,21,drop-boxes/register-mtb-data-dropbox/register-mtb-data-dropbox.py
28687875,3,2,5,drop-boxes/register-mtb-data-dropbox/register-mtb-data-dropbox.py
28687875,1,0,1,drop-boxes/register-mtb-data-dropbox/register-mtb-data-dropbox.py
28687875,1,1,2,drop-boxes/register-mtb-data-dropbox/register-mtb-data-dropbox.py
28687875,1,1,2,drop-boxes/register-mtb-data-dropbox/register-mtb-data-dropbox.py
28687875,1,0,1,drop-boxes/register-mtb-data-dropbox/register-mtb-data-dropbox.py
28687875,1,1,2,drop-boxes/register-mtb-data-dropbox/register-mtb-data-dropbox.py
28687875,1,0,1,drop-boxes/register-mtb-data-dropbox/register-mtb-data-dropbox.py
28687875,42,4,46,drop-boxes/register-mtb-data-dropbox/register-mtb-data-dropbox.py
28687875,1,0,1,drop-boxes/register-mtb-data-dropbox/register-mtb-data-dropbox.py
28687875,13,3,16,drop-boxes/register-mtb-data-dropbox/register-mtb-data-dropbox.py
28687875,4,3,7,drop-boxes/register-mtb-data-dropbox/mtbutils.py
28687875,5,3,8,drop-boxes/register-mtb-data-dropbox/register-mtb-data-dropbox.py
28687875,4,3,7,drop-boxes/register-mtb-data-dropbox/mtbutils.py
28687875,3,4,7,drop-boxes/register-mtb-data-dropbox/register-mtb-data-dropbox.py
28687875,2,1,3,drop-boxes/register-mtb-data-dropbox/register-mtb-data-dropbox.py
28687875,1,2,3,drop-boxes/register-mtb-data-dropbox/register-mtb-data-dropbox.py
28687875,1,2,3,drop-boxes/register-mtb-data-dropbox/register-mtb-data-dropbox.py
28687875,4,2,6,drop-boxes/register-mtb-data-dropbox/register-mtb-data-dropbox.py
28687875,6,0,6,drop-boxes/register-mtb-data-dropbox/mtbutils.py
28687875,10,1,11,drop-boxes/register-mtb-data-dropbox/register-mtb-data-dropbox.py
28687875,13,0,13,drop-boxes/register-mtb-data-dropbox/mtbutils.py
28687875,19,2,21,drop-boxes/register-mtb-data-dropbox/register-mtb-data-dropbox.py
28687875,42,0,42,drop-boxes/register-mtb-data-dropbox/register-mtb-data-dropbox.py
28687875,0,0,0,drop-boxes/register-mtb-data-dropbox/register-mtb-data-dropbox.py
28687875,68,0,68,drop-boxes/register-document-dropbox/register-document.py
28687875,3,3,6,drop-boxes/register-vcf-dropbox/register-vcf.py
28687875,1,1,2,drop-boxes/register-attachments-dropbox/register-attachment-dropbox.py
28687875,0,1,1,drop-boxes/register-attachments-dropbox/register-attachment-dropbox.py
28687875,5,5,10,drop-boxes/register-convert-ms-vendor-format/etl_msconvert.py
28687875,1,1,2,drop-boxes/register-convert-ms-vendor-format/etl_msconvert.py
28687875,1,1,2,drop-boxes/register-convert-ms-vendor-format/etl_msconvert.py
28687875,1,0,1,drop-boxes/register-convert-ms-vendor-format/etl_msconvert.py
28687875,4,2,6,drop-boxes/register-convert-ms-vendor-format/etl_msconvert.py
28687875,1,1,2,drop-boxes/register-convert-ms-vendor-format/etl_msconvert.py
28687875,5,1,6,drop-boxes/register-convert-ms-vendor-format/etl_msconvert.py
28687875,1,1,2,drop-boxes/register-attachments-dropbox/register-attachment-dropbox.py
28687875,4,2,6,drop-boxes/register-attachments-dropbox/register-attachment-dropbox.py
28687875,2,6,8,drop-boxes/register-convert-ms-vendor-format/etl_msconvert.py
28687875,8,3,11,drop-boxes/register-convert-ms-vendor-format/etl_msconvert.py
28687875,4,2,6,drop-boxes/register-convert-ms-vendor-format/etl_msconvert.py
28687875,4,0,4,drop-boxes/register-convert-ms-vendor-format/etl_msconvert.py
28687875,1,0,1,drop-boxes/register-convert-ms-vendor-format/etl_msconvert.py
28687875,3,1,4,drop-boxes/register-convert-ms-vendor-format/etl_msconvert.py
28687875,56,19,75,drop-boxes/register-convert-ms-vendor-format/etl_msconvert.py
28687875,6,6,12,drop-boxes/register-convert-ms-vendor-format/etl_msconvert.py
28687875,8,4,12,drop-boxes/register-convert-ms-vendor-format/etl_msconvert.py
28687875,43,29,72,drop-boxes/register-convert-ms-vendor-format/etl_msconvert.py
28687875,1,1,2,drop-boxes/register-convert-ms-vendor-format/etl_msconvert.py
28687875,2,2,4,drop-boxes/register-convert-ms-vendor-format/etl_msconvert.py
28687875,2,2,4,drop-boxes/register-convert-ms-vendor-format/etl_msconvert.py
28687875,4,2,6,drop-boxes/register-convert-ms-vendor-format/etl_msconvert.py
28687875,5,3,8,drop-boxes/register-convert-ms-vendor-format/etl_msconvert.py
28687875,3,3,6,drop-boxes/register-convert-ms-vendor-format/etl_msconvert.py
28687875,1,1,2,drop-boxes/register-convert-ms-vendor-format/etl_msconvert.py
28687875,1,1,2,drop-boxes/register-convert-ms-vendor-format/etl_msconvert.py
28687875,1,3,4,drop-boxes/register-convert-ms-vendor-format/etl_msconvert.py
28687875,1,1,2,drop-boxes/register-convert-ms-vendor-format/etl_msconvert.py
28687875,3,1,4,drop-boxes/register-convert-ms-vendor-format/etl_msconvert.py
28687875,1,1,2,drop-boxes/register-convert-ms-vendor-format/etl_msconvert.py
28687875,1,1,2,drop-boxes/register-convert-ms-vendor-format/etl_msconvert.py
28687875,3,3,6,drop-boxes/register-convert-ms-vendor-format/etl_msconvert.py
28687875,2,0,2,drop-boxes/register-convert-ms-vendor-format/etl_msconvert.py
28687875,1,1,2,drop-boxes/register-convert-ms-vendor-format/etl_msconvert.py
28687875,1,0,1,drop-boxes/register-convert-ms-vendor-format/etl_msconvert.py
28687875,1,12,13,drop-boxes/register-convert-ms-vendor-format/etl_msconvert.py
28687875,42,1,43,drop-boxes/register-convert-ms-vendor-format/etl_msconvert.py
28687875,15,2,17,drop-boxes/register-convert-ms-vendor-format/etl_msconvert.py
28687875,2,2,4,drop-boxes/register-convert-ms-vendor-format/etl_msconvert.py
28687875,1,1,2,drop-boxes/register-convert-ms-vendor-format/etl_msconvert.py
28687875,6,7,13,drop-boxes/register-convert-ms-vendor-format/etl_msconvert.py
28687875,0,2,2,drop-boxes/register-convert-ms-vendor-format/etl_msconvert.py
28687875,4,1,5,drop-boxes/register-convert-ms-vendor-format/etl_msconvert.py
28687875,1,1,2,drop-boxes/register-convert-ms-vendor-format/etl_msconvert.py
28687875,88,0,88,drop-boxes/register-archived-ms-raw/register-raw.py
28687875,59,27,86,drop-boxes/register-convert-ms-vendor-format/etl_msconvert.py
28687875,10,1,11,drop-boxes/register-convert-ms-vendor-format/etl_msconvert.py
28687875,2,0,2,drop-boxes/register-imgag-dropbox/register-imgag.py
28687875,1,1,2,drop-boxes/register-imgag-dropbox/register-imgag.py
28687875,3,2,5,drop-boxes/register-imgag-dropbox/register-imgag.py
28687875,3,3,6,drop-boxes/register-convert-ms-vendor-format/etl_msconvert.py
28687875,5,5,10,drop-boxes/register-convert-ms-vendor-format/etl_msconvert.py
28687875,2,3,5,drop-boxes/register-convert-ms-vendor-format/etl_msconvert.py
28687875,2,2,4,drop-boxes/register-convert-ms-vendor-format/etl_msconvert.py
28687875,54,30,84,drop-boxes/register-convert-ms-vendor-format/etl_msconvert.py
28687875,19,46,65,drop-boxes/test-dropbox/script.py
28687875,2,2,4,drop-boxes/register-imgag-dropbox/register-imgag.py
28687875,1,0,1,drop-boxes/register-imgag-dropbox/register-imgag.py
28687875,7,6,13,drop-boxes/register-microarrays-dropbox/register-cel-dropbox.py
28687875,1,2,3,drop-boxes/register-imgag-dropbox/register-imgag.py
28687875,3,3,6,drop-boxes/register-imgag-dropbox/register-imgag.py
28687875,19,35,54,drop-boxes/register-imgag-dropbox/register-imgag.py
28687875,5,5,10,drop-boxes/register-imgag-dropbox/register-imgag.py
28687875,1,1,2,drop-boxes/register-fasta-dropbox/register-fasta.py
28687875,0,3,3,drop-boxes/register-fasta-dropbox/register-fasta.py
28687875,6,2,8,drop-boxes/register-fasta-dropbox/register-fasta.py
28687875,3,4,7,drop-boxes/register-fasta-dropbox/register-fasta.py
28687875,2,2,4,drop-boxes/register-fasta-dropbox/register-fasta.py
28687875,6,2,8,drop-boxes/register-fasta-dropbox/register-fasta.py
28687875,131,0,131,drop-boxes/register-fasta-dropbox/register-fasta.py
28687875,45,22,67,drop-boxes/register-imgag-dropbox/register-imgag.py
28687875,0,4,4,drop-boxes/register-epitope-selection-dropbox/register-epitope-selection.py
28687875,1,1,2,drop-boxes/register-epitope-selection-dropbox/register-epitope-selection.py
28687875,1,2,3,drop-boxes/register-epitope-selection-dropbox/register-epitope-selection.py
28687875,2,0,2,drop-boxes/register-epitope-selection-dropbox/register-epitope-selection.py
28687875,1,0,1,drop-boxes/register-epitope-selection-dropbox/register-epitope-selection.py
28687875,1,1,2,drop-boxes/register-epitope-selection-dropbox/register-epitope-selection.py
28687875,1,1,2,drop-boxes/register-epitope-selection-dropbox/register-epitope-selection.py
28687875,1,1,2,drop-boxes/register-epitope-selection-dropbox/register-epitope-selection.py
28687875,2,0,2,drop-boxes/register-epitope-selection-dropbox/register-epitope-selection.py
28687875,1,1,2,drop-boxes/register-epitope-selection-dropbox/register-epitope-selection.py
28687875,1,1,2,drop-boxes/register-epitope-selection-dropbox/register-epitope-selection.py
28687875,8,4,12,drop-boxes/register-epitope-selection-dropbox/register-epitope-selection.py
28687875,6,4,10,drop-boxes/register-epitope-selection-dropbox/register-epitope-selection.py
28687875,1,1,2,drop-boxes/register-epitope-selection-dropbox/register-epitope-selection.py
28687875,1,1,2,drop-boxes/register-epitope-selection-dropbox/register-epitope-selection.py
28687875,2,6,8,drop-boxes/register-epitope-selection-dropbox/register-epitope-selection.py
28687875,9,8,17,drop-boxes/register-epitope-selection-dropbox/register-epitope-selection.py
28687875,16,9,25,drop-boxes/register-epitope-selection-dropbox/register-epitope-selection.py
28687875,1,1,2,drop-boxes/register-fastq-dropbox-with-metadata/register-fastq-with-metadata-dropbox.py
28687875,1,1,2,drop-boxes/register-fastq-dropbox-with-metadata/register-fastq-with-metadata-dropbox.py
28687875,1,2,3,drop-boxes/register-fastq-dropbox-with-metadata/register-fastq-with-metadata-dropbox.py
28687875,3,3,6,drop-boxes/register-fastq-dropbox-with-metadata/register-fastq-with-metadata-dropbox.py
28687875,2,2,4,drop-boxes/register-fastq-dropbox-with-metadata/register-fastq-with-metadata-dropbox.py
28687875,3,1,4,drop-boxes/register-fastq-dropbox-with-metadata/register-fastq-with-metadata-dropbox.py
28687875,2,2,4,drop-boxes/register-fastq-dropbox-with-metadata/register-fastq-with-metadata-dropbox.py
28687875,4,3,7,drop-boxes/register-fastq-dropbox-with-metadata/register-fastq-with-metadata-dropbox.py
28687875,1,1,2,drop-boxes/register-fastq-dropbox-with-metadata/register-fastq-with-metadata-dropbox.py
28687875,1,1,2,drop-boxes/register-fastq-dropbox-with-metadata/register-fastq-with-metadata-dropbox.py
28687875,1,0,1,drop-boxes/register-fastq-dropbox-with-metadata/register-fastq-with-metadata-dropbox.py
28687875,0,113,113,drop-boxes/register-fastq-dropbox-with-metadata/register-fastq-dropbox.py
28687875,148,0,148,drop-boxes/register-fastq-dropbox-with-metadata/register-fastq-with-metadata-dropbox.py
28687875,113,0,113,drop-boxes/register-fastq-dropbox-with-metadata/register-fastq-dropbox.py
28687875,94,0,94,drop-boxes/register-epitope-selection-dropbox/register-epitope-selection.py
28687875,1,1,2,drop-boxes/register-hlatyping-dropbox/register-hlatyping.py
28687875,7,3,10,drop-boxes/register-hlatyping-dropbox/register-hlatyping.py
28687875,5,4,9,drop-boxes/register-convert-ms-vendor-format/etl_msconvert.py
28687875,14,6,20,drop-boxes/register-wf-variantannotation/register-variantannotation.py
28687875,4,0,4,drop-boxes/register-imgag-dropbox/register-imgag.py
28687875,2,1,3,drop-boxes/register-vcf-dropbox/register-vcf.py
28687875,1,1,2,drop-boxes/register-fastq-dropbox/register-fastq-dropbox.py
28687875,10,0,10,drop-boxes/register-fastq-dropbox/register-fastq-dropbox.py
28687875,5,2,7,reporting-plugins/register-exp/reg-exp.py
28687875,1,1,2,reporting-plugins/register-exp/reg-exp.py
28687875,9,1,10,reporting-plugins/register-exp/reg-exp.py
28687875,3,3,6,drop-boxes/register-hlatyping-dropbox/register-hlatyping.py
28687875,12,2,14,drop-boxes/register-hlatyping-dropbox/register-hlatyping.py
28687875,1,1,2,drop-boxes/register-imgag-dropbox/register-imgag.py
28687875,1,1,2,drop-boxes/register-imgag-dropbox/register-imgag.py
28687875,3,4,7,drop-boxes/register-imgag-dropbox/register-imgag.py
28687875,48,44,92,drop-boxes/register-imgag-dropbox/register-imgag.py
28687875,1,0,1,drop-boxes/register-imgag-dropbox/register-imgag.py
28687875,25,0,25,drop-boxes/register-imgag-dropbox/register-imgag.py
28687875,1,1,2,drop-boxes/register-imgag-dropbox/register-imgag.py
28687875,4,0,4,drop-boxes/register-imgag-dropbox/register-imgag.py
28687875,3,0,3,drop-boxes/register-imgag-dropbox/register-imgag.py
28687875,2,2,4,drop-boxes/register-imgag-dropbox/register-imgag.py
28687875,10,3,13,drop-boxes/register-imgag-dropbox/register-imgag.py
28687875,4,4,8,drop-boxes/register-imgag-dropbox/register-imgag.py
28687875,13,5,18,drop-boxes/register-imgag-dropbox/register-imgag.py
28687875,1,1,2,drop-boxes/register-convert-ms-vendor-format/etl_msconvert.py
28687875,1,0,1,drop-boxes/register-convert-ms-vendor-format/etl_msconvert.py
28687875,2,2,4,drop-boxes/register-convert-ms-vendor-format/etl_msconvert.py
28687875,29,31,60,drop-boxes/register-convert-ms-vendor-format/etl_msconvert.py
28687875,4,1,5,drop-boxes/register-convert-ms-vendor-format/etl_msconvert.py
28687875,4,3,7,drop-boxes/register-convert-ms-vendor-format/etl_msconvert.py
28687875,1,1,2,drop-boxes/register-convert-ms-vendor-format/etl_msconvert.py
28687875,120,78,198,drop-boxes/register-convert-ms-vendor-format/etl_msconvert.py
28687875,1,1,2,reporting-plugins/register-sample-batch/script.py
28687875,7,1,8,reporting-plugins/register-sample-batch/script.py
28687875,3,3,6,reporting-plugins/create-register-textfile/script.py
28687875,2,2,4,reporting-plugins/create-register-textfile/script.py
28687875,17,0,17,reporting-plugins/create-register-textfile/script.py
28687875,2,2,4,drop-boxes/register-vcf-dropbox/register-vcf.py
28687875,2,2,4,drop-boxes/register-vcf-dropbox/register-vcf.py
28687875,1,0,1,drop-boxes/register-imgag-dropbox/register-imgag.py
28687875,1,1,2,drop-boxes/register-imgag-dropbox/register-imgag.py
28687875,1,1,2,drop-boxes/register-imgag-dropbox/register-imgag.py
28687875,1,0,1,drop-boxes/register-imgag-dropbox/register-imgag.py
28687875,1,1,2,drop-boxes/register-imgag-dropbox/register-imgag.py
28687875,9,2,11,drop-boxes/register-imgag-dropbox/register-imgag.py
28687875,1,1,2,drop-boxes/register-hlatyping-dropbox/register-hlatyping.py
28687875,11,8,19,drop-boxes/register-hlatyping-dropbox/register-hlatyping.py
28687875,3,2,5,drop-boxes/register-hlatyping-dropbox/register-hlatyping.py
28687875,88,0,88,drop-boxes/register-immunmonitoring-dropbox/register-immunmonitoring.py
28687875,9,12,21,drop-boxes/register-imgag-dropbox/register-imgag.py
28687875,1,1,2,drop-boxes/register-imgag-dropbox/register-imgag.py
28687875,6,5,11,drop-boxes/register-imgag-dropbox/register-imgag.py
28687875,10,0,10,drop-boxes/register-imgag-dropbox/register-imgag.py
28687875,463,0,463,drop-boxes/register-imaging-dropbox/HCC_dicom_anonymize.py
28687875,2,2,4,reporting-plugins/register-proj/reg-proj.py
28687875,0,88,88,drop-boxes/register-data-dropbox/register-data-dropbox.py
28687875,0,119,119,drop-boxes/register-ms-immunology-dropbox/register-ms-immunology.py
28687875,0,67,67,drop-boxes/register-mzml-from-converter/register-converted-mzml.py
28687875,0,137,137,drop-boxes/register-raw-dropbox/register-raw-dropbox.py
28687875,2,2,4,drop-boxes/register-iontorrent-data/register-iontorrent-data.py
28687875,35,30,65,drop-boxes/register-convert-ms-vendor-format/etl_msconvert.py
28687875,1,1,2,drop-boxes/register-iontorrent-data/register-iontorrent-data.py
28687875,1,1,2,drop-boxes/register-iontorrent-data/register-iontorrent-data.py
28687875,5,0,5,drop-boxes/register-iontorrent-data/register-iontorrent-data.py
28687875,2,3,5,drop-boxes/register-iontorrent-data/register-iontorrent-data.py
28687875,5,4,9,drop-boxes/register-iontorrent-data/createCxxPatientExport.py
28687875,5,4,9,drop-boxes/register-iontorrent-data/register-iontorrent-data.py
28687875,2,2,4,drop-boxes/register-iontorrent-data/vcf2xml.py
28687875,7,3,10,drop-boxes/register-iontorrent-data/register-iontorrent-data.py
28687875,2,1,3,drop-boxes/register-iontorrent-data/register-iontorrent-data.py
28687875,6,3,9,drop-boxes/register-iontorrent-data/register-iontorrent-data.py
28687875,1,1,2,drop-boxes/register-iontorrent-data/register-iontorrent-data.py
28687875,5,0,5,drop-boxes/register-iontorrent-data/register-iontorrent-data.py
28687875,2,2,4,drop-boxes/register-iontorrent-data/register-iontorrent-data.py
28687875,2,2,4,drop-boxes/register-iontorrent-data/register-iontorrent-data.py
28687875,5,3,8,drop-boxes/register-iontorrent-data/register-iontorrent-data.py
28687875,3,1,4,drop-boxes/register-iontorrent-data/register-iontorrent-data.py
28687875,1,1,2,drop-boxes/register-iontorrent-data/register-iontorrent-data.py
28687875,22,0,22,drop-boxes/register-iontorrent-data/register-iontorrent-data.py
28687875,1,1,2,drop-boxes/register-iontorrent-data/register-iontorrent-data.py
28687875,1,1,2,drop-boxes/register-iontorrent-data/register-iontorrent-data.py
28687875,4,4,8,drop-boxes/register-iontorrent-data/register-iontorrent-data.py
28687875,8,2,10,drop-boxes/register-iontorrent-data/register-iontorrent-data.py
28687875,2,1,3,drop-boxes/register-iontorrent-data/register-iontorrent-data.py
28687875,2,2,4,drop-boxes/register-iontorrent-data/register-iontorrent-data.py
28687875,23,2,25,drop-boxes/register-iontorrent-data/register-iontorrent-data.py
28687875,2,1,3,drop-boxes/register-iontorrent-data/register-iontorrent-data.py
28687875,1,1,2,drop-boxes/register-iontorrent-data/register-iontorrent-data.py
28687875,20,1,21,drop-boxes/register-iontorrent-data/register-iontorrent-data.py
28687875,2,3,5,drop-boxes/register-iontorrent-data/createCxxPatientExport.py
28687875,4,3,7,drop-boxes/register-iontorrent-data/createCxxPatientExport.py
28687875,2,2,4,drop-boxes/register-iontorrent-data/pushXML2cxxRest.py
28687875,3,3,6,drop-boxes/register-iontorrent-data/createCxxPatientExport.py
28687875,2,2,4,drop-boxes/register-iontorrent-data/pushXML2cxxRest.py
28687875,3,3,6,drop-boxes/register-iontorrent-data/createCxxPatientExport.py
28687875,2,2,4,drop-boxes/register-iontorrent-data/pushXML2cxxRest.py
28687875,4,2,6,drop-boxes/register-iontorrent-data/createCxxPatientExport.py
28687875,1,1,2,drop-boxes/register-iontorrent-data/createCxxPatientExport.py
28687875,1,1,2,drop-boxes/register-iontorrent-data/createCxxPatientExport.py
28687875,2,1,3,drop-boxes/register-iontorrent-data/createCxxPatientExport.py
28687875,1,1,2,drop-boxes/register-iontorrent-data/register-iontorrent-data.py
28687875,1,1,2,drop-boxes/register-iontorrent-data/register-iontorrent-data.py
28687875,1,1,2,drop-boxes/register-iontorrent-data/register-iontorrent-data.py
28687875,4,3,7,drop-boxes/register-iontorrent-data/createCxxPatientExport.py
28687875,2,1,3,drop-boxes/register-iontorrent-data/register-iontorrent-data.py
28687875,4,0,4,drop-boxes/register-iontorrent-data/register-iontorrent-data.py
28687875,3,1,4,drop-boxes/register-iontorrent-data/register-iontorrent-data.py
28687875,2,2,4,drop-boxes/register-iontorrent-data/pushXML2cxxRest.py
28687875,12,5,17,drop-boxes/register-iontorrent-data/pushXML2cxxRest.py
28687875,14,6,20,drop-boxes/register-iontorrent-data/pushXML2cxxRest.py
28687875,4,0,4,drop-boxes/register-iontorrent-data/pushXML2cxxRest.py
28687875,19,0,19,drop-boxes/register-iontorrent-data/pushXML2cxxRest.py
28687875,25,12,37,drop-boxes/register-iontorrent-data/pushXML2cxxRest.py
28687875,3,2,5,drop-boxes/register-iontorrent-data/pushXML2cxxRest.py
28687875,5,5,10,drop-boxes/register-iontorrent-data/pushXML2cxxRest.py
28687875,3,3,6,drop-boxes/register-iontorrent-data/pushXML2cxxRest.py
28687875,8,6,14,drop-boxes/register-iontorrent-data/pushXML2cxxRest.py
28687875,10,3,13,drop-boxes/register-iontorrent-data/pushXML2cxxRest.py
28687875,9,11,20,drop-boxes/register-iontorrent-data/pushXML2cxxRest.py
28687875,2,2,4,drop-boxes/register-iontorrent-data/pushXML2cxxRest.py
28687875,7,4,11,drop-boxes/register-iontorrent-data/pushXML2cxxRest.py
28687875,3,3,6,drop-boxes/register-iontorrent-data/pushXML2cxxRest.py
28687875,8,8,16,drop-boxes/register-iontorrent-data/pushXML2cxxRest.py
28687875,19,9,28,drop-boxes/register-iontorrent-data/pushXML2cxxRest.py
28687875,11,5,16,drop-boxes/register-iontorrent-data/pushXML2cxxRest.py
28687875,6,6,12,drop-boxes/register-iontorrent-data/pushXML2cxxRest.py
28687875,3,3,6,drop-boxes/register-iontorrent-data/pushXML2cxxRest.py
28687875,42,4,46,drop-boxes/register-iontorrent-data/pushXML2cxxRest.py
28687875,1,1,2,drop-boxes/register-iontorrent-data/vcf2xml.py
28687875,20,5,25,drop-boxes/register-iontorrent-data/pushXML2cxxRest.py
28687875,16,7,23,drop-boxes/register-iontorrent-data/pushXML2cxxRest.py
28687875,10,5,15,drop-boxes/register-iontorrent-data/pushXML2cxxRest.py
28687875,5,4,9,drop-boxes/register-iontorrent-data/createCxxPatientExport.py
28687875,79,51,130,drop-boxes/register-iontorrent-data/vcf2xml.py
28687875,136,55,191,drop-boxes/register-iontorrent-data/createGenevarsCxxCVs.py
28687875,1,1,2,drop-boxes/register-hlatyping-dropbox/register-hlatyping.py
28687875,18,16,34,drop-boxes/register-hlatyping-dropbox/register-hlatyping.py
28687875,91064,42296,133360,drop-boxes/register-iontorrent-data/cxxpy.py
28687875,2,1,3,drop-boxes/register-iontorrent-data/pushXML2cxxRest.py
28687875,3,1,4,drop-boxes/register-iontorrent-data/pushXML2cxxRest.py
28687875,3,2,5,drop-boxes/register-iontorrent-data/pushXML2cxxRest.py
28687875,12,7,19,drop-boxes/register-iontorrent-data/pushXML2cxxRest.py
28687875,31,0,31,drop-boxes/register-iontorrent-data/pushXML2cxxRest.py
28687875,2,0,2,drop-boxes/register-iontorrent-data/register-iontorrent-data.py
28687875,2,0,2,drop-boxes/register-iontorrent-data/register-iontorrent-data.py
28687875,0,30,30,drop-boxes/register-iontorrent-data/pushVariants2CxxREST.py
28687875,30,0,30,drop-boxes/register-iontorrent-data/pushVariants2CxxREST.py
28687875,2,0,2,drop-boxes/register-iontorrent-data/register-iontorrent-data.py
28687875,1,1,2,drop-boxes/register-iontorrent-data/vcf2xml.py
28687875,1,1,2,drop-boxes/register-iontorrent-data/createCxxPatientExport.py
28687875,1,1,2,drop-boxes/register-iontorrent-data/register-iontorrent-data.py
28687875,2,2,4,drop-boxes/register-iontorrent-data/register-iontorrent-data.py
28687875,1,1,2,drop-boxes/register-iontorrent-data/vcf2xml.py
28687875,20,16,36,drop-boxes/register-iontorrent-data/vcf2xml.py
28687875,3,5,8,drop-boxes/register-iontorrent-data/register-iontorrent-data.py
28687875,4,0,4,drop-boxes/register-iontorrent-data/register-iontorrent-data.py
28687875,1,1,2,drop-boxes/register-iontorrent-data/createCxxPatientExport.py
28687875,7,0,7,drop-boxes/register-iontorrent-data/register-iontorrent-data.py
28687875,20,0,20,drop-boxes/register-iontorrent-data/vcf2xml.py
28687875,7,6,13,drop-boxes/register-iontorrent-data/createCxxPatientExport.py
28687875,4,2,6,drop-boxes/register-iontorrent-data/register-iontorrent-data.py
28687875,3,0,3,drop-boxes/register-iontorrent-data/createCxxPatientExport.py
28687875,2,3,5,drop-boxes/register-iontorrent-data/register-iontorrent-data.py
28687875,4,0,4,drop-boxes/register-iontorrent-data/vcf2xml.py
28687875,2,0,2,drop-boxes/register-iontorrent-data/register-iontorrent-data.py
28687875,4,4,8,drop-boxes/register-iontorrent-data/register-iontorrent-data.py
28687875,23,5,28,drop-boxes/register-iontorrent-data/register-iontorrent-data.py
28687875,0,2,2,drop-boxes/register-iontorrent-data/extractPGMdata.py
28687875,11,1,12,drop-boxes/register-iontorrent-data/register-iontorrent-data.py
28687875,33,11,44,drop-boxes/register-iontorrent-data/createGenevarsCxxCVs.py
28687875,47,46,93,drop-boxes/register-iontorrent-data/vcf2xml.py
28687875,14,5,19,drop-boxes/register-iontorrent-data/createCxxPatientExport.py
28687875,56,38,94,drop-boxes/register-iontorrent-data/createGenevarsCxxCVs.py
28687875,29,0,29,drop-boxes/register-iontorrent-data/extractPGMdata.py
28687875,101,48,149,drop-boxes/register-iontorrent-data/vcf2xml.py
28687875,208,0,208,drop-boxes/register-iontorrent-data/createGenevarsCxxCVs.py
28687875,15,0,15,drop-boxes/register-iontorrent-data/createCxxPatientExport.py
28687875,89227,0,89227,drop-boxes/register-iontorrent-data/cxxpy.py
28687875,291,0,291,drop-boxes/register-iontorrent-data/vcf2xml.py
28687875,2,2,4,drop-boxes/register-iontorrent-data/register-iontorrent-data.py
28687875,18,2,20,drop-boxes/register-iontorrent-data/register-iontorrent-data.py
28687875,12,1,13,drop-boxes/register-iontorrent-data/register-iontorrent-data.py
28687875,6,5,11,drop-boxes/register-iontorrent-data/register-iontorrent-data.py
28687875,2,2,4,drop-boxes/register-iontorrent-data/register-iontorrent-data.py
28687875,6,3,9,drop-boxes/register-iontorrent-data/register-iontorrent-data.py
28687875,1,1,2,drop-boxes/register-iontorrent-data/register-iontorrent-data.py
28687875,19,8,27,drop-boxes/register-iontorrent-data/register-iontorrent-data.py
28687875,4,4,8,drop-boxes/register-iontorrent-data/register-iontorrent-data.py
28687875,3,3,6,drop-boxes/register-iontorrent-data/register-iontorrent-data.py
28687875,2,0,2,drop-boxes/register-iontorrent-data/register-iontorrent-data.py
28687875,2,2,4,drop-boxes/register-iontorrent-data/register-iontorrent-data.py
28687875,4,4,8,drop-boxes/register-iontorrent-data/register-iontorrent-data.py
28687875,12,3,15,drop-boxes/register-hlatyping-dropbox/register-hlatyping.py
28687875,2,1,3,drop-boxes/register-iontorrent-data/register-iontorrent-data.py
28687875,43,15,58,drop-boxes/register-iontorrent-data/register-iontorrent-data.py
28687875,2,2,4,drop-boxes/register-iontorrent-data/register-iontorrent-data.py
28687875,1,1,2,drop-boxes/register-iontorrent-data/register-iontorrent-data.py
28687875,83,22,105,drop-boxes/register-iontorrent-data/register-iontorrent-data.py
28687875,1,1,2,drop-boxes/register-iontorrent-data/register-iontorrent-data.py
28687875,1,0,1,drop-boxes/register-iontorrent-data/register-iontorrent-data.py
28687875,26,12,38,drop-boxes/register-iontorrent-data/register-iontorrent-data.py
28687875,33,4,37,drop-boxes/register-iontorrent-data/register-iontorrent-data.py
28687875,1,1,2,drop-boxes/register-iontorrent-data/register-iontorrent-data.py
28687875,4,4,8,drop-boxes/register-iontorrent-data/register-iontorrent-data.py
28687875,5,2,7,drop-boxes/register-iontorrent-data/register-iontorrent-data.py
28687875,7,0,7,drop-boxes/register-iontorrent-data/register-iontorrent-data.py
28687875,3,0,3,drop-boxes/register-iontorrent-data/register-iontorrent-data.py
28687875,2,3,5,drop-boxes/register-iontorrent-data/register-iontorrent-data.py
28687875,0,10,10,drop-boxes/register-iontorrent-data/extractPGMdata.py
28687875,52,33,85,drop-boxes/register-iontorrent-data/extractPGMdata.py
28687875,30,2,32,drop-boxes/register-iontorrent-data/extractPGMdata.py
28687875,2,2,4,drop-boxes/register-iontorrent-data/extractPGMdata.py
28687875,0,2,2,drop-boxes/register-iontorrent-data/register-iontorrent-data.py
28687875,1,1,2,drop-boxes/register-iontorrent-data/extractPGMdata.py
28687875,2,0,2,drop-boxes/register-iontorrent-data/register-iontorrent-data.py
28687875,4,2,6,drop-boxes/register-iontorrent-data/extractPGMdata.py
28687875,2,1,3,drop-boxes/register-iontorrent-data/extractPGMdata.py
28687875,1,4,5,drop-boxes/register-iontorrent-data/register-iontorrent-data.py
28687875,17,180,197,drop-boxes/register-iontorrent-data/extractPGMdata.py
28687875,80,5,85,drop-boxes/register-iontorrent-data/extractPGMdata.py
28687875,223,0,223,drop-boxes/register-iontorrent-data/extractPGMdata.py
28687875,2,2,4,drop-boxes/register-iontorrent-data/register-iontorrent-data.py
28687875,2,8,10,drop-boxes/register-wf-ngsqc/register-wf-ngsqc.py
28687875,8,0,8,drop-boxes/register-iontorrent-data/register-iontorrent-data.py
28687875,1,1,2,drop-boxes/register-wf-16staxonomicprofiling/register-16staxonomic-dropbox.py
28687875,79,0,79,drop-boxes/register-wf-16staxonomicprofiling/register-16staxonomic-dropbox.py
28687875,1,1,2,drop-boxes/register-iontorrent-data/register-iontorrent-data.py
28687875,1,1,2,drop-boxes/register-iontorrent-data/register-iontorrent-data.py
28687875,17,13,30,drop-boxes/register-iontorrent-data/register-iontorrent-data.py
28687875,0,1,1,drop-boxes/register-iontorrent-data/register-iontorrent-data.py
28687875,1,1,2,drop-boxes/register-iontorrent-data/register-iontorrent-data.py
28687875,1,1,2,drop-boxes/register-iontorrent-data/register-iontorrent-data.py
28687875,10,7,17,drop-boxes/register-iontorrent-data/register-iontorrent-data.py
28687875,7,5,12,drop-boxes/register-iontorrent-data/register-iontorrent-data.py
28687875,4,2,6,drop-boxes/register-iontorrent-data/register-iontorrent-data.py
28687875,17,4,21,drop-boxes/register-iontorrent-data/register-iontorrent-data.py
28687875,3,1,4,drop-boxes/register-iontorrent-data/register-iontorrent-data.py
28687875,4,1,5,drop-boxes/register-iontorrent-data/register-iontorrent-data.py
28687875,1,1,2,drop-boxes/register-iontorrent-data/register-iontorrent-data.py
28687875,1,1,2,drop-boxes/register-iontorrent-data/register-iontorrent-data.py
28687875,1,1,2,drop-boxes/register-iontorrent-data/register-iontorrent-data.py
28687875,5,6,11,drop-boxes/register-iontorrent-data/register-iontorrent-data.py
28687875,4,1,5,drop-boxes/register-iontorrent-data/register-iontorrent-data.py
28687875,1,1,2,drop-boxes/register-iontorrent-data/register-iontorrent-data.py
28687875,1,0,1,drop-boxes/register-iontorrent-data/register-iontorrent-data.py
28687875,8,1,9,drop-boxes/register-iontorrent-data/register-iontorrent-data.py
28687875,11,2,13,drop-boxes/register-iontorrent-data/register-iontorrent-data.py
28687875,1,1,2,drop-boxes/register-iontorrent-data/register-iontorrent-data.py
28687875,8,7,15,drop-boxes/register-iontorrent-data/register-iontorrent-data.py
28687875,1,1,2,drop-boxes/register-iontorrent-data/register-iontorrent-data.py
28687875,2,1,3,drop-boxes/register-iontorrent-data/register-iontorrent-data.py
28687875,16,10,26,drop-boxes/register-iontorrent-data/register-iontorrent-data.py
28687875,16,9,25,drop-boxes/register-iontorrent-data/register-iontorrent-data.py
28687875,4,2,6,drop-boxes/register-iontorrent-data/register-iontorrent-data.py
28687875,1,1,2,drop-boxes/register-iontorrent-data/register-iontorrent-data.py
28687875,1,1,2,drop-boxes/register-iontorrent-data/register-iontorrent-data.py
28687875,2,0,2,drop-boxes/register-iontorrent-data/register-iontorrent-data.py
28687875,1,1,2,drop-boxes/register-iontorrent-data/register-iontorrent-data.py
28687875,20,7,27,drop-boxes/register-iontorrent-data/register-iontorrent-data.py
28687875,20,15,35,drop-boxes/register-iontorrent-data/register-iontorrent-data.py
28687875,1,1,2,drop-boxes/register-iontorrent-data/register-iontorrent-data.py
28687875,3,3,6,drop-boxes/register-iontorrent-data/register-iontorrent-data.py
28687875,3,3,6,drop-boxes/register-iontorrent-data/register-iontorrent-data.py
28687875,1,0,1,drop-boxes/register-iontorrent-data/register-iontorrent-data.py
28687875,2,2,4,drop-boxes/register-iontorrent-data/register-iontorrent-data.py
28687875,2,2,4,drop-boxes/register-iontorrent-data/register-iontorrent-data.py
28687875,1,3,4,drop-boxes/register-iontorrent-data/register-iontorrent-data.py
28687875,14,4,18,drop-boxes/register-iontorrent-data/register-iontorrent-data.py
28687875,9,4,13,drop-boxes/register-iontorrent-data/register-iontorrent-data.py
28687875,4,2,6,drop-boxes/register-iontorrent-data/register-iontorrent-data.py
28687875,5,9,14,drop-boxes/register-iontorrent-data/register-iontorrent-data.py
28687875,4,3,7,drop-boxes/register-iontorrent-data/register-iontorrent-data.py
28687875,14,2,16,drop-boxes/register-iontorrent-data/register-iontorrent-data.py
28687875,2,1,3,drop-boxes/register-iontorrent-data/register-iontorrent-data.py
28687875,24,1,25,drop-boxes/register-iontorrent-data/register-iontorrent-data.py
28687875,17,94,111,drop-boxes/register-iontorrent-data/register-iontorrent-data.py
28687875,4,10,14,drop-boxes/register-wf-ligandomicsid/register-ligandomicsid-dropbox.py
28687875,4,10,14,drop-boxes/register-wf-ligandomicsqc/register-ligandomicsqc-dropbox.py
28687875,119,111,230,drop-boxes/register-iontorrent-data/register-iontorrent-data.py
28687875,340,0,340,drop-boxes/register-iontorrent-data/register-iontorrent-data.py
28687875,98,0,98,drop-boxes/register-wf-peakpicking/script.py
28687875,2,2,4,drop-boxes/test-dropbox/script.py
28687875,2,6,8,drop-boxes/test-dropbox/script.py
28687875,1,1,2,drop-boxes/test-dropbox/script.py
28687875,1,1,2,drop-boxes/test-dropbox/script.py
28687875,1,1,2,drop-boxes/test-dropbox/script.py
28687875,68,42,110,drop-boxes/test-dropbox/script.py
28687875,1,1,2,drop-boxes/register-imgag-dropbox/register-imgag.py
28687875,8,4,12,drop-boxes/register-imgag-dropbox/register-imgag.py
28687875,0,3,3,drop-boxes/register-convert-ms-vendor-format/etl_msconvert.py
28687875,111,40,151,drop-boxes/register-imgag-dropbox/register-imgag.py
28687875,1,1,2,drop-boxes/register-qpcr-dropbox/register-qpcr-dropbox.py
28687875,1,1,2,drop-boxes/register-qpcr-dropbox/register-qpcr-dropbox.py
28687875,12,13,25,drop-boxes/register-qpcr-dropbox/register-qpcr-dropbox.py
28687875,89,0,89,drop-boxes/register-qpcr-dropbox/register-qpcr-dropbox.py
28687875,67,0,67,drop-boxes/register-peptidedata-dropbox/register-peptidedata.py
28687875,10,4,14,drop-boxes/register-convert-ms-vendor-format/etl_msconvert.py
28687875,1,1,2,drop-boxes/register-convert-ms-vendor-format/etl_msconvert.py
28687875,2,1,3,drop-boxes/register-convert-ms-vendor-format/etl_msconvert.py
28687875,1,0,1,drop-boxes/register-convert-ms-vendor-format/etl_msconvert.py
28687875,1,1,2,drop-boxes/register-convert-ms-vendor-format/etl_msconvert.py
28687875,16,6,22,drop-boxes/register-convert-ms-vendor-format/etl_msconvert.py
28687875,4,2,6,drop-boxes/register-imaging-dropbox/register-imaging-dropbox.py
28687875,2,2,4,drop-boxes/register-imaging-dropbox/register-imaging-dropbox.py
28687875,8,4,12,drop-boxes/register-wf-maqc/register-wf-maqc.py
28687875,1,1,2,drop-boxes/register-convert-ms-vendor-format/etl_msconvert.py
28687875,21,12,33,drop-boxes/register-convert-ms-vendor-format/etl_msconvert.py
28687875,1,1,2,reporting-plugins/mail-project-inquiry/mail-inquiry.py
28687875,2,1,3,reporting-plugins/mail-project-inquiry/mail-inquiry.py
28687875,1,1,2,reporting-plugins/mail-project-inquiry/mail-inquiry.py
28687875,3,2,5,reporting-plugins/mail-project-inquiry/mail-inquiry.py
28687875,1,1,2,reporting-plugins/mail-project-inquiry/mail-inquiry.py
28687875,1,1,2,reporting-plugins/mail-project-inquiry/mail-inquiry.py
28687875,1,1,2,reporting-plugins/mail-project-inquiry/mail-inquiry.py
28687875,0,3,3,reporting-plugins/mail-project-inquiry/mail-inquiry.py
28687875,20,6,26,reporting-plugins/mail-project-inquiry/mail-inquiry.py
28687875,8,6,14,drop-boxes/register-convert-ms-vendor-format/etl_msconvert.py
28687875,27,9,36,drop-boxes/register-imaging-dropbox/register-imaging-dropbox.py
28687875,1,1,2,drop-boxes/register-imaging-dropbox/register-imaging-dropbox.py
28687875,3,0,3,drop-boxes/register-imaging-dropbox/register-imaging-dropbox.py
28687875,9,4,13,drop-boxes/register-imaging-dropbox/register-imaging-dropbox.py
28687875,13,0,13,drop-boxes/register-imaging-dropbox/register-imaging-dropbox.py
28687875,1,1,2,drop-boxes/register-imaging-dropbox/register-imaging-dropbox.py
28687875,1,1,2,drop-boxes/register-imaging-dropbox/register-imaging-dropbox.py
28687875,5,0,5,drop-boxes/register-imaging-dropbox/register-imaging-dropbox.py
28687875,1,1,2,drop-boxes/register-imaging-dropbox/register-imaging-dropbox.py
28687875,6,0,6,drop-boxes/register-imaging-dropbox/register-imaging-dropbox.py
28687875,2,2,4,drop-boxes/register-imaging-dropbox/register-imaging-dropbox.py
28687875,5,5,10,drop-boxes/register-imaging-dropbox/register-imaging-dropbox.py
28687875,2,2,4,drop-boxes/register-imaging-dropbox/register-imaging-dropbox.py
28687875,28,15,43,drop-boxes/register-imaging-dropbox/register-imaging-dropbox.py
28687875,1,1,2,drop-boxes/register-imaging-dropbox/register-imaging-dropbox.py
28687875,26,26,52,drop-boxes/register-imaging-dropbox/register-imaging-dropbox.py
28687875,2,2,4,drop-boxes/register-imaging-dropbox/register-imaging-dropbox.py
28687875,1,1,2,reporting-plugins/set-experiment-for-samples/script.py
28687875,1,1,2,drop-boxes/register-imaging-dropbox/register-imaging-dropbox.py
28687875,9,2,11,drop-boxes/register-imaging-dropbox/register-imaging-dropbox.py
28687875,1,1,2,drop-boxes/register-imaging-dropbox/register-imaging-dropbox.py
28687875,24,23,47,drop-boxes/register-imaging-dropbox/register-imaging-dropbox.py
28687875,46,20,66,drop-boxes/register-imaging-dropbox/register-imaging-dropbox.py
28687875,7,10,17,reporting-plugins/register-exp/reg-exp.py
28687875,31,0,31,reporting-plugins/mail-project-inquiry/mail-inquiry.py
28687875,10,0,10,reporting-plugins/set-experiment-for-samples/script.py
28687875,123,96,219,drop-boxes/register-imaging-dropbox/register-imaging-dropbox.py
28687875,7,2,9,reporting-plugins/register-exp/reg-exp.py
28687875,3,0,3,drop-boxes/register-imaging-dropbox/register-imaging-dropbox.py
28687875,137,63,200,drop-boxes/register-imaging-dropbox/register-imaging-dropbox.py
28687875,137,0,137,drop-boxes/register-imaging-dropbox/register-imaging-dropbox.py
28687875,2,1,3,reporting-plugins/register-exp/reg-exp.py
28687875,1,1,2,reporting-plugins/register-exp/reg-exp.py
28687875,6,0,6,drop-boxes/register-imgag-dropbox/register-imgag.py
28687875,85,0,85,drop-boxes/register-wf-shrna/register-shrna-dropbox.py
28687875,1,1,2,reporting-plugins/add-to-xml-note/edit-note.py
28687875,1,1,2,reporting-plugins/add-to-xml-note/edit-note.py
28687875,7,1,8,reporting-plugins/add-to-xml-note/edit-note.py
28687875,4,12,16,reporting-plugins/register-exp/reg-exp.py
28687875,4,2,6,reporting-plugins/register-exp/reg-exp.py
28687875,1,1,2,reporting-plugins/register-exp/reg-exp.py
28687875,3,1,4,reporting-plugins/register-exp/reg-exp.py
28687875,1,1,2,reporting-plugins/register-exp/reg-exp.py
28687875,47,38,85,reporting-plugins/register-exp/reg-exp.py
28687875,1,1,2,drop-boxes/register-rma-dropbox/register-rma.py
28687875,1,1,2,drop-boxes/register-rma-dropbox/register-rma.py
28687875,127,0,127,drop-boxes/register-rma-dropbox/register-rma.py
28687875,2,1,3,reporting-plugins/register-sample-batch/script.py
28687875,1,1,2,reporting-plugins/register-sample-batch/script.py
28687875,2,1,3,reporting-plugins/register-exp/reg-exp.py
28687875,1,1,2,drop-boxes/register-convert-ms-vendor-format/etl_msconvert.py
28687875,1,1,2,drop-boxes/register-convert-ms-vendor-format/etl_msconvert.py
28687875,2,2,4,drop-boxes/register-convert-ms-vendor-format/etl_msconvert.py
28687875,41,42,83,drop-boxes/register-convert-ms-vendor-format/etl_msconvert.py
28687875,1,1,2,drop-boxes/register-fastq-dropbox/register-fastq-dropbox.py
28687875,35,56,91,drop-boxes/register-fastq-dropbox/register-fastq-dropbox.py
28687875,7,2,9,drop-boxes/register-imgag-dropbox/register-imgag.py
28687875,7,0,7,drop-boxes/register-imgag-dropbox/register-imgag.py
28687875,1,1,2,drop-boxes/register-convert-ms-vendor-format/etl_msconvert.py
28687875,5,12,17,drop-boxes/register-convert-ms-vendor-format/etl_msconvert.py
28687875,1,1,2,drop-boxes/register-convert-ms-vendor-format/etl_msconvert.py
28687875,3,0,3,drop-boxes/register-convert-ms-vendor-format/etl_msconvert.py
28687875,2,1,3,drop-boxes/register-convert-ms-vendor-format/etl_msconvert.py
28687875,4,4,8,drop-boxes/register-convert-ms-vendor-format/etl_msconvert.py
28687875,2,2,4,drop-boxes/register-convert-ms-vendor-format/etl_msconvert.py
28687875,3,0,3,drop-boxes/register-convert-ms-vendor-format/etl_msconvert.py
28687875,5,3,8,reporting-plugins/register-exp/reg-exp.py
28687875,4,1,5,reporting-plugins/register-exp/reg-exp.py
28687875,9,8,17,drop-boxes/register-convert-ms-vendor-format/etl_msconvert.py
28687875,3,3,6,drop-boxes/register-convert-ms-vendor-format/etl_msconvert.py
28687875,1,4,5,drop-boxes/register-convert-ms-vendor-format/etl_msconvert.py
28687875,1,1,2,drop-boxes/register-convert-ms-vendor-format/etl_msconvert.py
28687875,2,1,3,drop-boxes/register-convert-ms-vendor-format/etl_msconvert.py
28687875,7,6,13,drop-boxes/register-convert-ms-vendor-format/etl_msconvert.py
28687875,5,1,6,drop-boxes/register-convert-ms-vendor-format/etl_msconvert.py
28687875,1,1,2,drop-boxes/register-convert-ms-vendor-format/etl_msconvert.py
28687875,4,0,4,drop-boxes/register-wf-mapping/register-mapping-dropbox.py
28687875,2,3,5,reporting-plugins/register-samp/script.py
28687875,1,1,2,drop-boxes/register-wf-variantannotation/register-variantannotation.py
28687875,8,0,8,drop-boxes/register-wf-variantannotation/register-variantannotation.py
28687875,1,1,2,drop-boxes/register-bam-dropbox/register-bam.py
28687875,4,6,10,drop-boxes/register-bam-dropbox/register-bam.py
28687875,2,4,6,drop-boxes/register-bam-dropbox/register-bam.py
28687875,4,1,5,drop-boxes/register-bam-dropbox/register-bam.py
28687875,1,1,2,drop-boxes/register-bam-dropbox/register-bam.py
28687875,1,1,2,drop-boxes/register-bam-dropbox/register-bam.py
28687875,7,7,14,drop-boxes/register-bam-dropbox/register-bam.py
28687875,29,19,48,drop-boxes/register-bam-dropbox/register-bam.py
28687875,5,6,11,drop-boxes/register-fastq-dropbox/register-fastq-dropbox.py
28687875,1,1,2,reporting-plugins/test-plugin/script.py
28687875,1,0,1,reporting-plugins/test-plugin/script.py
28687875,2,0,2,reporting-plugins/test-plugin/script.py
28687875,0,1,1,reporting-plugins/test-plugin/script.py
28687875,94,0,94,reporting-plugins/test-plugin/script.py
28687875,29,28,57,drop-boxes/register-vcf-dropbox/register-vcf.py
28687875,90,71,161,drop-boxes/register-vcf-dropbox/register-vcf.py
28687875,1,1,2,drop-boxes/register-imgag-dropbox/register-imgag.py
28687875,1,0,1,drop-boxes/register-imgag-dropbox/register-imgag.py
28687875,2,2,4,drop-boxes/register-imgag-dropbox/register-imgag.py
28687875,6,4,10,drop-boxes/register-imgag-dropbox/register-imgag.py
28687875,3,1,4,drop-boxes/register-imgag-dropbox/register-imgag.py
28687875,1,1,2,drop-boxes/register-imgag-dropbox/register-imgag.py
28687875,3,21,24,drop-boxes/register-imgag-dropbox/register-imgag.py
28687875,4,4,8,drop-boxes/register-imgag-dropbox/register-imgag.py
28687875,13,12,25,drop-boxes/register-imgag-dropbox/register-imgag.py
28687875,5,1,6,drop-boxes/register-imgag-dropbox/register-imgag.py
28687875,8,8,16,drop-boxes/register-imgag-dropbox/register-imgag.py
28687875,1,1,2,drop-boxes/register-imgag-dropbox/register-imgag.py
28687875,2,2,4,drop-boxes/register-imgag-dropbox/register-imgag.py
28687875,56,39,95,drop-boxes/register-imgag-dropbox/register-imgag.py
28687875,7,12,19,drop-boxes/register-imgag-dropbox/register-imgag.py
28687875,13,11,24,drop-boxes/register-wf-variantcalling/register-wf-variantcalling.py
28687875,6,0,6,drop-boxes/register-hlatyping-dropbox/register-hlatyping.py
28687875,1,1,2,drop-boxes/register-convert-ms-vendor-format/etl_msconvert.py
28687875,1,1,2,drop-boxes/register-convert-ms-vendor-format/etl_msconvert.py
28687875,85,0,85,drop-boxes/register-wf-mapping/register-mapping-dropbox.py
28687875,11,12,23,drop-boxes/register-bam-dropbox/register-bam.py
28687875,15,4,19,drop-boxes/register-wf-individualizedproteome/register-individualizedproteome-dropbox.py
28687875,15,4,19,drop-boxes/register-wf-ligandomicsid/register-ligandomicsid-dropbox.py
28687875,15,4,19,drop-boxes/register-wf-ligandomicsqc/register-ligandomicsqc-dropbox.py
28687875,15,4,19,drop-boxes/register-wf-maqc/register-wf-maqc.py
28687875,15,4,19,drop-boxes/register-wf-maxquant/register-maxquant-dropbox.py
28687875,16,4,20,drop-boxes/register-wf-mergenngsdata/register-mergengsdata.py
28687875,15,4,19,drop-boxes/register-wf-msqc/register-wf-msqc.py
28687875,15,4,19,drop-boxes/register-wf-peptideid/register-wf-peptideid.py
28687875,15,4,19,drop-boxes/register-wf-rnaexpressionanalysis/register-wf-rnaexpranalysis.py
28687875,15,4,19,drop-boxes/register-wf-variantannotation/register-variantannotation.py
28687875,25,11,36,drop-boxes/register-wf-variantcalling/register-wf-variantcalling.py
28687875,15,4,19,drop-boxes/register-wf-epitopeprediction/register-epitopeprediction.py
28687875,15,4,19,drop-boxes/register-wf-hlatyping/register-hlatyping.py
28687875,0,1,1,drop-boxes/register-wf-ngsqc/register-wf-ngsqc.py
28687875,1,1,2,drop-boxes/register-wf-ngsqc/register-wf-ngsqc.py
28687875,4,4,8,drop-boxes/register-wf-ngsqc/register-wf-ngsqc.py
28687875,1,1,2,drop-boxes/register-wf-ngsqc/register-wf-ngsqc.py
28687875,1,0,1,drop-boxes/register-wf-ngsqc/register-wf-ngsqc.py
28687875,7,2,9,drop-boxes/register-wf-ngsqc/register-wf-ngsqc.py
28687875,1,1,2,drop-boxes/register-wf-ngsqc/register-wf-ngsqc.py
28687875,2,2,4,drop-boxes/register-imgag-dropbox/register-imgag.py
28687875,8,2,10,drop-boxes/register-wf-ngsqc/register-wf-ngsqc.py
28687875,1,3,4,drop-boxes/register-convert-ms-vendor-format/etl_msconvert.py
28687875,26,3,29,drop-boxes/register-bam-dropbox/register-bam.py
28687875,81,24,105,drop-boxes/register-convert-ms-vendor-format/etl_msconvert.py
28687875,1,2,3,reporting-plugins/register-exp/reg-exp.py
28687875,1,0,1,reporting-plugins/register-exp/reg-exp.py
28687875,1,1,2,drop-boxes/register-fastq-dropbox/register-fastq-dropbox.py
28687875,18,4,22,drop-boxes/register-fastq-dropbox/register-fastq-dropbox.py
28687875,1,0,1,drop-boxes/register-fastq-dropbox/register-fastq-dropbox.py
28687875,2,1,3,reporting-plugins/register-exp/reg-exp.py
28687875,23,8,31,drop-boxes/register-fastq-dropbox/register-fastq-dropbox.py
28687875,1,1,2,drop-boxes/register-convert-ms-vendor-format/etl_msconvert.py
28687875,16,21,37,drop-boxes/register-attachments-dropbox/register-attachment-dropbox.py
28687875,19,9,28,drop-boxes/register-attachments-dropbox/register-attachment-dropbox.py
28687875,1,1,2,drop-boxes/register-convert-ms-vendor-format/etl_msconvert.py
28687875,1,0,1,drop-boxes/register-convert-ms-vendor-format/etl_msconvert.py
28687875,0,1,1,drop-boxes/register-convert-ms-vendor-format/etl_msconvert.py
28687875,1,1,2,drop-boxes/register-convert-ms-vendor-format/etl_msconvert.py
28687875,2,0,2,drop-boxes/register-convert-ms-vendor-format/etl_msconvert.py
28687875,1,0,1,drop-boxes/register-convert-ms-vendor-format/etl_msconvert.py
28687875,1,1,2,drop-boxes/register-convert-ms-vendor-format/etl_msconvert.py
28687875,1,1,2,drop-boxes/register-convert-ms-vendor-format/etl_msconvert.py
28687875,2,1,3,drop-boxes/register-convert-ms-vendor-format/etl_msconvert.py
28687875,222,96,318,drop-boxes/register-convert-ms-vendor-format/etl_msconvert.py
28687875,1,2,3,drop-boxes/register-ms-immunology-dropbox/register-ms-immunology.py
28687875,1,1,2,drop-boxes/register-ms-immunology-dropbox/register-ms-immunology.py
28687875,1,1,2,drop-boxes/register-ms-immunology-dropbox/register-ms-immunology.py
28687875,1,1,2,drop-boxes/register-ms-immunology-dropbox/register-ms-immunology.py
28687875,1,1,2,drop-boxes/register-ms-immunology-dropbox/register-ms-immunology.py
28687875,1,1,2,drop-boxes/register-ms-immunology-dropbox/register-ms-immunology.py
28687875,2,2,4,drop-boxes/register-ms-immunology-dropbox/register-ms-immunology.py
28687875,1,1,2,drop-boxes/register-ms-immunology-dropbox/register-ms-immunology.py
28687875,1,1,2,drop-boxes/register-ms-immunology-dropbox/register-ms-immunology.py
28687875,1,1,2,drop-boxes/register-ms-immunology-dropbox/register-ms-immunology.py
28687875,1,0,1,drop-boxes/register-ms-immunology-dropbox/register-ms-immunology.py
28687875,47,52,99,drop-boxes/register-ms-immunology-dropbox/register-ms-immunology.py
28687875,4,0,4,reporting-plugins/register-space/reg-space.py
28687875,6,6,12,reporting-plugins/register-space/reg-space.py
28687875,2,2,4,reporting-plugins/register-exp/reg-exp.py
28687875,8,1,9,reporting-plugins/register-exp/reg-exp.py
28687875,7,2,9,drop-boxes/register-imgag-dropbox/register-imgag.py
28687875,30,11,41,drop-boxes/register-imgag-dropbox/register-imgag.py
28687875,9,0,9,drop-boxes/register-imgag-dropbox/register-imgag.py
28687875,1,0,1,drop-boxes/register-imgag-dropbox/register-imgag.py
28687875,2,4,6,drop-boxes/register-wf-hlatyping/register-hlatyping.py
28687875,124,0,124,drop-boxes/register-ms-immunology-dropbox/register-ms-immunology.py
28687875,27,5,32,drop-boxes/register-wf-hlatyping/register-hlatyping.py
28687875,0,2,2,reporting-plugins/register-exp/reg-exp.py
28687875,1,1,2,reporting-plugins/register-exp/reg-exp.py
28687875,3,1,4,reporting-plugins/register-exp/reg-exp.py
28687875,100,0,100,drop-boxes/register-attachments-dropbox/register-attachment-dropbox.py
28687875,2,2,4,drop-boxes/register-vcf-dropbox/register-vcf.py
28687875,19,1,20,drop-boxes/register-vcf-dropbox/register-vcf.py
28687875,74,0,74,drop-boxes/register-wf-ligandomicsid/register-ligandomicsid-dropbox.py
28687875,0,1,1,reporting-plugins/get-experimental-design-tsv/script.py
28687875,12,10,22,drop-boxes/{register-convert-raw-dropbox => register-convert-ms-vendor-format}/etl_msconvert.py
28687875,0,0,0,drop-boxes/{register-convert-raw-dropbox => register-convert-ms-vendor-format}/test_msconvert.py
28687875,4,2,6,reporting-plugins/update-experiment-metadata/update.py
28687875,13,0,13,reporting-plugins/update-project-metadata/script.py
28687875,1,1,2,drop-boxes/register-mzML-dropbox/register-mzml-dropbox.py
28687875,27,22,49,drop-boxes/register-mzML-dropbox/register-mzml-dropbox.py
28687875,1,0,1,reporting-plugins/get-experimental-design-tsv/script.py
28687875,1,2,3,drop-boxes/register-bam-dropbox/register-bam.py
28687875,21,6,27,drop-boxes/register-bam-dropbox/register-bam.py
28687875,11,8,19,reporting-plugins/get-experimental-design-tsv/script.py
28687875,10,7,17,drop-boxes/register-wf-variantcalling/register-wf-variantcalling.py
28687875,2,2,4,reporting-plugins/update-sample-metadata/script.py
28687875,1,1,2,reporting-plugins/update-sample-metadata/script.py
28687875,1,1,2,reporting-plugins/update-sample-metadata/script.py
28687875,7,8,15,reporting-plugins/update-sample-metadata/script.py
28687875,1,1,2,reporting-plugins/update-sample-metadata/script.py
28687875,1,1,2,drop-boxes/register-raw-dropbox/register-raw-dropbox.py
28687875,1,0,1,drop-boxes/register-raw-dropbox/register-raw-dropbox.py
28687875,71,24,95,drop-boxes/register-raw-dropbox/register-raw-dropbox.py
28687875,17,11,28,drop-boxes/register-microarrays-dropbox/register-cel-dropbox.py
28687875,6,1,7,drop-boxes/register-microarrays-dropbox/register-cel-dropbox.py
28687875,1,1,2,drop-boxes/register-microarrays-dropbox/register-cel-dropbox.py
28687875,1,1,2,drop-boxes/register-microarrays-dropbox/register-cel-dropbox.py
28687875,3,3,6,drop-boxes/register-microarrays-dropbox/register-cel-dropbox.py
28687875,1,1,2,drop-boxes/register-chip-image/register-chip-image-dropbox.py
28687875,6,7,13,drop-boxes/register-chip-image/register-chip-image-dropbox.py
28687875,3,1,4,drop-boxes/register-chip-image/register-chip-image-dropbox.py
28687875,62,0,62,drop-boxes/register-chip-image/register-chip-image-dropbox.py
28687875,79,61,140,drop-boxes/register-microarrays-dropbox/register-cel-dropbox.py
28687875,5,5,10,drop-boxes/register-hlatyping-dropbox/register-hlatyping.py
28687875,2,2,4,drop-boxes/register-hlatyping-dropbox/register-hlatyping.py
28687875,99,0,99,drop-boxes/register-hlatyping-dropbox/register-hlatyping.py
28687875,74,0,74,drop-boxes/register-wf-ligandomicsqc/register-ligandomicsqc-dropbox.py
28687875,2,2,4,drop-boxes/register-mzML-dropbox/register-mzml-dropbox.py
28687875,3,9,12,drop-boxes/register-mzML-dropbox/register-mzml-dropbox.py
28687875,40,3,43,drop-boxes/register-imgag-dropbox/register-imgag.py
28687875,338,340,678,drop-boxes/register-imgag-dropbox/register-imgag.py
28687875,52,52,104,drop-boxes/register-imgag-dropbox/register-imgag.py
28687875,3,3,6,drop-boxes/register-imgag-dropbox/register-imgag.py
28687875,21,18,39,drop-boxes/register-imgag-dropbox/register-imgag.py
28687875,0,111,111,drop-boxes/register-attachments-dropbox/register-attachment-dropbox.py
28687875,74,0,74,drop-boxes/register-wf-individualizedproteome/register-individualizedproteome-dropbox.py
28687875,4,1,5,reporting-plugins/get-experimental-design-tsv/script.py
28687875,4,4,8,drop-boxes/register-convert-raw-dropbox/etl_msconvert.py
28687875,6,6,12,drop-boxes/register-convert-raw-dropbox/etl_msconvert.py
28687875,1,1,2,drop-boxes/register-convert-raw-dropbox/etl_msconvert.py
28687875,88,100,188,drop-boxes/register-convert-raw-dropbox/etl_msconvert.py
28687875,0,0,0,reporting-plugins/add-to-xml-note/edit-note.py
28687875,0,0,0,reporting-plugins/copy-dataset/script.py
28687875,0,0,0,reporting-plugins/get-experimental-design-tsv/script.py
28687875,0,0,0,reporting-plugins/get-filenames/script.py
28687875,0,0,0,reporting-plugins/get-parentmap/script.py
28687875,0,0,0,reporting-plugins/get-project-names/script.py
28687875,0,0,0,reporting-plugins/get-projects-with-data/script.py
28687875,0,0,0,reporting-plugins/get-property-tsv/script.py
28687875,0,0,0,reporting-plugins/msh-notify-service/msh-notification.py
28687875,0,0,0,reporting-plugins/notification-service/notification.py
28687875,0,0,0,reporting-plugins/notify-user/update.py
28687875,0,0,0,reporting-plugins/query-files/script.py
28687875,0,0,0,reporting-plugins/register-exp/reg-exp.py
28687875,0,0,0,reporting-plugins/register-ivac-lvl/script.py
28687875,0,0,0,reporting-plugins/register-proj/reg-proj.py
28687875,0,0,0,reporting-plugins/register-samp/script.py
28687875,0,0,0,reporting-plugins/register-sample-batch/script.py
28687875,0,0,0,reporting-plugins/register-space/reg-space.py
28687875,0,0,0,reporting-plugins/registerUponWorkflow/script.py
28687875,0,0,0,reporting-plugins/update-experiment-metadata/update.py
28687875,0,0,0,reporting-plugins/update-sample-metadata/script.py
28687875,0,0,0,reporting-plugins/update-single-sample-metadata/script.py
28687875,100,88,188,drop-boxes/register-convert-raw-dropbox/etl_msconvert.py
28687875,1,1,2,register-imgag-dropbox/register-imgag.py
28687875,74,0,74,register-wf-maxquant/register-maxquant-dropbox.py
28687875,0,0,0,register-maxquant-dropbox/register-maxquant-dropbox.py => register-wf-maxquant/register-maxquant-dropbox_old.py
28687875,25,0,25,reporting-plugins/add-to-xml-note/edit-note.py
28687875,35,0,35,reporting-plugins/copy-dataset/script.py
28687875,88,0,88,reporting-plugins/get-experimental-design-tsv/script.py
28687875,28,0,28,reporting-plugins/get-filenames/script.py
28687875,25,0,25,reporting-plugins/get-parentmap/script.py
28687875,19,0,19,reporting-plugins/get-project-names/script.py
28687875,31,0,31,reporting-plugins/get-projects-with-data/script.py
28687875,29,0,29,reporting-plugins/get-property-tsv/script.py
28687875,30,0,30,reporting-plugins/msh-notify-service/msh-notification.py
28687875,31,0,31,reporting-plugins/notification-service/notification.py
28687875,36,0,36,reporting-plugins/notify-user/update.py
28687875,41,0,41,reporting-plugins/query-files/script.py
28687875,36,0,36,reporting-plugins/register-exp/reg-exp.py
28687875,102,0,102,reporting-plugins/register-ivac-lvl/script.py
28687875,26,0,26,reporting-plugins/register-proj/reg-proj.py
28687875,61,0,61,reporting-plugins/register-samp/script.py
28687875,35,0,35,reporting-plugins/register-sample-batch/script.py
28687875,25,0,25,reporting-plugins/register-space/reg-space.py
28687875,57,0,57,reporting-plugins/registerUponWorkflow/script.py
28687875,36,0,36,reporting-plugins/update-experiment-metadata/update.py
28687875,35,0,35,reporting-plugins/update-sample-metadata/script.py
28687875,15,0,15,reporting-plugins/update-single-sample-metadata/script.py
28687875,0,0,0,{register-IdXML-dropbox => drop-boxes/register-IdXML-dropbox}/register-IdXML-dropbox.py
28687875,0,0,0,{register-attachments-dropbox => drop-boxes/register-attachments-dropbox}/register-attachment-dropbox.py
28687875,0,0,0,{register-bam-dropbox => drop-boxes/register-bam-dropbox}/register-bam.py
28687875,0,0,0,{register-convert-raw-dropbox => drop-boxes/register-convert-raw-dropbox}/etl_msconvert.py
28687875,0,0,0,{register-convert-raw-dropbox => drop-boxes/register-convert-raw-dropbox}/test_msconvert.py
28687875,0,0,0,{register-data-dropbox => drop-boxes/register-data-dropbox}/register-data-dropbox.py
28687875,0,0,0,{register-fastq-dropbox => drop-boxes/register-fastq-dropbox}/register-fastq-dropbox.py
28687875,0,0,0,{register-fastqc-dropbox => drop-boxes/register-fastqc-dropbox}/script.py
28687875,0,0,0,{register-featureXML-dropbox => drop-boxes/register-featureXML-dropbox}/register-fXML-dropbox.py
28687875,0,0,0,{register-imgag-dropbox => drop-boxes/register-imgag-dropbox}/backup-imgag.py
28687875,0,0,0,{register-imgag-dropbox => drop-boxes/register-imgag-dropbox}/register-imgag.py
28687875,0,0,0,{register-imgag-dropbox => drop-boxes/register-imgag-dropbox}/register-imgag_backup.py
28687875,0,0,0,{register-maxquant-dropbox => drop-boxes/register-maxquant-dropbox}/register-maxquant-dropbox.py
28687875,0,0,0,{register-microarrays-dropbox => drop-boxes/register-microarrays-dropbox}/register-cel-dropbox.py
28687875,0,0,0,{register-mzML-dropbox => drop-boxes/register-mzML-dropbox}/register-mzml-dropbox.py
28687875,0,0,0,{register-mzml-from-converter => drop-boxes/register-mzml-from-converter}/register-converted-mzml.py
28687875,0,0,0,{register-qcml-dropbox => drop-boxes/register-qcml-dropbox}/old.py
28687875,0,0,0,{register-qcml-dropbox => drop-boxes/register-qcml-dropbox}/register-qcml-dropbox.py
28687875,0,0,0,{register-raw-dropbox => drop-boxes/register-raw-dropbox}/register-raw-dropbox.py
28687875,0,0,0,{register-vcf-dropbox => drop-boxes/register-vcf-dropbox}/register-vcf.py
28687875,0,0,0,{register-wf-epitopeprediction => drop-boxes/register-wf-epitopeprediction}/register-epitopeprediction.py
28687875,0,0,0,{register-wf-hlatyping => drop-boxes/register-wf-hlatyping}/register-hlatyping.py
28687875,0,0,0,{register-wf-maqc => drop-boxes/register-wf-maqc}/register-wf-maqc.py
28687875,0,0,0,{register-wf-mergenngsdata => drop-boxes/register-wf-mergenngsdata}/register-mergengsdata.py
28687875,0,0,0,{register-wf-msqc => drop-boxes/register-wf-msqc}/register-wf-msqc.py
28687875,0,0,0,{register-wf-ngsqc => drop-boxes/register-wf-ngsqc}/register-wf-ngsqc.py
28687875,0,0,0,{register-wf-peptideid => drop-boxes/register-wf-peptideid}/register-wf-peptideid.py
28687875,0,0,0,{register-wf-qedda => drop-boxes/register-wf-qedda}/register-qedda.py
28687875,0,0,0,{register-wf-rnaexpressionanalysis => drop-boxes/register-wf-rnaexpressionanalysis}/register-wf-rnaexpranalysis.py
28687875,0,0,0,{register-wf-variantannotation => drop-boxes/register-wf-variantannotation}/register-variantannotation.py
28687875,0,0,0,{register-wf-variantcalling => drop-boxes/register-wf-variantcalling}/register-wf-variantcalling.py
28687875,0,0,0,{test-dropbox => drop-boxes/test-dropbox}/etl_msconvert.py
28687875,0,0,0,{test-dropbox => drop-boxes/test-dropbox}/script.py
28687875,88,100,188,register-convert-raw-dropbox/etl_msconvert.py
28687875,1,1,2,register-imgag-dropbox/register-imgag.py
28687875,5,3,8,register-microarrays-dropbox/register-cel-dropbox.py
28687875,2,38,40,test-dropbox/script.py
28687875,66,0,66,register-wf-qedda/register-qedda.py
28687875,98,90,188,register-convert-raw-dropbox/etl_msconvert.py
28687875,1,1,2,register-convert-raw-dropbox/etl_msconvert.py
28687875,11,5,16,register-convert-raw-dropbox/etl_msconvert.py
28687875,1,1,2,register-mzml-from-converter/register-converted-mzml.py
28687875,1,1,2,register-convert-raw-dropbox/etl_msconvert.py
28687875,1,1,2,register-mzml-from-converter/register-converted-mzml.py
28687875,4,5,9,register-convert-raw-dropbox/etl_msconvert.py
28687875,10,1,11,register-mzml-from-converter/register-converted-mzml.py
28687875,1,1,2,register-mzml-from-converter/register-converted-mzml.py
28687875,3,1,4,register-mzml-from-converter/register-converted-mzml.py
28687875,1,20,21,register-mzml-from-converter/register-converted-mzml.py
28687875,1,1,2,register-mzml-from-converter/register-converted-mzml.py
28687875,9,8,17,register-convert-raw-dropbox/etl_msconvert.py
28687875,75,0,75,register-mzml-from-converter/register-converted-mzml.py
28687875,88,0,88,register-IdXML-dropbox/register-IdXML-dropbox.py
28687875,111,0,111,register-attachments-dropbox/register-attachment-dropbox.py
28687875,75,0,75,register-bam-dropbox/register-bam.py
28687875,88,0,88,register-data-dropbox/register-data-dropbox.py
28687875,95,0,95,register-fastq-dropbox/register-fastq-dropbox.py
28687875,95,0,95,register-fastqc-dropbox/script.py
28687875,88,0,88,register-featureXML-dropbox/register-fXML-dropbox.py
28687875,239,0,239,register-imgag-dropbox/backup-imgag.py
28687875,387,0,387,register-imgag-dropbox/register-imgag.py
28687875,341,0,341,register-imgag-dropbox/register-imgag_backup.py
28687875,64,0,64,register-maxquant-dropbox/register-maxquant-dropbox.py
28687875,141,0,141,register-microarrays-dropbox/register-cel-dropbox.py
28687875,88,0,88,register-mzML-dropbox/register-mzml-dropbox.py
28687875,82,0,82,register-qcml-dropbox/old.py
28687875,95,0,95,register-qcml-dropbox/register-qcml-dropbox.py
28687875,89,0,89,register-raw-dropbox/register-raw-dropbox.py
28687875,110,0,110,register-vcf-dropbox/register-vcf.py
28687875,70,0,70,register-wf-epitopeprediction/register-epitopeprediction.py
28687875,88,0,88,register-wf-hlatyping/register-hlatyping.py
28687875,74,0,74,register-wf-maqc/register-wf-maqc.py
28687875,62,0,62,register-wf-mergenngsdata/register-mergengsdata.py
28687875,74,0,74,register-wf-msqc/register-wf-msqc.py
28687875,74,0,74,register-wf-ngsqc/register-wf-ngsqc.py
28687875,76,0,76,register-wf-peptideid/register-wf-peptideid.py
28687875,73,0,73,register-wf-rnaexpressionanalysis/register-wf-rnaexpranalysis.py
28687875,65,0,65,register-wf-variantannotation/register-variantannotation.py
28687875,73,0,73,register-wf-variantcalling/register-wf-variantcalling.py
28687875,466,0,466,test-dropbox/etl_msconvert.py
28687875,112,0,112,test-dropbox/script.py
28687875,46,21,67,register-convert-raw-dropbox/etl_msconvert.py
28687875,0,0,0,etl_msconvert.py => register-convert-raw-dropbox/etl_msconvert.py
28687875,0,0,0,test_msconvert.py => register-convert-raw-dropbox/test_msconvert.py
28687875,4,1,5,etl_msconvert.py
28687875,2,1,3,etl_msconvert.py
28687875,145,41,186,etl_msconvert.py
28687875,2,2,4,test_msconvert.py
28687875,26,15,41,etl_msconvert.py
28687875,5,4,9,etl_msconvert.py
28687875,321,0,321,etl_msconvert.py
28687875,71,0,71,test_msconvert.py
56604179,25,1,26,xotl/tools/future/itertools.py
56604179,9,0,9,xotl/tools/fp/tools.py
56604179,95,59,154,xotl/tools/_version.py
56604179,35,32,67,xotl/tools/bases.py
56604179,38,20,58,xotl/tools/benchmark/mp.py
56604179,67,61,128,xotl/tools/bound.py
56604179,44,39,83,xotl/tools/cli/__init__.py
56604179,7,7,14,xotl/tools/cli/app.py
56604179,18,16,34,xotl/tools/cli/tools.py
56604179,37,30,67,xotl/tools/clipping.py
56604179,23,19,42,xotl/tools/context.py
56604179,51,36,87,xotl/tools/cpystack.py
56604179,27,23,50,xotl/tools/crypto.py
56604179,47,27,74,xotl/tools/decorator/__init__.py
56604179,18,12,30,xotl/tools/decorator/development.py
56604179,109,62,171,xotl/tools/decorator/meta.py
56604179,109,75,184,xotl/tools/deprecation.py
56604179,2,2,4,xotl/tools/dim/__init__.py
56604179,22,25,47,xotl/tools/dim/base.py
56604179,8,5,13,xotl/tools/dim/currencies.py
56604179,106,93,199,xotl/tools/dim/meta.py
56604179,2,2,4,xotl/tools/fp/__init__.py
56604179,5,4,9,xotl/tools/fp/iterators.py
56604179,26,18,44,xotl/tools/fp/option.py
56604179,15,10,25,xotl/tools/fp/prove/__init__.py
56604179,54,34,88,xotl/tools/fp/prove/semantic.py
56604179,38,29,67,xotl/tools/fp/tools.py
56604179,95,71,166,xotl/tools/fs/__init__.py
56604179,35,24,59,xotl/tools/fs/path.py
56604179,2,2,4,xotl/tools/future/__init__.py
56604179,18,6,24,xotl/tools/future/calendar.py
56604179,18,16,34,xotl/tools/future/codecs.py
56604179,267,220,487,xotl/tools/future/collections.py
56604179,9,8,17,xotl/tools/future/contextlib.py
56604179,7,7,14,xotl/tools/future/csv.py
56604179,192,189,381,xotl/tools/future/datetime.py
56604179,31,27,58,xotl/tools/future/functools.py
56604179,38,25,63,xotl/tools/future/inspect.py
56604179,42,33,75,xotl/tools/future/itertools.py
56604179,23,17,40,xotl/tools/future/json.py
56604179,4,4,8,xotl/tools/future/mimetypes.py
56604179,9,6,15,xotl/tools/future/pprint.py
56604179,9,8,17,xotl/tools/future/subprocess.py
56604179,9,8,17,xotl/tools/future/textwrap.py
56604179,15,11,26,xotl/tools/future/threading.py
56604179,4,3,7,xotl/tools/future/time.py
56604179,85,65,150,xotl/tools/future/types.py
56604179,17,12,29,xotl/tools/keywords.py
56604179,27,19,46,xotl/tools/modules.py
56604179,99,81,180,xotl/tools/names.py
56604179,215,169,384,xotl/tools/objects.py
56604179,106,84,190,xotl/tools/params.py
56604179,20,15,35,xotl/tools/progress.py
56604179,62,38,100,xotl/tools/records.py
56604179,64,59,123,xotl/tools/string.py
56604179,41,33,74,xotl/tools/symbols.py
56604179,46,30,76,xotl/tools/tasking/__init__.py
56604179,26,26,52,xotl/tools/tasking/_greenlet_local.py
56604179,9,6,15,xotl/tools/tasking/lock.py
56604179,7,5,12,xotl/tools/tasking/safe.py
56604179,16,18,34,xotl/tools/testing/datetime.py
56604179,25,23,48,xotl/tools/tools.py
56604179,37,32,69,xotl/tools/validators/__init__.py
56604179,19,16,35,xotl/tools/validators/identifiers.py
56604179,117,90,207,xotl/tools/values/__init__.py
56604179,17,7,24,xotl/tools/values/ids.py
56604179,90,70,160,xotl/tools/values/simple.py
56604179,38,26,64,xotl/tools/versions.py
56604179,16,11,27,xotl/tools/web.py
56604179,1,1,2,xotl/tools/_version.py
56604179,1,1,2,xotl/tools/_version.py
56604179,1,14,15,xotl/tools/release.py
56604179,8,2,10,xotl/tools/release.py
56604179,10,5,15,tests/test_infinity.py
56604179,3,0,3,xotl/tools/infinity.py
56604179,2,1,3,xotl/tools/release.py
56604179,39,44,83,setup.py
56604179,1822,0,1822,versioneer.py
56604179,7,3,10,xotl/tools/__init__.py
56604179,520,0,520,xotl/tools/_version.py
56604179,6,5,11,xotl/tools/release.py
56604179,11,1,12,tests/test_infinity.py
56604179,12,11,23,xotl/tools/infinity.py
56604179,1,1,2,xotl/tools/release.py
56604179,6,0,6,xotl/tools/future/datetime.py
56604179,2,1,3,tests/test_datetime.py
56604179,1,1,2,xotl/tools/cli/tools.py
56604179,1,1,2,xotl/tools/dim/meta.py
56604179,1,1,2,xotl/tools/fp/tools.py
56604179,4,4,8,xotl/tools/future/collections.py
56604179,1,1,2,xotl/tools/objects.py
56604179,2,2,4,xotl/tools/values/__init__.py
56604179,1,1,2,xotl/tools/values/ids.py
56604179,2,0,2,xotl/tools/tasking/__init__.py
56604179,7,6,13,xotl/tools/fs/__init__.py
56604179,2,1,3,xotl/tools/bases.py
56604179,1,4,5,xotl/tools/decorator/meta.py
56604179,1,1,2,xotl/tools/future/csv.py
56604179,2,2,4,xotl/tools/params.py
56604179,1,1,2,xotl/tools/tasking/__init__.py
56604179,1,1,2,xotl/tools/tools.py
56604179,1,1,2,xotl/tools/validators/identifiers.py
56604179,3,3,6,xotl/tools/values/__init__.py
56604179,1,1,2,xotl/tools/web.py
56604179,0,3,3,xotl/tools/tools.py
56604179,0,13,13,xotl/tools/tools.py
56604179,5,2,7,xotl/tools/string.py
56604179,0,215,215,xotl/tools/formatter.py
56604179,0,17,17,xotl/tools/logical.py
56604179,0,17,17,xotl/tools/uuid.py
56604179,3,1,4,xotl/tools/web.py
56604179,5,1,6,xotl/tools/values/ids.py
56604179,5,1,6,xotl/tools/progress.py
56604179,9,3,12,tests/test_objects.py
56604179,24,8,32,xotl/tools/objects.py
56604179,41,0,41,tests/test_objects.py
56604179,6,0,6,xotl/tools/objects.py
56604179,61,0,61,xotl/tools/objects.py
56604179,2,1,3,xoutil/__init__.py
56604179,2,2,4,xotl/tools/__init__.py
56604179,32,4,36,xoutil/__init__.py
56604179,5,0,5,xoutil/__init__.py
56604179,1,1,2,tests/test_names.py
56604179,3,0,3,xotl/tools/names.py
56604179,3,3,6,tests/test_datetime.py
56604179,10,1,11,xoutil/__init__.py
56604179,0,12,12,xotl/tools/__init__.py
56604179,4,4,8,tests/test_datetime.py
56604179,8,0,8,xoutil/__init__.py
56604179,10,11,21,tests/test_datetime.py
56604179,6,1,7,xoutil/__init__.py
56604179,8,2,10,tests/test_datetime.py
56604179,11,11,22,tests/test_modules.py
56604179,1,1,2,tests/test_names.py
56604179,1,1,2,xotl/tools/validators/__init__.py
56604179,1,1,2,xotl/tools/validators/__init__.py
56604179,6,2,8,setup.py
56604179,1,0,1,xotl/__init__.py
56604179,28,0,28,xotl/tools/__init__.py
56604179,0,0,0,{xoutil => xotl/tools}/bases.py
56604179,0,0,0,{xoutil => xotl/tools}/benchmark/mp.py
56604179,5,5,10,{xoutil => xotl/tools}/bound.py
56604179,6,6,12,{xoutil => xotl/tools}/cli/__init__.py
56604179,2,2,4,{xoutil => xotl/tools}/cli/app.py
56604179,1,1,2,{xoutil => xotl/tools}/cli/tools.py
56604179,0,0,0,{xoutil => xotl/tools}/clipping.py
56604179,3,3,6,{xoutil => xotl/tools}/context.py
56604179,3,3,6,{xoutil => xotl/tools}/cpystack.py
56604179,1,1,2,{xoutil => xotl/tools}/crypto.py
56604179,2,29,31,{xoutil => xotl/tools}/decorator/__init__.py
56604179,4,4,8,{xoutil => xotl/tools}/decorator/development.py
56604179,5,5,10,{xoutil => xotl/tools}/decorator/meta.py
56604179,20,19,39,{xoutil => xotl/tools}/deprecation.py
56604179,5,5,10,{xoutil => xotl/tools}/dim/__init__.py
56604179,0,0,0,{xoutil => xotl/tools}/dim/base.py
56604179,1,1,2,{xoutil => xotl/tools}/dim/currencies.py
56604179,17,17,34,{xoutil => xotl/tools}/dim/meta.py
56604179,3,7,10,{xoutil => xotl/tools}/formatter.py
56604179,0,0,0,{xoutil => xotl/tools}/fp/__init__.py
56604179,1,1,2,{xoutil => xotl/tools}/fp/iterators.py
56604179,0,0,0,{xoutil => xotl/tools}/fp/option.py
56604179,11,11,22,{xoutil => xotl/tools}/fp/prove/__init__.py
56604179,12,12,24,{xoutil => xotl/tools}/fp/prove/semantic.py
56604179,3,3,6,{xoutil => xotl/tools}/fp/tools.py
56604179,5,5,10,{xoutil => xotl/tools}/fs/__init__.py
56604179,3,3,6,{xoutil => xotl/tools}/fs/path.py
56604179,3,3,6,{xoutil => xotl/tools}/future/__init__.py
56604179,1,1,2,{xoutil => xotl/tools}/future/calendar.py
56604179,0,0,0,{xoutil => xotl/tools}/future/codecs.py
56604179,30,29,59,{xoutil => xotl/tools}/future/collections.py
56604179,0,0,0,{xoutil => xotl/tools}/future/contextlib.py
56604179,1,1,2,{xoutil => xotl/tools}/future/csv.py
56604179,5,5,10,{xoutil => xotl/tools}/future/datetime.py
56604179,7,73,80,{xoutil => xotl/tools}/future/functools.py
56604179,1,1,2,{xoutil => xotl/tools}/future/inspect.py
56604179,10,10,20,{xoutil => xotl/tools}/future/itertools.py
56604179,1,1,2,{xoutil => xotl/tools}/future/json.py
56604179,1,1,2,{xoutil => xotl/tools}/future/mimetypes.py
56604179,1,1,2,{xoutil => xotl/tools}/future/pprint.py
56604179,0,0,0,{xoutil => xotl/tools}/future/subprocess.py
56604179,0,0,0,{xoutil => xotl/tools}/future/textwrap.py
56604179,0,0,0,{xoutil => xotl/tools}/future/threading.py
56604179,1,1,2,{xoutil => xotl/tools}/future/time.py
56604179,13,13,26,{xoutil => xotl/tools}/future/types.py
56604179,0,0,0,{xoutil => xotl/tools}/infinity.py
56604179,0,0,0,{xoutil => xotl/tools}/keywords.py
56604179,4,4,8,{xoutil => xotl/tools}/logical.py
56604179,4,4,8,{xoutil => xotl/tools}/modules.py
56604179,26,23,49,{xoutil => xotl/tools}/names.py
56604179,42,40,82,{xoutil => xotl/tools}/objects.py
56604179,19,19,38,{xoutil => xotl/tools}/params.py
56604179,2,2,4,{xoutil => xotl/tools}/progress.py
56604179,6,6,12,{xoutil => xotl/tools}/records.py
56604179,40,0,40,xotl/tools/release.py
56604179,0,0,0,{xoutil => xotl/tools}/reprlib.py
56604179,11,11,22,{xoutil => xotl/tools}/string.py
56604179,0,0,0,{xoutil => xotl/tools}/symbols.py
56604179,5,5,10,{xoutil => xotl/tools}/tasking/__init__.py
56604179,2,2,4,{xoutil => xotl/tools}/tasking/_greenlet_local.py
56604179,11,11,22,{xoutil => xotl/tools}/tasking/lock.py
56604179,0,0,0,{xoutil => xotl/tools}/tasking/safe.py
56604179,0,0,0,{xoutil => xotl/tools}/testing/__init__.py
56604179,12,12,24,{xoutil => xotl/tools}/testing/datetime.py
56604179,4,4,8,{xoutil => xotl/tools}/tools.py
56604179,2,2,4,{xoutil => xotl/tools}/uuid.py
56604179,16,14,30,{xoutil => xotl/tools}/validators/__init__.py
56604179,0,0,0,{xoutil => xotl/tools}/validators/identifiers.py
56604179,17,17,34,{xoutil => xotl/tools}/values/__init__.py
56604179,0,0,0,{xoutil => xotl/tools}/values/ids.py
56604179,4,4,8,{xoutil => xotl/tools}/values/simple.py
56604179,1,1,2,{xoutil => xotl/tools}/versions.py
56604179,3,3,6,{xoutil => xotl/tools}/web.py
56604179,29,15,44,xoutil/__init__.py
56604179,0,67,67,xoutil/logger.py
56604179,1,40,41,xoutil/release.py
56604179,2,2,4,docs/source/conf.py
56604179,1,1,2,xoutil/release.py
56604179,5,2,7,xoutil/decorator/meta.py
56604179,8,2,10,xoutil/decorator/meta.py
56604179,13,0,13,xoutil/tasking/__init__.py
56604179,2,0,2,xoutil/future/itertools.py
56604179,1,1,2,xoutil/future/itertools.py
56604179,0,3,3,xoutil/future/itertools.py
56604179,4,4,8,xoutil/future/itertools.py
56604179,23,3,26,xoutil/future/itertools.py
56604179,21,0,21,tests/test_iterators.py
56604179,3,3,6,xoutil/future/itertools.py
56604179,2,0,2,xoutil/future/itertools.py
56604179,3,3,6,xoutil/future/datetime.py
56604179,1,0,1,setup.py
56604179,1,1,2,xoutil/future/datetime.py
56604179,25,50,75,xoutil/future/itertools.py
56604179,17,0,17,tests/test_iterators.py
56604179,1,1,2,xoutil/dim/meta.py
56604179,18,1,19,tests/test_dim.py
56604179,21,3,24,xoutil/dim/meta.py
56604179,20,0,20,tests/test_dim.py
56604179,218,195,413,xoutil/dim/meta.py
56604179,5,1,6,xoutil/future/datetime.py
56604179,33,52,85,xoutil/future/datetime.py
56604179,2,1,3,xoutil/future/datetime.py
56604179,0,7,7,xoutil/context.py
56604179,1,1,2,xoutil/context.py
56604179,5,2,7,xoutil/fp/iterators.py
56604179,5,5,10,xoutil/tasking/__init__.py
56604179,13,0,13,xoutil/deprecation.py
56604179,0,7,7,xoutil/future/inspect.py
56604179,0,31,31,xoutil/eight/_errors2.py
56604179,0,1,1,xoutil/future/datetime.py
56604179,1,1,2,xoutil/release.py
56604179,1,3,4,xoutil/future/datetime.py
56604179,3,2,5,tests/test_cli.py
56604179,72,56,128,xoutil/cli/__init__.py
56604179,8,0,8,tests/test_cli.py
56604179,42,45,87,xoutil/versions.py
56604179,4,1,5,tests/test_annotations.py
56604179,50,82,132,xoutil/versions.py
56604179,1,1,2,xoutil/names.py
56604179,6,5,11,tests/test_names.py
56604179,7,3,10,xoutil/future/types.py
56604179,0,6,6,tests/test_datetime.py
56604179,26,127,153,xoutil/future/datetime.py
56604179,0,1,1,xoutil/future/datetime.py
56604179,0,6,6,tests/test_datetime.py
56604179,26,51,77,xoutil/future/datetime.py
56604179,15,0,15,tests/test_datetime.py
56604179,48,1,49,xoutil/future/datetime.py
56604179,2,0,2,xoutil/testing/datetime.py
56604179,40,17,57,xoutil/future/datetime.py
56604179,10,9,19,xoutil/future/datetime.py
56604179,1,1,2,xoutil/versions.py
56604179,19,14,33,tests/test_context.py
56604179,13,12,25,xoutil/names.py
56604179,13,10,23,tests/test_datetime.py
56604179,6,5,11,xoutil/future/datetime.py
56604179,3,2,5,tests/test_datetime.py
56604179,3,20,23,tests/test_datetime.py
56604179,6,0,6,tests/test_datetime.py
56604179,10,2,12,xoutil/future/datetime.py
56604179,6,4,10,tests/test_datetime.py
56604179,7,2,9,xoutil/future/datetime.py
56604179,0,1,1,xoutil/testing/datetime.py
56604179,5,5,10,tests/test_iterators.py
56604179,24,8,32,tests/test_datetime.py
56604179,7,3,10,xoutil/future/datetime.py
56604179,63,1,64,tests/test_datetime.py
56604179,9,6,15,xoutil/future/datetime.py
56604179,1,1,2,docs/source/conf.py
56604179,12,15,27,xoutil/future/datetime.py
56604179,1,6,7,xoutil/future/datetime.py
56604179,3,8,11,xoutil/future/datetime.py
56604179,45,0,45,xoutil/future/datetime.py
56604179,60,3,63,tests/test_datetime.py
56604179,432,0,432,xoutil/future/datetime.py
56604179,59,0,59,xoutil/testing/datetime.py
56604179,2,2,4,xoutil/context.py
56604179,63,1,64,tests/test_datetime.py
56604179,54,4,58,xoutil/future/datetime.py
56604179,1,1,2,xoutil/annotate.py
56604179,2,0,2,xoutil/eight/__init__.py
56604179,13,0,13,xoutil/annotate.py
56604179,6,4,10,xoutil/deprecation.py
56604179,4,0,4,tests/test_annotations.py
56604179,4,0,4,tests/test_datetime.py
56604179,2,0,2,xoutil/fp/iterators.py
56604179,0,1,1,xoutil/cli/__init__.py
56604179,0,1,1,xoutil/string.py
56604179,2,0,2,xoutil/fp/iterators.py
56604179,1,1,2,docs/source/conf.py
56604179,4,78,82,xoutil/future/types.py
56604179,0,13,13,tests/test_time.py
56604179,15,4,19,xoutil/future/time.py
56604179,1,1,2,xoutil/tasking/__init__.py
56604179,9,0,9,xoutil/future/threading.py
56604179,0,27,27,xoutil/future/textwrap.py
56604179,3,2,5,xoutil/future/itertools.py
56604179,0,1,1,xoutil/objects.py
56604179,2,172,174,xoutil/future/inspect.py
56604179,5,20,25,xoutil/future/collections.py
56604179,2,34,36,xoutil/future/contextlib.py
56604179,1,16,17,xoutil/future/csv.py
56604179,6,5,11,xoutil/future/json.py
56604179,19,275,294,xoutil/future/datetime.py
56604179,0,68,68,tests/test_abc.py
56604179,20,61,81,tests/test_collections.py
56604179,1,11,12,tests/test_infinity.py
56604179,0,50,50,tests/test_inspect.py
56604179,1,2,3,tests/test_objects.py
56604179,1,4,5,xoutil/cli/__init__.py
56604179,1,5,6,xoutil/decorator/meta.py
56604179,1,3,4,xoutil/deprecation.py
56604179,1,36,37,xoutil/fs/__init__.py
56604179,0,824,824,xoutil/future/collections.py
56604179,1,45,46,xoutil/future/datetime.py
56604179,0,59,59,xoutil/params.py
56604179,0,4,4,tests/customizetestbed.py
56604179,0,4,4,tests/test_abc.py
56604179,0,4,4,tests/test_annotations.py
56604179,0,4,4,tests/test_bases.py
56604179,0,4,4,tests/test_bound.py
56604179,0,4,4,tests/test_cli.py
56604179,0,4,4,tests/test_clisp.py
56604179,0,4,4,tests/test_codecs.py
56604179,0,3,3,tests/test_collections.py
56604179,0,4,4,tests/test_context.py
56604179,0,4,4,tests/test_csv.py
56604179,0,4,4,tests/test_datetime.py
56604179,0,4,4,tests/test_decorators.py
56604179,0,4,4,tests/test_dim.py
56604179,0,4,4,tests/test_fs.py
56604179,0,4,4,tests/test_functools.py
56604179,0,4,4,tests/test_infinity.py
56604179,0,4,4,tests/test_inspect.py
56604179,0,4,4,tests/test_iterators.py
56604179,0,4,4,tests/test_keywords.py
56604179,0,4,4,tests/test_modules.py
56604179,0,4,4,tests/test_names.py
56604179,0,4,4,tests/test_objects.py
56604179,0,4,4,tests/test_params.py
56604179,0,4,4,tests/test_pprint.py
56604179,0,4,4,tests/test_records.py
56604179,0,4,4,tests/test_safe.py
56604179,0,4,4,tests/test_string.py
56604179,0,4,4,tests/test_symbols.py
56604179,0,4,4,tests/test_tasking.py
56604179,0,4,4,tests/test_textwrap.py
56604179,0,4,4,tests/test_time.py
56604179,0,4,4,tests/test_tools.py
56604179,0,4,4,tests/test_types.py
56604179,0,4,4,tests/testbed.py
56604179,0,4,4,xoutil/bases.py
56604179,0,5,5,xoutil/benchmark/mp.py
56604179,0,4,4,xoutil/bound.py
56604179,0,4,4,xoutil/cli/__init__.py
56604179,0,4,4,xoutil/cli/app.py
56604179,0,4,4,xoutil/cli/tools.py
56604179,0,4,4,xoutil/clipping.py
56604179,0,4,4,xoutil/context.py
56604179,0,4,4,xoutil/cpystack.py
56604179,0,4,4,xoutil/crypto.py
56604179,0,4,4,xoutil/decorator/__init__.py
56604179,0,4,4,xoutil/decorator/development.py
56604179,0,4,4,xoutil/decorator/meta.py
56604179,0,4,4,xoutil/deprecation.py
56604179,0,4,4,xoutil/dim/__init__.py
56604179,0,4,4,xoutil/dim/base.py
56604179,0,4,4,xoutil/dim/currencies.py
56604179,0,4,4,xoutil/dim/meta.py
56604179,0,4,4,xoutil/formatter.py
56604179,0,4,4,xoutil/fp/__init__.py
56604179,0,4,4,xoutil/fp/option.py
56604179,0,4,4,xoutil/fp/prove/__init__.py
56604179,0,4,4,xoutil/fp/prove/semantic.py
56604179,0,4,4,xoutil/fs/__init__.py
56604179,0,4,4,xoutil/fs/path.py
56604179,0,4,4,xoutil/future/__init__.py
56604179,0,4,4,xoutil/future/calendar.py
56604179,0,4,4,xoutil/future/codecs.py
56604179,0,4,4,xoutil/future/collections.py
56604179,0,4,4,xoutil/future/contextlib.py
56604179,0,4,4,xoutil/future/csv.py
56604179,0,4,4,xoutil/future/datetime.py
56604179,0,4,4,xoutil/future/functools.py
56604179,0,4,4,xoutil/future/inspect.py
56604179,0,4,4,xoutil/future/json.py
56604179,0,4,4,xoutil/future/mimetypes.py
56604179,0,4,4,xoutil/future/pprint.py
56604179,0,4,4,xoutil/future/subprocess.py
56604179,0,4,4,xoutil/future/textwrap.py
56604179,0,4,4,xoutil/future/threading.py
56604179,0,4,4,xoutil/future/time.py
56604179,0,4,4,xoutil/future/types.py
56604179,0,5,5,xoutil/infinity.py
56604179,0,4,4,xoutil/keywords.py
56604179,0,4,4,xoutil/logger.py
56604179,0,4,4,xoutil/logical.py
56604179,0,4,4,xoutil/modules.py
56604179,0,4,4,xoutil/names.py
56604179,0,4,4,xoutil/objects.py
56604179,0,4,4,xoutil/params.py
56604179,0,5,5,xoutil/progress.py
56604179,0,4,4,xoutil/records.py
56604179,0,4,4,xoutil/string.py
56604179,0,4,4,xoutil/symbols.py
56604179,0,4,4,xoutil/tasking/__init__.py
56604179,0,5,5,xoutil/tasking/_greenlet_local.py
56604179,0,5,5,xoutil/tasking/lock.py
56604179,0,4,4,xoutil/tasking/safe.py
56604179,0,4,4,xoutil/testing/datetime.py
56604179,0,4,4,xoutil/tools.py
56604179,0,4,4,xoutil/uuid.py
56604179,0,4,4,xoutil/validators/__init__.py
56604179,0,4,4,xoutil/values/__init__.py
56604179,0,4,4,xoutil/values/ids.py
56604179,0,4,4,xoutil/values/simple.py
56604179,0,4,4,xoutil/versions.py
56604179,0,4,4,xoutil/web.py
56604179,4,8,12,tests/test_fp.py
56604179,5,3,8,tests/test_fp.py
56604179,0,8,8,xoutil/future/types.py
56604179,1,15,16,xoutil/fp/option.py
56604179,1,2,3,xoutil/fp/prove/__init__.py
56604179,0,8,8,xoutil/future/contextlib.py
56604179,1,2,3,xoutil/params.py
56604179,6,5,11,tests/test_clisp.py
56604179,1,1,2,tests/test_collections.py
56604179,1,1,2,tests/test_dim.py
56604179,1,1,2,tests/test_objects.py
56604179,1,1,2,xoutil/cli/__init__.py
56604179,1,1,2,xoutil/deprecation.py
56604179,1,1,2,xoutil/fp/tools.py
56604179,1,1,2,xoutil/future/collections.py
56604179,1,0,1,xoutil/future/datetime.py
56604179,0,4,4,xoutil/future/inspect.py
56604179,0,3,3,xoutil/keywords.py
56604179,3,28,31,xoutil/objects.py
56604179,1,4,5,xoutil/string.py
56604179,1,2,3,xoutil/tools.py
56604179,4,4,8,xoutil/values/__init__.py
56604179,1,1,2,tests/test_string.py
56604179,1,1,2,xoutil/cli/tools.py
56604179,25,2,27,xoutil/string.py
56604179,9,17,26,tests/test_objects.py
56604179,1,1,2,tests/test_abc.py
56604179,0,41,41,tests/test_eight_exceptions.py
56604179,0,23,23,tests/test_eight_string.py
56604179,0,234,234,tests/test_metaclass.py
56604179,2,2,4,tests/test_abc.py
56604179,0,5,5,xoutil/future/__init__.py
56604179,1,1,2,xoutil/values/__init__.py
56604179,1,2,3,xoutil/fp/prove/__init__.py
56604179,3,3,6,xoutil/future/csv.py
56604179,1,2,3,xoutil/future/functools.py
56604179,1,2,3,xoutil/objects.py
56604179,6,7,13,xoutil/string.py
56604179,0,6,6,tests/test_collections.py
56604179,0,1,1,tests/test_types.py
56604179,0,6,6,xoutil/future/collections.py
56604179,0,1,1,xoutil/future/itertools.py
56604179,0,2,2,xoutil/future/types.py
56604179,0,1,1,xoutil/params.py
56604179,0,1,1,xoutil/string.py
56604179,1,1,2,tests/test_symbols.py
56604179,1,1,2,xoutil/symbols.py
56604179,4,5,9,tests/test_collections.py
56604179,1,2,3,xoutil/fp/tools.py
56604179,1,2,3,xoutil/future/inspect.py
56604179,6,7,13,xoutil/future/types.py
56604179,0,1,1,xoutil/objects.py
56604179,1,2,3,xoutil/string.py
56604179,3,5,8,xoutil/tools.py
56604179,1,1,2,tests/test_abc.py
56604179,2,3,5,tests/test_annotations.py
56604179,1,2,3,tests/test_collections.py
56604179,0,1,1,tests/test_eight_string.py
56604179,1,1,2,tests/test_inspect.py
56604179,1,1,2,tests/test_objects.py
56604179,5,9,14,xoutil/annotate.py
56604179,2,4,6,xoutil/clipping.py
56604179,0,16,16,xoutil/cpystack.py
56604179,1,6,7,xoutil/decorator/__init__.py
56604179,2,4,6,xoutil/decorator/development.py
56604179,5,7,12,xoutil/deprecation.py
56604179,3,5,8,xoutil/fp/prove/semantic.py
56604179,1,1,2,xoutil/future/collections.py
56604179,0,2,2,xoutil/future/functools.py
56604179,2,3,5,xoutil/future/inspect.py
56604179,1,5,6,xoutil/future/pprint.py
56604179,2,4,6,xoutil/future/types.py
56604179,3,4,7,xoutil/objects.py
56604179,0,2,2,xoutil/values/simple.py
56604179,1,2,3,tests/test_dim.py
56604179,1,2,3,xoutil/bases.py
56604179,13,22,35,xoutil/future/collections.py
56604179,1,2,3,xoutil/future/types.py
56604179,2,3,5,xoutil/params.py
56604179,3,6,9,xoutil/values/__init__.py
56604179,3,5,8,tests/test_annotations.py
56604179,3,5,8,tests/test_clisp.py
56604179,1,2,3,tests/test_csv.py
56604179,3,3,6,tests/test_params.py
56604179,1,2,3,tests/test_pprint.py
56604179,1,2,3,tests/test_textwrap.py
56604179,1,2,3,tests/test_types.py
56604179,1,2,3,xoutil/annotate.py
56604179,2,2,4,xoutil/bases.py
56604179,2,4,6,xoutil/cli/__init__.py
56604179,1,2,3,xoutil/cli/tools.py
56604179,2,3,5,xoutil/clipping.py
56604179,1,2,3,xoutil/crypto.py
56604179,1,5,6,xoutil/decorator/meta.py
56604179,1,2,3,xoutil/deprecation.py
56604179,6,9,15,xoutil/formatter.py
56604179,10,13,23,xoutil/fs/__init__.py
56604179,8,10,18,xoutil/future/codecs.py
56604179,1,2,3,xoutil/future/collections.py
56604179,2,3,5,xoutil/future/functools.py
56604179,2,2,4,xoutil/future/inspect.py
56604179,1,2,3,xoutil/future/itertools.py
56604179,2,2,4,xoutil/future/pprint.py
56604179,3,7,10,xoutil/future/types.py
56604179,1,2,3,xoutil/modules.py
56604179,4,7,11,xoutil/objects.py
56604179,5,11,16,xoutil/params.py
56604179,1,3,4,xoutil/records.py
56604179,10,22,32,xoutil/string.py
56604179,4,6,10,xoutil/tools.py
56604179,6,8,14,xoutil/values/__init__.py
56604179,2,3,5,xoutil/values/simple.py
56604179,4,5,9,xoutil/web.py
56604179,1,1,2,xoutil/params.py
56604179,2,4,6,tests/test_keywords.py
56604179,1,3,4,tests/test_params.py
56604179,1,1,2,xoutil/clipping.py
56604179,4,8,12,xoutil/future/collections.py
56604179,3,3,6,xoutil/future/functools.py
56604179,2,4,6,xoutil/objects.py
56604179,5,8,13,xoutil/params.py
56604179,1,2,3,xoutil/symbols.py
56604179,0,1,1,tests/test_names.py
56604179,1,1,2,xoutil/clipping.py
56604179,1,3,4,xoutil/fp/prove/semantic.py
56604179,0,2,2,xoutil/fp/tools.py
56604179,0,1,1,xoutil/future/functools.py
56604179,2,7,9,xoutil/objects.py
56604179,1,2,3,xoutil/bases.py
56604179,5,7,12,xoutil/clipping.py
56604179,2,2,4,xoutil/fp/option.py
56604179,1,2,3,xoutil/fp/prove/__init__.py
56604179,12,12,24,xoutil/fp/prove/semantic.py
56604179,11,16,27,xoutil/future/collections.py
56604179,2,4,6,xoutil/future/functools.py
56604179,2,4,6,xoutil/future/inspect.py
56604179,1,2,3,xoutil/modules.py
56604179,5,5,10,xoutil/objects.py
56604179,11,15,26,xoutil/params.py
56604179,3,3,6,xoutil/string.py
56604179,3,4,7,xoutil/symbols.py
56604179,0,1,1,xoutil/versions.py
56604179,0,113,113,tests/test_mixins.py
56604179,2,1,3,xoutil/future/datetime.py
56604179,8,1,9,tests/test_mixins.py
56604179,8,7,15,xoutil/eight/abc.py
56604179,12,7,19,xoutil/eight/mixins.py
56604179,9,3,12,xoutil/future/itertools.py
56604179,23,9,32,xoutil/future/collections.py
56604179,12,12,24,tests/test_fp.py
56604179,15,6,21,xoutil/fp/iterators.py
56604179,1,1,2,xoutil/release.py
56604179,0,133,133,xoutil/eight/__init__.py
56604179,0,31,31,xoutil/eight/_errors2.py
56604179,0,12,12,xoutil/eight/_errors3.py
56604179,0,69,69,xoutil/eight/_meta.py
56604179,0,49,49,xoutil/eight/_meta3.py
56604179,0,26,26,xoutil/eight/_types.py
56604179,0,83,83,xoutil/eight/abc.py
56604179,0,1,1,xoutil/eight/datetime.py
56604179,0,239,239,xoutil/eight/exceptions.py
56604179,0,1,1,xoutil/eight/inspect.py
56604179,0,62,62,xoutil/eight/io.py
56604179,0,63,63,xoutil/eight/meta.py
56604179,0,349,349,xoutil/eight/mixins.py
56604179,0,43,43,xoutil/eight/queue.py
56604179,0,161,161,xoutil/eight/string.py
56604179,0,53,53,xoutil/eight/text.py
56604179,0,1,1,xoutil/eight/types.py
56604179,0,16,16,xoutil/eight/urllib/__init__.py
56604179,2,4,6,xoutil/names.py
56604179,0,1,1,xoutil/tasking/__init__.py
56604179,1,1,2,xoutil/tasking/safe.py
56604179,1,2,3,xoutil/validators/identifiers.py
56604179,4,6,10,xoutil/values/__init__.py
56604179,13,23,36,xoutil/values/simple.py
56604179,0,4,4,xoutil/fp/iterators.py
56604179,1,1,2,xoutil/fp/iterators.py
56604179,2,2,4,xoutil/eight/_types.py
56604179,51,1,52,tests/test_fp.py
56604179,49,0,49,xoutil/fp/iterators.py
56604179,0,2,2,xoutil/fp/iterators.py
56604179,49,5,54,tests/test_fp.py
56604179,39,0,39,xoutil/fp/iterators.py
56604179,4,0,4,xoutil/eight/string.py
56604179,6,5,11,xoutil/eight/string.py
56604179,2,2,4,xoutil/future/threading.py
56604179,1,1,2,xoutil/release.py
56604179,7,1,8,xoutil/eight/exceptions.py
56604179,4,1,5,xoutil/future/contextlib.py
56604179,41,0,41,tests/test_eight_exceptions.py
56604179,5,4,9,xoutil/eight/exceptions.py
56604179,10,2,12,xoutil/future/contextlib.py
56604179,4,0,4,xoutil/future/contextlib.py
56604179,1,1,2,xoutil/eight/_errors2.py
56604179,2,1,3,xoutil/eight/_errors3.py
56604179,15,36,51,xoutil/eight/_errors2.py
56604179,2,2,4,xoutil/eight/_errors3.py
56604179,129,84,213,xoutil/eight/exceptions.py
56604179,1,0,1,setup.py
56604179,0,381,381,tests/test_contextlib.py
56604179,38,170,208,xoutil/future/contextlib.py
56604179,27,12,39,xoutil/eight/exceptions.py
56604179,36,48,84,xoutil/eight/exceptions.py
56604179,52,0,52,xoutil/eight/_errors2.py
56604179,2,2,4,xoutil/eight/exceptions.py
56604179,20,17,37,xoutil/eight/exceptions.py
56604179,1,0,1,xoutil/fp/tools.py
56604179,6,5,11,xoutil/future/collections.py
56604179,4,4,8,tests/test_contextlib.py
56604179,381,0,381,tests/test_contextlib.py
56604179,192,0,192,xoutil/future/contextlib.py
56604179,1,1,2,xoutil/release.py
56604179,1,1,2,xoutil/release.py
56604179,12,10,22,xoutil/future/collections.py
56604179,4,2,6,setup.py
56604179,25,0,25,tests/test_collections.py
56604179,36,0,36,xoutil/future/collections.py
56604179,1,1,2,xoutil/validators/identifiers.py
56604179,1,0,1,xoutil/release.py
56604179,12,5,17,xoutil/validators/identifiers.py
56604179,1,1,2,xoutil/release.py
56604179,3,3,6,xoutil/eight/__init__.py
56604179,1,1,2,xoutil/objects.py
56604179,1,1,2,xoutil/objects.py
56604179,17,0,17,tests/test_objects.py
56604179,75,2,77,xoutil/objects.py
56604179,1,0,1,tests/test_datetime.py
56604179,1,1,2,xoutil/future/datetime.py
56604179,1,0,1,setup.py
56604179,1,1,2,xoutil/release.py
56604179,5,0,5,tests/test_context.py
56604179,2,2,4,xoutil/context.py
56604179,1,1,2,xoutil/future/functools.py
56604179,2,2,4,xoutil/future/types.py
56604179,1,1,2,xoutil/objects.py
56604179,2,2,4,xoutil/bound.py
56604179,3,3,6,xoutil/context.py
56604179,1,1,2,xoutil/decorator/__init__.py
56604179,1,1,2,xoutil/dim/currencies.py
56604179,2,4,6,xoutil/dim/meta.py
56604179,2,3,5,xoutil/formatter.py
56604179,3,3,6,xoutil/fp/option.py
56604179,8,8,16,xoutil/fp/prove/semantic.py
56604179,3,3,6,xoutil/fp/tools.py
56604179,20,20,40,xoutil/future/collections.py
56604179,6,6,12,xoutil/future/datetime.py
56604179,1,1,2,xoutil/future/json.py
56604179,3,4,7,xoutil/modules.py
56604179,14,14,28,xoutil/names.py
56604179,4,4,8,xoutil/objects.py
56604179,1,2,3,xoutil/records.py
56604179,5,5,10,xoutil/symbols.py
56604179,1,1,2,xoutil/tasking/__init__.py
56604179,11,11,22,xoutil/values/__init__.py
56604179,2,2,4,xoutil/values/simple.py
56604179,2,2,4,xoutil/versions.py
56604179,1,60,61,xoutil/future/types.py
56604179,1,1,2,xoutil/release.py
56604179,2,2,4,xoutil/context.py
56604179,12,0,12,tests/test_context.py
56604179,3,10,13,xoutil/symbols.py
56604179,2,3,5,xoutil/symbols.py
56604179,1,1,2,xoutil/modules.py
56604179,2,2,4,xoutil/future/itertools.py
56604179,5,5,10,xoutil/symbols.py
56604179,23,27,50,xoutil/symbols.py
56604179,16,0,16,tests/test_symbols.py
56604179,1,1,2,xoutil/tasking/__init__.py
56604179,8,1,9,xoutil/tasking/__init__.py
56604179,9,3,12,xoutil/tasking/__init__.py
56604179,2,2,4,xoutil/tasking/__init__.py
56604179,1,2,3,xoutil/tasking/__init__.py
56604179,2,2,4,xoutil/tasking/__init__.py
56604179,7,12,19,xoutil/dim/meta.py
56604179,12,0,12,tests/test_dim.py
56604179,1,1,2,xoutil/release.py
56604179,1,1,2,xoutil/release.py
56604179,1,1,2,xoutil/context.py
56604179,25,1,26,tests/test_context.py
56604179,36,0,36,xoutil/context.py
56604179,8,20,28,xoutil/objects.py
56604179,7,11,18,xoutil/tasking/__init__.py
56604179,0,4,4,xoutil/future/codecs.py
56604179,0,4,4,xoutil/future/collections.py
56604179,0,4,4,xoutil/future/datetime.py
56604179,0,4,4,xoutil/future/functools.py
56604179,0,5,5,xoutil/future/inspect.py
56604179,0,5,5,xoutil/future/itertools.py
56604179,0,4,4,xoutil/future/json.py
56604179,0,4,4,xoutil/future/pprint.py
56604179,0,4,4,xoutil/future/subprocess.py
56604179,0,4,4,xoutil/future/textwrap.py
56604179,0,3,3,xoutil/future/threading.py
56604179,1,5,6,xoutil/future/types.py
56604179,7,24,31,xoutil/future/itertools.py
56604179,1,1,2,tests/test_context.py
56604179,1,1,2,tests/test_decorators.py
56604179,6,6,12,tests/test_dim.py
56604179,1,1,2,tests/test_functools.py
56604179,1,1,2,tests/test_inspect.py
56604179,1,1,2,tests/test_keywords.py
56604179,1,1,2,tests/test_metaclass.py
56604179,1,1,2,tests/test_mixins.py
56604179,1,1,2,tests/test_names.py
56604179,16,16,32,tests/test_objects.py
56604179,1,1,2,tests/test_tasking.py
56604179,1,1,2,xoutil/annotate.py
56604179,1,1,2,xoutil/bases.py
56604179,1,1,2,xoutil/bound.py
56604179,3,3,6,xoutil/cli/tools.py
56604179,1,1,2,xoutil/context.py
56604179,9,9,18,xoutil/decorator/__init__.py
56604179,1,1,2,xoutil/decorator/meta.py
56604179,1,1,2,xoutil/deprecation.py
56604179,7,7,14,xoutil/dim/base.py
56604179,1,1,2,xoutil/dim/currencies.py
56604179,7,7,14,xoutil/dim/meta.py
56604179,6,2,8,xoutil/eight/_meta.py
56604179,1,1,2,xoutil/eight/mixins.py
56604179,3,3,6,xoutil/formatter.py
56604179,1,1,2,xoutil/fp/option.py
56604179,1,1,2,xoutil/fp/prove/semantic.py
56604179,4,4,8,xoutil/future/collections.py
56604179,3,3,6,xoutil/future/datetime.py
56604179,1,1,2,xoutil/future/threading.py
56604179,5,5,10,xoutil/future/types.py
56604179,1,1,2,xoutil/infinity.py
56604179,19,19,38,xoutil/objects.py
56604179,3,3,6,xoutil/params.py
56604179,1,1,2,xoutil/progress.py
56604179,1,1,2,xoutil/records.py
56604179,1,1,2,xoutil/symbols.py
56604179,3,3,6,xoutil/tasking/__init__.py
56604179,1,1,2,xoutil/tasking/_greenlet_local.py
56604179,1,1,2,xoutil/tasking/lock.py
56604179,1,1,2,xoutil/tasking/safe.py
56604179,1,1,2,xoutil/values/__init__.py
56604179,0,361,361,xoutil/future/collections.py
56604179,1,287,288,xoutil/future/functools.py
56604179,1,183,184,xoutil/reprlib.py
56604179,11,2,13,xoutil/__init__.py
56604179,27,0,27,xoutil/deprecation.py
56604179,6,0,6,tests/test_objects.py
56604179,46,0,46,xoutil/objects.py
56604179,1,1,2,xoutil/release.py
56604179,2,2,4,xoutil/__init__.py
56604179,40,126,166,xoutil/eight/__init__.py
56604179,2,1,3,xoutil/eight/mixins.py
56604179,1,2,3,xoutil/deprecation.py
56604179,7,1,8,xoutil/eight/urllib/__init__.py
56604179,0,37,37,xoutil/eight/urllib/error.py
56604179,0,114,114,xoutil/eight/urllib/parse.py
56604179,0,120,120,xoutil/eight/urllib/request.py
56604179,0,28,28,xoutil/eight/urllib/response.py
56604179,0,57,57,xoutil/eight/urllib/robotparser.py
56604179,0,14,14,xoutil/eight/_throw2.py
56604179,1,5,6,xoutil/eight/exceptions.py
56604179,0,161,161,xoutil/html/__init__.py
56604179,5,5,10,xoutil/annotate.py
56604179,0,1,1,xoutil/collections.py
56604179,0,1,1,xoutil/datetime.py
56604179,0,1,1,xoutil/functools.py
56604179,0,1,1,xoutil/inspect.py
56604179,0,1,1,xoutil/iterators.py
56604179,0,1,1,xoutil/json.py
56604179,0,1,1,xoutil/pprint.py
56604179,0,1,1,xoutil/subprocess.py
56604179,0,1,1,xoutil/textwrap.py
56604179,0,1,1,xoutil/threading.py
56604179,0,1,1,xoutil/types.py
56604179,19,6,25,tests/test_datetime.py
56604179,6,0,6,xoutil/future/datetime.py
56604179,3,3,6,tests/test_datetime.py
56604179,2,3,5,xoutil/bound.py
56604179,1,2,3,xoutil/context.py
56604179,2,4,6,xoutil/dim/currencies.py
56604179,1,2,3,xoutil/dim/meta.py
56604179,4,171,175,xoutil/eight/_types.py
56604179,11,0,11,xoutil/eight/mixins.py
56604179,1,2,3,xoutil/formatter.py
56604179,2,7,9,xoutil/fp/tools.py
56604179,2,4,6,xoutil/future/collections.py
56604179,0,32,32,xoutil/future/types.py
56604179,1,3,4,xoutil/infinity.py
56604179,1,2,3,xoutil/modules.py
56604179,2,3,5,xoutil/records.py
56604179,1,6,7,xoutil/symbols.py
56604179,2,3,5,xoutil/values/__init__.py
56604179,0,1,1,docs/source/conf.py
56604179,0,69,69,xoutil/eight/_meta2.py
56604179,5,85,90,xoutil/eight/meta.py
56604179,1,3,4,setup.py
56604179,2,6,8,xoutil/release.py
56604179,1,1,2,xoutil/release.py
56604179,3,0,3,xoutil/future/collections.py
56604179,10,3,13,xoutil/future/collections.py
56604179,3,2,5,xoutil/future/collections.py
56604179,4,4,8,xoutil/future/inspect.py
56604179,54,0,54,tests/test_inspect.py
56604179,5,4,9,xoutil/future/collections.py
56604179,1,1,2,xoutil/future/datetime.py
56604179,10,11,21,xoutil/eight/__init__.py
56604179,0,1,1,xoutil/reprlib.py
56604179,1,1,2,xoutil/future/codecs.py
56604179,4,1,5,xoutil/eight/string.py
56604179,8,2,10,xoutil/future/codecs.py
56604179,2,2,4,xoutil/string.py
56604179,4,3,7,tests/test_string.py
56604179,7,1,8,xoutil/string.py
56604179,5,2,7,xoutil/eight/string.py
56604179,1,4,5,xoutil/future/codecs.py
56604179,13,13,26,tests/test_iterators.py
56604179,9,9,18,tests/test_modules.py
56604179,1,1,2,xoutil/annotate.py
56604179,1,1,2,xoutil/cpystack.py
56604179,1,1,2,xoutil/objects.py
56604179,1,1,2,xoutil/validators/__init__.py
56604179,1,1,2,xoutil/release.py
56604179,1,1,2,xoutil/future/datetime.py
56604179,1,1,2,xoutil/release.py
56604179,3,1,4,xoutil/future/datetime.py
56604179,10,0,10,tests/test_datetime.py
56604179,4,2,6,tests/test_datetime.py
56604179,2,2,4,setup.py
56604179,1,1,2,xoutil/objects.py
56604179,2,2,4,xoutil/fp/tools.py
56604179,41,0,41,xoutil/fp/tools.py
56604179,1,1,2,tests/test_objects.py
56604179,13,0,13,tests/test_objects.py
56604179,21,0,21,xoutil/objects.py
56604179,0,1,1,xoutil/future/itertools.py
56604179,0,17,17,xoutil/future/itertools.py
56604179,2,0,2,xoutil/future/itertools.py
56604179,4,0,4,xoutil/logger.py
56604179,1,1,2,xoutil/release.py
56604179,0,1,1,xoutil/deprecation.py
56604179,1,0,1,xoutil/iterators.py
56604179,37,5,42,xoutil/future/types.py
56604179,0,6,6,xoutil/future/types.py
56604179,1,6,7,xoutil/future/types.py
56604179,30,7,37,xoutil/future/types.py
56604179,5,7,12,xoutil/future/types.py
56604179,17,5,22,xoutil/iterators.py
56604179,1,3,4,xoutil/future/types.py
56604179,7,2,9,xoutil/future/types.py
56604179,3,9,12,xoutil/future/types.py
56604179,8,20,28,xoutil/future/types.py
56604179,17,17,34,xoutil/future/types.py
56604179,20,6,26,xoutil/future/types.py
56604179,40,1,41,xoutil/future/types.py
56604179,15,1,16,xoutil/deprecation.py
56604179,10,10,20,xoutil/future/itertools.py
56604179,6,1,7,xoutil/future/itertools.py
56604179,3,5,8,xoutil/future/itertools.py
56604179,22,7,29,tests/test_iterators.py
56604179,4,3,7,xoutil/deprecation.py
56604179,483,0,483,xoutil/future/itertools.py
56604179,1,477,478,xoutil/iterators.py
56604179,57,0,57,xoutil/iterators.py
56604179,2,3,5,xoutil/future/types.py
56604179,5,18,23,xoutil/future/types.py
56604179,2,0,2,xoutil/future/mimetypes.py
56604179,2,2,4,xoutil/future/collections.py
56604179,2,3,5,xoutil/future/collections.py
56604179,2,2,4,xoutil/future/collections.py
56604179,37,0,37,xoutil/future/mimetypes.py
56604179,291,356,647,xoutil/future/types.py
56604179,7,7,14,xoutil/iterators.py
56604179,4,4,8,xoutil/eight/urllib/error.py
56604179,1,4,5,xoutil/eight/urllib/parse.py
56604179,0,1,1,xoutil/eight/urllib/request.py
56604179,57,0,57,xoutil/eight/urllib/robotparser.py
56604179,28,0,28,xoutil/eight/urllib/response.py
56604179,117,0,117,xoutil/eight/urllib/parse.py
56604179,121,0,121,xoutil/eight/urllib/request.py
56604179,37,0,37,xoutil/eight/urllib/error.py
56604179,10,0,10,xoutil/eight/urllib/__init__.py
56604179,0,41,41,xoutil/fp/option.py
56604179,1,1,2,xoutil/future/csv.py
56604179,4,1,5,xoutil/string.py
56604179,2,12,14,xoutil/future/calendar.py
56604179,2,2,4,xoutil/future/collections.py
56604179,1,2,3,xoutil/params.py
56604179,31,23,54,xoutil/future/collections.py
56604179,4,6,10,xoutil/records.py
56604179,8,8,16,xoutil/fp/option.py
56604179,1,1,2,xoutil/eight/exceptions.py
56604179,2,2,4,xoutil/fp/prove/__init__.py
56604179,4,4,8,xoutil/fp/prove/semantic.py
56604179,1,1,2,xoutil/future/collections.py
56604179,1,1,2,xoutil/future/inspect.py
56604179,5,5,10,xoutil/values/__init__.py
56604179,8,8,16,xoutil/values/simple.py
56604179,3,1,4,xoutil/fp/tools.py
56604179,1,2,3,xoutil/future/subprocess.py
56604179,1,1,2,xoutil/annotate.py
56604179,1,1,2,xoutil/bases.py
56604179,5,2,7,xoutil/cli/__init__.py
56604179,1,1,2,xoutil/clipping.py
56604179,1,0,1,xoutil/context.py
56604179,2,2,4,xoutil/crypto.py
56604179,2,1,3,xoutil/dim/__init__.py
56604179,2,1,3,xoutil/dim/base.py
56604179,4,4,8,xoutil/dim/meta.py
56604179,3,2,5,xoutil/eight/__init__.py
56604179,3,0,3,xoutil/eight/_throw2.py
56604179,0,1,1,xoutil/eight/exceptions.py
56604179,1,0,1,xoutil/eight/io.py
56604179,4,0,4,xoutil/eight/meta.py
56604179,1,2,3,xoutil/future/pprint.py
56604179,1,1,2,xoutil/future/threading.py
56604179,1,1,2,xoutil/html/__init__.py
56604179,4,3,7,xoutil/iterators.py
56604179,7,5,12,xoutil/names.py
56604179,6,4,10,xoutil/objects.py
56604179,1,1,2,xoutil/params.py
56604179,1,1,2,xoutil/reprlib.py
56604179,1,0,1,xoutil/string.py
56604179,8,2,10,xoutil/tasking/_greenlet_local.py
56604179,2,3,5,xoutil/validators/identifiers.py
56604179,1,1,2,xoutil/__init__.py
56604179,4,0,4,xoutil/benchmark/mp.py
56604179,4,3,7,xoutil/cpystack.py
56604179,1,0,1,xoutil/fs/__init__.py
56604179,2,2,4,xoutil/decorator/__init__.py
56604179,1,1,2,xoutil/decorator/meta.py
56604179,1,1,2,xoutil/formatter.py
56604179,4,4,8,xoutil/fs/path.py
56604179,3,3,6,xoutil/future/inspect.py
56604179,1,1,2,xoutil/modules.py
56604179,1,4,5,xoutil/objects.py
56604179,1,1,2,xoutil/release.py
56604179,5,7,12,xoutil/web.py
56604179,1,1,2,xoutil/future/types.py
56604179,1,0,1,xoutil/versions.py
56604179,10,8,18,xoutil/versions.py
56604179,22,12,34,xoutil/future/collections.py
56604179,0,39,39,xoutil/fs/__init__.py
56604179,2,3,5,xoutil/future/codecs.py
56604179,10,9,19,xoutil/future/datetime.py
56604179,1,1,2,xoutil/future/datetime.py
56604179,0,13,13,xoutil/future/datetime.py
56604179,16,0,16,tests/test_codecs.py
56604179,0,3,3,tests/test_eight_string.py
56604179,1,1,2,tests/test_string.py
56604179,1,1,2,xoutil/future/csv.py
56604179,5,4,9,xoutil/future/csv.py
56604179,7,8,15,tests/test_csv.py
56604179,33,25,58,xoutil/future/csv.py
56604179,2,2,4,tests/test_decorators.py
56604179,4,0,4,tests/test_fs.py
56604179,1,1,2,tests/test_codecs.py
56604179,4,8,12,tests/customizetestbed.py
56604179,4,8,12,tests/test_abc.py
56604179,3,7,10,tests/test_annotations.py
56604179,4,8,12,tests/test_bases.py
56604179,4,8,12,tests/test_bound.py
56604179,3,9,12,tests/test_cli.py
56604179,3,9,12,tests/test_clisp.py
56604179,3,12,15,tests/test_collections.py
56604179,3,7,10,tests/test_context.py
56604179,4,8,12,tests/test_datetime.py
56604179,4,12,16,tests/test_decorators.py
56604179,3,8,11,tests/test_dim.py
56604179,2,7,9,tests/test_fp.py
56604179,4,9,13,tests/test_fs.py
56604179,4,12,16,tests/test_functools.py
56604179,2,8,10,tests/test_infinity.py
56604179,3,7,10,tests/test_iterators.py
56604179,4,10,14,tests/test_keywords.py
56604179,4,8,12,tests/test_metaclass.py
56604179,4,8,12,tests/test_mixins.py
56604179,3,7,10,tests/test_modules.py
56604179,4,9,13,tests/test_names.py
56604179,3,7,10,tests/test_objects.py
56604179,4,8,12,tests/test_params.py
56604179,4,8,12,tests/test_pprint.py
56604179,4,8,12,tests/test_records.py
56604179,3,8,11,tests/test_safe.py
56604179,4,8,12,tests/test_string.py
56604179,4,8,12,tests/test_symbols.py
56604179,2,7,9,tests/test_tools.py
56604179,4,8,12,tests/test_types.py
56604179,4,13,17,tests/testbed.py
56604179,3,11,14,xoutil/__init__.py
56604179,3,7,10,xoutil/annotate.py
56604179,3,7,10,xoutil/bases.py
56604179,4,8,12,xoutil/bound.py
56604179,3,7,10,xoutil/cli/__init__.py
56604179,3,7,10,xoutil/cli/app.py
56604179,3,7,10,xoutil/cli/tools.py
56604179,3,11,14,xoutil/context.py
56604179,3,10,13,xoutil/cpystack.py
56604179,3,10,13,xoutil/crypto.py
56604179,4,10,14,xoutil/decorator/__init__.py
56604179,3,7,10,xoutil/decorator/development.py
56604179,2,7,9,xoutil/decorator/meta.py
56604179,3,9,12,xoutil/deprecation.py
56604179,2,7,9,xoutil/dim/__init__.py
56604179,3,8,11,xoutil/dim/base.py
56604179,2,7,9,xoutil/dim/currencies.py
56604179,3,8,11,xoutil/dim/meta.py
56604179,3,7,10,xoutil/eight/__init__.py
56604179,3,8,11,xoutil/eight/_meta.py
56604179,3,7,10,xoutil/eight/_meta2.py
56604179,3,7,10,xoutil/eight/_meta3.py
56604179,2,7,9,xoutil/eight/_throw2.py
56604179,3,8,11,xoutil/eight/_types.py
56604179,3,8,11,xoutil/eight/abc.py
56604179,3,8,11,xoutil/eight/exceptions.py
56604179,4,7,11,xoutil/eight/io.py
56604179,3,7,10,xoutil/eight/meta.py
56604179,3,8,11,xoutil/eight/mixins.py
56604179,3,8,11,xoutil/eight/queue.py
56604179,2,9,11,xoutil/formatter.py
56604179,2,7,9,xoutil/fp/__init__.py
56604179,3,8,11,xoutil/fp/option.py
56604179,3,8,11,xoutil/fp/prove/__init__.py
56604179,2,7,9,xoutil/fp/prove/semantic.py
56604179,2,7,9,xoutil/fp/tools.py
56604179,3,8,11,xoutil/fs/__init__.py
56604179,3,9,12,xoutil/fs/path.py
56604179,3,8,11,xoutil/future/__init__.py
56604179,2,7,9,xoutil/future/calendar.py
56604179,5,18,23,xoutil/future/collections.py
56604179,3,12,15,xoutil/future/datetime.py
56604179,4,11,15,xoutil/future/functools.py
56604179,5,10,15,xoutil/future/inspect.py
56604179,3,12,15,xoutil/future/json.py
56604179,3,8,11,xoutil/future/pprint.py
56604179,3,8,11,xoutil/future/subprocess.py
56604179,4,8,12,xoutil/future/textwrap.py
56604179,3,8,11,xoutil/future/threading.py
56604179,3,8,11,xoutil/future/types.py
56604179,3,7,10,xoutil/html/__init__.py
56604179,3,8,11,xoutil/infinity.py
56604179,2,11,13,xoutil/iterators.py
56604179,3,8,11,xoutil/keywords.py
56604179,4,8,12,xoutil/logger.py
56604179,3,7,10,xoutil/modules.py
56604179,3,8,11,xoutil/names.py
56604179,3,12,15,xoutil/objects.py
56604179,3,9,12,xoutil/progress.py
56604179,4,9,13,xoutil/records.py
56604179,3,7,10,xoutil/symbols.py
56604179,3,8,11,xoutil/tasking/_greenlet_local.py
56604179,3,8,11,xoutil/tasking/lock.py
56604179,3,8,11,xoutil/tasking/safe.py
56604179,3,8,11,xoutil/tools.py
56604179,3,9,12,xoutil/validators/__init__.py
56604179,3,11,14,xoutil/validators/identifiers.py
56604179,3,8,11,xoutil/values/__init__.py
56604179,3,8,11,xoutil/values/simple.py
56604179,2,7,9,xoutil/versions.py
56604179,3,11,14,xoutil/web.py
56604179,3,10,13,xoutil/release.py
56604179,12,20,32,xoutil/future/calendar.py
56604179,2,2,4,xoutil/future/csv.py
56604179,1,1,2,xoutil/future/csv.py
56604179,2,7,9,xoutil/future/csv.py
56604179,2,0,2,xoutil/future/collections.py
56604179,9,1,10,xoutil/formatter.py
56604179,19,0,19,tests/test_collections.py
56604179,38,0,38,xoutil/future/collections.py
56604179,2,0,2,xoutil/params.py
56604179,3,9,12,xoutil/params.py
56604179,1,6,7,xoutil/params.py
56604179,5,0,5,tests/test_params.py
56604179,1,1,2,tests/test_params.py
56604179,23,4,27,xoutil/params.py
56604179,7,2,9,xoutil/future/csv.py
56604179,55,0,55,tests/test_csv.py
56604179,16,2,18,xoutil/future/csv.py
56604179,67,0,67,xoutil/future/csv.py
56604179,25,0,25,tests/test_params.py
56604179,13,0,13,xoutil/params.py
56604179,6,4,10,xoutil/params.py
56604179,10,7,17,xoutil/params.py
56604179,6,4,10,xoutil/params.py
56604179,27,1,28,xoutil/params.py
56604179,2,8,10,xoutil/decorator/__init__.py
56604179,8,0,8,xoutil/objects.py
56604179,4,0,4,tests/test_decorators.py
56604179,17,1,18,xoutil/decorator/__init__.py
56604179,12,16,28,tests/test_decorators.py
56604179,3,5,8,xoutil/decorator/__init__.py
56604179,1,2,3,tests/test_decorators.py
56604179,3,3,6,xoutil/html/__init__.py
56604179,2,2,4,xoutil/cpystack.py
56604179,0,3,3,xoutil/future/inspect.py
56604179,1,1,2,xoutil/params.py
56604179,27,0,27,tests/test_decorators.py
56604179,1,2,3,setup.py
56604179,1,1,2,xoutil/release.py
56604179,2,0,2,xoutil/testing/datetime.py
56604179,1,0,1,setup.py
56604179,34,0,34,xoutil/decorator/__init__.py
56604179,3,8,11,xoutil/tasking/__init__.py
56604179,4,2,6,xoutil/tasking/__init__.py
56604179,0,4,4,xoutil/tasking/__init__.py
56604179,7,7,14,tests/test_tasking.py
56604179,66,67,133,xoutil/tasking/__init__.py
56604179,1,1,2,docs/source/conf.py
56604179,6,6,12,xoutil/tasking/__init__.py
56604179,11,3,14,xoutil/tasking/__init__.py
56604179,9,4,13,xoutil/tasking/__init__.py
56604179,62,0,62,tests/test_tasking.py
56604179,22,27,49,xoutil/tasking/__init__.py
56604179,62,8,70,xoutil/tasking/__init__.py
56604179,1,1,2,setup.py
56604179,17,0,17,tests/test_time.py
56604179,19,0,19,xoutil/future/time.py
56604179,1,1,2,xoutil/tasking/__init__.py
56604179,2,2,4,xoutil/objects.py
56604179,33,0,33,tests/test_objects.py
56604179,50,2,52,xoutil/objects.py
56604179,19,1,20,xoutil/objects.py
56604179,1,1,2,setup.py
56604179,111,0,111,xoutil/tasking/__init__.py
56604179,29,0,29,xoutil/objects.py
56604179,18,0,18,tests/test_objects.py
56604179,16,0,16,xoutil/objects.py
56604179,38,0,38,tests/test_datetime.py
56604179,65,0,65,xoutil/future/datetime.py
56604179,1,1,2,xoutil/release.py
56604179,1,1,2,xoutil/objects.py
56604179,16,0,16,tests/test_objects.py
56604179,2,2,4,xoutil/fp/tools.py
56604179,1,1,2,xoutil/testing/datetime.py
56604179,1,1,2,xoutil/testing/datetime.py
56604179,2,2,4,xoutil/testing/datetime.py
56604179,1,0,1,docs/source/conf.py
56604179,2,0,2,xoutil/testing/datetime.py
56604179,6,6,12,tests/test_datetime.py
56604179,42,8,50,xoutil/testing/datetime.py
56604179,20,30,50,tests/test_datetime.py
56604179,0,0,0,xoutil/testing/__init__.py
56604179,36,0,36,xoutil/testing/datetime.py
56604179,2,2,4,xoutil/decorator/__init__.py
56604179,7,0,7,xoutil/decorator/__init__.py
56604179,3,1,4,xoutil/objects.py
56604179,4,0,4,xoutil/decorator/__init__.py
56604179,14,0,14,tests/test_fp.py
56604179,1,1,2,tests/customizetestbed.py
56604179,2,1,3,tests/test_decorators.py
56604179,1,1,2,tests/test_objects.py
56604179,10,19,29,xoutil/decorator/__init__.py
56604179,1,1,2,xoutil/modules.py
56604179,36,2,38,xoutil/objects.py
56604179,22,3,25,xoutil/fp/tools.py
56604179,1,3,4,xoutil/eight/meta.py
56604179,12,39,51,xoutil/objects.py
56604179,0,21,21,xoutil/objects.py
56604179,1,1,2,xoutil/release.py
56604179,1,1,2,xoutil/release.py
56604179,1,1,2,xoutil/params.py
56604179,3,1,4,xoutil/params.py
56604179,22,69,91,xoutil/params.py
56604179,1,1,2,xoutil/string.py
56604179,57,0,57,xoutil/params.py
56604179,2,2,4,tests/test_params.py
56604179,1,38,39,xoutil/params.py
56604179,1,1,2,xoutil/eight/queue.py
56604179,3,3,6,xoutil/eight/queue.py
56604179,13,1,14,xoutil/eight/queue.py
56604179,11,6,17,xoutil/clipping.py
56604179,3,5,8,xoutil/clipping.py
56604179,45,42,87,xoutil/clipping.py
56604179,3,7,10,xoutil/fp/prove/semantic.py
56604179,21,5,26,xoutil/clipping.py
56604179,1,1,2,xoutil/params.py
56604179,6,6,12,tests/test_datetime.py
56604179,4,3,7,xoutil/datetime.py
56604179,1,1,2,xoutil/params.py
56604179,4,2,6,xoutil/params.py
56604179,1,2,3,xoutil/deprecation.py
56604179,3,2,5,xoutil/future/functools.py
56604179,51,51,102,xoutil/deprecation.py
56604179,1,1,2,xoutil/fp/tools.py
56604179,0,13,13,xoutil/dim/meta.py
56604179,0,9,9,xoutil/dim/meta.py
56604179,4,4,8,xoutil/datetime.py
56604179,1,1,2,xoutil/objects.py
56604179,4,0,4,xoutil/tasking/__init__.py
56604179,1,1,2,xoutil/release.py
56604179,0,6,6,xoutil/params.py
56604179,2,2,4,xoutil/future/collections.py
56604179,21,1,22,xoutil/params.py
56604179,1,1,2,xoutil/cli/__init__.py
56604179,2,1,3,xoutil/fp/__init__.py
56604179,1,1,2,xoutil/validators/__init__.py
56604179,4,4,8,xoutil/fp/prove/__init__.py
56604179,1,1,2,xoutil/values/__init__.py
56604179,8,8,16,xoutil/params.py
56604179,3,1,4,xoutil/web.py
56604179,1,1,2,xoutil/cpystack.py
56604179,0,1,1,xoutil/eight/__init__.py
56604179,0,2,2,xoutil/future/inspect.py
56604179,0,1,1,xoutil/string.py
56604179,0,40,40,xoutil/counter.py
56604179,1,3,4,xoutil/clipping.py
56604179,11,15,26,xoutil/logical.py
56604179,1,0,1,xoutil/symbols.py
56604179,10,27,37,xoutil/uuid.py
56604179,2,3,5,xoutil/values/__init__.py
56604179,30,2,32,xoutil/deprecation.py
56604179,1,1,2,xoutil/values/__init__.py
56604179,1,1,2,xoutil/values/__init__.py
56604179,4,0,4,xoutil/values/__init__.py
56604179,7,7,14,tests/test_clisp.py
56604179,1,1,2,tests/test_params.py
56604179,1,1,2,tests/test_types.py
56604179,1,1,2,xoutil/cpystack.py
56604179,1,1,2,xoutil/fs/__init__.py
56604179,9,7,16,xoutil/future/types.py
56604179,6,6,12,xoutil/objects.py
56604179,2,2,4,xoutil/params.py
56604179,2,2,4,xoutil/string.py
56604179,1,1,2,xoutil/uuid.py
56604179,8,9,17,xoutil/{cl => values}/__init__.py
56604179,0,0,0,xoutil/{cl => values}/ids.py
56604179,2,2,4,xoutil/{cl => values}/simple.py
56604179,0,50,50,xoutil/future/_past.py
56604179,0,1,1,xoutil/cl/__init__.py
56604179,6,166,172,xoutil/cl/ids.py
56604179,3,3,6,xoutil/future/codecs.py
56604179,4,4,8,xoutil/future/collections.py
56604179,3,3,6,xoutil/future/datetime.py
56604179,3,3,6,xoutil/future/functools.py
56604179,3,3,6,xoutil/future/inspect.py
56604179,3,3,6,xoutil/future/json.py
56604179,3,3,6,xoutil/future/pprint.py
56604179,3,3,6,xoutil/future/subprocess.py
56604179,3,3,6,xoutil/future/textwrap.py
56604179,3,3,6,xoutil/future/threading.py
56604179,3,3,6,xoutil/future/types.py
56604179,29,0,29,xoutil/deprecation.py
56604179,0,61,61,xoutil/values/__init__.py
56604179,0,45,45,xoutil/values/simple.py
56604179,1,4,5,xoutil/cl/ids.py
56604179,0,65,65,xoutil/values/args.py
56604179,57,0,57,xoutil/params.py
56604179,2,1,3,tests/test_params.py
56604179,1,1,2,xoutil/cl/ids.py
56604179,0,183,183,xoutil/fp/params/__init__.py
56604179,2,2,4,xoutil/fp/prove/__init__.py
56604179,1,1,2,xoutil/fp/prove/semantic.py
56604179,2,2,4,xoutil/fs/__init__.py
56604179,11,11,22,xoutil/future/collections.py
56604179,3,3,6,xoutil/future/functools.py
56604179,1,1,2,xoutil/future/inspect.py
56604179,2,2,4,xoutil/future/types.py
56604179,1,1,2,xoutil/objects.py
56604179,138,80,218,xoutil/params.py
56604179,1,1,2,xoutil/string.py
56604179,3,3,6,xoutil/tools.py
56604179,0,2,2,xoutil/values/args.py
56604179,18,24,42,xoutil/cl/__init__.py
56604179,0,19,19,xoutil/fp/pl/__init__.py
56604179,24,55,79,xoutil/cl/__init__.py
56604179,28,20,48,xoutil/string.py
56604179,0,94,94,xoutil/cl/lisp.py
56604179,0,251,251,xoutil/connote.py
56604179,44,9,53,xoutil/cl/__init__.py
56604179,0,73,73,xoutil/fp/cl/__init__.py
56604179,20,20,40,tests/test_string.py
56604179,2,2,4,xoutil/crypto.py
56604179,2,2,4,xoutil/future/collections.py
56604179,2,2,4,xoutil/names.py
56604179,18,20,38,xoutil/string.py
56604179,2,2,4,xoutil/web.py
56604179,2,0,2,xoutil/clipping.py
56604179,0,1,1,xoutil/string.py
56604179,165,0,165,xoutil/clipping.py
56604179,2,2,4,xoutil/fp/prove/__init__.py
56604179,2,2,4,xoutil/fp/prove/semantic.py
56604179,0,160,160,xoutil/string.py
56604179,4,4,8,tests/test_string.py
56604179,1,1,2,xoutil/cl/ids.py
56604179,1,1,2,xoutil/cl/simple.py
56604179,1,1,2,xoutil/crypto.py
56604179,0,1,1,xoutil/eight/string.py
56604179,2,2,4,xoutil/fp/prove/__init__.py
56604179,4,4,8,xoutil/fp/prove/semantic.py
56604179,1,1,2,xoutil/future/collections.py
56604179,0,515,515,xoutil/future/string.py
56604179,1,1,2,xoutil/names.py
56604179,487,1,488,xoutil/string.py
56604179,2,2,4,xoutil/values/simple.py
56604179,1,1,2,xoutil/web.py
56604179,1,18,19,xoutil/future/string.py
56604179,1,30,31,xoutil/future/string.py
56604179,18,5,23,xoutil/future/datetime.py
56604179,0,9,9,xoutil/future/string.py
56604179,1,13,14,xoutil/future/string.py
56604179,2,2,4,xoutil/cli/__init__.py
56604179,49,1,50,xoutil/cli/tools.py
56604179,0,53,53,xoutil/future/string.py
56604179,4,3,7,tests/test_string.py
56604179,16,0,16,xoutil/eight/string.py
56604179,4,20,24,xoutil/future/string.py
56604179,2,17,19,xoutil/context.py
56604179,3,51,54,xoutil/future/string.py
56604179,0,23,23,xoutil/future/string.py
56604179,2,0,2,xoutil/future/string.py
56604179,2,1,3,xoutil/modules/__init__.py
56604179,6,14,20,xoutil/eight/string.py
56604179,3,25,28,xoutil/future/string.py
56604179,38,23,61,xoutil/deprecation.py
56604179,20,6,26,xoutil/eight/string.py
56604179,28,2,30,xoutil/eight/text.py
56604179,4,58,62,xoutil/future/string.py
56604179,27,0,27,tests/test_eight_string.py
56604179,5,6,11,xoutil/deprecation.py
56604179,83,0,83,xoutil/deprecation.py
56604179,5,6,11,xoutil/future/string.py
56604179,3,0,3,xoutil/future/types.py
56604179,9,4,13,xoutil/modules/__init__.py
56604179,5,5,10,xoutil/future/types.py
56604179,0,12,12,tests/test_string.py
56604179,2,2,4,xoutil/connote.py
56604179,61,15,76,xoutil/eight/string.py
56604179,3,2,5,xoutil/fp/prove/__init__.py
56604179,3,3,6,xoutil/future/functools.py
56604179,10,46,56,xoutil/future/string.py
56604179,2,2,4,xoutil/objects.py
56604179,2,2,4,tests/test_dim.py
56604179,2,2,4,tests/test_iterators.py
56604179,6,2,8,xoutil/cli/__init__.py
56604179,12,1,13,xoutil/eight/text.py
56604179,4,3,7,xoutil/future/string.py
56604179,1,0,1,xoutil/eight/mixins.py
56604179,16,0,16,xoutil/eight/text.py
56604179,2,0,2,xoutil/eight/string.py
56604179,1,1,2,xoutil/fs/__init__.py
56604179,1,1,2,xoutil/fs/path.py
56604179,1,1,2,xoutil/future/pprint.py
56604179,11,5,16,xoutil/future/string.py
56604179,3,3,6,xoutil/html/__init__.py
56604179,1,1,2,xoutil/objects.py
56604179,2,1,3,xoutil/web.py
56604179,27,0,27,tests/test_codecs.py
56604179,0,12,12,tests/test_string.py
56604179,97,9,106,xoutil/future/codecs.py
56604179,4,82,86,xoutil/future/string.py
56604179,11,5,16,xoutil/future/string.py
56604179,30,0,30,xoutil/future/codecs.py
56604179,0,1,1,xoutil/future/textwrap.py
56604179,9,1,10,tests/test_cli.py
56604179,3,2,5,xoutil/cli/__init__.py
56604179,9,2,11,tests/test_datetime.py
56604179,14,4,18,xoutil/datetime.py
56604179,7,0,7,tests/test_datetime.py
56604179,0,3,3,xoutil/datetime.py
56604179,1,1,2,xoutil/release.py
56604179,4,2,6,xoutil/datetime.py
56604179,6,0,6,tests/test_datetime.py
56604179,1,1,2,xoutil/fp/option.py
56604179,2,2,4,xoutil/fp/params/__init__.py
56604179,5,5,10,xoutil/fp/prove/__init__.py
56604179,7,7,14,xoutil/fp/prove/semantic.py
56604179,6,6,12,xoutil/params.py
56604179,0,23,23,xoutil/fp/monads/__init__.py
56604179,0,239,239,xoutil/fp/monads/abc.py
56604179,0,0,0,xoutil/fp/{monads => }/option.py
56604179,3,0,3,xoutil/future/string.py
56604179,4,4,8,xoutil/connote.py
56604179,15,8,23,xoutil/future/inspect.py
56604179,8,8,16,xoutil/names.py
56604179,6,6,12,xoutil/validators/__init__.py
56604179,2,2,4,xoutil/future/types.py
56604179,1,1,2,xoutil/future/textwrap.py
56604179,6,3,9,xoutil/future/string.py
56604179,4,4,8,xoutil/future/json.py
56604179,7,6,13,xoutil/future/inspect.py
56604179,3,2,5,xoutil/future/functools.py
56604179,9,7,16,xoutil/future/datetime.py
56604179,1,1,2,xoutil/cl/__init__.py
56604179,65,57,122,xoutil/fp/prove/__init__.py
56604179,10,13,23,xoutil/fp/params/__init__.py
56604179,108,17,125,xoutil/fp/monads/option.py
56604179,20,5,25,tests/test_dim.py
56604179,2,1,3,xoutil/release.py
56604179,1,1,2,tests/test_clisp.py
56604179,1,2,3,xoutil/fp/prove/__init__.py
56604179,23,18,41,xoutil/datetime.py
56604179,24,17,41,xoutil/future/datetime.py
56604179,1,1,2,xoutil/release.py
56604179,8,7,15,xoutil/datetime.py
56604179,0,33,33,tests/test_datetime.py
56604179,0,34,34,xoutil/datetime.py
56604179,5,0,5,tests/test_datetime.py
56604179,1,1,2,xoutil/datetime.py
56604179,1,1,2,tests/test_datetime.py
56604179,35,9,44,xoutil/future/datetime.py
56604179,1,0,1,tests/test_datetime.py
56604179,11,0,11,tests/test_datetime.py
56604179,5,6,11,xoutil/future/datetime.py
56604179,3,3,6,xoutil/annotate.py
56604179,1,1,2,xoutil/cl/ids.py
56604179,3,3,6,xoutil/cli/app.py
56604179,3,3,6,xoutil/connote.py
56604179,4,4,8,xoutil/cpystack.py
56604179,6,6,12,xoutil/crypto.py
56604179,1,1,2,xoutil/decorator/meta.py
56604179,1,1,2,xoutil/deprecation.py
56604179,2,2,4,xoutil/eight/io.py
56604179,3,3,6,xoutil/eight/meta.py
56604179,4,4,8,xoutil/fs/__init__.py
56604179,2,2,4,xoutil/fs/path.py
56604179,12,12,24,xoutil/future/collections.py
56604179,2,2,4,xoutil/future/functools.py
56604179,1,1,2,xoutil/future/inspect.py
56604179,2,2,4,xoutil/future/string.py
56604179,1,1,2,xoutil/future/textwrap.py
56604179,7,7,14,xoutil/future/types.py
56604179,5,5,10,xoutil/html/__init__.py
56604179,9,6,15,xoutil/iterators.py
56604179,2,2,4,xoutil/modules/__init__.py
56604179,8,8,16,xoutil/objects.py
56604179,1,1,2,xoutil/records.py
56604179,2,2,4,xoutil/symbols.py
56604179,2,2,4,xoutil/validators/identifiers.py
56604179,1,1,2,xoutil/release.py
56604179,19,0,19,tests/test_datetime.py
56604179,33,9,42,xoutil/datetime.py
56604179,1,1,2,xoutil/dim/meta.py
56604179,1,1,2,xoutil/dim/meta.py
56604179,14,0,14,xoutil/dim/meta.py
56604179,0,2,2,xoutil/dim/meta.py
56604179,11,11,22,tests/test_dim.py
56604179,8,8,16,xoutil/dim/base.py
56604179,102,59,161,xoutil/dim/meta.py
56604179,7,1,8,xoutil/dim/meta.py
56604179,1,1,2,xoutil/release.py
56604179,37,14,51,xoutil/dim/meta.py
56604179,5,5,10,xoutil/future/datetime.py
56604179,13,0,13,xoutil/dim/meta.py
56604179,12,3,15,tests/test_dim.py
56604179,4,2,6,xoutil/dim/meta.py
56604179,17,4,21,xoutil/dim/base.py
56604179,7,1,8,xoutil/dim/meta.py
56604179,8,8,16,tests/test_dim.py
56604179,4,3,7,xoutil/dim/__init__.py
56604179,0,0,0,xoutil/dim/app/__init__.py
56604179,5,5,10,xoutil/dim/{app => }/currencies.py
56604179,2,3,5,xoutil/dim/meta.py
56604179,1,1,2,xoutil/dim/__init__.py
56604179,1,1,2,xoutil/dim/app/currencies.py
56604179,1,1,2,xoutil/dim/app/standard.py
56604179,1,1,2,xoutil/dim/meta.py
56604179,13,13,26,tests/test_dim.py
56604179,4,4,8,xoutil/dim/meta.py
56604179,17,0,17,tests/test_dim.py
56604179,25,0,25,xoutil/dim/meta.py
56604179,1,1,2,xoutil/dim/meta.py
56604179,9,9,18,xoutil/dim/app/standard.py
56604179,41,5,46,xoutil/dim/meta.py
56604179,16,6,22,xoutil/dim/meta.py
56604179,1,1,2,xoutil/dim/app/currencies.py
56604179,2,2,4,xoutil/dim/meta.py
56604179,1,1,2,xoutil/dim/app/standard.py
56604179,12,11,23,xoutil/dim/app/standard.py
56604179,4,1,5,tests/test_dim.py
56604179,9,2,11,xoutil/dim/__init__.py
56604179,22,4,26,xoutil/dim/app/currencies.py
56604179,4,2,6,xoutil/dim/app/standard.py
56604179,6,5,11,xoutil/dim/meta.py
56604179,10,2,12,xoutil/dim/meta.py
56604179,19,0,19,tests/test_dim.py
56604179,123,0,123,xoutil/dim/app/currencies.py
56604179,204,0,204,tests/test_dim.py
56604179,34,0,34,xoutil/dim/__init__.py
56604179,0,0,0,xoutil/dim/app/__init__.py
56604179,137,0,137,xoutil/dim/app/standard.py
56604179,641,0,641,xoutil/dim/meta.py
56604179,1,1,2,xoutil/release.py
56604179,5,0,5,tests/test_datetime.py
56604179,5,5,10,xoutil/datetime.py
56604179,1,1,2,tests/test_iterators.py
56604179,1,1,2,tests/test_metaclass.py
56604179,1,1,2,tests/test_pprint.py
56604179,2,2,4,tests/test_safe.py
56604179,7,1,8,tests/test_types.py
56604179,7,10,17,xoutil/objects.py
56604179,2,18,20,tests/test_functools.py
56604179,12,7,19,xoutil/fp/tools.py
56604179,2,0,2,xoutil/future/functools.py
56604179,5,0,5,tests/test_datetime.py
56604179,2,4,6,xoutil/datetime.py
56604179,1,1,2,tests/test_datetime.py
56604179,1,1,2,xoutil/release.py
56604179,10,1,11,xoutil/datetime.py
56604179,1,1,2,xoutil/release.py
56604179,4,2,6,xoutil/datetime.py
56604179,9,0,9,tests/test_datetime.py
56604179,1,0,1,docs/source/conf.py
56604179,1,3,4,tests/test_functools2.py
56604179,19,5,24,xoutil/datetime.py
56604179,7,5,12,xoutil/infinity.py
56604179,13,6,19,xoutil/datetime.py
56604179,5,5,10,tests/test_datetime.py
56604179,1,2,3,tests/test_infinity.py
56604179,9,7,16,tests/test_records.py
56604179,7,0,7,tests/test_datetime.py
56604179,1,1,2,xoutil/datetime.py
56604179,1,24,25,xoutil/datetime.py
56604179,1,2,3,tests/test_datetime.py
56604179,117,4,121,tests/test_datetime.py
56604179,391,2,393,xoutil/datetime.py
56604179,46,0,46,tests/test_infinity.py
56604179,110,0,110,xoutil/infinity.py
56604179,23,26,49,xoutil/fp/prove/semantic.py
56604179,4,2,6,xoutil/params.py
56604179,0,54,54,tests/test_api.py
56604179,0,259,259,xoutil/api/__init__.py
56604179,0,190,190,xoutil/api/_errors.py
56604179,59,0,59,xoutil/future/calendar.py
56604179,60,0,60,xoutil/future/calendar.py
56604179,2,0,2,xoutil/eight/meta.py
56604179,1,1,2,xoutil/cli/app.py
56604179,1,1,2,xoutil/release.py
56604179,2,1,3,xoutil/bound.py
56604179,2,0,2,xoutil/future/datetime.py
56604179,1,1,2,xoutil/future/inspect.py
56604179,2,0,2,xoutil/decorator/development.py
56604179,5,0,5,xoutil/deprecation.py
56604179,3,0,3,xoutil/symbols.py
56604179,24,0,24,xoutil/fp/params/__init__.py
56604179,2,3,5,xoutil/fp/tools.py
56604179,2,0,2,xoutil/future/types.py
56604179,1,1,2,xoutil/fp/params/__init__.py
56604179,2,2,4,xoutil/fp/prove/__init__.py
56604179,31,21,52,xoutil/versions.py
56604179,27,63,90,xoutil/versions.py
56604179,5,3,8,xoutil/__init__.py
56604179,1,137,138,xoutil/eight/__init__.py
56604179,271,17,288,xoutil/versions.py
56604179,46,0,46,xoutil/decorator/__init__.py
56604179,1,1,2,xoutil/__init__.py
56604179,1,1,2,xoutil/decorator/__init__.py
56604179,9,7,16,xoutil/decorator/meta.py
56604179,3,3,6,xoutil/names.py
56604179,1,1,2,setup.py
56604179,4,2,6,xoutil/cpystack.py
56604179,10,12,22,xoutil/decorator/__init__.py
56604179,0,5,5,xoutil/deprecation.py
56604179,2,0,2,xoutil/eight/__init__.py
56604179,2,2,4,xoutil/cl/simple.py
56604179,1,1,2,xoutil/versions.py
56604179,5,4,9,tests/test_abc.py
56604179,10,13,23,tests/test_collections.py
56604179,2,2,4,tests/test_objects.py
56604179,2,2,4,tests/test_string.py
56604179,2,2,4,xoutil/annotate.py
56604179,3,3,6,xoutil/cl/simple.py
56604179,2,2,4,xoutil/cpystack.py
56604179,2,2,4,xoutil/decorator/meta.py
56604179,2,2,4,xoutil/eight/io.py
56604179,10,10,20,xoutil/future/collections.py
56604179,2,2,4,xoutil/future/functools.py
56604179,2,2,4,xoutil/future/pprint.py
56604179,4,4,8,xoutil/future/string.py
56604179,3,5,8,xoutil/future/types.py
56604179,3,9,12,xoutil/html/__init__.py
56604179,2,2,4,xoutil/iterators.py
56604179,148,10,158,xoutil/eight/__init__.py
56604179,8,0,8,xoutil/objects.py
56604179,24,54,78,xoutil/future/types.py
56604179,5,0,5,xoutil/future/__init__.py
56604179,0,1,1,xoutil/future/collections.py
56604179,86,0,86,xoutil/eight/_types.py
56604179,11,11,22,xoutil/future/types.py
56604179,7,11,18,xoutil/fp/prove/base.py
56604179,6,0,6,xoutil/future/types.py
56604179,0,3,3,xoutil/future/inspect.py
56604179,3,6,9,xoutil/objects.py
56604179,16,1,17,xoutil/bound.py
56604179,1,3,4,xoutil/fp/prove/__init__.py
56604179,1,4,5,xoutil/cl/__init__.py
56604179,0,308,308,xoutil/fp/prove/__init__.py
56604179,329,0,329,xoutil/fp/prove/base.py
56604179,2,2,4,xoutil/params.py
56604179,35,0,35,tests/test_objects.py
56604179,94,27,121,xoutil/objects.py
56604179,3,3,6,xoutil/objects.py
56604179,5,1,6,xoutil/bases.py
56604179,1,1,2,tests/test_context.py
56604179,1,1,2,tests/test_objects.py
56604179,2,2,4,tests/test_symbols.py
56604179,1,18,19,xoutil/__init__.py
56604179,1,1,2,xoutil/annotate.py
56604179,1,1,2,xoutil/cl/__init__.py
56604179,1,1,2,xoutil/decorator/development.py
56604179,1,1,2,xoutil/decorator/meta.py
56604179,3,3,6,xoutil/fp/cl/__init__.py
56604179,5,5,10,xoutil/fp/params.py
56604179,4,5,9,xoutil/fp/prove/__init__.py
56604179,1,1,2,xoutil/fp/tools.py
56604179,1,1,2,xoutil/future/collections.py
56604179,1,1,2,xoutil/future/functools.py
56604179,1,1,2,xoutil/future/types.py
56604179,1,1,2,xoutil/iterators.py
56604179,2,1,3,xoutil/names.py
56604179,1,1,2,xoutil/objects.py
56604179,2,2,4,xoutil/records.py
56604179,11,6,17,xoutil/symbols.py
56604179,1,1,2,xoutil/values/args.py
56604179,1,1,2,xoutil/release.py
56604179,2,1,3,tests/test_clisp.py
56604179,2,1,3,xoutil/cl/__init__.py
56604179,2,0,2,xoutil/connote.py
56604179,1,0,1,xoutil/fp/prove/__init__.py
56604179,6,3,9,xoutil/future/string.py
56604179,2,1,3,xoutil/cl/__init__.py
56604179,35,25,60,xoutil/fp/prove/__init__.py
56604179,1,3,4,xoutil/connote.py
56604179,95,77,172,xoutil/fp/prove/__init__.py
56604179,2,6,8,xoutil/fp/monads/option.py
56604179,25,8,33,xoutil/eight/exceptions.py
56604179,23,0,23,xoutil/fp/params.py
56604179,8,0,8,xoutil/future/datetime.py
56604179,72,29,101,xoutil/fp/prove/__init__.py
56604179,3,11,14,xoutil/future/functools.py
56604179,2,2,4,xoutil/fp/__init__.py
56604179,2,2,4,xoutil/fp/pl/__init__.py
56604179,2,1,3,xoutil/release.py
56604179,8,3,11,tests/test_fp.py
56604179,0,173,173,xoutil/fp/_compose.py
56604179,105,2,107,xoutil/fp/tools.py
56604179,9,1,10,xoutil/future/functools.py
56604179,4,3,7,xoutil/fp/tools.py
56604179,3,4,7,tests/test_iterators.py
56604179,11,6,17,xoutil/iterators.py
56604179,2,0,2,xoutil/datetime.py
56604179,2,0,2,xoutil/iterators.py
56604179,7,0,7,tests/test_iterators.py
56604179,24,0,24,xoutil/iterators.py
56604179,8,0,8,tests/test_iterators.py
56604179,9,3,12,xoutil/iterators.py
56604179,12,1,13,tests/test_iterators.py
56604179,52,37,89,xoutil/fp/prove/__init__.py
56604179,9,6,15,xoutil/eight/__init__.py
56604179,39,19,58,xoutil/eight/exceptions.py
56604179,26,1,27,xoutil/future/datetime.py
56604179,1,1,2,xoutil/objects.py
56604179,1,1,2,xoutil/future/_past.py
56604179,25,0,25,xoutil/future/datetime.py
56604179,9,17,26,xoutil/fp/prove/__init__.py
56604179,1,1,2,xoutil/future/types.py
56604179,2,2,4,xoutil/future/json.py
56604179,2,2,4,xoutil/future/pprint.py
56604179,2,1,3,xoutil/future/string.py
56604179,2,2,4,xoutil/future/subprocess.py
56604179,2,1,3,xoutil/future/textwrap.py
56604179,2,2,4,xoutil/future/threading.py
56604179,6,2,8,xoutil/future/types.py
56604179,5,4,9,xoutil/objects.py
56604179,2,2,4,xoutil/future/json.py
56604179,2,2,4,xoutil/future/pprint.py
56604179,2,1,3,xoutil/future/string.py
56604179,2,2,4,xoutil/future/subprocess.py
56604179,2,1,3,xoutil/future/textwrap.py
56604179,2,2,4,xoutil/future/threading.py
56604179,6,2,8,xoutil/future/types.py
56604179,5,4,9,xoutil/objects.py
56604179,3,1,4,tests/test_string.py
56604179,2,2,4,xoutil/web.py
56604179,1,13,14,xoutil/future/types.py
56604179,2,2,4,xoutil/api/__init__.py
56604179,4,2,6,xoutil/api/_errors.py
56604179,30,13,43,xoutil/fp/prove/__init__.py
56604179,20,3,23,tests/test_iterators.py
56604179,2,47,49,xoutil/cl/__init__.py
56604179,47,1,48,xoutil/fp/prove/__init__.py
56604179,2,2,4,xoutil/cl/__init__.py
56604179,1,0,1,xoutil/html/__init__.py
56604179,6,2,8,xoutil/tools.py
56604179,1,1,2,xoutil/validators/__init__.py
56604179,10,47,57,xoutil/cl/__init__.py
56604179,73,0,73,xoutil/fp/cl/__init__.py
56604179,1,1,2,xoutil/eight/string.py
56604179,1,1,2,xoutil/validators/__init__.py
56604179,8,3,11,xoutil/fp/monads/option.py
56604179,2,2,4,xoutil/fp/prove/__init__.py
56604179,13,12,25,xoutil/params.py
56604179,5,0,5,xoutil/deprecation.py
56604179,4,6,10,xoutil/fp/params.py
56604179,67,0,67,xoutil/params.py
56604179,13,12,25,tests/test_string.py
56604179,1,2,3,xoutil/api/__init__.py
56604179,2,2,4,xoutil/cl/__init__.py
56604179,27,26,53,xoutil/cl/ids.py
56604179,3,3,6,xoutil/cl/simple.py
56604179,1,1,2,xoutil/crypto.py
56604179,52,36,88,xoutil/future/string.py
56604179,2,2,4,xoutil/objects.py
56604179,3,3,6,tests/test_string.py
56604179,11,7,18,xoutil/future/string.py
56604179,28,0,28,xoutil/fp/params.py
56604179,2,3,5,xoutil/future/inspect.py
56604179,0,36,36,xoutil/params.py
56604179,8,27,35,xoutil/tools.py
56604179,12,14,26,xoutil/fp/prove.py
56604179,5,6,11,xoutil/fs/__init__.py
56604179,24,33,57,xoutil/future/collections.py
56604179,62,66,128,xoutil/future/functools.py
56604179,4,4,8,xoutil/future/types.py
56604179,4,3,7,xoutil/objects.py
56604179,16,18,34,xoutil/params.py
56604179,11,6,17,xoutil/objects.py
56604179,113,0,113,xoutil/fp/params.py
56604179,18,16,34,xoutil/future/collections.py
56604179,0,38,38,xoutil/params.py
56604179,3,3,6,tests/test_string.py
56604179,11,7,18,xoutil/future/string.py
56604179,28,0,28,xoutil/fp/params.py
56604179,2,3,5,xoutil/future/inspect.py
56604179,0,36,36,xoutil/params.py
56604179,8,27,35,xoutil/tools.py
56604179,18,17,35,xoutil/params.py
56604179,12,14,26,xoutil/fp/prove.py
56604179,5,6,11,xoutil/fs/__init__.py
56604179,24,33,57,xoutil/future/collections.py
56604179,62,66,128,xoutil/future/functools.py
56604179,4,4,8,xoutil/future/types.py
56604179,4,3,7,xoutil/objects.py
56604179,16,18,34,xoutil/params.py
56604179,55,39,94,xoutil/fp/prove.py
56604179,98,48,146,xoutil/future/string.py
56604179,11,6,17,xoutil/objects.py
56604179,111,17,128,xoutil/future/string.py
56604179,113,0,113,xoutil/fp/params.py
56604179,18,16,34,xoutil/future/collections.py
56604179,0,38,38,xoutil/params.py
56604179,1,1,2,tests/test_string.py
56604179,1,670,671,xoutil/string.py
56604179,1,1,2,xoutil/web.py
56604179,21,0,21,xoutil/fp/__init__.py
56604179,27,1,28,xoutil/string.py
56604179,2,6,8,xoutil/{ => fp}/monads/__init__.py
56604179,1,3,4,xoutil/{ => fp}/monads/option.py
56604179,2,1,3,xoutil/monads/checkers.py
56604179,3,3,6,xoutil/string.py
56604179,5,4,9,xoutil/symbols.py
56604179,8,2,10,xoutil/iterators.py
56604179,28,27,55,xoutil/params.py
56604179,0,6,6,xoutil/params.py
56604179,5,12,17,docs/source/conf.py
56604179,1,2,3,tests/customizetestbed.py
56604179,1,2,3,tests/test_annotations.py
56604179,1,2,3,tests/test_bases.py
56604179,1,2,3,tests/test_collections.py
56604179,1,2,3,tests/test_context.py
56604179,1,2,3,tests/test_datetime.py
56604179,1,2,3,tests/test_decorators.py
56604179,1,2,3,tests/test_fs.py
56604179,1,2,3,tests/test_functools.py
56604179,1,2,3,tests/test_iterators.py
56604179,1,2,3,tests/test_metaclass.py
56604179,1,2,3,tests/test_modules.py
56604179,1,2,3,tests/test_names.py
56604179,1,2,3,tests/test_objects.py
56604179,1,2,3,tests/test_pprint.py
56604179,1,2,3,tests/test_records.py
56604179,1,2,3,tests/test_types.py
56604179,1,2,3,tests/testbed.py
56604179,1,2,3,xoutil/__init__.py
56604179,1,2,3,xoutil/annotate.py
56604179,1,2,3,xoutil/bases.py
56604179,1,2,3,xoutil/benchmark/mp.py
56604179,1,1,2,xoutil/cl/__init__.py
56604179,1,1,2,xoutil/cl/lisp.py
56604179,1,1,2,xoutil/cl/simple.py
56604179,1,2,3,xoutil/cli/__init__.py
56604179,1,2,3,xoutil/cli/app.py
56604179,1,1,2,xoutil/connote.py
56604179,1,1,2,xoutil/counter.py
56604179,1,2,3,xoutil/crypto.py
56604179,1,2,3,xoutil/decorator/__init__.py
56604179,1,2,3,xoutil/decorator/development.py
56604179,2,3,5,xoutil/decorator/meta.py
56604179,1,2,3,xoutil/deprecation.py
56604179,1,1,2,xoutil/eight/_meta.py
56604179,1,2,3,xoutil/eight/_meta2.py
56604179,1,2,3,xoutil/eight/_meta3.py
56604179,1,1,2,xoutil/eight/_types.py
56604179,1,1,2,xoutil/eight/exceptions.py
56604179,1,1,2,xoutil/eight/io.py
56604179,1,1,2,xoutil/eight/mixins.py
56604179,1,1,2,xoutil/eight/queue.py
56604179,1,1,2,xoutil/eight/string.py
56604179,1,2,3,xoutil/formatter.py
56604179,1,2,3,xoutil/fs/__init__.py
56604179,1,2,3,xoutil/fs/path.py
56604179,1,1,2,xoutil/future/__init__.py
56604179,1,1,2,xoutil/future/_past.py
56604179,1,3,4,xoutil/future/collections.py
56604179,1,2,3,xoutil/future/datetime.py
56604179,1,2,3,xoutil/future/inspect.py
56604179,1,2,3,xoutil/future/json.py
56604179,1,2,3,xoutil/future/pprint.py
56604179,1,2,3,xoutil/future/string.py
56604179,1,2,3,xoutil/future/subprocess.py
56604179,1,2,3,xoutil/future/textwrap.py
56604179,1,2,3,xoutil/future/threading.py
56604179,2,5,7,xoutil/future/types.py
56604179,1,2,3,xoutil/html/__init__.py
56604179,1,1,2,xoutil/keywords.py
56604179,1,2,3,xoutil/logger.py
56604179,1,1,2,xoutil/logical.py
56604179,1,2,3,xoutil/modules/__init__.py
56604179,1,1,2,xoutil/monads/__init__.py
56604179,1,1,2,xoutil/monads/checkers.py
56604179,3,2,5,xoutil/monads/option.py
56604179,1,2,3,xoutil/names.py
56604179,2,3,5,xoutil/objects.py
56604179,2,2,4,xoutil/params.py
56604179,1,2,3,xoutil/progress.py
56604179,1,2,3,xoutil/records.py
56604179,1,2,3,xoutil/tools.py
56604179,1,2,3,xoutil/validators/__init__.py
56604179,1,2,3,xoutil/validators/identifiers.py
56604179,1,1,2,xoutil/values/__init__.py
56604179,2,1,3,xoutil/values/args.py
56604179,1,1,2,xoutil/values/simple.py
56604179,1,2,3,xoutil/web.py
56604179,0,2,2,xoutil/api/_errors.py
56604179,0,153,153,xoutil/eight/_throw.py
56604179,5,27,32,xoutil/eight/_throw2.py
56604179,0,36,36,xoutil/eight/_throw3.py
56604179,107,50,157,xoutil/eight/exceptions.py
56604179,0,89,89,xoutil/eight/_errors.py
56604179,0,52,52,xoutil/eight/_errors2.py
56604179,153,0,153,xoutil/eight/_throw.py
56604179,38,0,38,xoutil/eight/_throw2.py
56604179,8,9,17,xoutil/eight/exceptions.py
56604179,23,0,23,xoutil/iterators.py
56604179,1,0,1,xoutil/eight/abc.py
56604179,27,4,31,xoutil/tasking/__init__.py
56604179,15,1,16,xoutil/eight/_errors.py
56604179,6,8,14,xoutil/eight/__init__.py
56604179,2,3,5,xoutil/eight/abc.py
56604179,17,7,24,xoutil/eight/_errors2.py
56604179,9,12,21,xoutil/eight/_errors3.py
56604179,6,6,12,xoutil/eight/exceptions.py
56604179,3,0,3,tests/test_string.py
56604179,38,0,38,xoutil/eight/_errors3.py
56604179,37,44,81,xoutil/eight/exceptions.py
56604179,5,5,10,xoutil/__init__.py
56604179,4,4,8,xoutil/annotate.py
56604179,2,2,4,xoutil/api/__init__.py
56604179,4,2,6,xoutil/api/_errors.py
56604179,6,7,13,xoutil/context.py
56604179,1,2,3,xoutil/cpystack.py
56604179,7,8,15,xoutil/eight/__init__.py
56604179,4,4,8,xoutil/eight/abc.py
56604179,2,2,4,xoutil/future/functools.py
56604179,3,6,9,xoutil/monads/checkers.py
56604179,4,3,7,xoutil/names.py
56604179,3,3,6,xoutil/params.py
56604179,2,2,4,xoutil/names.py
56604179,75,0,75,xoutil/eight/_errors.py
56604179,50,10,60,xoutil/eight/exceptions.py
56604179,1,1,2,xoutil/release.py
56604179,1,1,2,xoutil/release.py
56604179,8,0,8,tests/test_bound.py
56604179,6,5,11,xoutil/iterators.py
56604179,25,0,25,xoutil/datetime.py
56604179,1,6,7,docs/source/conf.py
56604179,1,2,3,xoutil/iterators.py
56604179,3,3,6,tests/test_metaclass.py
56604179,4,2,6,xoutil/eight/meta.py
56604179,2,1,3,xoutil/iterators.py
56604179,1,1,2,xoutil/iterators.py
56604179,25,25,50,xoutil/iterators.py
56604179,1,1,2,xoutil/release.py
56604179,49,1,50,xoutil/iterators.py
56604179,2,3,5,xoutil/cli/tools.py
56604179,26,5,31,xoutil/release.py
56604179,0,42,42,xoutil/versions.py
56604179,1,1,2,xoutil/bound.py
56604179,1,1,2,docs/source/conf.py
56604179,9,4,13,tests/test_string.py
56604179,14,5,19,xoutil/string.py
56604179,2,2,4,xoutil/release.py
56604179,2,2,4,xoutil/uuid.py
56604179,3,3,6,xoutil/values/ids.py
56604179,1,1,2,tests/test_string.py
56604179,45,8,53,tests/test_bound.py
56604179,90,7,97,xoutil/bound.py
56604179,8,7,15,xoutil/objects.py
56604179,6,6,12,xoutil/fs/__init__.py
56604179,3,19,22,xoutil/__init__.py
56604179,27,26,53,xoutil/eight/__init__.py
56604179,15,1,16,xoutil/symbols.py
56604179,39,17,56,xoutil/cli/__init__.py
56604179,3,24,27,xoutil/cli/tools.py
56604179,40,23,63,xoutil/future/string.py
56604179,30,5,35,xoutil/cli/__init__.py
56604179,2,1,3,xoutil/cli/app.py
56604179,35,5,40,tests/test_fp.py
56604179,9,0,9,xoutil/fp/_compose.py
56604179,28,7,35,xoutil/future/string.py
56604179,1,0,1,xoutil/cli/__init__.py
56604179,13,9,22,xoutil/cli/tools.py
56604179,1,1,2,docs/source/conf.py
56604179,1,2,3,tests/customizetestbed.py
56604179,1,1,2,tests/test_abc.py
56604179,2,3,5,tests/test_annotations.py
56604179,1,1,2,tests/test_api.py
56604179,1,2,3,tests/test_bases.py
56604179,1,2,3,tests/test_bound.py
56604179,1,1,2,tests/test_cli.py
56604179,1,1,2,tests/test_clisp.py
56604179,2,3,5,tests/test_collections.py
56604179,1,2,3,tests/test_context.py
56604179,1,2,3,tests/test_datetime.py
56604179,2,3,5,tests/test_decorators.py
56604179,4,5,9,tests/test_fs.py
56604179,2,3,5,tests/test_functools.py
56604179,1,2,3,tests/test_iterators.py
56604179,1,1,2,tests/test_keywords.py
56604179,1,1,2,tests/test_metaclass.py
56604179,1,1,2,tests/test_mixins.py
56604179,1,2,3,tests/test_modules.py
56604179,3,16,19,tests/test_names.py
56604179,1,2,3,tests/test_objects.py
56604179,1,1,2,tests/test_params.py
56604179,1,2,3,tests/test_pprint.py
56604179,1,2,3,tests/test_records.py
56604179,1,1,2,tests/test_safe.py
56604179,1,1,2,tests/test_string.py
56604179,1,1,2,tests/test_symbols.py
56604179,1,2,3,tests/test_types.py
56604179,2,3,5,tests/testbed.py
56604179,2,3,5,xoutil/__init__.py
56604179,2,3,5,xoutil/annotate.py
56604179,1,1,2,xoutil/api/__init__.py
56604179,1,1,2,xoutil/api/_errors.py
56604179,1,2,3,xoutil/bases.py
56604179,1,2,3,xoutil/benchmark/mp.py
56604179,1,2,3,xoutil/bound.py
56604179,1,1,2,xoutil/cl/__init__.py
56604179,1,4,5,xoutil/cl/ids.py
56604179,1,1,2,xoutil/cl/simple.py
56604179,2,3,5,xoutil/cli/__init__.py
56604179,1,2,3,xoutil/cli/app.py
56604179,2,3,5,xoutil/cli/tools.py
56604179,1,1,2,xoutil/connote.py
56604179,2,3,5,xoutil/context.py
56604179,1,2,3,xoutil/cpystack.py
56604179,1,2,3,xoutil/crypto.py
56604179,2,3,5,xoutil/decorator/__init__.py
56604179,1,2,3,xoutil/decorator/development.py
56604179,1,2,3,xoutil/decorator/meta.py
56604179,1,2,3,xoutil/deprecation.py
56604179,2,1,3,xoutil/eight/__init__.py
56604179,1,1,2,xoutil/eight/_meta.py
56604179,1,2,3,xoutil/eight/_meta2.py
56604179,1,2,3,xoutil/eight/_meta3.py
56604179,1,1,2,xoutil/eight/_past2.py
56604179,1,1,2,xoutil/eight/_types.py
56604179,1,1,2,xoutil/eight/abc.py
56604179,1,1,2,xoutil/eight/exceptions.py
56604179,1,1,2,xoutil/eight/io.py
56604179,1,1,2,xoutil/eight/meta.py
56604179,1,1,2,xoutil/eight/mixins.py
56604179,1,1,2,xoutil/eight/string.py
56604179,1,2,3,xoutil/formatter.py
56604179,1,1,2,xoutil/fp/__init__.py
56604179,32,1,33,xoutil/fp/monads/abc.py
56604179,1,1,2,xoutil/fp/pl/__init__.py
56604179,8,0,8,xoutil/fp/tools.py
56604179,2,3,5,xoutil/fs/__init__.py
56604179,2,3,5,xoutil/fs/path.py
56604179,1,1,2,xoutil/future/__init__.py
56604179,1,1,2,xoutil/future/_past.py
56604179,1,3,4,xoutil/future/collections.py
56604179,1,2,3,xoutil/future/datetime.py
56604179,2,0,2,xoutil/future/functools.py
56604179,1,2,3,xoutil/future/json.py
56604179,1,2,3,xoutil/future/pprint.py
56604179,1,2,3,xoutil/future/string.py
56604179,1,2,3,xoutil/future/subprocess.py
56604179,1,2,3,xoutil/future/textwrap.py
56604179,1,2,3,xoutil/future/threading.py
56604179,2,5,7,xoutil/future/types.py
56604179,1,2,3,xoutil/html/__init__.py
56604179,1,2,3,xoutil/iterators.py
56604179,1,2,3,xoutil/logger.py
56604179,1,1,2,xoutil/logical.py
56604179,2,3,5,xoutil/modules/__init__.py
56604179,1,1,2,xoutil/monads/checkers.py
56604179,1,1,2,xoutil/monads/option.py
56604179,1,2,3,xoutil/objects.py
56604179,1,1,2,xoutil/params.py
56604179,1,2,3,xoutil/progress.py
56604179,1,2,3,xoutil/records.py
56604179,1,1,2,xoutil/reprlib.py
56604179,1,1,2,xoutil/symbols.py
56604179,1,1,2,xoutil/tasking/__init__.py
56604179,1,1,2,xoutil/tasking/_greenlet_local.py
56604179,1,1,2,xoutil/tasking/lock.py
56604179,1,1,2,xoutil/tasking/safe.py
56604179,2,3,5,xoutil/uuid.py
56604179,1,4,5,xoutil/validators/__init__.py
56604179,2,3,5,xoutil/validators/identifiers.py
56604179,1,1,2,xoutil/values/__init__.py
56604179,1,1,2,xoutil/values/args.py
56604179,1,1,2,xoutil/values/simple.py
56604179,1,1,2,xoutil/versions.py
56604179,2,3,5,xoutil/web.py
56604179,2,3,5,xoutil/release.py
56604179,3,0,3,tests/test_fp.py
56604179,164,0,164,xoutil/fp/_compose.py
56604179,105,131,236,xoutil/fp/tools.py
56604179,1,1,2,xoutil/names.py
56604179,208,0,208,xoutil/fp/monads/abc.py
56604179,52,0,52,tests/test_fp.py
56604179,178,0,178,xoutil/fp/tools.py
56604179,2,2,4,xoutil/fp/monads/__init__.py
56604179,14,12,26,xoutil/future/inspect.py
56604179,1,1,2,tests/test_tools.py
56604179,9,6,15,xoutil/names.py
56604179,40,0,40,tests/test_tools.py
56604179,58,10,68,xoutil/tools.py
56604179,7,7,14,xoutil/monads/option.py
56604179,64,0,64,xoutil/html/__init__.py
56604179,21,0,21,xoutil/fp/monads/__init__.py
56604179,19,0,19,xoutil/fp/pl/__init__.py
56604179,31,0,31,xoutil/fp/__init__.py
56604179,4,6,10,xoutil/cl/__init__.py
56604179,7,7,14,xoutil/future/collections.py
56604179,2,1,3,xoutil/future/collections.py
56604179,1,0,1,xoutil/future/datetime.py
56604179,2,1,3,xoutil/future/json.py
56604179,3,4,7,xoutil/future/pprint.py
56604179,1,0,1,xoutil/future/subprocess.py
56604179,2,3,5,xoutil/future/textwrap.py
56604179,1,0,1,xoutil/future/types.py
56604179,4,0,4,xoutil/future/subprocess.py
56604179,4,8,12,xoutil/future/subprocess.py
56604179,42,0,42,xoutil/future/subprocess.py
56604179,1,42,43,xoutil/subprocess.py
56604179,4,0,4,xoutil/future/pprint.py
56604179,4,9,13,xoutil/future/pprint.py
56604179,54,0,54,xoutil/future/pprint.py
56604179,1,54,55,xoutil/pprint.py
56604179,4,0,4,xoutil/future/json.py
56604179,14,10,24,xoutil/future/json.py
56604179,107,0,107,xoutil/future/json.py
56604179,1,107,108,xoutil/json.py
56604179,2,0,2,xoutil/eight/string.py
56604179,3,0,3,xoutil/keywords.py
56604179,4,0,4,xoutil/future/string.py
56604179,2,2,4,xoutil/eight/_types.py
56604179,8,7,15,xoutil/eight/mixins.py
56604179,4,7,11,xoutil/eight/string.py
56604179,1,1,2,xoutil/eight/abc.py
56604179,2,2,4,xoutil/eight/string.py
56604179,0,20,20,xoutil/eight/string.py
56604179,2,2,4,xoutil/keywords.py
56604179,20,2,22,xoutil/future/string.py
56604179,9,1,10,xoutil/future/string.py
56604179,3,0,3,xoutil/future/string.py
56604179,7,7,14,tests/test_string.py
56604179,2,3,5,xoutil/cl/simple.py
56604179,1,1,2,xoutil/connote.py
56604179,1,1,2,xoutil/crypto.py
56604179,1,1,2,xoutil/fs/__init__.py
56604179,1,1,2,xoutil/fs/path.py
56604179,1,1,2,xoutil/future/collections.py
56604179,1,1,2,xoutil/future/datetime.py
56604179,1,1,2,xoutil/future/functools.py
56604179,12,10,22,xoutil/future/string.py
56604179,3,3,6,xoutil/html/__init__.py
56604179,1,1,2,xoutil/names.py
56604179,2,2,4,xoutil/objects.py
56604179,1,1,2,xoutil/pprint.py
56604179,2,3,5,xoutil/values/simple.py
56604179,12,9,21,xoutil/future/string.py
56604179,0,9,9,xoutil/future/__init__.py
56604179,658,0,658,xoutil/future/string.py
56604179,1,658,659,xoutil/string.py
56604179,1,0,1,xoutil/threading.py
56604179,3,3,6,xoutil/future/_past.py
56604179,3,3,6,xoutil/future/collections.py
56604179,3,3,6,xoutil/future/datetime.py
56604179,3,3,6,xoutil/future/functools.py
56604179,4,0,4,xoutil/future/inspect.py
56604179,3,3,6,xoutil/future/textwrap.py
56604179,3,3,6,xoutil/future/threading.py
56604179,3,3,6,xoutil/future/types.py
56604179,23,13,36,xoutil/{ => future}/threading.py
56604179,1,168,169,xoutil/eight/inspect.py
56604179,179,20,199,xoutil/future/inspect.py
56604179,1,1,2,tests/test_context.py
56604179,1,1,2,tests/test_decorators.py
56604179,1,1,2,tests/test_modules.py
56604179,1,1,2,xoutil/connote.py
56604179,2,2,4,xoutil/eight/inspect.py
56604179,3,3,6,xoutil/future/collections.py
56604179,1,1,2,xoutil/future/functools.py
56604179,3,0,3,xoutil/future/inspect.py
56604179,2,2,4,xoutil/future/types.py
56604179,7,7,14,xoutil/names.py
56604179,9,6,15,xoutil/objects.py
56604179,3,3,6,xoutil/validators/__init__.py
56604179,6,14,20,xoutil/future/inspect.py
56604179,197,0,197,xoutil/future/inspect.py
56604179,1,197,198,xoutil/inspect.py
56604179,0,3,3,xoutil/__init__.py
56604179,2,2,4,xoutil/cl/ids.py
56604179,7,7,14,xoutil/cl/lisp.py
56604179,1,2,3,xoutil/cl/simple.py
56604179,1,1,2,xoutil/cli/__init__.py
56604179,1,1,2,xoutil/decorator/__init__.py
56604179,1,2,3,xoutil/decorator/development.py
56604179,1,3,4,xoutil/logical.py
56604179,1,2,3,xoutil/names.py
56604179,2,2,4,xoutil/symbols.py
56604179,6,5,11,xoutil/validators/__init__.py
56604179,2,2,4,xoutil/values/args.py
56604179,0,1,1,tests/customizetestbed.py
56604179,1,3,4,tests/test_annotations.py
56604179,0,1,1,tests/test_bases.py
56604179,0,2,2,tests/test_bound.py
56604179,0,2,2,tests/test_clisp.py
56604179,0,1,1,tests/test_context.py
56604179,0,1,1,tests/test_datetime.py
56604179,2,3,5,tests/test_decorators.py
56604179,0,1,1,tests/test_functools.py
56604179,0,1,1,tests/test_iterators.py
56604179,0,1,1,tests/test_metaclass.py
56604179,0,2,2,tests/test_modules.py
56604179,0,2,2,tests/test_names.py
56604179,0,1,1,tests/test_pprint.py
56604179,0,2,2,tests/test_records.py
56604179,0,1,1,tests/test_string.py
56604179,1,2,3,tests/test_symbols.py
56604179,0,2,2,tests/test_textwrap.py
56604179,1,2,3,tests/test_types.py
56604179,3,5,8,tests/testbed.py
56604179,0,1,1,xoutil/annotate.py
56604179,0,1,1,xoutil/bases.py
56604179,0,2,2,xoutil/bound.py
56604179,0,1,1,xoutil/cli/app.py
56604179,0,1,1,xoutil/cli/tools.py
56604179,1,2,3,xoutil/connote.py
56604179,2,4,6,xoutil/cpystack.py
56604179,0,1,1,xoutil/crypto.py
56604179,0,1,1,xoutil/decorator/__init__.py
56604179,0,1,1,xoutil/decorator/development.py
56604179,0,1,1,xoutil/decorator/meta.py
56604179,0,1,1,xoutil/eight/io.py
56604179,0,1,1,xoutil/formatter.py
56604179,0,2,2,xoutil/fs/__init__.py
56604179,2,4,6,xoutil/fs/path.py
56604179,0,1,1,xoutil/html/__init__.py
56604179,0,1,1,xoutil/iterators.py
56604179,0,1,1,xoutil/json.py
56604179,0,1,1,xoutil/logger.py
56604179,0,1,1,xoutil/modules/__init__.py
56604179,0,1,1,xoutil/names.py
56604179,0,1,1,xoutil/objects.py
56604179,0,1,1,xoutil/pprint.py
56604179,0,1,1,xoutil/progress.py
56604179,0,1,1,xoutil/reprlib.py
56604179,0,1,1,xoutil/string.py
56604179,0,1,1,xoutil/subprocess.py
56604179,0,1,1,xoutil/symbols.py
56604179,0,1,1,xoutil/threading.py
56604179,0,1,1,xoutil/uuid.py
56604179,1,2,3,xoutil/validators/__init__.py
56604179,2,5,7,xoutil/validators/identifiers.py
56604179,2,4,6,xoutil/web.py
56604179,8,6,14,xoutil/future/__init__.py
56604179,11,0,11,xoutil/string.py
56604179,5,7,12,xoutil/future/collections.py
56604179,2,2,4,tests/customizetestbed.py
56604179,2,2,4,tests/test_annotations.py
56604179,2,2,4,tests/test_bases.py
56604179,2,2,4,tests/test_bound.py
56604179,2,2,4,tests/test_clisp.py
56604179,2,2,4,tests/test_context.py
56604179,1,1,2,tests/test_datetime.py
56604179,2,1,3,tests/test_decorators.py
56604179,1,1,2,tests/test_functools.py
56604179,2,2,4,tests/test_iterators.py
56604179,1,1,2,tests/test_metaclass.py
56604179,2,2,4,tests/test_modules.py
56604179,1,1,2,tests/test_names.py
56604179,2,2,4,tests/test_pprint.py
56604179,1,1,2,tests/test_records.py
56604179,4,2,6,tests/test_string.py
56604179,1,1,2,tests/test_symbols.py
56604179,1,1,2,tests/test_types.py
56604179,2,2,4,tests/testbed.py
56604179,2,2,4,tests/test_textwrap.py
56604179,9,1,10,xoutil/future/textwrap.py
56604179,79,0,79,xoutil/future/textwrap.py
56604179,1,79,80,xoutil/textwrap.py
56604179,1,0,1,xoutil/future/collections.py
56604179,6,11,17,xoutil/future/datetime.py
56604179,1,0,1,xoutil/future/functools.py
56604179,4,2,6,xoutil/future/types.py
56604179,8,13,21,xoutil/textwrap.py
56604179,2,2,4,tests/test_decorators.py
56604179,6,6,12,tests/test_functools.py
56604179,2,2,4,tests/test_functools2.py
56604179,1,1,2,xoutil/annotate.py
56604179,1,1,2,xoutil/cl/__init__.py
56604179,1,1,2,xoutil/connote.py
56604179,16,14,30,xoutil/fs/path.py
56604179,13,14,27,xoutil/future/functools.py
56604179,1,1,2,xoutil/records.py
56604179,3,6,9,xoutil/decorator/__init__.py
56604179,5,5,10,xoutil/decorator/meta.py
56604179,36,25,61,xoutil/future/collections.py
56604179,11,11,22,tests/test_string.py
56604179,49,37,86,xoutil/string.py
56604179,5,26,31,xoutil/future/collections.py
56604179,1,595,596,xoutil/functools.py
56604179,597,0,597,xoutil/future/functools.py
56604179,1,63,64,xoutil/datetime.py
56604179,13,0,13,xoutil/future/datetime.py
56604179,414,0,414,xoutil/future/types.py
56604179,1,481,482,xoutil/types.py
56604179,3,10,13,tests/test_string.py
56604179,9,3,12,tests/test_string.py
56604179,50,0,50,xoutil/future/_rectify.py
56604179,0,44,44,xoutil/future/warnings.py
56604179,1,1,2,xoutil/datetime.py
56604179,1,1,2,xoutil/types.py
56604179,1,3,4,xoutil/values/__init__.py
56604179,4,5,9,xoutil/future/datetime.py
56604179,6,7,13,xoutil/future/types.py
56604179,18,21,39,xoutil/future/collections.py
56604179,14,7,21,xoutil/eight/__init__.py
56604179,4,6,10,setup.py
56604179,1,1,2,tests/test_string.py
56604179,2,2,4,xoutil/cpystack.py
56604179,4,4,8,xoutil/objects.py
56604179,2,2,4,xoutil/string.py
56604179,2,3,5,docs/source/conf.py
56604179,2,2,4,xoutil/release.py
56604179,27,4,31,tests/test_records.py
56604179,6,4,10,tests/test_string.py
56604179,16,0,16,tests/test_string.py
56604179,3,3,6,tests/test_metaclass.py
56604179,2,0,2,tests/test_string.py
56604179,7,1,8,xoutil/string.py
56604179,19,0,19,tests/test_string.py
56604179,3,6,9,xoutil/future/collections.py
56604179,3,7,10,xoutil/future/datetime.py
56604179,3,6,9,xoutil/future/types.py
56604179,44,0,44,xoutil/future/warnings.py
56604179,1,101,102,xoutil/eight/datetime.py
56604179,80,0,80,xoutil/future/datetime.py
56604179,1,42,43,xoutil/eight/types.py
56604179,8,0,8,xoutil/future/types.py
56604179,4,4,8,xoutil/future/collections.py
56604179,1,4,5,xoutil/datetime.py
56604179,1,0,1,xoutil/collections.py
56604179,8,0,8,xoutil/future/collections.py
56604179,30,30,60,tests/test_collections.py
56604179,2,2,4,tests/test_datetime.py
56604179,2,2,4,tests/test_names.py
56604179,4,4,8,tests/test_types.py
56604179,2,2,4,xoutil/connote.py
56604179,1,1,2,xoutil/context.py
56604179,2,2,4,xoutil/datetime.py
56604179,1,1,2,xoutil/deprecation.py
56604179,2,4,6,xoutil/eight/datetime.py
56604179,2,2,4,xoutil/eight/inspect.py
56604179,3,3,6,xoutil/eight/meta.py
56604179,7,6,13,xoutil/eight/types.py
56604179,1,1,2,xoutil/functools.py
56604179,2,2,4,xoutil/future/__init__.py
56604179,7,7,14,xoutil/future/collections.py
56604179,1,1,2,xoutil/future/datetime.py
56604179,2,2,4,xoutil/future/types.py
56604179,1,1,2,xoutil/inspect.py
56604179,1,1,2,xoutil/json.py
56604179,3,3,6,xoutil/objects.py
56604179,2,2,4,xoutil/progress.py
56604179,1,1,2,xoutil/records.py
56604179,6,6,12,xoutil/types.py
56604179,1,1,2,xoutil/validators/__init__.py
56604179,0,0,0,xoutil/{ahead => future}/__init__.py
56604179,0,1,1,xoutil/{ahead => future}/collections.py
56604179,0,0,0,xoutil/{ahead => future}/datetime.py
56604179,0,0,0,xoutil/{ahead => future}/types.py
56604179,30,30,60,tests/test_collections.py
56604179,3,3,6,tests/test_names.py
56604179,1,1,2,tests/test_types.py
56604179,5,5,10,xoutil/ahead/collections.py
56604179,2,2,4,xoutil/connote.py
56604179,1,1,2,xoutil/context.py
56604179,1,1,2,xoutil/eight/meta.py
56604179,1,1,2,xoutil/functools.py
56604179,1,1,2,xoutil/inspect.py
56604179,2,2,4,xoutil/objects.py
56604179,1,1,2,xoutil/types.py
56604179,1,1,2,xoutil/validators/__init__.py
56604179,0,0,0,xoutil/{ => ahead}/collections.py
56604179,4,2,6,tests/test_symbols.py
56604179,5,0,5,xoutil/datetime.py
56604179,10,1,11,xoutil/eight/datetime.py
56604179,3,3,6,tests/test_datetime.py
56604179,1,1,2,xoutil/json.py
56604179,2,2,4,xoutil/progress.py
56604179,2,300,302,xoutil/datetime.py
56604179,482,0,482,xoutil/ahead/datetime.py
56604179,1,1,2,xoutil/ahead/__init__.py
56604179,5,0,5,xoutil/types.py
56604179,5,0,5,xoutil/types.py
56604179,1,2,3,xoutil/objects.py
56604179,10,0,10,xoutil/types.py
56604179,4,1,5,xoutil/types.py
56604179,1,0,1,xoutil/types.py
56604179,1,0,1,xoutil/types.py
56604179,1,0,1,xoutil/types.py
56604179,4,0,4,xoutil/types.py
56604179,6,6,12,xoutil/records.py
56604179,6,0,6,xoutil/types.py
56604179,10,6,16,xoutil/iterators.py
56604179,10,1,11,xoutil/types.py
56604179,10,6,16,xoutil/iterators.py
56604179,9,1,10,xoutil/types.py
56604179,1,1,2,xoutil/cl/simple.py
56604179,6,9,15,xoutil/objects.py
56604179,4,1,5,xoutil/types.py
56604179,10,2,12,xoutil/ahead/types.py
56604179,6,0,6,xoutil/collections.py
56604179,2,0,2,tests/test_types.py
56604179,11,4,15,xoutil/objects.py
56604179,44,4,48,xoutil/types.py
56604179,67,29,96,xoutil/cl/simple.py
56604179,3,4,7,xoutil/cpystack.py
56604179,2,4,6,xoutil/fs/__init__.py
56604179,13,7,20,xoutil/iterators.py
56604179,10,8,18,xoutil/objects.py
56604179,2,2,4,xoutil/json.py
56604179,7,0,7,xoutil/types.py
56604179,12,17,29,xoutil/types.py
56604179,10,1,11,xoutil/eight/__init__.py
56604179,4,4,8,xoutil/string.py
56604179,1,4,5,xoutil/types.py
56604179,2,2,4,xoutil/iterators.py
56604179,1,1,2,xoutil/deprecation.py
56604179,2,2,4,xoutil/eight/inspect.py
56604179,2,2,4,xoutil/eight/meta.py
56604179,1,1,2,xoutil/objects.py
56604179,1,1,2,xoutil/records.py
56604179,4,4,8,tests/test_types.py
56604179,2,3,5,xoutil/eight/_types.py
56604179,2,13,15,xoutil/types.py
56604179,13,154,167,xoutil/eight/types.py
56604179,15,0,15,xoutil/eight/__init__.py
56604179,280,0,280,xoutil/ahead/types.py
56604179,37,0,37,xoutil/ahead/__init__.py
56604179,3,5,8,xoutil/annotate.py
56604179,1,1,2,xoutil/bases.py
56604179,1,1,2,xoutil/bound.py
56604179,1,1,2,xoutil/cli/app.py
56604179,1,1,2,xoutil/cli/tools.py
56604179,2,2,4,xoutil/collections.py
56604179,6,6,12,xoutil/cpystack.py
56604179,7,9,16,xoutil/crypto.py
56604179,1,1,2,xoutil/datetime.py
56604179,6,7,13,xoutil/decorator/__init__.py
56604179,1,1,2,xoutil/decorator/development.py
56604179,2,4,6,xoutil/decorator/meta.py
56604179,1,1,2,xoutil/eight/datetime.py
56604179,2,2,4,xoutil/eight/io.py
56604179,1,1,2,xoutil/eight/types.py
56604179,1,1,2,xoutil/formatter.py
56604179,1,1,2,xoutil/fs/__init__.py
56604179,6,6,12,xoutil/fs/path.py
56604179,1,1,2,xoutil/html/__init__.py
56604179,2,2,4,xoutil/iterators.py
56604179,3,5,8,xoutil/json.py
56604179,1,1,2,xoutil/logger.py
56604179,1,1,2,xoutil/modules/__init__.py
56604179,1,1,2,xoutil/names.py
56604179,2,2,4,xoutil/objects.py
56604179,2,4,6,xoutil/pprint.py
56604179,4,4,8,xoutil/progress.py
56604179,3,3,6,xoutil/reprlib.py
56604179,3,5,8,xoutil/subprocess.py
56604179,1,1,2,xoutil/symbols.py
56604179,1,1,2,xoutil/textwrap.py
56604179,1,1,2,xoutil/threading.py
56604179,7,8,15,xoutil/types.py
56604179,2,3,5,xoutil/uuid.py
56604179,1,1,2,xoutil/validators/__init__.py
56604179,7,6,13,xoutil/validators/identifiers.py
56604179,5,4,9,xoutil/web.py
56604179,43,0,43,tests/test_functools.py
56604179,11,8,19,xoutil/functools.py
56604179,35,0,35,xoutil/params.py
56604179,1,1,2,xoutil/functools.py
56604179,12,7,19,xoutil/cl/__init__.py
56604179,8,3,11,xoutil/cl/__init__.py
56604179,1,3,4,xoutil/cl/__init__.py
56604179,5,1,6,xoutil/cl/__init__.py
56604179,9,8,17,xoutil/cl/__init__.py
56604179,3,1,4,xoutil/cl/__init__.py
56604179,7,2,9,xoutil/monads/checkers.py
56604179,10,41,51,xoutil/collections.py
56604179,54,13,67,xoutil/params.py
56604179,1,1,2,xoutil/cl/simple.py
56604179,8,288,296,xoutil/params.py
56604179,23,0,23,xoutil/monads/__init__.py
56604179,313,0,313,xoutil/monads/checkers.py
56604179,1,1,2,xoutil/{ => monads}/option.py
56604179,4,11,15,xoutil/values/simple.py
56604179,2,2,4,xoutil/bases.py
56604179,14,15,29,xoutil/collections.py
56604179,5,0,5,xoutil/eight/__init__.py
56604179,3,3,6,xoutil/eight/inspect.py
56604179,4,4,8,xoutil/functools.py
56604179,2,2,4,xoutil/inspect.py
56604179,2,3,5,xoutil/objects.py
56604179,3,6,9,xoutil/params.py
56604179,3,3,6,xoutil/reprlib.py
56604179,4,4,8,xoutil/tools.py
56604179,8,7,15,xoutil/collections.py
56604179,116,103,219,xoutil/collections.py
56604179,8,3,11,tests/test_objects.py
56604179,18,11,29,xoutil/objects.py
56604179,6,6,12,xoutil/cl/__init__.py
56604179,5,25,30,xoutil/release.py
56604179,42,0,42,xoutil/versions.py
56604179,38,4,42,xoutil/eight/__init__.py
56604179,15,0,15,tests/test_objects.py
56604179,4,0,4,xoutil/objects.py
56604179,12,3,15,tests/test_collections.py
56604179,6,7,13,xoutil/collections.py
56604179,2,2,4,tests/test_string.py
56604179,11,1,12,xoutil/release.py
56604179,1,1,2,xoutil/release.py
56604179,11,1,12,tests/test_string.py
56604179,12,6,18,xoutil/string.py
56604179,3,0,3,xoutil/eight/__init__.py
56604179,2,0,2,xoutil/values/__init__.py
56604179,16,994,1010,xoutil/values/__init__.py
56604179,0,55,55,xoutil/values/ids.py
56604179,5,13,18,xoutil/values/simple.py
56604179,3,1,4,xoutil/cl/__init__.py
56604179,1,1,2,xoutil/values/ids.py
56604179,14,311,325,xoutil/values/simple.py
56604179,13,13,26,xoutil/cl/ids.py
56604179,6,158,164,xoutil/values/ids.py
56604179,13,7,20,xoutil/params.py
56604179,1039,0,1039,xoutil/values/__init__.py
56604179,66,0,66,xoutil/values/args.py
56604179,207,0,207,xoutil/values/ids.py
56604179,358,0,358,xoutil/values/simple.py
56604179,0,3,3,xoutil/objects.py
56604179,112,52,164,xoutil/collections.py
56604179,0,3,3,xoutil/objects.py
56604179,11,12,23,tests/test_collections.py
56604179,21,13,34,xoutil/collections.py
56604179,261,2,263,tests/test_collections.py
56604179,8,9,17,tests/test_collections.py
56604179,271,1,272,xoutil/collections.py
56604179,7,4,11,xoutil/collections.py
56604179,6,1,7,xoutil/cl/__init__.py
56604179,3,3,6,xoutil/cl/ids.py
56604179,3,54,57,xoutil/cli/__init__.py
56604179,29,1,30,xoutil/objects.py
56604179,35,3,38,xoutil/option.py
56604179,11,2,13,xoutil/params.py
56604179,51,0,51,xoutil/cli/__init__.py
56604179,0,13,13,xoutil/cli/tools.py
56604179,54,24,78,xoutil/cli/tools.py
56604179,5,7,12,xoutil/cli/__init__.py
56604179,0,2,2,xoutil/cli/__init__.py
56604179,11,15,26,xoutil/cli/__init__.py
56604179,6,52,58,xoutil/cli/__init__.py
56604179,1,0,1,xoutil/datetime.py
56604179,1,1,2,xoutil/__init__.py
56604179,1,1,2,xoutil/annotate.py
56604179,1,1,2,xoutil/api/__init__.py
56604179,1,1,2,xoutil/api/_errors.py
56604179,1,1,2,xoutil/bases.py
56604179,1,1,2,xoutil/benchmark/mp.py
56604179,1,1,2,xoutil/bound.py
56604179,1,1,2,xoutil/cl/__init__.py
56604179,1,1,2,xoutil/cl/ids.py
56604179,1,1,2,xoutil/cl/lisp.py
56604179,1,1,2,xoutil/cl/simple.py
56604179,1,1,2,xoutil/cli/__init__.py
56604179,1,1,2,xoutil/cli/app.py
56604179,1,1,2,xoutil/cli/tools.py
56604179,1,1,2,xoutil/collections.py
56604179,1,1,2,xoutil/connote.py
56604179,1,1,2,xoutil/context.py
56604179,1,1,2,xoutil/counter.py
56604179,1,1,2,xoutil/cpystack.py
56604179,1,1,2,xoutil/crypto.py
56604179,1,1,2,xoutil/datetime.py
56604179,1,1,2,xoutil/decorator/__init__.py
56604179,1,1,2,xoutil/decorator/development.py
56604179,1,1,2,xoutil/decorator/meta.py
56604179,1,1,2,xoutil/deprecation.py
56604179,1,1,2,xoutil/eight/__init__.py
56604179,1,1,2,xoutil/eight/_meta.py
56604179,1,1,2,xoutil/eight/_meta2.py
56604179,1,1,2,xoutil/eight/_meta3.py
56604179,1,1,2,xoutil/eight/_past2.py
56604179,1,1,2,xoutil/eight/_types.py
56604179,1,1,2,xoutil/eight/abc.py
56604179,1,1,2,xoutil/eight/datetime.py
56604179,1,1,2,xoutil/eight/exceptions.py
56604179,1,1,2,xoutil/eight/inspect.py
56604179,1,1,2,xoutil/eight/io.py
56604179,1,1,2,xoutil/eight/meta.py
56604179,1,1,2,xoutil/eight/mixins.py
56604179,1,1,2,xoutil/eight/queue.py
56604179,1,1,2,xoutil/eight/string.py
56604179,1,1,2,xoutil/eight/types.py
56604179,1,1,2,xoutil/formatter.py
56604179,1,1,2,xoutil/fs/__init__.py
56604179,1,1,2,xoutil/fs/path.py
56604179,1,1,2,xoutil/html/__init__.py
56604179,1,1,2,xoutil/inspect.py
56604179,1,1,2,xoutil/iterators.py
56604179,1,1,2,xoutil/json.py
56604179,1,1,2,xoutil/keywords.py
56604179,1,1,2,xoutil/logger.py
56604179,1,1,2,xoutil/logical.py
56604179,1,1,2,xoutil/modules/__init__.py
56604179,1,1,2,xoutil/names.py
56604179,1,2,3,xoutil/objects.py
56604179,1,1,2,xoutil/option.py
56604179,1,1,2,xoutil/params.py
56604179,1,1,2,xoutil/pprint.py
56604179,1,1,2,xoutil/progress.py
56604179,1,1,2,xoutil/records.py
56604179,1,1,2,xoutil/release.py
56604179,1,1,2,xoutil/string.py
56604179,1,1,2,xoutil/subprocess.py
56604179,1,1,2,xoutil/symbols.py
56604179,1,1,2,xoutil/tasking/__init__.py
56604179,1,1,2,xoutil/tasking/_greenlet_local.py
56604179,1,1,2,xoutil/tasking/lock.py
56604179,1,1,2,xoutil/tasking/safe.py
56604179,1,1,2,xoutil/textwrap.py
56604179,1,1,2,xoutil/threading.py
56604179,1,1,2,xoutil/tools.py
56604179,1,1,2,xoutil/types.py
56604179,1,1,2,xoutil/uuid.py
56604179,1,1,2,xoutil/validators/__init__.py
56604179,1,1,2,xoutil/validators/identifiers.py
56604179,1,1,2,xoutil/web.py
56604179,0,7,7,xoutil/objects.py
56604179,1,0,1,setup.py
56604179,2,1,3,xoutil/objects.py
56604179,3,0,3,xoutil/eight/inspect.py
56604179,1,1,2,xoutil/release.py
56604179,0,4,4,xoutil/eight/exceptions.py
56604179,0,9,9,xoutil/__init__.py
56604179,7,3,10,xoutil/collections.py
56604179,4,0,4,xoutil/objects.py
56604179,1,1,2,xoutil/params.py
56604179,1,1,2,xoutil/bound.py
56604179,1,1,2,xoutil/eight/_types.py
56604179,1,1,2,xoutil/formatter.py
56604179,1,1,2,xoutil/records.py
56604179,3,0,3,xoutil/html/__init__.py
56604179,15,15,30,xoutil/objects.py
56604179,6,7,13,xoutil/string.py
56604179,0,152,152,tests/test_basic_aop.py
56604179,0,122,122,tests/test_classical_aop.py
56604179,3,2,5,tests/test_objects.py
56604179,0,118,118,tests/test_proxy.py
56604179,0,45,45,xoutil/aop/__init__.py
56604179,0,341,341,xoutil/aop/basic.py
56604179,0,527,527,xoutil/aop/classical.py
56604179,0,85,85,xoutil/aop/extended.py
56604179,0,352,352,xoutil/proxy.py
56604179,28,0,28,xoutil/eight/exceptions.py
56604179,22,0,22,tests/test_objects.py
56604179,2,0,2,xoutil/objects.py
56604179,1,1,2,xoutil/uuid.py
56604179,146,0,146,xoutil/option.py
56604179,58,103,161,xoutil/params.py
56604179,6,4,10,xoutil/params.py
56604179,11,1,12,xoutil/params.py
56604179,42,0,42,xoutil/eight/_past2.py
56604179,26,0,26,xoutil/eight/exceptions.py
56604179,3,6,9,xoutil/params.py
56604179,21,0,21,xoutil/eight/string.py
56604179,4,4,8,xoutil/params.py
56604179,21,9,30,xoutil/params.py
56604179,21,4,25,xoutil/params.py
56604179,3,3,6,tests/test_params.py
56604179,55,10,65,xoutil/params.py
56604179,6,9,15,xoutil/functools.py
56604179,1,1,2,xoutil/cl/__init__.py
56604179,1,1,2,xoutil/eight/mixins.py
56604179,2,2,4,xoutil/keywords.py
56604179,1,1,2,xoutil/params.py
56604179,0,73,73,xoutil/cl/args.py
56604179,18,1,19,xoutil/params.py
56604179,1,1,2,tests/test_params.py
56604179,1,1,2,xoutil/params.py
56604179,46,42,88,tests/test_params.py
56604179,535,330,865,xoutil/params.py
56604179,0,1,1,xoutil/eight/__init__.py
56604179,1,0,1,xoutil/eight/__init__.py
56604179,5,6,11,tests/test_clisp.py
56604179,94,29,123,xoutil/cl/__init__.py
56604179,6,6,12,xoutil/cl/lisp.py
56604179,1,2,3,xoutil/params.py
56604179,134,1,135,xoutil/tools.py
56604179,2,2,4,tests/test_symbols.py
56604179,2,8,10,xoutil/bases.py
56604179,1,1,2,xoutil/cl/ids.py
56604179,2,0,2,xoutil/functools.py
56604179,2,3,5,xoutil/objects.py
56604179,1,0,1,xoutil/reprlib.py
56604179,1,1,2,xoutil/symbols.py
56604179,1,1,2,xoutil/cl/__init__.py
56604179,1,1,2,tests/test_params.py
56604179,9,9,18,xoutil/{values => cl}/__init__.py
56604179,2,2,4,xoutil/{values => cl}/args.py
56604179,0,0,0,xoutil/{values => cl}/ids.py
56604179,94,0,94,xoutil/cl/lisp.py
56604179,1,1,2,xoutil/{values => cl}/simple.py
56604179,11,12,23,xoutil/params.py
56604179,1,1,2,xoutil/tools.py
56604179,1,1,2,xoutil/uuid.py
56604179,8,4,12,xoutil/symbols.py
56604179,3,3,6,xoutil/functools.py
56604179,1,0,1,xoutil/connote.py
56604179,1,0,1,xoutil/validators/__init__.py
56604179,8,8,16,tests/test_values.py
56604179,21,21,42,xoutil/params.py
56604179,119,111,230,xoutil/values/__init__.py
56604179,26,19,45,xoutil/values/args.py
56604179,13,13,26,xoutil/values/ids.py
56604179,31,22,53,xoutil/values/simple.py
56604179,59,6,65,xoutil/values/__init__.py
56604179,40,2,42,xoutil/values/simple.py
56604179,8,0,8,xoutil/eight/_types.py
56604179,2,1,3,xoutil/eight/types.py
56604179,8,10,18,xoutil/objects.py
56604179,3,3,6,xoutil/eight/inspect.py
56604179,2,2,4,xoutil/eight/__init__.py
56604179,165,0,165,xoutil/eight/inspect.py
56604179,5,137,142,xoutil/inspect.py
56604179,10,1,11,xoutil/collections.py
56604179,12,13,25,xoutil/inspect.py
56604179,0,1,1,xoutil/objects.py
56604179,32,0,32,xoutil/functools.py
56604179,17,0,17,xoutil/eight/__init__.py
56604179,11,0,11,xoutil/keywords.py
56604179,11,0,11,xoutil/eight/values.py
56604179,1,0,1,xoutil/tasking/safe.py
56604179,3,1,4,xoutil/symbols.py
56604179,7,0,7,xoutil/eight/queue.py
56604179,37,58,95,xoutil/symbols.py
56604179,40,0,40,xoutil/counter.py
56604179,52,0,52,tests/test_safe.py
56604179,29,0,29,xoutil/eight/queue.py
56604179,46,0,46,xoutil/tasking/safe.py
56604179,3,3,6,xoutil/functools.py
56604179,1,1,2,xoutil/tasking/_greenlet_local.py
56604179,44,0,44,tests/test_keywords.py
56604179,63,0,63,xoutil/keywords.py
56604179,0,101,101,xoutil/eight/_mixin.py
56604179,5,5,10,xoutil/__init__.py
56604179,6,6,12,xoutil/connote.py
56604179,8,151,159,xoutil/logical.py
56604179,2,2,4,xoutil/names.py
56604179,3,3,6,xoutil/records.py
56604179,222,0,222,xoutil/symbols.py
56604179,2,2,4,xoutil/validators/__init__.py
56604179,2,2,4,xoutil/values/__init__.py
56604179,24,12,36,xoutil/logical.py
56604179,7,1,8,xoutil/tasking/__init__.py
56604179,2,1,3,xoutil/tasking/_greenlet_local.py
56604179,22,0,22,xoutil/inspect.py
56604179,4,5,9,xoutil/cli/__init__.py
56604179,4,2,6,xoutil/cli/app.py
56604179,1,0,1,xoutil/cli/tools.py
56604179,24,2,26,xoutil/values/simple.py
56604179,6,0,6,tests/test_metaclass.py
56604179,4,1,5,xoutil/eight/_meta2.py
56604179,1,1,2,xoutil/collections.py
56604179,8,5,13,xoutil/objects.py
56604179,17,0,17,tests/test_objects.py
56604179,6,8,14,xoutil/eight/values.py
56604179,5,15,20,xoutil/eight/_meta2.py
56604179,6,10,16,xoutil/eight/_meta3.py
56604179,2,6,8,xoutil/eight/_types.py
56604179,70,0,70,xoutil/eight/_meta.py
56604179,1,1,2,xoutil/eight/_meta2.py
56604179,1,1,2,xoutil/eight/_meta3.py
56604179,32,1,33,xoutil/eight/_mixin.py
56604179,1,1,2,xoutil/eight/meta.py
56604179,0,12,12,xoutil/eight/_mixin.py
56604179,5,14,19,xoutil/eight/_types.py
56604179,9,1,10,xoutil/eight/_meta2.py
56604179,17,2,19,xoutil/eight/_types.py
56604179,0,1,1,xoutil/inspect.py
56604179,11,21,32,xoutil/eight/mixins.py
56604179,1,6,7,xoutil/eight/_meta2.py
56604179,1,5,6,xoutil/eight/_meta3.py
56604179,82,0,82,xoutil/eight/_mixin.py
56604179,3,3,6,xoutil/eight/meta.py
56604179,12,6,18,tests/test_mixins.py
56604179,23,3,26,xoutil/eight/mixins.py
56604179,17,11,28,tests/test_mixins.py
56604179,6,3,9,xoutil/eight/_meta2.py
56604179,6,3,9,xoutil/eight/_meta3.py
56604179,2,2,4,xoutil/eight/meta.py
56604179,20,8,28,xoutil/eight/mixins.py
56604179,16,1,17,tests/test_mixins.py
56604179,1,1,2,xoutil/eight/values.py
56604179,90,0,90,tests/test_mixins.py
56604179,1,1,2,xoutil/eight/abc.py
56604179,0,50,50,xoutil/eight/meta.py
56604179,318,0,318,xoutil/eight/mixins.py
56604179,0,16,16,xoutil/objects.py
56604179,72,0,72,xoutil/eight/values.py
56604179,2,0,2,xoutil/values/__init__.py
56604179,0,49,49,xoutil/data.py
56604179,24,2,26,xoutil/objects.py
56604179,1,1,2,xoutil/types.py
56604179,4,4,8,xoutil/types.py
56604179,0,2,2,xoutil/logical.py
56604179,2,4,6,xoutil/types.py
56604179,19,11,30,xoutil/eight/abc.py
56604179,1,0,1,tests/test_context.py
56604179,1,1,2,xoutil/api/_errors.py
56604179,1,7,8,xoutil/context.py
56604179,30,0,30,xoutil/tasking/__init__.py
56604179,2,18,20,xoutil/api/_errors.py
56604179,96,0,96,xoutil/lock/__init__.py
56604179,3,4,7,xoutil/aop/__init__.py
56604179,1,2,3,xoutil/aop/basic.py
56604179,3,6,9,xoutil/context.py
56604179,2,5,7,xoutil/context.py
56604179,17,3,20,xoutil/api/__init__.py
56604179,47,31,78,xoutil/api/_errors.py
56604179,4,166,170,xoutil/api/__init__.py
56604179,188,0,188,xoutil/api/_errors.py
56604179,4,3,7,xoutil/eight/abc.py
56604179,4,0,4,tests/test_context.py
56604179,12,0,12,setup.py
56604179,54,0,54,tests/test_api.py
56604179,408,0,408,xoutil/api.py
56604179,3,3,6,xoutil/eight/meta.py
56604179,2,2,4,tests/test_abc.py
56604179,10,19,29,xoutil/eight/abc.py
56604179,1,0,1,xoutil/objects.py
56604179,1,1,2,xoutil/values/__init__.py
56604179,7,6,13,setup.py
56604179,3,2,5,xoutil/modules/__init__.py
56604179,75,0,75,tests/test_abc.py
56604179,6,4,10,xoutil/functools.py
56604179,1,15,16,xoutil/values/__init__.py
56604179,24,0,24,xoutil/eight/abc.py
56604179,1,0,1,xoutil/eight/__init__.py
56604179,15,7,22,xoutil/eight/abc.py
56604179,50,0,50,xoutil/eight/meta.py
56604179,1,1,2,xoutil/values/ids.py
56604179,0,1,1,xoutil/eight/_types.py
56604179,56,0,56,xoutil/eight/abc.py
56604179,40,3,43,xoutil/objects.py
56604179,1,1,2,xoutil/records.py
56604179,1,1,2,xoutil/values/ids.py
56604179,13,8,21,xoutil/objects.py
56604179,5,4,9,tests/test_collections.py
56604179,2,1,3,xoutil/bases.py
56604179,2,1,3,xoutil/cli/__init__.py
56604179,12,8,20,xoutil/collections.py
56604179,4,2,6,xoutil/functools.py
56604179,3,1,4,xoutil/inspect.py
56604179,2,1,3,xoutil/objects.py
56604179,2,1,3,xoutil/params.py
56604179,3,2,5,xoutil/reprlib.py
56604179,10,0,10,xoutil/eight/__init__.py
56604179,1,10,11,xoutil/inspect.py
56604179,17,0,17,xoutil/objects.py
56604179,13,14,27,xoutil/inspect.py
56604179,1,0,1,xoutil/names.py
56604179,36,0,36,xoutil/eight/exceptions.py
56604179,1,1,2,xoutil/eight/types.py
56604179,3,10,13,xoutil/types.py
56604179,54,42,96,setup.py
56604179,1,1,2,xoutil/eight/types.py
56604179,49,1,50,tests/test_objects.py
56604179,36,27,63,xoutil/objects.py
56604179,2,5,7,setup.py
56604179,0,12,12,tests/test_string.py
56604179,0,28,28,tests/test_metaclass.py
56604179,2,7,9,tests/test_collections.py
56604179,5,0,5,setup.py
56604179,1,2,3,xoutil/fs/__init__.py
56604179,7,7,14,xoutil/values/ids.py
56604179,15,11,26,tests/test_context.py
56604179,5,1,6,xoutil/context.py
56604179,2,0,2,tests/test_metaclass.py
56604179,1,4,5,tests/test_metaclass.py
56604179,31,0,31,tests/test_metaclass.py
56604179,10,11,21,xoutil/fs/__init__.py
56604179,5,3,8,xoutil/fs/__init__.py
56604179,0,1,1,xoutil/string.py
56604179,13,8,21,xoutil/values/args.py
56604179,6,2,8,xoutil/values/__init__.py
56604179,45,0,45,tests/test_metaclass.py
56604179,5,6,11,xoutil/eight/_meta2.py
56604179,3,3,6,xoutil/eight/_meta3.py
56604179,4,12,16,xoutil/eight/meta.py
56604179,4,3,7,xoutil/collections.py
56604179,53,41,94,xoutil/eight/meta.py
56604179,24,7,31,xoutil/collections.py
56604179,11,5,16,xoutil/deprecation.py
56604179,3,3,6,tests/test_metaclass.py
56604179,3,3,6,xoutil/uuid.py
56604179,207,0,207,xoutil/values/ids.py
56604179,0,31,31,xoutil/values/uuid.py
56604179,3,0,3,xoutil/values/__init__.py
56604179,0,1,1,xoutil/names.py
56604179,39,9,48,xoutil/values/args.py
56604179,0,3,3,xoutil/iterators.py
56604179,5,4,9,xoutil/iterators.py
56604179,2,1,3,xoutil/cli/__init__.py
56604179,1,1,2,xoutil/release.py
56604179,1,1,2,tests/test_cli.py
56604179,1,1,2,xoutil/_local.py
56604179,1,1,2,xoutil/values/__init__.py
56604179,1,1,2,xoutil/values/args.py
56604179,1,1,2,xoutil/values/simple.py
56604179,31,0,31,xoutil/values/args.py
56604179,83,31,114,xoutil/values/simple.py
56604179,306,0,306,xoutil/values/simple.py
56604179,2,2,4,xoutil/connote.py
56604179,33,40,73,xoutil/string.py
56604179,2,1,3,xoutil/values/__init__.py
56604179,5,5,10,xoutil/string.py
56604179,9,8,17,xoutil/uuid.py
56604179,31,0,31,xoutil/values/uuid.py
56604179,5,1,6,xoutil/progress.py
56604179,25,23,48,xoutil/string.py
56604179,3,3,6,xoutil/web.py
56604179,5,0,5,xoutil/eight/__init__.py
56604179,28,0,28,xoutil/string.py
56604179,1,1,2,xoutil/deprecation.py
56604179,3,1,4,xoutil/string.py
56604179,23,2,25,xoutil/types.py
56604179,6,2,8,xoutil/context.py
56604179,13,0,13,xoutil/values.py
56604179,27,0,27,xoutil/string.py
56604179,100,0,100,tests/test_collections.py
56604179,535,27,562,xoutil/collections.py
56604179,64,0,64,xoutil/collections.py
56604179,14,0,14,xoutil/collections.py
56604179,35,2,37,xoutil/types.py
56604179,29,20,49,xoutil/types.py
56604179,19,0,19,xoutil/values.py
56604179,1,8,9,xoutil/values.py
56604179,7,5,12,xoutil/decorator/development.py
56604179,20,5,25,tests/test_names.py
56604179,52,1,53,xoutil/names.py
56604179,3,0,3,xoutil/params.py
56604179,1,0,1,xoutil/release.py
56604179,1,1,2,xoutil/datetime.py
56604179,7,0,7,xoutil/types.py
56604179,0,1,1,xoutil/eight/__init__.py
56604179,6,1,7,xoutil/types.py
56604179,19,5,24,tests/test_values.py
56604179,6,2,8,xoutil/values.py
56604179,1,22,23,xoutil/connote.py
56604179,76,0,76,tests/test_values.py
56604179,50,52,102,xoutil/params.py
56604179,826,84,910,xoutil/values.py
56604179,7,3,10,xoutil/string.py
56604179,142,0,142,xoutil/functools.py
56604179,2,2,4,xoutil/eight/__init__.py
56604179,2,0,2,xoutil/collections.py
56604179,2,0,2,xoutil/connote.py
56604179,2,0,2,xoutil/eight/io.py
56604179,3,0,3,xoutil/connote.py
56604179,107,115,222,xoutil/params.py
56604179,14,9,23,xoutil/values.py
56604179,267,0,267,xoutil/connote.py
56604179,244,1,245,xoutil/values.py
56604179,1,4,5,xoutil/params.py
56604179,26,0,26,xoutil/values.py
56604179,2,0,2,xoutil/collections.py
56604179,1,1,2,tests/test_validators.py
56604179,112,0,112,tests/test_validators.py
56604179,63,0,63,xoutil/eight/io.py
56604179,420,0,420,xoutil/validators/args.py
56604179,1,0,1,xoutil/eight/datetime.py
56604179,5,0,5,xoutil/inspect.py
56604179,13,0,13,xoutil/string.py
56604179,6,0,6,xoutil/eight/__init__.py
56604179,50,14,64,xoutil/validators/__init__.py
56604179,61,4,65,tests/test_collections.py
56604179,142,103,245,xoutil/collections.py
56604179,28,6,34,xoutil/validators/__init__.py
56604179,11,1,12,tests/test_string.py
56604179,30,1,31,xoutil/string.py
56604179,10,0,10,tests/test_collections.py
56604179,34,7,41,xoutil/collections.py
56604179,33,0,33,tests/test_collections.py
56604179,557,9,566,xoutil/collections.py
56604179,16,0,16,tests/test_string.py
56604179,2,1,3,xoutil/collections.py
56604179,17,5,22,xoutil/string.py
56604179,1,2,3,xoutil/eight/__init__.py
56604179,27,0,27,tests/test_names.py
56604179,16,2,18,xoutil/inspect.py
56604179,3,7,10,xoutil/names.py
56604179,1,0,1,xoutil/validators/__init__.py
56604179,12,0,12,xoutil/validators/identifiers.py
56604179,7,2,9,xoutil/context.py
56604179,1,1,2,xoutil/context.py
56604179,2,0,2,xoutil/eight/__init__.py
56604179,1,1,2,xoutil/modules/__init__.py
56604179,1,5,6,xoutil/records.py
56604179,3,2,5,setup.py
56604179,2,2,4,tests/test_annotations.py
56604179,1,1,2,tests/test_basic_aop.py
56604179,1,1,2,tests/test_collections.py
56604179,1,1,2,tests/test_functools.py
56604179,1,1,2,tests/test_pprint.py
56604179,1,1,2,tests/test_textwrap.py
56604179,1,1,2,tests/test_types.py
56604179,4,4,8,xoutil/annotate.py
56604179,5,5,10,xoutil/aop/basic.py
56604179,1,1,2,xoutil/aop/classical.py
56604179,1,1,2,xoutil/bases.py
56604179,1,1,2,xoutil/cli/__init__.py
56604179,1,1,2,xoutil/cli/tools.py
56604179,2,2,4,xoutil/cpystack.py
56604179,1,1,2,xoutil/crypto.py
56604179,2,2,4,xoutil/data.py
56604179,2,2,4,xoutil/decorator/__init__.py
56604179,4,4,8,xoutil/decorator/development.py
56604179,4,3,7,xoutil/decorator/meta.py
56604179,12,7,19,xoutil/deprecation.py
56604179,49,3,52,xoutil/eight/__init__.py
56604179,3,3,6,xoutil/formatter.py
56604179,4,2,6,xoutil/fs/__init__.py
56604179,1,1,2,xoutil/functools.py
56604179,4,4,8,xoutil/html/__init__.py
56604179,1,1,2,xoutil/inspect.py
56604179,11,2,13,xoutil/iterators.py
56604179,1,1,2,xoutil/modules/__init__.py
56604179,6,7,13,xoutil/objects.py
56604179,2,2,4,xoutil/pprint.py
56604179,2,1,3,xoutil/records.py
56604179,9,9,18,xoutil/string.py
56604179,3,3,6,xoutil/types.py
56604179,1,1,2,xoutil/validators/identifiers.py
56604179,1,1,2,xoutil/web.py
56604179,2,2,4,xoutil/eight/_meta2.py
56604179,1,1,2,xoutil/eight/_meta3.py
56604179,104,0,104,xoutil/eight/_types.py
56604179,25,82,107,xoutil/eight/types.py
56604179,3,0,3,xoutil/objects.py
56604179,1,0,1,xoutil/collections.py
56604179,5,4,9,xoutil/eight/types.py
56604179,45,31,76,xoutil/bound.py
56604179,1,1,2,xoutil/bound.py
56604179,1,1,2,xoutil/eight/meta.py
56604179,16,0,16,tests/test_metaclass.py
56604179,3,3,6,xoutil/objects.py
56604179,1,1,2,xoutil/objects.py
56604179,0,9,9,xoutil/six/__init__.py
56604179,1,3,4,tests/test_modules.py
56604179,27,14,41,tests/test_collections.py
56604179,13,4,17,xoutil/collections.py
56604179,2,2,4,xoutil/context.py
56604179,4,0,4,xoutil/release.py
56604179,1,1,2,xoutil/release.py
56604179,3,0,3,tests/test_modules.py
56604179,1,1,2,xoutil/release.py
56604179,29,0,29,tests/test_cli.py
56604179,2,2,4,xoutil/cli/__init__.py
56604179,4,6,10,tests/test_objects.py
56604179,7,26,33,xoutil/objects.py
56604179,4,31,35,xoutil/release.py
56604179,5,4,9,xoutil/context.py
56604179,2,0,2,xoutil/benchmark/mp.py
56604179,2,0,2,xoutil/collections.py
56604179,0,21,21,xoutil/sketch/__init__.py
56604179,0,292,292,xoutil/sketch/mappingproxy.py
56604179,0,121,121,xoutil/sketch/tree.py
56604179,0,190,190,xoutil/clutter/__init__.py
56604179,0,182,182,xoutil/clutter/values.py
56604179,93,0,93,xoutil/eight/datetime.py
56604179,12,1,13,xoutil/context.py
56604179,3,3,6,xoutil/context.py
56604179,1,1,2,xoutil/context.py
56604179,1,1,2,xoutil/release.py
56604179,29,0,29,tests/test_cli.py
56604179,2,2,4,xoutil/cli/__init__.py
56604179,3,0,3,tests/test_annotations.py
56604179,2,1,3,tests/test_classical_aop.py
56604179,172,125,297,tests/test_collections.py
56604179,3,3,6,tests/test_decorators.py
56604179,3,2,5,tests/test_fs.py
56604179,1,0,1,tests/test_functools.py
56604179,15,10,25,tests/test_functools2.py
56604179,9,4,13,tests/test_iterators.py
56604179,1,1,2,tests/test_modules.py
56604179,1,1,2,tests/test_proxy.py
56604179,55,57,112,tests/test_textwrap.py
56604179,7,7,14,tests/test_types.py
56604179,0,180,180,tests/test_types.py
56604179,180,0,180,xoutil/sketch/mappingproxy.py
56604179,26,24,50,xoutil/json.py
56604179,38,28,66,xoutil/datetime.py
56604179,43,8,51,xoutil/datetime.py
56604179,4,0,4,tests/test_types.py
56604179,28,32,60,xoutil/datetime.py
56604179,6,10,16,xoutil/datetime.py
56604179,1,0,1,xoutil/modules.py
56604179,0,27,27,xoutil/datetime.py
56604179,2,0,2,xoutil/datetime.py
56604179,0,1,1,xoutil/json.py
56604179,6,0,6,xoutil/eight/__init__.py
56604179,10,86,96,xoutil/eight/types.py
56604179,10,12,22,xoutil/objects.py
56604179,112,0,112,xoutil/sketch/mappingproxy.py
56604179,7,2,9,xoutil/types.py
56604179,5,0,5,tests/test_objects.py
56604179,3,2,5,xoutil/objects.py
56604179,14,10,24,xoutil/objects.py
56604179,32,9,41,xoutil/validators/__init__.py
56604179,141,10,151,xoutil/validators/__init__.py
56604179,37,5,42,xoutil/iterators.py
56604179,42,4,46,xoutil/inspect.py
56604179,2,0,2,xoutil/string.py
56604179,20,4,24,xoutil/iterators.py
56604179,35,13,48,xoutil/json.py
56604179,6,8,14,tests/test_objects.py
56604179,7,27,34,xoutil/objects.py
56604179,4,31,35,xoutil/release.py
56604179,9,0,9,tests/test_logical.py
56604179,2,0,2,xoutil/clutter/__init__.py
56604179,4,1,5,xoutil/clutter/values.py
56604179,10,2,12,xoutil/eight/__init__.py
56604179,6,1,7,xoutil/logical.py
56604179,4,1,5,xoutil/collections.py
56604179,188,0,188,xoutil/clutter/__init__.py
56604179,179,0,179,xoutil/clutter/values.py
56604179,56,0,56,tests/test_logical.py
56604179,6,1,7,xoutil/eight/__init__.py
56604179,1,1,2,xoutil/logical.py
56604179,1,4,5,xoutil/logical.py
56604179,5,5,10,tests/test_metaclass.py
56604179,1,1,2,tests/test_types.py
56604179,6,0,6,xoutil/eight/__init__.py
56604179,2,0,2,xoutil/eight/__init__.py
56604179,3,3,6,xoutil/eight/types.py
56604179,4,0,4,docs/source/conf.py
56604179,35,0,35,xoutil/eight/__init__.py
56604179,3,3,6,xoutil/{six => eight}/_meta2.py
56604179,3,3,6,xoutil/{six => eight}/_meta3.py
56604179,3,3,6,xoutil/{six => eight}/meta.py
56604179,5,2,7,xoutil/{six => eight}/types.py
56604179,1,1,2,xoutil/html/__init__.py
56604179,1,1,2,xoutil/iterators.py
56604179,1,1,2,xoutil/logical.py
56604179,4,1,5,xoutil/objects.py
56604179,3,5,8,xoutil/six/__init__.py
56604179,5,5,10,xoutil/types.py
56604179,5,6,11,xoutil/collections.py
56604179,2,2,4,xoutil/names.py
56604179,4,4,8,xoutil/records.py
56604179,4,2,6,xoutil/six/__init__.py
56604179,1,1,2,xoutil/six/_meta2.py
56604179,2,2,4,xoutil/types.py
56604179,2,125,127,xoutil/objects.py
56604179,20,1,21,xoutil/__init__.py
56604179,0,85,85,xoutil/_values.py
56604179,0,76,76,xoutil/_meta2.py
56604179,0,59,59,xoutil/_meta3.py
56604179,1,1,2,xoutil/logical.py
56604179,76,0,76,xoutil/six/_meta2.py
56604179,59,0,59,xoutil/six/_meta3.py
56604179,137,0,137,xoutil/six/meta.py
56604179,310,0,310,xoutil/six/types.py
56604179,7,252,259,xoutil/types.py
56604179,5,4,9,xoutil/context.py
56604179,21,0,21,xoutil/sketch/__init__.py
56604179,121,0,121,xoutil/sketch/tree.py
56604179,2,3,5,xoutil/collections.py
56604179,35,5,40,xoutil/cpystack.py
56604179,158,0,158,xoutil/logical.py
56604179,9,4,13,docs/source/conf.py
56604179,5,3,8,setup.py
56604179,7,1,8,tests/customizetestbed.py
56604179,2,1,3,tests/test_annotations.py
56604179,2,1,3,tests/test_bases.py
56604179,2,1,3,tests/test_basic_aop.py
56604179,2,1,3,tests/test_bound.py
56604179,2,1,3,tests/test_classical_aop.py
56604179,2,1,3,tests/test_collections.py
56604179,2,1,3,tests/test_context.py
56604179,2,1,3,tests/test_datetime.py
56604179,2,1,3,tests/test_decorators.py
56604179,2,1,3,tests/test_fs.py
56604179,2,1,3,tests/test_functools.py
56604179,2,1,3,tests/test_iterators.py
56604179,2,1,3,tests/test_metaclass.py
56604179,2,1,3,tests/test_modules.py
56604179,2,1,3,tests/test_names.py
56604179,2,1,3,tests/test_objects.py
56604179,2,1,3,tests/test_pprint.py
56604179,2,1,3,tests/test_proxy.py
56604179,2,1,3,tests/test_records.py
56604179,2,1,3,tests/test_string.py
56604179,2,1,3,tests/test_types.py
56604179,2,1,3,tests/testbed.py
56604179,2,1,3,xoutil/__init__.py
56604179,2,1,3,xoutil/_meta2.py
56604179,2,1,3,xoutil/_meta3.py
56604179,2,1,3,xoutil/_values.py
56604179,2,1,3,xoutil/annotate.py
56604179,2,1,3,xoutil/aop/__init__.py
56604179,3,1,4,xoutil/aop/basic.py
56604179,3,1,4,xoutil/aop/classical.py
56604179,3,1,4,xoutil/aop/extended.py
56604179,2,1,3,xoutil/bases.py
56604179,7,3,10,xoutil/benchmark/mp.py
56604179,2,1,3,xoutil/bound.py
56604179,2,1,3,xoutil/cli/__init__.py
56604179,2,1,3,xoutil/cli/app.py
56604179,2,1,3,xoutil/cli/tools.py
56604179,2,1,3,xoutil/collections.py
56604179,2,1,3,xoutil/context.py
56604179,2,1,3,xoutil/cpystack.py
56604179,2,1,3,xoutil/crypto.py
56604179,2,1,3,xoutil/data.py
56604179,2,1,3,xoutil/datetime.py
56604179,3,2,5,xoutil/decorator/__init__.py
56604179,2,1,3,xoutil/decorator/development.py
56604179,2,1,3,xoutil/decorator/meta.py
56604179,3,1,4,xoutil/deprecation.py
56604179,2,1,3,xoutil/formatter.py
56604179,2,1,3,xoutil/fs/__init__.py
56604179,2,1,3,xoutil/fs/path.py
56604179,2,1,3,xoutil/html/__init__.py
56604179,3,1,4,xoutil/inspect.py
56604179,2,1,3,xoutil/iterators.py
56604179,2,1,3,xoutil/json.py
56604179,2,1,3,xoutil/logger.py
56604179,2,1,3,xoutil/modules.py
56604179,2,1,3,xoutil/names.py
56604179,3,1,4,xoutil/objects.py
56604179,2,1,3,xoutil/pprint.py
56604179,2,1,3,xoutil/progress.py
56604179,2,1,3,xoutil/proxy.py
56604179,2,1,3,xoutil/records.py
56604179,2,1,3,xoutil/release.py
56604179,3,1,4,xoutil/string.py
56604179,2,1,3,xoutil/subprocess.py
56604179,2,1,3,xoutil/textwrap.py
56604179,2,1,3,xoutil/threading.py
56604179,2,1,3,xoutil/tools.py
56604179,2,1,3,xoutil/types.py
56604179,2,1,3,xoutil/uuid.py
56604179,2,1,3,xoutil/validators/__init__.py
56604179,2,1,3,xoutil/validators/identifiers.py
56604179,2,1,3,xoutil/web.py
56604179,6,2,8,xoutil/benchmark/mp.py
56604179,4,4,8,docs/source/conf.py
56604179,3,1,4,setup.py
56604179,1,1,2,tests/customizetestbed.py
56604179,1,1,2,tests/test_annotations.py
56604179,1,1,2,tests/test_bases.py
56604179,1,1,2,tests/test_basic_aop.py
56604179,1,1,2,tests/test_bound.py
56604179,1,1,2,tests/test_classical_aop.py
56604179,1,1,2,tests/test_collections.py
56604179,1,1,2,tests/test_context.py
56604179,1,1,2,tests/test_datetime.py
56604179,1,1,2,tests/test_decorators.py
56604179,1,1,2,tests/test_fs.py
56604179,1,1,2,tests/test_functools.py
56604179,1,1,2,tests/test_iterators.py
56604179,1,1,2,tests/test_metaclass.py
56604179,6,3,9,tests/test_modules.py
56604179,8,5,13,tests/test_names.py
56604179,20,7,27,tests/test_objects.py
56604179,1,1,2,tests/test_pprint.py
56604179,1,2,3,tests/test_proxy.py
56604179,1,1,2,tests/test_records.py
56604179,2,1,3,tests/test_string.py
56604179,1,1,2,tests/test_types.py
56604179,3,1,4,tests/testbed.py
56604179,1,1,2,xoutil/__init__.py
56604179,1,1,2,xoutil/_meta2.py
56604179,1,1,2,xoutil/_meta3.py
56604179,1,1,2,xoutil/_values.py
56604179,1,1,2,xoutil/annotate.py
56604179,12,12,24,xoutil/aop/__init__.py
56604179,5,4,9,xoutil/aop/basic.py
56604179,6,5,11,xoutil/aop/classical.py
56604179,1,1,2,xoutil/aop/extended.py
56604179,1,1,2,xoutil/bases.py
56604179,1,1,2,xoutil/benchmark/mp.py
56604179,1,1,2,xoutil/bound.py
56604179,1,1,2,xoutil/cli/__init__.py
56604179,1,1,2,xoutil/cli/app.py
56604179,1,1,2,xoutil/cli/tools.py
56604179,1,1,2,xoutil/collections.py
56604179,1,1,2,xoutil/context.py
56604179,1,1,2,xoutil/cpystack.py
56604179,1,1,2,xoutil/crypto.py
56604179,1,1,2,xoutil/data.py
56604179,4,5,9,xoutil/datetime.py
56604179,3,1,4,xoutil/decorator/__init__.py
56604179,1,1,2,xoutil/decorator/development.py
56604179,2,3,5,xoutil/decorator/meta.py
56604179,1,1,2,xoutil/deprecation.py
56604179,1,1,2,xoutil/formatter.py
56604179,8,1,9,xoutil/fs/__init__.py
56604179,1,1,2,xoutil/fs/path.py
56604179,1,1,2,xoutil/html/__init__.py
56604179,1,1,2,xoutil/inspect.py
56604179,4,2,6,xoutil/iterators.py
56604179,2,3,5,xoutil/json.py
56604179,1,1,2,xoutil/logger.py
56604179,3,1,4,xoutil/modules.py
56604179,1,1,2,xoutil/names.py
56604179,3,3,6,xoutil/objects.py
56604179,1,1,2,xoutil/pprint.py
56604179,9,8,17,xoutil/progress.py
56604179,1,1,2,xoutil/proxy.py
56604179,1,1,2,xoutil/records.py
56604179,1,1,2,xoutil/release.py
56604179,1,1,2,xoutil/string.py
56604179,1,1,2,xoutil/subprocess.py
56604179,1,1,2,xoutil/textwrap.py
56604179,3,1,4,xoutil/threading.py
56604179,1,1,2,xoutil/tools.py
56604179,5,3,8,xoutil/types.py
56604179,1,1,2,xoutil/uuid.py
56604179,1,1,2,xoutil/validators/__init__.py
56604179,1,1,2,xoutil/validators/identifiers.py
56604179,1,1,2,xoutil/web.py
56604179,5,4,9,tests/test_modules.py
56604179,28,6,34,tests/test_context.py
56604179,1,0,1,docs/source/conf.py
56604179,1,1,2,xoutil/release.py
56604179,61,3,64,tests/test_context.py
56604179,152,0,152,xoutil/_local.py
56604179,2,5,7,xoutil/context.py
56604179,1,0,1,docs/source/conf.py
56604179,2,2,4,xoutil/records.py
56604179,0,31,31,xoutil/objects.py
56604179,0,2470,2470,runtests.py
56604179,4,4,8,tests/test_annotations.py
56604179,6,5,11,tests/test_modules.py
56604179,5,5,10,xoutil/bound.py
56604179,0,3,3,xoutil/collections.py
56604179,3,1,4,xoutil/context.py
56604179,5,4,9,xoutil/functools.py
56604179,2,2,4,xoutil/records.py
56604179,5,1,6,xoutil/context.py
56604179,16,0,16,xoutil/inspect.py
56604179,4,4,8,xoutil/__init__.py
56604179,2,2,4,xoutil/_meta2.py
56604179,2,2,4,xoutil/_meta3.py
56604179,3,3,6,xoutil/_values.py
56604179,3,3,6,xoutil/annotate.py
56604179,3,3,6,xoutil/bases.py
56604179,3,3,6,xoutil/bound.py
56604179,3,3,6,xoutil/cli/__init__.py
56604179,3,3,6,xoutil/cli/app.py
56604179,3,3,6,xoutil/cli/tools.py
56604179,1,1,2,xoutil/collections.py
56604179,3,3,6,xoutil/context.py
56604179,3,3,6,xoutil/cpystack.py
56604179,3,3,6,xoutil/crypto.py
56604179,3,3,6,xoutil/data.py
56604179,3,3,6,xoutil/datetime.py
56604179,3,3,6,xoutil/decorator/__init__.py
56604179,7,8,15,xoutil/decorator/development.py
56604179,7,7,14,xoutil/decorator/meta.py
56604179,3,3,6,xoutil/deprecation.py
56604179,3,3,6,xoutil/formatter.py
56604179,3,3,6,xoutil/fs/__init__.py
56604179,3,3,6,xoutil/fs/path.py
56604179,2,2,4,xoutil/functools.py
56604179,3,3,6,xoutil/html/__init__.py
56604179,1,1,2,xoutil/inspect.py
56604179,3,3,6,xoutil/iterators.py
56604179,3,3,6,xoutil/json.py
56604179,3,3,6,xoutil/logger.py
56604179,4,16,20,xoutil/modules.py
56604179,3,3,6,xoutil/names.py
56604179,3,3,6,xoutil/objects.py
56604179,3,3,6,xoutil/pprint.py
56604179,3,3,6,xoutil/progress.py
56604179,14,10,24,xoutil/proxy.py
56604179,3,4,7,xoutil/records.py
56604179,3,3,6,xoutil/string.py
56604179,3,3,6,xoutil/subprocess.py
56604179,3,3,6,xoutil/textwrap.py
56604179,3,3,6,xoutil/threading.py
56604179,7,7,14,xoutil/tools.py
56604179,4,4,8,xoutil/types.py
56604179,3,3,6,xoutil/uuid.py
56604179,4,5,9,xoutil/validators/__init__.py
56604179,3,3,6,xoutil/validators/identifiers.py
56604179,3,3,6,xoutil/web.py
56604179,4,4,8,xoutil/release.py
56604179,8,1,9,tests/test_metaclass.py
56604179,6,2,8,xoutil/_meta2.py
56604179,6,2,8,xoutil/_meta3.py
56604179,1,1,2,xoutil/records.py
56604179,7,7,14,xoutil/objects.py
56604179,52,3,55,tests/test_records.py
56604179,26,0,26,xoutil/records.py
56604179,1,1,2,xoutil/release.py
56604179,1,1,2,xoutil/release.py
56604179,6,2,8,xoutil/records.py
56604179,1,1,2,xoutil/release.py
56604179,21,10,31,xoutil/records.py
56604179,3,0,3,setup.py
56604179,53,0,53,tests/test_records.py
56604179,34,3,37,xoutil/records.py
56604179,5,17,22,xoutil/string.py
56604179,7,2,9,xoutil/types.py
56604179,26,0,26,xoutil/crypto.py
56604179,0,14,14,xoutil/objects.py
56604179,9,1,10,tests/test_collections.py
56604179,0,1,1,xoutil/collections.py
56604179,10,9,19,xoutil/string.py
56604179,12,12,24,xoutil/string.py
56604179,1,1,2,xoutil/crypto.py
56604179,99,27,126,xoutil/string.py
56604179,3,2,5,xoutil/names.py
56604179,36,0,36,xoutil/string.py
56604179,1,1,2,setup.py
56604179,2,1,3,xoutil/six/__init__.py
56604179,4,2,6,xoutil/progress.py
56604179,1,1,2,xoutil/release.py
56604179,1,1,2,docs/source/conf.py
56604179,0,336,336,xoutil/compat.py
56604179,1,2,3,setup.py
56604179,0,578,578,six.py
56604179,18,10,28,xoutil/records.py
56604179,7,2,9,docs/source/conf.py
56604179,18,0,18,tests/test_records.py
56604179,17,12,29,xoutil/records.py
56604179,109,0,109,tests/test_records.py
56604179,275,0,275,xoutil/records.py
56604179,1,1,2,xoutil/release.py
56604179,2,0,2,setup.py
56604179,0,0,0,xoutil/six.py => six.py
56604179,2,2,4,tests/test_annotations.py
56604179,1,1,2,tests/test_basic_aop.py
56604179,1,1,2,tests/test_collections.py
56604179,1,1,2,tests/test_functools.py
56604179,1,1,2,tests/test_pprint.py
56604179,1,1,2,tests/test_textwrap.py
56604179,1,1,2,tests/test_types.py
56604179,1,1,2,xoutil/_meta2.py
56604179,1,1,2,xoutil/_meta3.py
56604179,2,2,4,xoutil/annotate.py
56604179,3,3,6,xoutil/aop/basic.py
56604179,1,1,2,xoutil/aop/classical.py
56604179,1,1,2,xoutil/bases.py
56604179,1,1,2,xoutil/benchmark/mp.py
56604179,1,1,2,xoutil/cli/__init__.py
56604179,1,1,2,xoutil/cli/tools.py
56604179,1,1,2,xoutil/compat.py
56604179,1,1,2,xoutil/cpystack.py
56604179,1,1,2,xoutil/data.py
56604179,1,1,2,xoutil/decorator/__init__.py
56604179,1,1,2,xoutil/decorator/development.py
56604179,1,1,2,xoutil/decorator/meta.py
56604179,3,3,6,xoutil/deprecation.py
56604179,3,3,6,xoutil/formatter.py
56604179,2,2,4,xoutil/fs/__init__.py
56604179,1,1,2,xoutil/functools.py
56604179,2,2,4,xoutil/html/__init__.py
56604179,1,1,2,xoutil/inspect.py
56604179,2,2,4,xoutil/iterators.py
56604179,1,1,2,xoutil/modules.py
56604179,5,5,10,xoutil/objects.py
56604179,1,1,2,xoutil/pprint.py
56604179,8,0,8,xoutil/six/__init__.py
56604179,6,6,12,xoutil/string.py
56604179,3,3,6,xoutil/types.py
56604179,1,1,2,xoutil/validators/identifiers.py
56604179,1,1,2,xoutil/web.py
56604179,31,0,31,xoutil/objects.py
56604179,2,4,6,xoutil/functools.py
56604179,10,3,13,xoutil/objects.py
56604179,25,0,25,tests/test_bound.py
56604179,1,1,2,xoutil/release.py
56604179,7,1,8,xoutil/fs/__init__.py
56604179,6,5,11,xoutil/bound.py
56604179,8,4,12,setup.py
56604179,1,1,2,xoutil/release.py
56604179,1,1,2,xoutil/release.py
56604179,10,0,10,xoutil/string.py
56604179,6,0,6,xoutil/types.py
56604179,1,6,7,docs/source/conf.py
56604179,398,218,616,xoutil/bound.py
56604179,22,0,22,xoutil/bound.py
56604179,2,6,8,tests/test_routines.py
56604179,0,4,4,xoutil/decorator/routines.py
56604179,9,9,18,tests/test_routines.py
56604179,1,1,2,xoutil/decorator/routines.py
56604179,21,0,21,tests/test_routines.py
56604179,30,30,60,xoutil/decorator/routines.py
56604179,37,31,68,xoutil/decorator/routines.py
56604179,16,1,17,tests/test_routines.py
56604179,48,1,49,tests/test_routines.py
56604179,125,60,185,xoutil/decorator/routines.py
56604179,2,2,4,tests/test_routines.py
56604179,16,11,27,xoutil/decorator/routines.py
56604179,47,41,88,xoutil/decorator/routines.py
56604179,2,4,6,tests/test_routines.py
56604179,15,14,29,xoutil/decorator/routines.py
56604179,1,1,2,xoutil/release.py
56604179,141,0,141,tests/test_routines.py
56604179,248,0,248,xoutil/decorator/routines.py
56604179,1,1,2,xoutil/release.py
56604179,43,0,43,xoutil/fs/__init__.py
56604179,16,33,49,xoutil/fs/__init__.py
56604179,2,2,4,xoutil/fs/__init__.py
56604179,19,3,22,xoutil/fs/__init__.py
56604179,14,0,14,tests/customizetestbed.py
56604179,8,1,9,tests/test_modules.py
56604179,32,13,45,xoutil/modules.py
56604179,9,0,9,tests/customizetestbed.py
56604179,16,0,16,tests/test_modules.py
56604179,30,0,30,tests/test_decorators.py
56604179,72,0,72,xoutil/logger.py
56604179,1,1,2,docs/source/conf.py
56604179,12,69,81,xoutil/names.py
56604179,1,1,2,xoutil/names.py
56604179,1,1,2,xoutil/release.py
56604179,1,1,2,xoutil/release.py
56604179,5,1,6,tests/test_names.py
56604179,30,19,49,xoutil/names.py
56604179,4,4,8,xoutil/names.py
56604179,1,1,2,tests/test_names.py
56604179,26,0,26,xoutil/names.py
56604179,9,2,11,xoutil/names.py
56604179,16,1,17,xoutil/names.py
56604179,0,5,5,xoutil/bases.py
56604179,3,4,7,xoutil/inspect.py
56604179,10,2,12,xoutil/names.py
56604179,5,2,7,xoutil/objects.py
56604179,5,2,7,tests/test_bases.py
56604179,1,1,2,xoutil/bases.py
56604179,13,2,15,xoutil/inspect.py
56604179,1,1,2,docs/source/conf.py
56604179,1,9,10,xoutil/inspect.py
56604179,10,1,11,xoutil/inspect.py
56604179,2,1,3,xoutil/names.py
56604179,2,0,2,xoutil/objects.py
56604179,2,0,2,xoutil/types.py
56604179,5,3,8,xoutil/types.py
56604179,5,3,8,xoutil/benchmark/mp.py
56604179,2,2,4,xoutil/cli/tools.py
56604179,6,1,7,xoutil/cpystack.py
56604179,12,14,26,xoutil/bases.py
56604179,5,28,33,xoutil/bases.py
56604179,2,1,3,xoutil/bases.py
56604179,0,12,12,xoutil/objects.py
56604179,2,1,3,xoutil/inspect.py
56604179,10,3,13,xoutil/inspect.py
56604179,1,1,2,tests/test_names.py
56604179,13,13,26,xoutil/names.py
56604179,2,3,5,xoutil/inspect.py
56604179,11,10,21,xoutil/objects.py
56604179,6,6,12,xoutil/fs/__init__.py
56604179,514,301,815,xoutil/collections.py
56604179,23,12,35,xoutil/inspect.py
56604179,2,10,12,xoutil/objects.py
56604179,0,1,1,xoutil/six.py
56604179,2,2,4,xoutil/types.py
56604179,1,1,2,xoutil/__init__.py
56604179,29,18,47,xoutil/_values.py
56604179,98,52,150,xoutil/inspect.py
56604179,42,44,86,xoutil/names.py
56604179,2,2,4,xoutil/objects.py
56604179,58,0,58,xoutil/tools.py
56604179,1,1,2,xoutil/cli/__init__.py
56604179,1,0,1,xoutil/decorator/development.py
56604179,44,35,79,xoutil/functools.py
56604179,7,8,15,xoutil/types.py
56604179,3,2,5,xoutil/inspect.py
56604179,18,8,26,xoutil/inspect.py
56604179,15,15,30,xoutil/names.py
56604179,1,1,2,xoutil/objects.py
56604179,2,11,13,xoutil/objects.py
56604179,104,6,110,xoutil/bases.py
56604179,33,0,33,xoutil/validators/__init__.py
56604179,329,64,393,xoutil/objects.py
56604179,12,6,18,xoutil/names.py
56604179,6,5,11,tests/test_bases.py
56604179,10,4,14,xoutil/bases.py
56604179,22,8,30,xoutil/crypto.py
56604179,2,1,3,docs/source/conf.py
56604179,13,5,18,xoutil/types.py
56604179,2,0,2,xoutil/string.py
56604179,2,2,4,xoutil/collections.py
56604179,1,1,2,xoutil/iterators.py
56604179,3,2,5,xoutil/iterators.py
56604179,1,1,2,docs/source/conf.py
56604179,5,2,7,xoutil/iterators.py
56604179,2,1,3,xoutil/inspect.py
56604179,43,29,72,xoutil/names.py
56604179,6,0,6,xoutil/validators/__init__.py
56604179,252,96,348,xoutil/names.py
56604179,4,4,8,xoutil/validators/identifiers.py
56604179,5,2,7,xoutil/_values.py
56604179,1,4,5,xoutil/functools.py
56604179,52,0,52,xoutil/validators/__init__.py
56604179,0,3,3,xoutil/__init__.py
56604179,2,0,2,xoutil/six.py
56604179,31,2,33,xoutil/inspect.py
56604179,0,3,3,xoutil/data.py
56604179,10,3,13,xoutil/_values.py
56604179,8,5,13,xoutil/fs/path.py
56604179,50,0,50,tests/test_functools.py
56604179,15,4,19,xoutil/functools.py
56604179,126,0,126,xoutil/inspect.py
56604179,2,2,4,tests/test_classical_aop.py
56604179,10,0,10,tests/test_modules.py
56604179,5,0,5,tests/testbed.py
56604179,19,0,19,xoutil/collections.py
56604179,0,3,3,tests/customizetestbed.py
56604179,0,2,2,tests/test_annotations.py
56604179,0,3,3,tests/test_bases.py
56604179,0,2,2,tests/test_basic_aop.py
56604179,0,4,4,tests/test_classical_aop.py
56604179,0,3,3,tests/test_collections.py
56604179,0,3,3,tests/test_context.py
56604179,0,3,3,tests/test_decorators.py
56604179,0,3,3,tests/test_functools.py
56604179,0,3,3,tests/test_iterators.py
56604179,0,3,3,tests/test_modules.py
56604179,0,2,2,tests/test_names.py
56604179,0,3,3,tests/test_pprint.py
56604179,0,3,3,tests/test_proxy.py
56604179,0,3,3,tests/testbed.py
56604179,0,3,3,xoutil/_meta2.py
56604179,0,3,3,xoutil/_values.py
56604179,0,2,2,xoutil/annotate.py
56604179,0,4,4,xoutil/aop/classical.py
56604179,0,3,3,xoutil/aop/extended.py
56604179,0,4,4,xoutil/bases.py
56604179,0,5,5,xoutil/cli/__init__.py
56604179,0,3,3,xoutil/cli/app.py
56604179,0,3,3,xoutil/cli/tools.py
56604179,0,4,4,xoutil/datetime.py
56604179,0,3,3,xoutil/decorator/development.py
56604179,0,3,3,xoutil/deprecation.py
56604179,0,4,4,xoutil/fs/path.py
56604179,0,5,5,xoutil/iterators.py
56604179,0,3,3,xoutil/modules.py
56604179,0,3,3,xoutil/names.py
56604179,0,3,3,xoutil/objects.py
56604179,1,4,5,xoutil/proxy.py
56604179,0,3,3,xoutil/subprocess.py
56604179,0,4,4,xoutil/threading.py
56604179,0,3,3,xoutil/uuid.py
56604179,2,0,2,xoutil/six.py
56604179,49,82,131,xoutil/crypto.py
56604179,118,69,187,xoutil/security.py
56604179,13,3,16,xoutil/string.py
56604179,16,0,16,xoutil/iterators.py
56604179,18,0,18,tests/test_collections.py
56604179,360,2,362,tests/test_types.py
56604179,7,0,7,xoutil/_meta2.py
56604179,5,1,6,xoutil/collections.py
56604179,156,5,161,xoutil/types.py
56604179,122,0,122,xoutil/security.py
56604179,7,3,10,xoutil/cli/__init__.py
56604179,5,0,5,tests/test_types.py
56604179,61,5,66,xoutil/types.py
56604179,176,0,176,tests/test_types.py
56604179,19,0,19,xoutil/types.py
56604179,179,2,181,tests/test_types.py
56604179,76,0,76,xoutil/types.py
56604179,18,0,18,tests/test_collections.py
56604179,5,1,6,xoutil/collections.py
56604179,7,0,7,xoutil/_meta2.py
56604179,60,7,67,tests/test_metaclass.py
56604179,20,6,26,xoutil/_meta2.py
56604179,14,9,23,xoutil/_meta3.py
56604179,45,3,48,xoutil/objects.py
56604179,76,2,78,xoutil/types.py
56604179,33,0,33,tests/test_collections.py
56604179,13,4,17,xoutil/collections.py
56604179,9,2,11,tests/test_collections.py
56604179,23,22,45,xoutil/collections.py
56604179,23,0,23,tests/test_types.py
56604179,8,3,11,xoutil/types.py
56604179,1,1,2,xoutil/release.py
56604179,9,8,17,setup.py
56604179,1,1,2,xoutil/aop/basic.py
56604179,1,1,2,xoutil/cli/tools.py
56604179,13,10,23,xoutil/fs/__init__.py
56604179,9,8,17,xoutil/html/__init__.py
56604179,2,2,4,xoutil/modules.py
56604179,5,4,9,xoutil/types.py
56604179,1,1,2,xoutil/release.py
56604179,3,5,8,xoutil/objects.py
56604179,5,4,9,xoutil/objects.py
56604179,14,7,21,xoutil/objects.py
56604179,23,0,23,tests/test_objects.py
56604179,4,4,8,xoutil/objects.py
56604179,20,2,22,xoutil/release.py
56604179,3,3,6,tests/test_collections.py
56604179,2,2,4,tests/test_metaclass.py
56604179,1,1,2,tests/test_objects.py
56604179,2,2,4,xoutil/objects.py
56604179,1,1,2,xoutil/aop/classical.py
56604179,16,8,24,xoutil/reprlib.py
56604179,3,0,3,tests/test_collections.py
56604179,17,0,17,xoutil/collections.py
56604179,1,3,4,xoutil/aop/basic.py
56604179,1,0,1,xoutil/collections.py
56604179,1,1,2,xoutil/uuid.py
56604179,6,5,11,tests/test_annotations.py
56604179,4,1,5,tests/test_basic_aop.py
56604179,5,5,10,tests/test_collections.py
56604179,2,2,4,tests/test_metaclass.py
56604179,2,2,4,tests/test_pprint.py
56604179,2,2,4,tests/test_textwrap.py
56604179,2,2,4,xoutil/_meta2.py
56604179,2,5,7,xoutil/_meta3.py
56604179,3,3,6,xoutil/annotate.py
56604179,3,2,5,xoutil/aop/basic.py
56604179,10,4,14,xoutil/aop/classical.py
56604179,2,2,4,xoutil/cli/__init__.py
56604179,5,2,7,xoutil/collections.py
56604179,1,1,2,xoutil/cpystack.py
56604179,1,1,2,xoutil/data.py
56604179,1,1,2,xoutil/decorator/__init__.py
56604179,1,1,2,xoutil/decorator/development.py
56604179,10,5,15,xoutil/decorator/meta.py
56604179,5,5,10,xoutil/deprecation.py
56604179,9,9,18,xoutil/formatter.py
56604179,5,1,6,xoutil/functools.py
56604179,6,7,13,xoutil/iterators.py
56604179,6,6,12,xoutil/objects.py
56604179,3,6,9,xoutil/pprint.py
56604179,5,8,13,xoutil/string.py
56604179,7,5,12,xoutil/validators/identifiers.py
56604179,1,1,2,xoutil/web.py
56604179,6,12,18,tests/test_objects.py
56604179,7,1,8,tests/test_objects.py
56604179,53,15,68,xoutil/objects.py
56604179,27,0,27,tests/test_objects.py
56604179,32,4,36,xoutil/objects.py
56604179,40,14,54,xoutil/cli/tools.py
56604179,3,0,3,xoutil/compat.py
56604179,577,0,577,xoutil/six.py
56604179,1,0,1,xoutil/objects.py
56604179,19,1,20,xoutil/compat.py
56604179,1,1,2,xoutil/cli/app.py
56604179,3,3,6,docs/source/conf.py
56604179,1,1,2,xoutil/release.py
56604179,2,1,3,setup.py
56604179,1,1,2,xoutil/_meta3.py
56604179,18,25,43,xoutil/annotate.py
56604179,21,20,41,xoutil/objects.py
56604179,4,4,8,xoutil/objects.py
56604179,3,3,6,xoutil/textwrap.py
56604179,6,0,6,tests/test_functools2.py
56604179,328,0,328,tests/test_textwrap.py
56604179,10,21,31,xoutil/textwrap.py
56604179,94,0,94,xoutil/textwrap.py
56604179,1,1,2,xoutil/collections.py
56604179,2,9,11,xoutil/objects.py
56604179,8,2,10,xoutil/collections.py
56604179,8,8,16,xoutil/collections.py
56604179,0,1,1,tests/test_collections.py
56604179,0,1,1,tests/test_context.py
56604179,22,48,70,xoutil/collections.py
56604179,586,1,587,tests/test_collections.py
56604179,713,0,713,xoutil/collections.py
56604179,4,1,5,xoutil/functools.py
56604179,137,139,276,xoutil/collections.py
56604179,1,1,2,xoutil/release.py
56604179,5,17,22,xoutil/objects.py
56604179,0,7,7,xoutil/__init__.py
56604179,6,0,6,tests/test_functools.py
56604179,146,0,146,tests/test_functools2.py
56604179,239,80,319,xoutil/functools.py
56604179,2,1,3,xoutil/decorator/__init__.py
56604179,12,3,15,xoutil/cli/tools.py
56604179,3,3,6,xoutil/cli/__init__.py
56604179,1,1,2,xoutil/decorator/__init__.py
56604179,0,1,1,xoutil/fs/path.py
56604179,2,1,3,xoutil/objects.py
56604179,10,10,20,xoutil/string.py
56604179,1,1,2,xoutil/release.py
56604179,34,0,34,tests/test_objects.py
56604179,45,68,113,xoutil/objects.py
56604179,1,1,2,xoutil/string.py
56604179,3,11,14,xoutil/web.py
56604179,37,0,37,xoutil/string.py
56604179,1,8,9,xoutil/__init__.py
56604179,2,2,4,xoutil/aop/classical.py
56604179,1,1,2,xoutil/aop/extended.py
56604179,3,3,6,xoutil/collections.py
56604179,1,1,2,xoutil/deprecation.py
56604179,1,1,2,xoutil/fs/path.py
56604179,1,1,2,xoutil/threading.py
56604179,2,2,4,xoutil/types.py
56604179,1,1,2,xoutil/release.py
56604179,1,6,7,xoutil/objects.py
56604179,61,0,61,xoutil/types.py
56604179,9,5,14,xoutil/objects.py
56604179,49,0,49,tests/test_objects.py
56604179,59,0,59,xoutil/objects.py
56604179,0,1,1,xoutil/objects.py
56604179,3,1,4,xoutil/objects.py
56604179,1,1,2,xoutil/datetime.py
56604179,2,2,4,xoutil/functools.py
56604179,1,0,1,xoutil/release.py
56604179,1,1,2,xoutil/datetime.py
56604179,2,2,4,xoutil/functools.py
56604179,1,2,3,xoutil/deprecation.py
56604179,12,0,12,xoutil/aop/basic.py
56604179,7,1,8,xoutil/aop/classical.py
56604179,7,1,8,xoutil/aop/extended.py
56604179,1,1,2,docs/source/conf.py
56604179,1,1,2,xoutil/release.py
56604179,1,1,2,xoutil/decorator/__init__.py
56604179,41,35,76,xoutil/deprecation.py
56604179,7,10,17,xoutil/functools.py
56604179,2,58,60,xoutil/iterators.py
56604179,34,0,34,tests/test_modules.py
56604179,2,2,4,xoutil/fs/__init__.py
56604179,4,9,13,xoutil/fs/path.py
56604179,18,3,21,xoutil/modules.py
56604179,0,35,35,xoutil/data.py
56604179,5,4,9,xoutil/aop/classical.py
56604179,5,3,8,xoutil/decorator/development.py
56604179,2,45,47,xoutil/objects.py
56604179,1,1,2,xoutil/decorator/meta.py
56604179,5,24,29,xoutil/types.py
56604179,3,11,14,xoutil/decorator/__init__.py
56604179,1,0,1,docs/source/conf.py
56604179,2,1,3,xoutil/datetime.py
56604179,14,8,22,xoutil/decorator/__init__.py
56604179,2,2,4,xoutil/objects.py
56604179,4,59,63,tests/test_decorators.py
56604179,0,31,31,tests/test_metaclass.py
56604179,0,100,100,xoutil/decorator/compat.py
56604179,1,1,2,xoutil/_meta3.py
56604179,1,1,2,xoutil/decorator/meta.py
56604179,3,3,6,tests/test_bases.py
56604179,6,1,7,tests/test_names.py
56604179,2,0,2,xoutil/fs/__init__.py
56604179,5,3,8,xoutil/_meta3.py
56604179,4,8,12,xoutil/fs/path.py
56604179,8,0,8,xoutil/modules.py
56604179,6,2,8,xoutil/fs/__init__.py
56604179,6,4,10,xoutil/fs/path.py
56604179,2,2,4,xoutil/modules.py
56604179,6,0,6,tests/test_fs.py
56604179,76,0,76,xoutil/fs/__init__.py
56604179,1,0,1,xoutil/compat.py
56604179,3,1,4,xoutil/fs/__init__.py
56604179,8,9,17,xoutil/fs/__init__.py
56604179,1,1,2,tests/customizetestbed.py
56604179,1,1,2,tests/test_annotations.py
56604179,1,1,2,tests/test_basic_aop.py
56604179,1,1,2,tests/test_classical_aop.py
56604179,1,1,2,tests/test_collections.py
56604179,1,1,2,tests/test_context.py
56604179,1,1,2,tests/test_datetime.py
56604179,1,1,2,tests/test_decorators.py
56604179,1,3,4,tests/test_fs.py
56604179,1,1,2,tests/test_functools.py
56604179,1,1,2,tests/test_iterators.py
56604179,1,1,2,tests/test_metaclass.py
56604179,1,1,2,tests/test_modules.py
56604179,1,1,2,tests/test_names.py
56604179,1,1,2,tests/test_objects.py
56604179,1,1,2,tests/test_pprint.py
56604179,1,1,2,tests/test_proxy.py
56604179,1,1,2,tests/test_string.py
56604179,1,1,2,tests/test_types.py
56604179,1,1,2,tests/testbed.py
56604179,1,1,2,xoutil/__init__.py
56604179,1,1,2,xoutil/_meta2.py
56604179,1,1,2,xoutil/_meta3.py
56604179,1,1,2,xoutil/_values.py
56604179,1,1,2,xoutil/annotate.py
56604179,1,1,2,xoutil/aop/__init__.py
56604179,1,1,2,xoutil/aop/basic.py
56604179,1,1,2,xoutil/aop/classical.py
56604179,1,1,2,xoutil/aop/extended.py
56604179,1,1,2,xoutil/bases.py
56604179,1,1,2,xoutil/benchmark/mp.py
56604179,1,1,2,xoutil/cli/__init__.py
56604179,1,1,2,xoutil/cli/app.py
56604179,1,1,2,xoutil/cli/tools.py
56604179,1,1,2,xoutil/collections.py
56604179,1,1,2,xoutil/compat.py
56604179,1,1,2,xoutil/context.py
56604179,1,1,2,xoutil/cpystack.py
56604179,1,1,2,xoutil/data.py
56604179,1,1,2,xoutil/datetime.py
56604179,1,1,2,xoutil/decorator/__init__.py
56604179,1,1,2,xoutil/decorator/development.py
56604179,1,1,2,xoutil/decorator/meta.py
56604179,1,1,2,xoutil/deprecation.py
56604179,1,1,2,xoutil/formatter.py
56604179,1,1,2,xoutil/fs/__init__.py
56604179,7,2,9,xoutil/fs/path.py
56604179,1,1,2,xoutil/html/__init__.py
56604179,1,1,2,xoutil/iterators.py
56604179,1,1,2,xoutil/json.py
56604179,1,1,2,xoutil/modules.py
56604179,1,1,2,xoutil/names.py
56604179,1,1,2,xoutil/objects.py
56604179,1,1,2,xoutil/pprint.py
56604179,1,1,2,xoutil/progress.py
56604179,1,1,2,xoutil/proxy.py
56604179,1,1,2,xoutil/release.py
56604179,1,1,2,xoutil/reprlib.py
56604179,1,1,2,xoutil/string.py
56604179,1,1,2,xoutil/subprocess.py
56604179,1,1,2,xoutil/threading.py
56604179,1,1,2,xoutil/types.py
56604179,1,1,2,xoutil/uuid.py
56604179,1,1,2,xoutil/validators/identifiers.py
56604179,1,1,2,xoutil/web.py
56604179,5,0,5,xoutil/objects.py
56604179,133,0,133,xoutil/objects.py
56604179,21,6,27,tests/test_fs.py
56604179,27,0,27,xoutil/fs/__init__.py
56604179,4,4,8,xoutil/cpystack.py
56604179,123,3,126,xoutil/cpystack.py
56604179,0,7,7,xoutil/objects.py
56604179,0,7,7,xoutil/objects.py
56604179,1,1,2,xoutil/collections.py
56604179,6,1,7,docs/source/conf.py
56604179,25,0,25,tests/test_types.py
56604179,6,1,7,xoutil/types.py
56604179,5,0,5,tests/test_objects.py
56604179,2,2,4,xoutil/objects.py
56604179,2,1,3,xoutil/modules.py
56604179,1,1,2,xoutil/names.py
56604179,12,10,22,xoutil/web.py
56604179,4,4,8,xoutil/objects.py
56604179,0,0,0,xoutil/benchmark/mp.py
56604179,21,0,21,xoutil/datetime.py
56604179,12,4,16,xoutil/uuid.py
56604179,6,0,6,xoutil/compat.py
56604179,4,3,7,xoutil/annotate.py
56604179,1,1,2,xoutil/bases.py
56604179,3,0,3,xoutil/data.py
56604179,17,13,30,xoutil/deprecation.py
56604179,0,1,1,xoutil/formatter.py
56604179,10,11,21,xoutil/iterators.py
56604179,1,1,2,xoutil/threading.py
56604179,1,1,2,xoutil/iterators.py
56604179,30,0,30,tests/test_objects.py
56604179,37,0,37,xoutil/objects.py
56604179,9,1,10,tests/test_iterators.py
56604179,14,12,26,xoutil/iterators.py
56604179,30,8,38,tests/test_datetime.py
56604179,24,23,47,xoutil/datetime.py
56604179,28,0,28,tests/test_datetime.py
56604179,59,1,60,xoutil/datetime.py
56604179,1,1,2,xoutil/release.py
56604179,1,1,2,tests/test_modules.py
56604179,28,12,40,xoutil/modules.py
56604179,3,2,5,xoutil/objects.py
56604179,2,2,4,xoutil/objects.py
56604179,3,2,5,xoutil/iterators.py
56604179,2,0,2,xoutil/objects.py
56604179,11,0,11,tests/test_objects.py
56604179,4,2,6,xoutil/objects.py
56604179,19,0,19,xoutil/string.py
56604179,8,16,24,xoutil/data.py
56604179,4,10,14,xoutil/iterators.py
56604179,3,7,10,xoutil/objects.py
56604179,121,0,121,xoutil/threading.py
56604179,13,0,13,tests/test_iterators.py
56604179,27,0,27,xoutil/iterators.py
56604179,11,0,11,xoutil/string.py
56604179,3,0,3,xoutil/compat.py
56604179,6,4,10,xoutil/objects.py
56604179,2,0,2,xoutil/annotate.py
56604179,9,4,13,xoutil/objects.py
56604179,1,0,1,docs/source/conf.py
56604179,35,1,36,tests/test_objects.py
56604179,4,3,7,xoutil/validators/identifiers.py
56604179,26,0,26,xoutil/validators/identifiers.py
56604179,0,3,3,xoutil/_meta2.py
56604179,0,3,3,xoutil/_meta3.py
56604179,33,24,57,xoutil/objects.py
56604179,1,1,2,xoutil/context.py
56604179,3,4,7,xoutil/modules.py
56604179,4,0,4,xoutil/compat.py
56604179,0,2,2,xoutil/formatter.py
56604179,6,8,14,tests/test_metaclass.py
56604179,44,15,59,xoutil/objects.py
56604179,7,2,9,tests/test_metaclass.py
56604179,2,0,2,xoutil/_meta2.py
56604179,3,0,3,xoutil/_meta3.py
56604179,7,38,45,xoutil/objects.py
56604179,20,1,21,tests/test_metaclass.py
56604179,19,34,53,xoutil/_meta2.py
56604179,18,33,51,xoutil/_meta3.py
56604179,41,6,47,xoutil/objects.py
56604179,1,0,1,xoutil/objects.py
56604179,7,4,11,xoutil/objects.py
56604179,4,0,4,xoutil/types.py
56604179,34,12,46,xoutil/objects.py
56604179,16,16,32,xoutil/collections.py
56604179,4,2,6,tests/test_context.py
56604179,5,0,5,xoutil/collections.py
56604179,4,3,7,xoutil/objects.py
56604179,1,2,3,xoutil/context.py
56604179,47,42,89,xoutil/collections.py
56604179,96,47,143,xoutil/collections.py
56604179,80,12,92,xoutil/objects.py
56604179,3,3,6,xoutil/cli/__init__.py
56604179,2,0,2,xoutil/cli/__init__.py
56604179,2,0,2,xoutil/objects.py
56604179,1,4,5,xoutil/cli/__init__.py
56604179,5,3,8,xoutil/cli/app.py
56604179,2,14,16,xoutil/cli/__init__.py
56604179,2,14,16,xoutil/cli/app.py
56604179,2,14,16,xoutil/cli/tools.py
56604179,1,1,2,docs/source/conf.py
56604179,158,14,172,xoutil/cli/__init__.py
56604179,63,0,63,xoutil/cli/app.py
56604179,1,0,1,xoutil/collections.py
56604179,1,1,2,xoutil/decorator/__init__.py
56604179,27,0,27,xoutil/objects.py
56604179,1,1,2,xoutil/decorator/compat.py
56604179,121,0,121,tests/test_metaclass.py
56604179,27,0,27,tests/test_pprint.py
56604179,59,0,59,xoutil/pprint.py
56604179,2,32,34,{cli => xoutil/cli}/__init__.py
56604179,68,0,68,xoutil/cli/tools.py
56604179,174,0,174,cli/__init__.py
56604179,0,159,159,xoutil/cli.py
56604179,3,3,6,xoutil/bases.py
56604179,159,0,159,xoutil/cli.py
56604179,2,1,3,xoutil/decorator/compat.py
56604179,1,1,2,xoutil/decorator/development.py
56604179,3,3,6,xoutil/decorator/meta.py
56604179,19,0,19,xoutil/objects.py
56604179,2,38,40,xoutil/collections.py
56604179,10,10,20,xoutil/context.py
56604179,4,4,8,xoutil/modules.py
56604179,39,4,43,xoutil/deprecation.py
56604179,2,1,3,xoutil/decorator/compat.py
56604179,34,4,38,xoutil/deprecation.py
56604179,0,5,5,xoutil/decorator/compat.py
56604179,2,3,5,xoutil/context.py
56604179,3,4,7,xoutil/formatter.py
56604179,2,3,5,xoutil/modules.py
56604179,0,1,1,xoutil/_meta2.py
56604179,0,1,1,xoutil/_meta3.py
56604179,27,4,31,xoutil/collections.py
56604179,2,3,5,xoutil/context.py
56604179,1,1,2,xoutil/_meta2.py
56604179,1,2,3,xoutil/_meta3.py
56604179,8,1,9,xoutil/decorator/compat.py
56604179,18,1,19,xoutil/objects.py
56604179,1,2,3,tests/test_objects.py
56604179,4,4,8,xoutil/_meta2.py
56604179,20,10,30,xoutil/_meta3.py
56604179,5,2,7,xoutil/objects.py
56604179,25,12,37,xoutil/_meta2.py
56604179,8,7,15,xoutil/context.py
56604179,1,2,3,xoutil/modules.py
56604179,0,1,1,xoutil/aop/classical.py
56604179,52,0,52,tests/test_objects.py
56604179,56,0,56,xoutil/_meta2.py
56604179,56,0,56,xoutil/_meta3.py
56604179,12,0,12,xoutil/objects.py
56604179,3,3,6,xoutil/modules.py
56604179,3,1,4,xoutil/modules.py
56604179,28,8,36,xoutil/types.py
56604179,3,0,3,xoutil/modules.py
56604179,4,0,4,tests/customizetestbed.py
56604179,12,0,12,tests/test_classical_aop.py
56604179,2,4,6,tests/test_modules.py
56604179,14,0,14,tests/testbed.py
56604179,7,8,15,xoutil/aop/classical.py
56604179,1,0,1,xoutil/release.py
56604179,3,2,5,xoutil/modules.py
56604179,0,18,18,xoutil/deprecation.py
56604179,1,1,2,xoutil/deprecation.py
56604179,1,1,2,xoutil/release.py
56604179,6,0,6,xoutil/collections.py
56604179,25,0,25,tests/test_objects.py
56604179,1,1,2,xoutil/objects.py
56604179,7,2,9,xoutil/objects.py
56604179,6,1,7,xoutil/decorator/compat.py
56604179,1,1,2,xoutil/objects.py
56604179,3,12,15,xoutil/context.py
56604179,1,0,1,xoutil/objects.py
56604179,7,7,14,xoutil/web.py
56604179,0,268,268,xoutil/fs/dupfind.py
56604179,5,5,10,xoutil/cpystack.py
56604179,0,74,74,xoutil/trees/__init__.py
56604179,0,25,25,xoutil/trees/base.py
56604179,0,26,26,xoutil/trees/ptt.py
56604179,27,0,27,tests/test_names.py
56604179,13,1,14,xoutil/names.py
56604179,4,25,29,xoutil/objects.py
56604179,4,3,7,xoutil/names.py
56604179,0,39,39,xoutil/string.py
56604179,3,3,6,tests/test_string.py
56604179,0,106,106,xoutil/string.py
56604179,13,9,22,xoutil/objects.py
56604179,2,2,4,xoutil/objects.py
56604179,8,0,8,tests/test_objects.py
56604179,2,1,3,xoutil/objects.py
56604179,15,12,27,xoutil/objects.py
56604179,8,0,8,xoutil/iterators.py
56604179,3,5,8,xoutil/collections.py
56604179,0,31,31,xoutil/iterators.py
56604179,1,1,2,xoutil/objects.py
56604179,7,0,7,tests/test_objects.py
56604179,11,6,17,xoutil/objects.py
56604179,1,0,1,xoutil/objects.py
56604179,3,2,5,xoutil/objects.py
56604179,1,2,3,xoutil/html/__init__.py
56604179,0,33,33,xoutil/collections.py
56604179,0,394,394,xoutil/pprint.py
56604179,104,0,104,xoutil/html/__init__.py
56604179,18,0,18,xoutil/objects.py
56604179,5,14,19,xoutil/names.py
56604179,3,2,5,xoutil/objects.py
56604179,6,5,11,xoutil/objects.py
56604179,0,33,33,xoutil/collections.py
56604179,35,2,37,xoutil/names.py
56604179,7,4,11,xoutil/names.py
56604179,0,34,34,xoutil/collections.py
56604179,41,16,57,xoutil/types.py
56604179,6,13,19,xoutil/decorator/__init__.py
56604179,4,6,10,xoutil/decorator/meta.py
56604179,4,8,12,xoutil/decorators.py
56604179,6,10,16,xoutil/fs/path.py
56604179,63,2,65,xoutil/names.py
56604179,8,18,26,xoutil/objects.py
56604179,4,3,7,xoutil/proxy.py
56604179,7,14,21,xoutil/types.py
56604179,4,6,10,xoutil/validators/identifiers.py
56604179,1,0,1,xoutil/aop/classical.py
56604179,6,5,11,xoutil/data.py
56604179,4,1,5,xoutil/objects.py
56604179,6,11,17,xoutil/objects.py
56604179,1,1,2,xoutil/objects.py
56604179,1,1,2,tests/test_names.py
56604179,2,2,4,xoutil/annotate.py
56604179,42,7,49,xoutil/names.py
56604179,1,0,1,xoutil/objects.py
56604179,6,6,12,xoutil/types.py
56604179,1,0,1,xoutil/validators/identifiers.py
56604179,4,2,6,xoutil/objects.py
56604179,2,2,4,xoutil/objects.py
56604179,7,0,7,tests/test_objects.py
56604179,5,0,5,xoutil/objects.py
56604179,6,5,11,xoutil/objects.py
56604179,5,1,6,xoutil/data.py
56604179,5,5,10,xoutil/iterators.py
56604179,5,1,6,xoutil/functools.py
56604179,4,2,6,xoutil/__init__.py
56604179,7,0,7,xoutil/annotate.py
56604179,8,2,10,xoutil/aop/basic.py
56604179,7,4,11,xoutil/aop/classical.py
56604179,5,2,7,xoutil/aop/extended.py
56604179,8,0,8,xoutil/bases.py
56604179,8,0,8,xoutil/context.py
56604179,5,0,5,xoutil/decorator/compat.py
56604179,1,0,1,xoutil/decorator/development.py
56604179,25,14,39,xoutil/functools.py
56604179,12,10,22,xoutil/json.py
56604179,17,7,24,xoutil/pprint.py
56604179,4,2,6,xoutil/progress.py
56604179,4,1,5,xoutil/proxy.py
56604179,12,2,14,xoutil/subprocess.py
56604179,4,4,8,xoutil/types.py
56604179,5,3,8,xoutil/uuid.py
56604179,5,3,8,xoutil/web.py
56604179,0,34,34,xoutil/decorators.py
56604179,18,7,25,xoutil/names.py
56604179,11,6,17,xoutil/objects.py
56604179,6,4,10,xoutil/objects.py
56604179,0,33,33,xoutil/collections.py
56604179,43,3,46,xoutil/objects.py
56604179,5,5,10,xoutil/types.py
56604179,1,1,2,xoutil/collections.py
56604179,1,3,4,xoutil/formatter.py
56604179,4,3,7,xoutil/names.py
56604179,1,1,2,xoutil/objects.py
56604179,8,1,9,xoutil/objects.py
56604179,1,0,1,xoutil/types.py
56604179,52,0,52,tests/test_names.py
56604179,80,92,172,xoutil/names.py
56604179,51,0,51,tests/test_objects.py
56604179,13,34,47,xoutil/data.py
56604179,9,22,31,xoutil/iterators.py
56604179,136,10,146,xoutil/objects.py
56604179,1,1,2,xoutil/_values.py
56604179,2,1,3,xoutil/aop/basic.py
56604179,33,0,33,xoutil/collections.py
56604179,21,10,31,xoutil/cpystack.py
56604179,31,16,47,xoutil/decorator/__init__.py
56604179,8,3,11,xoutil/decorator/meta.py
56604179,10,7,17,xoutil/decorators.py
56604179,11,6,17,xoutil/fs/path.py
56604179,204,0,204,xoutil/names.py
56604179,51,56,107,xoutil/objects.py
56604179,16,23,39,xoutil/proxy.py
56604179,15,11,26,xoutil/reprlib.py
56604179,1,0,1,xoutil/string.py
56604179,19,10,29,xoutil/types.py
56604179,6,3,9,xoutil/validators/identifiers.py
56604179,0,2,2,xoutil/decorator/__init__.py
56604179,16,20,36,xoutil/decorator/__init__.py
56604179,0,1,1,xoutil/iterators.py
56604179,5,1,6,xoutil/objects.py
56604179,2,1,3,xoutil/types.py
56604179,32,51,83,tests/test_functools.py
56604179,12,3,15,tests/test_bases.py
56604179,1,1,2,xoutil/annotate.py
56604179,1,1,2,xoutil/aop/basic.py
56604179,1,1,2,xoutil/aop/classical.py
56604179,4,4,8,xoutil/collections.py
56604179,1,1,2,xoutil/decorator/development.py
56604179,1,1,2,xoutil/decorator/meta.py
56604179,3,1,4,xoutil/iterators.py
56604179,2,1,3,xoutil/objects.py
56604179,1,2,3,xoutil/proxy.py
56604179,8,2,10,xoutil/data.py
56604179,4,0,4,xoutil/__init__.py
56604179,63,0,63,xoutil/_values.py
56604179,34,0,34,xoutil/collections.py
56604179,27,78,105,xoutil/types.py
56604179,5,2,7,xoutil/types.py
56604179,24,16,40,xoutil/types.py
56604179,0,133,133,xoutil/config/__init__.py
56604179,0,68,68,xoutil/config/argparse.py
56604179,0,42,42,xoutil/config/parser.py
56604179,7,6,13,xoutil/objects.py
56604179,1,1,2,xoutil/objects.py
56604179,17,3,20,xoutil/deprecation.py
56604179,1,3,4,xoutil/objects.py
56604179,15,1,16,xoutil/decorator/compat.py
56604179,5,1,6,xoutil/objects.py
56604179,8,14,22,xoutil/decorator/compat.py
56604179,47,0,47,xoutil/objects.py
56604179,2,2,4,xoutil/data.py
56604179,7,7,14,xoutil/iterators.py
56604179,1,1,2,xoutil/release.py
56604179,61,0,61,tests/test_iterators.py
56604179,12,3,15,xoutil/iterators.py
56604179,12,5,17,xoutil/iterators.py
56604179,10,6,16,xoutil/iterators.py
56604179,29,71,100,xoutil/iterators.py
56604179,0,16,16,xoutil/iterators.py
56604179,1,1,2,xoutil/iterators.py
56604179,5,7,12,xoutil/iterators.py
56604179,0,59,59,xoutil/data.py
56604179,10,1,11,tests/test_collections.py
56604179,77,6,83,xoutil/collections.py
56604179,16,179,195,xoutil/data.py
56604179,1,0,1,xoutil/collections.py
56604179,1,1,2,xoutil/release.py
56604179,1,1,2,xoutil/release.py
56604179,0,26,26,xoutil/mdeco.py
56604179,0,39,39,xoutil/context.py
56604179,1,1,2,setup.py
56604179,6,0,6,xoutil/types.py
56604179,7,13,20,tests/test_string.py
56604179,3,0,3,xoutil/context.py
56604179,12,0,12,tests/test_context.py
56604179,11,1,12,xoutil/context.py
56604179,8,6,14,xoutil/collections.py
56604179,34,7,41,xoutil/collections.py
56604179,2,3,5,xoutil/collections.py
56604179,1,1,2,tests/test_context.py
56604179,58,59,117,xoutil/context.py
56604179,19,26,45,tests/test_collections.py
56604179,5,28,33,xoutil/collections.py
56604179,10,22,32,xoutil/collections.py
56604179,31,3,34,xoutil/decorator/compat.py
56604179,41,0,41,tests/test_collections.py
56604179,43,7,50,xoutil/collections.py
56604179,15,14,29,tests/test_context.py
56604179,155,0,155,xoutil/collections.py
56604179,2,0,2,xoutil/compat.py
56604179,24,20,44,xoutil/context.py
56604179,384,0,384,xoutil/pprint.py
56604179,30,4,34,xoutil/context.py
56604179,2,0,2,xoutil/fs/__init__.py
56604179,5,5,10,xoutil/collections.py
56604179,21,0,21,xoutil/datetime.py
56604179,4,0,4,xoutil/context.py
56604179,10,3,13,xoutil/context.py
56604179,2,0,2,tests/test_context.py
56604179,5,1,6,xoutil/context.py
56604179,8,3,11,tests/test_context.py
56604179,2,0,2,xoutil/context.py
56604179,3,10,13,xoutil/context.py
56604179,90,81,171,tests/test_annotations.py
56604179,24,0,24,tests/test_context.py
56604179,28,13,41,xoutil/context.py
56604179,1,1,2,xoutil/release.py
56604179,3,3,6,xoutil/decorator/__init__.py
56604179,4,3,7,xoutil/string.py
56604179,1,1,2,xoutil/release.py
56604179,2470,0,2470,runtests.py
56604179,7,2,9,xoutil/aop/classical.py
56604179,10,8,18,xoutil/proxy.py
56604179,1,1,2,xoutil/proxy.py
56604179,6,0,6,tests/test_proxy.py
56604179,0,0,0,{xoutil/tests => tests}/customizetestbed.py
56604179,0,0,0,{xoutil/tests => tests}/test_annotations.py
56604179,0,0,0,{xoutil/tests => tests}/test_bases.py
56604179,0,0,0,{xoutil/tests => tests}/test_basic_aop.py
56604179,3,3,6,{xoutil/tests => tests}/test_classical_aop.py
56604179,0,0,0,{xoutil/tests => tests}/test_collections.py
56604179,0,0,0,{xoutil/tests => tests}/test_context.py
56604179,0,0,0,{xoutil/tests => tests}/test_decorators.py
56604179,0,0,0,{xoutil/tests => tests}/test_fs.py
56604179,0,0,0,{xoutil/tests => tests}/test_functools.py
56604179,4,4,8,{xoutil/tests => tests}/test_modules.py
56604179,0,0,0,{xoutil/tests => tests}/test_proxy.py
56604179,0,0,0,{xoutil/tests => tests}/test_string.py
56604179,0,0,0,{xoutil/tests => tests}/testbed.py
56604179,0,0,0,xoutil/tests/__init__.py
56604179,23,4,27,xoutil/bases.py
56604179,8,0,8,xoutil/bases.py
56604179,94,0,94,xoutil/bases.py
56604179,34,0,34,xoutil/tests/test_bases.py
56604179,6,24,30,xoutil/iterators.py
56604179,1,1,2,xoutil/release.py
56604179,14,9,23,xoutil/cpystack.py
56604179,2,1,3,xoutil/decorator/development.py
56604179,2,1,3,xoutil/decorator/meta.py
56604179,5,4,9,xoutil/decorator/development.py
56604179,37,16,53,xoutil/decorator/development.py
56604179,5,1,6,xoutil/decorator/meta.py
56604179,1,3,4,xoutil/decorator/meta.py
56604179,49,47,96,xoutil/proxy.py
56604179,1,1,2,xoutil/proxy.py
56604179,12,12,24,xoutil/web.py
56604179,19,10,29,xoutil/fs/__init__.py
56604179,4,16,20,xoutil/tests/test_fs.py
56604179,9,6,15,xoutil/proxy.py
56604179,6,6,12,xoutil/fs/__init__.py
56604179,0,1,1,xoutil/release.py
56604179,13,3,16,xoutil/fs/__init__.py
56604179,36,7,43,xoutil/tests/test_fs.py
56604179,3,2,5,xoutil/aop/basic.py
56604179,9,9,18,xoutil/aop/classical.py
56604179,2,2,4,xoutil/datetime.py
56604179,12,6,18,xoutil/formatter.py
56604179,2,2,4,xoutil/string.py
56604179,2,1,3,xoutil/objects.py
56604179,7,1,8,setup.py
56604179,7,0,7,docs/source/conf.py
56604179,22,0,22,xoutil/release.py
56604179,4,4,8,xoutil/config/argparse.py
56604179,6,0,6,xoutil/compat.py
56604179,3,3,6,xoutil/cpystack.py
56604179,2,1,3,xoutil/decorator/__init__.py
56604179,7,4,11,xoutil/iterators.py
56604179,5,5,10,xoutil/objects.py
56604179,2,1,3,xoutil/web.py
56604179,6,1,7,xoutil/web.py
56604179,1,1,2,xoutil/annotate.py
56604179,9,8,17,xoutil/datetime.py
56604179,6,6,12,xoutil/formatter.py
56604179,1,1,2,xoutil/proxy.py
56604179,20,19,39,xoutil/web.py
56604179,4,2,6,xoutil/decorator/development.py
56604179,12,11,23,xoutil/decorator/meta.py
56604179,87,7,94,xoutil/modules.py
56604179,42,0,42,xoutil/tests/customizetestbed.py
56604179,71,0,71,xoutil/tests/test_modules.py
56604179,4,0,4,xoutil/tests/test_classical_aop.py
56604179,25,18,43,xoutil/proxy.py
56604179,1,5,6,xoutil/tests/test_proxy.py
56604179,77,64,141,xoutil/aop/classical.py
56604179,12,3,15,xoutil/types.py
56604179,1,0,1,xoutil/types.py
56604179,4,0,4,xoutil/types.py
56604179,4,44,48,xoutil/decorator/compat.py
56604179,58,0,58,xoutil/tests/test_decorators.py
56604179,23,19,42,xoutil/objects.py
56604179,58,0,58,xoutil/types.py
56604179,25,0,25,xoutil/types.py
56604179,4,0,4,xoutil/types.py
56604179,0,1,1,xoutil/modules.py
56604179,3,3,6,xoutil/types.py
56604179,1,1,2,xoutil/string.py
56604179,34,0,34,xoutil/tests/test_string.py
56604179,2,2,4,xoutil/objects.py
56604179,3,1,4,xoutil/iterators.py
56604179,1,1,2,xoutil/config/argparse.py
56604179,15,21,36,xoutil/compat.py
56604179,15,10,25,xoutil/aop/basic.py
56604179,20,2,22,xoutil/tests/test_basic_aop.py
56604179,4,4,8,xoutil/functools.py
56604179,13,6,19,xoutil/tests/test_functools.py
56604179,3,2,5,xoutil/tests/test_basic_aop.py
56604179,1,1,2,xoutil/aop/basic.py
56604179,4,1,5,xoutil/aop/classical.py
56604179,25,0,25,xoutil/compat.py
56604179,2,17,19,xoutil/iterators.py
56604179,2,1,3,xoutil/objects.py
56604179,1,0,1,xoutil/context.py
56604179,8,1,9,xoutil/aop/classical.py
56604179,2,14,16,xoutil/tests/test_annotations.py
56604179,17,11,28,xoutil/iterators.py
56604179,2,1,3,xoutil/compat.py
56604179,4,0,4,xoutil/compat.py
56604179,5,4,9,xoutil/compat.py
56604179,18,6,24,xoutil/modules.py
56604179,23,7,30,xoutil/modules.py
56604179,25,28,53,xoutil/proxy.py
56604179,4,2,6,xoutil/cpystack.py
56604179,1,1,2,xoutil/json.py
56604179,2,2,4,xoutil/mdeco.py
56604179,5,6,11,xoutil/objects.py
56604179,2,1,3,xoutil/proxy.py
56604179,2,1,3,xoutil/reprlib.py
56604179,3,1,4,xoutil/trees/__init__.py
56604179,3,3,6,xoutil/types.py
56604179,3,2,5,xoutil/validators/identifiers.py
56604179,1,1,2,xoutil/web.py
56604179,62,19,81,xoutil/config/__init__.py
56604179,1,0,1,xoutil/config/argparse.py
56604179,18,25,43,xoutil/data.py
56604179,10,4,14,xoutil/iterators.py
56604179,16,6,22,xoutil/context.py
56604179,11,9,20,xoutil/aop/basic.py
56604179,1,1,2,xoutil/compat.py
56604179,1,2,3,xoutil/deprecation.py
56604179,21,0,21,xoutil/iterators.py
56604179,3,3,6,xoutil/proxy.py
56604179,91,0,91,xoutil/decorator/compat.py
56604179,54,0,54,xoutil/tests/test_context.py
56604179,3,3,6,xoutil/proxy.py
56604179,2,7,9,xoutil/__init__.py
56604179,35,19,54,xoutil/collections.py
56604179,35,21,56,xoutil/compat.py
56604179,61,32,93,xoutil/data.py
56604179,48,41,89,xoutil/datetime.py
56604179,9,15,24,xoutil/decorators.py
56604179,1,0,1,xoutil/fs/dupfind.py
56604179,22,17,39,xoutil/fs/path.py
56604179,15,10,25,xoutil/functools.py
56604179,8,30,38,xoutil/iterators.py
56604179,10,7,17,xoutil/json.py
56604179,82,0,82,xoutil/modules.py
56604179,10,56,66,xoutil/string.py
56604179,19,16,35,xoutil/types.py
56604179,60,68,128,xoutil/annotate.py
56604179,1,13,14,xoutil/annotate.py
56604179,37,0,37,xoutil/subprocess.py
56604179,2,1,3,xoutil/aop/classical.py
56604179,18,9,27,xoutil/decorators.py
56604179,1,1,2,xoutil/proxy.py
56604179,17,1,18,xoutil/string.py
56604179,6,3,9,xoutil/types.py
56604179,0,1,1,xoutil/config/__init__.py
56604179,42,0,42,xoutil/config/parser.py
56604179,8,2,10,xoutil/annotate.py
56604179,2,1,3,xoutil/tests/test_annotations.py
56604179,43,38,81,xoutil/annotate.py
56604179,11,4,15,xoutil/tests/test_annotations.py
56604179,7,6,13,xoutil/types.py
56604179,2,0,2,xoutil/compat.py
56604179,58,1,59,xoutil/objects.py
56604179,24,0,24,xoutil/objects.py
56604179,12,0,12,xoutil/objects.py
56604179,8,2,10,xoutil/annotate.py
56604179,19,20,39,xoutil/tests/test_annotations.py
56604179,1,1,2,xoutil/annotate.py
56604179,4,3,7,xoutil/decorator/meta.py
56604179,1,1,2,xoutil/release.py
56604179,77,1,78,xoutil/decorator/__init__.py
56604179,8,0,8,xoutil/compat.py
56604179,35,0,35,xoutil/objects.py
56604179,46,0,46,xoutil/decorator/development.py
56604179,1,4,5,xoutil/decorator/__init__.py
56604179,17,22,39,xoutil/iterators.py
56604179,17,6,23,xoutil/types.py
56604179,1,1,2,xoutil/types.py
56604179,7,7,14,xoutil/iterators.py
56604179,2,2,4,xoutil/objects.py
56604179,4,2,6,xoutil/functools.py
56604179,1,1,2,xoutil/collections.py
56604179,3,1,4,xoutil/tests/test_decorators.py
56604179,1,1,2,xoutil/iterators.py
56604179,4,0,4,xoutil/types.py
56604179,8,6,14,xoutil/fs/path.py
56604179,5,0,5,xoutil/functools.py
56604179,10,2,12,xoutil/functools.py
56604179,22,6,28,xoutil/fs/path.py
56604179,65,0,65,xoutil/functools.py
56604179,18,6,24,xoutil/fs/__init__.py
56604179,213,0,213,xoutil/decorator/__init__.py
56604179,337,0,337,xoutil/decorator/meta.py
56604179,19,200,219,xoutil/decorators.py
56604179,10,321,331,xoutil/mdeco.py
56604179,2,0,2,xoutil/compat.py
56604179,9,0,9,xoutil/string.py
56604179,4,0,4,xoutil/string.py
56604179,54,2,56,xoutil/string.py
56604179,2,1,3,xoutil/config/__init__.py
56604179,1,1,2,xoutil/{ => config}/argparse.py
56604179,1,1,2,xoutil/fs/dupfind.py
56604179,90,0,90,xoutil/config/__init__.py
56604179,10,6,16,xoutil/context.py
56604179,9,11,20,xoutil/decorators.py
56604179,1,1,2,xoutil/iterators.py
56604179,13,20,33,xoutil/string.py
56604179,0,149,149,xoutil/optparse.py
56604179,267,0,267,xoutil/fs/dupfind.py
56604179,67,0,67,xoutil/argparse.py
56604179,33,28,61,xoutil/mdeco.py
56604179,10,279,289,xoutil/decorators.py
56604179,2,3,5,xoutil/deprecation.py
56604179,332,0,332,xoutil/mdeco.py
56604179,5,5,10,xoutil/aop/classical.py
56604179,1,1,2,xoutil/objects.py
56604179,13,7,20,xoutil/iterators.py
56604179,2,1,3,xoutil/iterators.py
56604179,1,1,2,xoutil/fs/__init__.py
56604179,1,0,1,xoutil/iterators.py
56604179,9,0,9,xoutil/datetime.py
56604179,11,5,16,xoutil/string.py
56604179,189,11,200,xoutil/decorators.py
56604179,1,3,4,xoutil/proxy.py
56604179,1,1,2,docs/source/conf.py
56604179,1,0,1,xoutil/__init__.py
56604179,7,15,22,xoutil/aop/__init__.py
56604179,1,1,2,xoutil/aop/extended.py
56604179,1,0,1,xoutil/benchmark/mp.py
56604179,3,3,6,xoutil/collections.py
56604179,0,5,5,xoutil/compat.py
56604179,1,0,1,xoutil/context.py
56604179,2,1,3,xoutil/cpystack.py
56604179,2,1,3,xoutil/data.py
56604179,1,1,2,xoutil/datetime.py
56604179,1,0,1,xoutil/decorators.py
56604179,3,5,8,xoutil/deprecation.py
56604179,2,1,3,xoutil/formatter.py
56604179,2,1,3,xoutil/fs/__init__.py
56604179,2,2,4,xoutil/fs/path.py
56604179,1,0,1,xoutil/iterators.py
56604179,2,1,3,xoutil/json.py
56604179,1,0,1,xoutil/objects.py
56604179,2,1,3,xoutil/progress.py
56604179,1,0,1,xoutil/proxy.py
56604179,2,1,3,xoutil/release.py
56604179,7,4,11,xoutil/string.py
56604179,5,13,18,xoutil/tests/test_basic_aop.py
56604179,6,13,19,xoutil/tests/test_classical_aop.py
56604179,5,13,18,xoutil/tests/test_collections.py
56604179,18,26,44,xoutil/tests/test_decorators.py
56604179,2,1,3,xoutil/tests/test_fs.py
56604179,5,13,18,xoutil/tests/test_functools.py
56604179,5,13,18,xoutil/tests/test_proxy.py
56604179,6,13,19,xoutil/tests/testbed.py
56604179,2,1,3,xoutil/trees/__init__.py
56604179,2,1,3,xoutil/trees/base.py
56604179,2,1,3,xoutil/trees/ptt.py
56604179,2,1,3,xoutil/types.py
56604179,1,0,1,xoutil/uuid.py
56604179,1,0,1,xoutil/validators/identifiers.py
56604179,2,1,3,xoutil/web.py
56604179,6,4,10,xoutil/formatter.py
56604179,60,19,79,xoutil/optparse.py
56604179,4,4,8,xoutil/string.py
56604179,0,2,2,xoutil/web.py
56604179,13,5,18,xoutil/string.py
56604179,25,14,39,xoutil/benchmark/mp.py
56604179,46,39,85,xoutil/collections.py
56604179,0,2,2,xoutil/context.py
56604179,0,2,2,xoutil/cpystack.py
56604179,4,9,13,xoutil/data.py
56604179,1,0,1,xoutil/datetime.py
56604179,0,3,3,xoutil/decorators.py
56604179,4,19,23,xoutil/formatter.py
56604179,15,29,44,xoutil/fs/__init__.py
56604179,5,14,19,xoutil/fs/path.py
56604179,1,6,7,xoutil/json.py
56604179,0,1,1,xoutil/objects.py
56604179,0,4,4,xoutil/progress.py
56604179,7,20,27,xoutil/proxy.py
56604179,7,7,14,xoutil/reprlib.py
56604179,1,2,3,xoutil/tests/test_collections.py
56604179,10,4,14,xoutil/trees/__init__.py
56604179,0,3,3,xoutil/validators/identifiers.py
56604179,7,10,17,xoutil/aop/extended.py
56604179,1,1,2,xoutil/aop/basic.py
56604179,52,39,91,xoutil/aop/classical.py
56604179,56,51,107,xoutil/string.py
56604179,1,2,3,xoutil/tests/test_basic_aop.py
56604179,6,11,17,xoutil/tests/test_classical_aop.py
56604179,63,0,63,xoutil/iterators.py
56604179,24,6,30,xoutil/iterators.py
56604179,0,38,38,xoutil/default_dict.py
56604179,0,129,129,xoutil/memoize.py
56604179,0,31,31,xoutil/opendict.py
56604179,1,5,6,docs/source/conf.py
56604179,108,0,108,xoutil/optparse.py
56604179,4,8,12,xoutil/collections.py
56604179,5,3,8,xoutil/data.py
56604179,2,2,4,xoutil/decorators.py
56604179,9,1,10,xoutil/fs/__init__.py
56604179,45,15,60,xoutil/fs/path.py
56604179,48,7,55,xoutil/iterators.py
56604179,78,33,111,xoutil/objects.py
56604179,1,0,1,xoutil/string.py
56604179,10,11,21,xoutil/fs/path.py
56604179,1,1,2,xoutil/release.py
56604179,3,53,56,xoutil/context.py
56604179,0,90,90,xoutil/tests/test_context.py
56604179,3,0,3,xoutil/context.py
56604179,0,2,2,xoutil/aop/classical.py
56604179,0,6,6,xoutil/context.py
56604179,17,0,17,xoutil/tests/test_context.py
56604179,4,1,5,xoutil/data.py
56604179,1,0,1,xoutil/datetime.py
56604179,19,3,22,xoutil/deprecation.py
56604179,14,10,24,xoutil/string.py
56604179,2,1,3,xoutil/deprecation.py
56604179,4,1,5,xoutil/compat.py
56604179,25,16,41,xoutil/compat.py
56604179,7,5,12,xoutil/formatter.py
56604179,5,4,9,xoutil/fs/__init__.py
56604179,9,4,13,xoutil/fs/path.py
56604179,8,4,12,xoutil/functools.py
56604179,2,1,3,xoutil/objects.py
56604179,115,68,183,xoutil/string.py
56604179,7,3,10,xoutil/validators/identifiers.py
56604179,7,4,11,xoutil/web.py
56604179,1,1,2,xoutil/release.py
56604179,3,2,5,xoutil/context.py
56604179,2,1,3,xoutil/aop/classical.py
56604179,1,1,2,xoutil/aop/extended.py
56604179,28,22,50,xoutil/tests/test_classical_aop.py
56604179,1,1,2,xoutil/tests/testbed.py
56604179,25,4,29,xoutil/aop/classical.py
56604179,10,6,16,xoutil/aop/classical.py
56604179,15,2,17,xoutil/aop/classical.py
56604179,1,1,2,xoutil/collections.py
56604179,53,2,55,xoutil/context.py
56604179,73,0,73,xoutil/tests/test_context.py
56604179,17,0,17,xoutil/compat.py
56604179,2,2,4,xoutil/aop/basic.py
56604179,1,0,1,xoutil/decorators.py
56604179,46,13,59,xoutil/fs/__init__.py
56604179,2,2,4,xoutil/fs/__init__.py
56604179,1,1,2,xoutil/release.py
56604179,0,1,1,xoutil/formatter.py
56604179,23,2,25,xoutil/string.py
56604179,29,4,33,xoutil/formatter.py
56604179,1,1,2,xoutil/string.py
56604179,4,2,6,xoutil/deprecation.py
56604179,3,3,6,setup.py
56604179,1,1,2,docs/source/conf.py
56604179,1,1,2,xoutil/release.py
56604179,2,0,2,xoutil/cpystack.py
56604179,2,0,2,xoutil/fs/__init__.py
56604179,10,0,10,xoutil/string.py
56604179,3,2,5,xoutil/cpystack.py
56604179,1,1,2,xoutil/string.py
56604179,7,5,12,xoutil/string.py
56604179,1,1,2,xoutil/cpystack.py
56604179,44,0,44,xoutil/fs/__init__.py
56604179,30,15,45,xoutil/cpystack.py
56604179,13,1,14,docs/source/conf.py
56604179,1,0,1,setup.py
56604179,56,14,70,xoutil/string.py
56604179,1,0,1,setup.py
56604179,19,11,30,xoutil/string.py
56604179,2,4,6,xoutil/types.py
56604179,4,4,8,xoutil/string.py
56604179,128,4,132,xoutil/string.py
56604179,3,3,6,docs/source/conf.py
56604179,1,1,2,setup.py
56604179,1,1,2,xoutil/collections.py
56604179,1,1,2,xoutil/context.py
56604179,1,1,2,xoutil/cpystack.py
56604179,1,1,2,xoutil/data.py
56604179,1,1,2,xoutil/decorators.py
56604179,1,1,2,xoutil/formatter.py
56604179,1,1,2,xoutil/fs/__init__.py
56604179,1,1,2,xoutil/iterators.py
56604179,1,1,2,xoutil/json.py
56604179,1,1,2,xoutil/memoize.py
56604179,1,1,2,xoutil/opendict.py
56604179,1,1,2,xoutil/progress.py
56604179,1,1,2,xoutil/tests/test_decorators.py
56604179,1,1,2,xoutil/tests/test_fs.py
56604179,1,1,2,xoutil/trees/__init__.py
56604179,1,1,2,xoutil/trees/base.py
56604179,1,1,2,xoutil/trees/ptt.py
56604179,1,1,2,xoutil/types.py
56604179,1,1,2,xoutil/validators/identifiers.py
56604179,1,1,2,xoutil/web.py
56604179,4,0,4,xoutil/formatter.py
56604179,1,1,2,xoutil/release.py
56604179,2,2,4,docs/source/conf.py
56604179,1,1,2,xoutil/__init__.py
56604179,1,1,2,xoutil/aop/__init__.py
56604179,1,1,2,xoutil/aop/basic.py
56604179,1,1,2,xoutil/aop/classical.py
56604179,1,1,2,xoutil/aop/extended.py
56604179,12,8,20,xoutil/collections.py
56604179,1,1,2,xoutil/datetime.py
56604179,1,1,2,xoutil/default_dict.py
56604179,1,1,2,xoutil/deprecation.py
56604179,1,1,2,xoutil/fs/path.py
56604179,1,1,2,xoutil/objects.py
56604179,1,1,2,xoutil/proxy.py
56604179,1,1,2,xoutil/release.py
56604179,1,0,1,xoutil/reprlib.py
56604179,1,1,2,xoutil/string.py
56604179,1,1,2,xoutil/tests/test_basic_aop.py
56604179,1,1,2,xoutil/tests/test_classical_aop.py
56604179,1,1,2,xoutil/tests/test_collections.py
56604179,1,1,2,xoutil/tests/test_functools.py
56604179,1,1,2,xoutil/tests/test_proxy.py
56604179,1,1,2,xoutil/tests/testbed.py
56604179,1,1,2,xoutil/uuid.py
56604179,233,0,233,xoutil/annotate.py
56604179,125,0,125,xoutil/tests/test_annotations.py
56604179,6,14,20,xoutil/__init__.py
56604179,15,23,38,xoutil/aop/basic.py
56604179,6,14,20,xoutil/aop/classical.py
56604179,7,15,22,xoutil/aop/extended.py
56604179,11,17,28,xoutil/collections.py
56604179,4,2,6,xoutil/compat.py
56604179,8,18,26,xoutil/context.py
56604179,6,14,20,xoutil/cpystack.py
56604179,7,15,22,xoutil/data.py
56604179,6,14,20,xoutil/datetime.py
56604179,5,12,17,xoutil/decorators.py
56604179,5,13,18,xoutil/deprecation.py
56604179,4,14,18,xoutil/formatter.py
56604179,5,13,18,xoutil/fs/path.py
56604179,4,16,20,xoutil/functools.py
56604179,7,16,23,xoutil/iterators.py
56604179,5,16,21,xoutil/json.py
56604179,5,13,18,xoutil/memoize.py
56604179,5,13,18,xoutil/objects.py
56604179,5,13,18,xoutil/opendict.py
56604179,4,14,18,xoutil/progress.py
56604179,5,13,18,xoutil/proxy.py
56604179,3,14,17,xoutil/release.py
56604179,2,1,3,xoutil/reprlib.py
56604179,5,13,18,xoutil/string.py
56604179,5,15,20,xoutil/trees/__init__.py
56604179,7,15,22,xoutil/trees/base.py
56604179,7,15,22,xoutil/trees/ptt.py
56604179,4,4,8,xoutil/types.py
56604179,4,13,17,xoutil/uuid.py
56604179,9,7,16,xoutil/validators/identifiers.py
56604179,4,14,18,xoutil/web.py
56604179,1,1,2,xoutil/release.py
56604179,5,2,7,xoutil/progress.py
56604179,0,79,79,xoutil/tests/test_simple_memoize.py
56604179,8,3,11,xoutil/deprecation.py
56604179,1,1,2,xoutil/release.py
56604179,6,5,11,xoutil/memoize.py
56604179,79,0,79,xoutil/tests/test_simple_memoize.py
56604179,109,76,185,xoutil/functools.py
56604179,84,0,84,xoutil/tests/test_functools.py
56604179,329,0,329,xoutil/collections.py
56604179,5,46,51,xoutil/default_dict.py
56604179,6,21,27,xoutil/opendict.py
56604179,174,0,174,xoutil/reprlib.py
56604179,51,0,51,xoutil/tests/test_collections.py
56604179,9,26,35,xoutil/compat.py
56604179,2,2,4,xoutil/aop/extended.py
56604179,2,2,4,xoutil/decorators.py
56604179,3,3,6,xoutil/proxy.py
56604179,0,3,3,xoutil/uuid.py
56604179,22,22,44,xoutil/web.py
56604179,9,5,14,xoutil/types.py
56604179,28,24,52,xoutil/proxy.py
56604179,9,2,11,xoutil/progress.py
56604179,42,25,67,xoutil/objects.py
56604179,7,4,11,xoutil/memoize.py
56604179,13,12,25,xoutil/json.py
56604179,20,7,27,xoutil/iterators.py
56604179,9,9,18,xoutil/functools.py
56604179,9,4,13,xoutil/formatter.py
56604179,9,1,10,xoutil/deprecation.py
56604179,5,5,10,xoutil/default_dict.py
56604179,49,39,88,xoutil/decorators.py
56604179,8,7,15,xoutil/datetime.py
56604179,44,21,65,xoutil/data.py
56604179,16,13,29,xoutil/context.py
56604179,0,25,25,xoutil/fs/__init__.py
56604179,76,28,104,xoutil/fs/__init__.py
56604179,8,6,14,xoutil/fs/path.py
56604179,14,11,25,xoutil/__init__.py
56604179,0,233,233,xoutil/annotate.py
56604179,0,125,125,xoutil/tests/test_annotations.py
56604179,0,53,53,xoutil/future.py
56604179,0,146,146,xoutil/pep3124.py
56604179,0,88,88,xoutil/tests/test_overload.py
56604179,10,9,19,xoutil/annotate.py
56604179,2,0,2,xoutil/aop/basic.py
56604179,2,1,3,xoutil/memoize.py
56604179,5,3,8,xoutil/memoize.py
56604179,20,8,28,xoutil/memoize.py
56604179,63,1,64,xoutil/proxy.py
56604179,17,7,24,xoutil/tests/test_proxy.py
56604179,13,0,13,xoutil/context.py
56604179,63,1,64,xoutil/proxy.py
56604179,17,7,24,xoutil/tests/test_proxy.py
56604179,8,8,16,xoutil/aop/basic.py
56604179,1,1,2,xoutil/release.py
56604179,270,0,270,docs/source/conf.py
56604179,16,1,17,xoutil/__init__.py
56604179,14,15,29,xoutil/aop/basic.py
56604179,13,13,26,xoutil/aop/classical.py
56604179,11,2,13,xoutil/aop/extended.py
56604179,302,0,302,xoutil/proxy.py
56604179,117,0,117,xoutil/tests/test_proxy.py
56604179,12,2,14,xoutil/aop/basic.py
56604179,32,1,33,xoutil/tests/test_basic_aop.py
56604179,1,1,2,xoutil/aop/classical.py
56604179,0,2,2,xoutil/objects.py
56604179,15,2,17,xoutil/context.py
56604179,1,0,1,xoutil/aop/basic.py
56604179,1,1,2,xoutil/aop/classical.py
56604179,9,2,11,xoutil/iterators.py
56604179,60,43,103,xoutil/objects.py
56604179,1,1,2,xoutil/release.py
56604179,72,24,96,xoutil/aop/basic.py
56604179,21,3,24,xoutil/tests/test_basic_aop.py
56604179,33,0,33,xoutil/iterators.py
56604179,9,8,17,xoutil/aop/basic.py
56604179,8,8,16,xoutil/tests/test_basic_aop.py
56604179,3,0,3,xoutil/types.py
56604179,1,1,2,xoutil/release.py
56604179,39,7,46,xoutil/aop/basic.py
56604179,9,5,14,xoutil/objects.py
56604179,2,6,8,xoutil/datetime.py
56604179,1,9,10,xoutil/functools.py
56604179,1,5,6,xoutil/json.py
56604179,1,4,5,xoutil/string.py
56604179,15,21,36,xoutil/types.py
56604179,1,1,2,xoutil/release.py
56604179,4,3,7,xoutil/deprecation.py
56604179,1,1,2,xoutil/release.py
56604179,1,1,2,xoutil/compat.py
56604179,1,1,2,xoutil/context.py
56604179,44,44,88,xoutil/objects.py
56604179,13,5,18,xoutil/objects.py
56604179,5,3,8,xoutil/deprecation.py
56604179,38,3,41,xoutil/aop/basic.py
56604179,6,4,10,xoutil/functools.py
56604179,16,16,32,xoutil/aop/classical.py
56604179,7,7,14,xoutil/tests/test_classical_aop.py
56604179,75,52,127,xoutil/annotate.py
56604179,4,3,7,xoutil/objects.py
56604179,1,1,2,xoutil/release.py
56604179,38,21,59,xoutil/aop/classical.py
56604179,1,1,2,xoutil/release.py
56604179,11,5,16,xoutil/aop/classical.py
56604179,3,3,6,xoutil/objects.py
56604179,124,84,208,xoutil/aop/classical.py
56604179,80,0,80,xoutil/aop/extended.py
56604179,0,0,0,xoutil/tests/__init__.py
56604179,114,0,114,xoutil/tests/test_classical_aop.py
56604179,41,0,41,xoutil/tests/testbed.py
56604179,7,0,7,xoutil/objects.py
56604179,1,1,2,xoutil/release.py
56604179,174,149,323,xoutil/aop/classical.py
56604179,52,0,52,xoutil/aop/__init__.py
56604179,356,0,356,xoutil/aop/classical.py
56604179,11,11,22,xoutil/decorators.py
56604179,16,19,35,xoutil/iterators.py
56604179,18,15,33,xoutil/datetime.py
56604179,1,1,2,xoutil/release.py
56604179,4,1,5,xoutil/aop.py
56604179,1,1,2,xoutil/decorators.py
56604179,18,0,18,xoutil/tests/test_decorators.py
56604179,17,21,38,xoutil/decorators.py
56604179,7,5,12,xoutil/decorators.py
56604179,9,9,18,xoutil/iterators.py
56604179,11,8,19,xoutil/aop.py
56604179,2,2,4,xoutil/aop.py
56604179,6,7,13,xoutil/decorators.py
56604179,53,10,63,xoutil/aop.py
56604179,41,8,49,xoutil/decorators.py
56604179,43,3,46,xoutil/fs/__init__.py
56604179,5,7,12,xoutil/fs/path.py
56604179,4,1,5,xoutil/iterators.py
56604179,1,1,2,xoutil/release.py
56604179,38,5,43,xoutil/annotate.py
56604179,42,1,43,xoutil/tests/test_annotations.py
56604179,17,3,20,xoutil/decorators.py
56604179,47,5,52,xoutil/decorators.py
56604179,40,1,41,xoutil/tests/test_decorators.py
56604179,1,1,2,setup.py
56604179,1,1,2,xoutil/release.py
56604179,62,3,65,xoutil/annotate.py
56604179,36,2,38,xoutil/tests/test_annotations.py
56604179,4,2,6,xoutil/decorators.py
56604179,50,0,50,xoutil/tests/test_annotations.py
56604179,6,6,12,xoutil/decorators.py
56604179,117,0,117,xoutil/annotate.py
56604179,0,8,8,setup.py
56604179,0,1,1,xoutil/paste/__init__.py
56604179,0,156,156,xoutil/paste/template.py
56604179,1,1,2,xoutil/release.py
56604179,2,0,2,xoutil/paste/template.py
56604179,1,1,2,xoutil/release.py
56604179,1,0,1,setup.py
56604179,8,2,10,xoutil/formatter.py
56604179,60,8,68,xoutil/paste/template.py
56604179,7,2,9,setup.py
56604179,32,0,32,xoutil/release.py
56604179,9,3,12,setup.py
56604179,1,0,1,xoutil/paste/__init__.py
56604179,102,0,102,xoutil/paste/template.py
56604179,2,2,4,xoutil/aop.py
56604179,6,18,24,xoutil/aop.py
56604179,0,2,2,xoutil/decorators.py
56604179,1,1,2,xoutil/tests/test_decorators.py
56604179,102,101,203,xoutil/aop.py
56604179,91,0,91,xoutil/tests/test_aop.py
56604179,61,5,66,xoutil/aop.py
56604179,53,63,116,xoutil/aop.py
56604179,19,0,19,xoutil/context.py
56604179,33,0,33,xoutil/__init__.py
56604179,112,0,112,xoutil/aop.py
56604179,1,0,1,xoutil/data.py
56604179,2,1,3,xoutil/future.py
56604179,5,1,6,xoutil/objects.py
56604179,1,0,1,setup.py
56604179,18,6,24,xoutil/types.py
56604179,44,2,46,xoutil/memoize.py
56604179,6,8,14,xoutil/data.py
56604179,13,4,17,xoutil/iterators.py
56604179,7,2,9,xoutil/objects.py
56604179,3,2,5,xoutil/pep3124.py
56604179,34,0,34,xoutil/web.py
56604179,14,11,25,xoutil/cpystack.py
56604179,33,2,35,xoutil/cpystack.py
56604179,7,5,12,xoutil/context.py
56604179,1,1,2,setup.py
56604179,3,0,3,xoutil/fs/__init__.py
56604179,4,6,10,xoutil/datetime.py
56604179,6,2,8,xoutil/functools.py
56604179,9,5,14,xoutil/json.py
56604179,6,2,8,xoutil/string.py
56604179,7,5,12,xoutil/types.py
56604179,4,3,7,xoutil/uuid.py
56604179,1,0,1,xoutil/decorators.py
56604179,1,1,2,setup.py
56604179,209,0,209,xoutil/formatter.py
56604179,2,0,2,xoutil/context.py
56604179,2,1,3,xoutil/uuid.py
56604179,15,10,25,xoutil/string.py
56604179,1,1,2,setup.py
56604179,1,1,2,setup.py
56604179,75,0,75,xoutil/trees/__init__.py
56604179,32,0,32,xoutil/trees/base.py
56604179,33,0,33,xoutil/trees/ptt.py
56604179,3,2,5,xoutil/decorators.py
56604179,1,1,2,xoutil/deprecation.py
56604179,116,0,116,xoutil/functools.py
56604179,1,1,2,setup.py
56604179,40,3,43,xoutil/iterators.py
56604179,4,3,7,setup.py
56604179,15,10,25,xoutil/context.py
56604179,13,9,22,xoutil/data.py
56604179,7,4,11,xoutil/datetime.py
56604179,16,16,32,xoutil/decorator.py
56604179,11,11,22,xoutil/default_dict.py
56604179,1,1,2,xoutil/future.py
56604179,3,3,6,xoutil/json.py
56604179,2,2,4,xoutil/memoize.py
56604179,14,14,28,xoutil/pep3124.py
56604179,5,5,10,xoutil/progress.py
56604179,1,3,4,xoutil/smart_dict.py
56604179,0,107,107,xoutil/stack.py
56604179,1,1,2,xoutil/tests/test_decorators.py
56604179,1,1,2,xoutil/tests/test_overload.py
56604179,0,0,0,xoutil/validators/__init__.py
56604179,49,0,49,xoutil/validators/identifiers.py
56604179,114,0,114,xoutil/context.py
56604179,62,0,62,xoutil/iterutils.py
56604179,95,0,95,xoutil/json.py
56604179,280,0,280,xoutil/objutil.py
56604179,179,0,179,xoutil/stringutil.py
56604179,42,0,42,xoutil/uuidutil.py
56604179,126,0,126,xoutil/typeutil.py
56604179,72,0,72,xoutil/webutil.py
56604179,1,1,2,setup.py
56604179,7,3,10,xoutil/deprecation.py
56604179,16,18,34,xoutil/data.py
56604179,88,0,88,xoutil/tests/test_overload.py
56604179,18,9,27,xoutil/decorator.py
56604179,71,0,71,xoutil/tests/test_decorators.py
56604179,1,1,2,setup.py
56604179,233,0,233,xoutil/compat.py
56604179,52,0,52,xoutil/future.py
56604179,145,0,145,xoutil/pep3124.py
56604179,284,0,284,xoutil/data.py
56604179,204,0,204,xoutil/decorator.py
56604179,9,2,11,setup.py
56604179,25,11,36,xoutil/deprecation.py
56604179,1,1,2,setup.py
56604179,1,1,2,xoutil/cpystack.py
56604179,98,0,98,xoutil/fs/path.py
56604179,1,1,2,setup.py
56604179,109,0,109,xoutil/cpystack.py
56604179,11,10,21,xoutil/deprecation.py
56604179,1,1,2,setup.py
56604179,1,1,2,xoutil/deprecation.py
56604179,1,1,2,setup.py
56604179,19,13,32,xoutil/deprecation.py
56604179,81,0,81,xoutil/progress.py
56604179,76,0,76,xoutil/memoize.py
56604179,55,0,55,xoutil/smart_dict.py
56604179,107,0,107,xoutil/stack.py
56604179,79,0,79,xoutil/default_dict.py
56604179,63,0,63,xoutil/iterutils.py
56604179,1,1,2,setup.py
56604179,235,0,235,xoutil/datetime.py
56604179,1,1,2,setup.py
56604179,77,0,77,xoutil/deprecation.py
56604179,1,1,2,setup.py
56604179,3,3,6,xoutil/fs.py
56604179,1,1,2,setup.py
56604179,258,9,267,xoutil/fs.py
56604179,48,0,48,xoutil/tests/test_fs.py
56604179,23,0,23,setup.py
56604179,6,3,9,xoutil/benchmark/mp.py
56604179,45,0,45,xoutil/benchmark/mp.py
56604179,0,0,0,xoutil/__init__.py
56604179,45,0,45,xoutil/fs.py
40955019,0,1,1,common/2018acsup/database_generation_workflow.py
40955019,123,64,187,common/2018acsup/database_inactivation.py
40955019,2,2,4,common/2018acsup/database_photoidentification.py
40955019,188,42,230,common/2018acsup/figure_inactivation.py
40955019,41,23,64,common/2018acsup/figure_inactivation_controls.py
40955019,42,27,69,common/2018acsup/figure_model.py
40955019,70,57,127,common/2018acsup/generate_inactivation_aggregate_stats.py
40955019,2,2,4,common/2018acsup/studyparams.py
40955019,2,1,3,common/2018acsup/supplement_generate_cells_suppressed_by_ArchT.py
40955019,7,6,13,common/2018acsup/supplement_generate_control_inactivation_stats.py
40955019,9,3,12,common/2018acsup/figure_model.py
40955019,6,5,11,common/2018acsup/generate_model.py
40955019,27,18,45,common/2018acsup/model_suppression.py
40955019,15,4,19,common/2018acsup/figure_model.py
40955019,2,1,3,common/2018acsup/generate_model.py
40955019,67,9,76,common/2018acsup/model_suppression.py
40955019,1,1,2,common/2019astrpi/database_generation.py
40955019,34,25,59,common/2019astrpi/database_generation_funcs.py
40955019,1,1,2,common/2019astrpi/database_generation.py
40955019,2,2,4,common/2019astrpi/figure_frequency_tuning.py
40955019,107,0,107,common/2019astrpi/database_cell_locations.py
40955019,180,121,301,common/2019astrpi/database_generation.py
40955019,0,264,264,common/2019astrpi/database_generation_reorganized.py
40955019,209,0,209,common/2019astrpi/old_scripts/database_generation.py
40955019,5,5,10,common/2018acsup/model_suppression.py
40955019,167,0,167,common/2018acsup/figure_model.py
40955019,123,0,123,common/2018acsup/generate_model.py
40955019,221,0,221,common/2018acsup/model_suppression.py
40955019,33,0,33,common/infohistology/d1pi042_tracks.py
40955019,54,0,54,common/infohistology/band102_tracks.py
40955019,2,2,4,common/2019astrpi/generate_example_freq_tuning.py
40955019,4,4,8,common/2019astrpi/figure_frequency_tuning.py
40955019,6,6,12,common/infohistology/d1pi041_tracks.py
40955019,40,0,40,common/infohistology/d1pi041_tracks.py
40955019,55,0,55,common/infohistology/d1pi040_tracks.py
40955019,52,0,52,common/infohistology/d1pi039_tracks.py
40955019,2,2,4,common/2019astrpi/database_generation.py
40955019,2,2,4,common/2019astrpi/database_generation_reorganized.py
40955019,6,5,11,common/2019astrpi/figure_frequency_tuning.py
40955019,2,2,4,common/2019astrpi/generate_example_freq_tuning.py
40955019,389,0,389,common/inforecordings/band102_inforec.py
40955019,2,2,4,common/infohistology/band097_tracks.py
40955019,51,0,51,common/infohistology/band097_tracks.py
40955019,1,0,1,common/2019astrpi/database_generation_reorganized.py
40955019,1,1,2,common/2019astrpi/studyparams.py
40955019,22,22,44,common/inforecordings/d1pi042_inforec.py
40955019,6,6,12,common/2019astrpi/extras/new_reports_fixed.py
40955019,1,0,1,matt/new_reports.py
40955019,20,0,20,common/inforecordings/band097_inforec.py
40955019,473,0,473,common/2019astrpi/extras/new_reports_fixed.py
40955019,221,13,234,common/inforecordings/d1pi042_inforec.py
40955019,53,0,53,common/inforecordings/band097_inforec.py
40955019,31,1,32,common/inforecordings/band097_inforec.py
40955019,101,0,101,common/inforecordings/band097_inforec.py
40955019,208,0,208,common/inforecordings/band097_inforec.py
40955019,2,2,4,common/inforecordings/chad016_inforec.py
40955019,161,0,161,santiago/201909_supression_model/supressionmodel.py
40955019,16,12,28,common/2019astrpi/database_generation_reorganized.py
40955019,4,3,7,common/2019astrpi/figure_frequency_tuning.py
40955019,5,5,10,common/2019astrpi/generate_example_freq_tuning.py
40955019,1,1,2,common/2019astrpi/studyparams.py
40955019,81,81,162,common/inforecordings/d1pi041_inforec.py
40955019,51,1,52,common/inforecordings/chad018_inforec.py
40955019,27,0,27,common/inforecordings/chad018_inforec.py
40955019,165,2,167,common/2019astrpi/database_generation_funcs.py
40955019,41,11,52,common/2019astrpi/database_generation_reorganized.py
40955019,2,1,3,common/2019astrpi/generate_example_freq_tuning.py
40955019,2,1,3,common/2019astrpi/studyparams.py
40955019,36,0,36,common/infohistology/d1pi032_tracks.py
40955019,21,0,21,common/infohistology/d1pi033_tracks.py
40955019,18,0,18,common/infohistology/d1pi036_tracks.py
40955019,1,1,2,matt/generate_monotonicity_index.py
40955019,3,2,5,matt/generate_onset_to_sustained.py
40955019,1,1,2,common/inforecordings/d1pi036_inforec.py
40955019,8,6,14,common/inforecordings/d1pi039_inforec.py
40955019,1,1,2,common/inforecordings/d1pi041_inforec.py
40955019,332,2,334,common/inforecordings/d1pi041_inforec.py
40955019,283,0,283,common/inforecordings/d1pi041_inforec.py
40955019,28,0,28,common/inforecordings/d1pi042_inforec.py
40955019,4,3,7,beth/threetone/report_generation.py
40955019,155,5,160,beth/threetone/database_generation.py
40955019,45,0,45,common/inforecordings/chad016_inforec.py
40955019,1,1,2,common/inforecordings/chad013_inforec.py
40955019,20,20,40,common/inforecordings/chad013_inforec.py
40955019,44,2,46,common/inforecordings/chad016_inforec.py
40955019,49,1,50,common/inforecordings/chad016_inforec.py
40955019,73,0,73,common/inforecordings/chad016_inforec.py
40955019,148,0,148,santiago/wheelsensor/encoder_python_client_test.py
40955019,76,0,76,common/inforecordings/chad013_inforec.py
40955019,49,2,51,common/inforecordings/d1pi041_inforec.py
40955019,37,34,71,common/inforecordings/d1pi040_inforec.py
40955019,37,12,49,common/inforecordings/d1pi041_inforec.py
40955019,115,0,115,common/inforecordings/d1pi041_inforec.py
40955019,357,0,357,common/inforecordings/d1pi040_inforec.py
40955019,37,0,37,common/inforecordings/chad013_inforec.py
40955019,36,0,36,common/inforecordings/chad013_inforec.py
40955019,142,57,199,beth/threetone/report_generation.py
40955019,1,1,2,common/inforecordings/chad013_inforec.py
40955019,89,2,91,common/inforecordings/chad013_inforec.py
40955019,111,0,111,common/inforecordings/chad013_inforec.py
40955019,2,2,4,beth/ssa/generate_reports_all_cells.py
40955019,375,280,655,beth/threetone/report_generation.py
40955019,38,2,40,common/inforecordings/chad013_inforec.py
40955019,2,2,4,common/inforecordings/chad013_inforec.py
40955019,101,0,101,common/inforecordings/chad013_inforec.py
40955019,65,43,108,beth/threetone/report_generation.py
40955019,105,0,105,common/2018acsup/database_cell_locations.py
40955019,1,1,2,common/inforecordings/chad013_inforec.py
40955019,29,1,30,common/inforecordings/chad013_inforec.py
40955019,308,0,308,beth/threetone/report_generation.py
40955019,49,0,49,beth/threetone/database_generation.py
40955019,8,0,8,beth/threetone/studyparams.py
40955019,0,1,1,beth/ssa/generate_reports_all_cells.py
40955019,38,0,38,common/inforecordings/chad013_inforec.py
40955019,69,69,138,common/inforecordings/d1pi039_inforec.py
40955019,151,0,151,common/inforecordings/d1pi039_inforec.py
40955019,59,5,64,common/inforecordings/chad015_inforec.py
40955019,42,3,45,common/inforecordings/chad015_inforec.py
40955019,50,2,52,common/inforecordings/chad015_inforec.py
40955019,8,0,8,common/templates/studyparams.py
40955019,49,0,49,common/templates/database_generation.py
40955019,2,17,19,common/inforecordings/chad015_inforec.py
40955019,4,9,13,common/inforecordings/chad013_inforec.py
40955019,2,1,3,beth/ssa/studyparams.py
40955019,14,15,29,beth/ssa/generate_reports_all_cells.py
40955019,2,0,2,beth/ssa/database_generate.py
40955019,92,61,153,beth/ssa/generate_reports_all_cells.py
40955019,84,0,84,common/inforecordings/chad015_inforec.py
40955019,63,38,101,common/2019astrpi/database_generation.py
40955019,122,55,177,common/2019astrpi/database_generation_funcs.py
40955019,229,0,229,common/2019astrpi/database_generation_reorganized.py
40955019,85,82,167,common/2019astrpi/extras/generate_allCell_reports.py
40955019,35,101,136,common/2019astrpi/figure_frequency_tuning.py
40955019,31,32,63,common/2019astrpi/generate_example_freq_tuning.py
40955019,2,1,3,common/2019astrpi/studyparams.py
40955019,43,0,43,matt/fix_behavior_file.py
40955019,2,8,10,matt/generate_latency.py
40955019,2,9,11,matt/generate_monotonicity_index.py
40955019,2,1,3,matt/generate_onset_to_sustained.py
40955019,348,0,348,matt/new_reports.py
40955019,3,3,6,common/2018acsup/supplement_generate_example_frequency_tuning.py
40955019,90,0,90,common/inforecordings/chad015_inforec.py
40955019,2,4,6,common/2018acsup/database_generation_workflow.py
40955019,1,3,4,common/2018acsup/figure_SI_controls.py
40955019,2,2,4,common/2018acsup/figure_example_characterisation.py
40955019,1,1,2,common/2018acsup/figure_inactivation_controls.py
40955019,2,2,4,common/2018acsup/figure_photoID_method.py
40955019,7,2,9,common/2018acsup/generate_PV_SOM_Ex_aggregate_stats.py
40955019,6,2,8,common/2018acsup/supplement_generate_stats_by_tone_suppression.py
40955019,3,2,5,common/inforecordings/chad013_inforec.py
40955019,168,0,168,common/inforecordings/d1pi039_inforec.py
40955019,11,6,17,common/2018acsup/database_generation_funcs.py
40955019,8,3,11,common/2018acsup/database_generation_workflow.py
40955019,1,1,2,common/2018acsup/supplement_generate_cells_suppressed_by_ArchT.py
40955019,3,3,6,common/2018acsup/supplement_generate_control_inactivation_stats.py
40955019,12,126,138,common/2018acsup/database_inactivation.py
40955019,0,3,3,common/2018acsup/database_photoidentification.py
40955019,1,1,2,common/2018acsup/database_inactivation.py
40955019,1,1,2,common/2018acsup/database_photoidentification.py
40955019,141,97,238,beth/ssa/generate_reports_all_cells.py
40955019,0,2,2,common/2018acsup/figure_frequency_tuning.py
40955019,2,7,9,common/2018acsup/supplement_generate_control_inactivation_stats.py
40955019,6,7,13,common/2018acsup/database_generation_workflow.py
40955019,30,16,46,common/2018acsup/database_generation_workflow.py
40955019,16,19,35,common/2018acsup/database_inactivation.py
40955019,99,84,183,common/2018acsup/extras/figure_responses_all_PV_SOM.py
40955019,66,52,118,common/2018acsup/extras/responses_all_PV_SOM.py
40955019,1,1,2,common/inforecordings/band056_inforec.py
40955019,2,2,4,common/inforecordings/band058_inforec.py
40955019,1,1,2,common/inforecordings/band062_inforec.py
40955019,35,35,70,common/inforecordings/band073_inforec.py
40955019,9,9,18,common/inforecordings/d1pi032_inforec.py
40955019,5,5,10,common/inforecordings/d1pi033_inforec.py
40955019,15,15,30,common/inforecordings/d1pi036_inforec.py
40955019,62,0,62,beth/ssa/database_generate.py
40955019,233,0,233,beth/ssa/generate_reports_all_cells.py
40955019,8,0,8,beth/ssa/studyparams.py
40955019,1,3,4,anna/bandwidth_masking_v2.py
40955019,4,3,7,anna/bandwidth_masking_v2.py
40955019,97,109,206,anna/bandwidth_masking_v2.py
40955019,175,0,175,matt/figure_latency.py
40955019,132,0,132,matt/generate_latency.py
40955019,105,0,105,matt/generate_monotonicity_index.py
40955019,108,0,108,matt/generate_onset_to_sustained.py
40955019,38,36,74,common/2019astrpi/database_generation.py
40955019,3,6,9,common/2019astrpi/extras/generate_allCell_reports.py
40955019,21,21,42,common/2019astrpi/figure_frequency_tuning.py
40955019,10,10,20,common/2019astrpi/studyparams.py
40955019,2,2,4,common/inforecordings/d1pi032_inforec.py
40955019,19,19,38,common/inforecordings/d1pi033_inforec.py
40955019,3,3,6,common/inforecordings/d1pi036_inforec.py
40955019,122,16,138,common/2018acsup/database_inactivation.py
40955019,4,0,4,common/2018acsup/database_photoidentification.py
40955019,49,0,49,common/2018acsup/extras/SI_by_recording_location.py
40955019,209,0,209,common/2018acsup/extras/figure_responses_all_PV_SOM.py
40955019,206,0,206,common/2018acsup/extras/responses_all_PV_SOM.py
40955019,37,0,37,common/2018thstr/README_resave_databases_20180913.py
40955019,61,28,89,common/2018thstr/figure_am.py
40955019,244,0,244,common/2018thstr/figure_am_max_rate.py
40955019,73,0,73,common/2018thstr/figure_am_onsetivity.py
40955019,67,0,67,common/2018thstr/figure_cf_onsetivity.py
40955019,19,6,25,common/2018thstr/figure_example_noise_laser.py
40955019,197,31,228,common/2018thstr/figure_frequency.py
40955019,255,0,255,common/2018thstr/figure_max_fr_tones.py
40955019,57,0,57,common/2018thstr/figure_monotonicity_index.py
40955019,65,0,65,common/2018thstr/figure_noise_onsetivity.py
40955019,132,8,140,common/2018thstr/figure_pinp_method.py
40955019,124,0,124,common/2018thstr/figure_summary_pinp_method.py
40955019,27,20,47,common/2018thstr/figure_tagged_vs_untagged_cortex.py
40955019,10,3,13,common/2018thstr/generate_brain_area.py
40955019,106,0,106,common/2018thstr/generate_cell_counts.py
40955019,6,3,9,common/2018thstr/generate_rescued_clusters.py
40955019,122,0,122,common/2018thstr/generate_summary_am_max_rate.py
40955019,109,0,109,common/2018thstr/generate_summary_am_onsetivity.py
40955019,93,0,93,common/2018thstr/generate_summary_cortex_cell_depth.py
40955019,381,0,381,common/2018thstr/generate_summary_extra_response_stats.py
40955019,194,0,194,common/2018thstr/generate_summary_monotonicity_fitting.py
40955019,165,0,165,common/2018thstr/generate_summary_monotonicity_index.py
40955019,274,431,705,common/2018thstr/generate_summary_pinp_method.py
40955019,7,5,12,common/2018thstr/generate_tagged.py
40955019,102,0,102,common/2018thstr/summary_pinp_method_testing.py
40955019,143,0,143,common/2018thstr/summary_pinp_method_testing_2.py
40955019,131,1,132,common/2018thstr/tests/am_perceptron.py
40955019,18,5,23,common/2019astrpi/database_generation.py
40955019,240,25,265,common/2019astrpi/figure_frequency_tuning.py
40955019,25,14,39,common/2019astrpi/generate_example_freq_tuning.py
40955019,29,10,39,common/2019astrpi/extras/generate_allCell_reports.py
40955019,52,0,52,common/inforecordings/chad015_inforec.py
40955019,104,1,105,common/inforecordings/chad013_inforec.py
40955019,96,1,97,common/inforecordings/chad013_inforec.py
40955019,1,0,1,common/2018acsup/cluster_ephys_data.py
40955019,11,6,17,common/2018acsup/database_generation_workflow.py
40955019,198,0,198,common/2018acsup/figure_PV_SOM_comparison.py
40955019,268,0,268,common/2018acsup/figure_SI_controls.py
40955019,378,0,378,common/2018acsup/figure_example_characterisation.py
40955019,196,0,196,common/2018acsup/figure_frequency_tuning.py
40955019,401,0,401,common/2018acsup/figure_inactivation.py
40955019,345,0,345,common/2018acsup/figure_inactivation_controls.py
40955019,293,0,293,common/2018acsup/figure_photoID_method.py
40955019,0,0,0,common/2018acsup/{ => short_report_figures}/figure_characterisation_of_responses_by_cell_type.py
40955019,0,0,0,common/2018acsup/{ => short_report_figures}/figure_inhibitory_cell_inactivation.py
40955019,0,0,0,common/2018acsup/{ => short_report_figures}/supplement_figure_ArchT_suppression.py
40955019,0,0,0,common/2018acsup/{ => short_report_figures}/supplement_figure_PV_SOM_change_FR_by_bandwidth_zoomed_out.py
40955019,0,0,0,common/2018acsup/{ => short_report_figures}/supplement_figure_excitatory_firing_rates.py
40955019,0,0,0,common/2018acsup/{ => short_report_figures}/supplement_figure_gaussian_freq_fit.py
40955019,0,0,0,common/2018acsup/{ => short_report_figures}/supplement_figure_histology.py
40955019,0,0,0,common/2018acsup/{ => short_report_figures}/supplement_figure_identified_cell_responses_by_am_rate.py
40955019,0,0,0,common/2018acsup/{ => short_report_figures}/supplement_figure_inactivation_control.py
40955019,0,0,0,common/2018acsup/{ => short_report_figures}/supplement_figure_intensity_tuning.py
40955019,0,0,0,common/2018acsup/{ => short_report_figures}/supplement_figure_photoidentification.py
40955019,2,0,2,common/2018acsup/studyparams.py
40955019,0,7,7,common/2018acsup/subjects_info.py
40955019,107,0,107,common/2018acsup/supplement_generate_stats_by_tone_suppression.py
40955019,72,0,72,common/inforecordings/chad013_inforec.py
40955019,44,0,44,common/inforecordings/chad013_inforec.py
40955019,4,4,8,common/2019astrpi/database_generation_funcs.py
40955019,3,1,4,common/2019astrpi/studyparams.py
40955019,37,29,66,common/2019astrpi/extras/generate_allCell_reports.py
40955019,1,1,2,common/2019astrpi/generate_example_freq_tuning.py
40955019,0,1,1,common/2019astrpi/figure_frequency_tuning.py
40955019,3,2,5,common/2019astrpi/figparams.py
40955019,2,2,4,common/2019astrpi/studyparams.py
40955019,0,179,179,common/2019astrpi/database_generate.py
40955019,0,140,140,common/2019astrpi/database_generate_funcs.py
40955019,187,0,187,common/2019astrpi/extras/generate_allCell_reports.py
40955019,18,24,42,common/2019astrpi/database_generation.py
40955019,38,23,61,common/2019astrpi/database_generation_funcs.py
40955019,277,0,277,common/2019astrpi/figure_frequency_tuning.py
40955019,97,0,97,common/2019astrpi/generate_example_freq_tuning.py
40955019,175,0,175,common/2019astrpi/database_generation.py
40955019,211,0,211,common/2019astrpi/database_generation_funcs.py
40955019,48,12,60,anna/tests/band_dynamics.py
40955019,61,50,111,common/inforecordings/chad010_inforec.py
40955019,191,51,242,common/inforecordings/chad011_inforec.py
40955019,111,0,111,nick/analysis/dissertation_amod/.ipynb_checkpoints/figure_single_sound_type_psychometric-checkpoint.py
40955019,88,0,88,nick/analysis/dissertation_amod/.ipynb_checkpoints/generate_single_sound_type_psycurve_am-checkpoint.py
40955019,134,0,134,nick/analysis/dissertation_amod/.ipynb_checkpoints/muscimol_inactivation_psychometric-checkpoint.py
40955019,727,0,727,nick/analysis/dissertation_amod/all_panels_single_sound_type_vscode.py
40955019,1,1,2,nick/analysis/dissertation_amod/figure_muscimol_psychometric_summary.py
40955019,5,0,5,nick/analysis/dissertation_amod/figure_psychometric.py
40955019,38,3,41,nick/analysis/dissertation_amod/figure_sessions_per_step.py
40955019,28,0,28,nick/analysis/dissertation_amod/figure_simple_sessions_per_step.py
40955019,79,65,144,nick/analysis/dissertation_amod/figure_single_sound_type_psychometric.py
40955019,130,0,130,nick/analysis/dissertation_amod/figure_task_summary.py
40955019,88,0,88,nick/analysis/dissertation_amod/generate_single_sound_type_psycurve_am.py
40955019,105,0,105,nick/analysis/dissertation_amod/generate_single_sound_type_psycurve_freq.py
40955019,81,0,81,nick/analysis/dissertation_amod/generate_task_summary_psychometric.py
40955019,17,12,29,nick/analysis/dissertation_amod/muscimol_inactivation_psychometric.py
40955019,132,0,132,nick/analysis/dissertation_amod/muscimol_statistics.py
40955019,29,13,42,nick/analysis/dissertation_amod/sessions_per_step.py
40955019,1221,0,1221,nick/behavior/.ipynb_checkpoints/behavioranalysis_vnick-checkpoint.py
40955019,7,4,11,nick/behavior/behavioranalysis_vnick.py
40955019,46,0,46,nick/twophoton/imag003_depth_report_signals.py
40955019,29,18,47,nick/twophoton/imag003_stimulus_windows_20190227.py
40955019,177,0,177,nick/twophoton/img_pca_doc_sklearn.py
40955019,4,6,10,common/2019astrpi/database_generate_funcs.py
40955019,18,18,36,common/2019astrpi/figparams.py
40955019,1,0,1,common/2019astrpi/studyparams.py
40955019,207,0,207,common/2019astrpi/061419_database_generate.py
40955019,142,0,142,common/2019astrpi/database_generate_funcs.py
40955019,75,0,75,common/2019astrpi/figparams.py
40955019,30,0,30,common/2019astrpi/studyparams.py
40955019,0,7,7,common/2018acsup/subjects_info.py
40955019,0,3,3,common/infohistology/band057_tracks.py
40955019,1,0,1,common/infohistology/band057_tracks.py
40955019,17,0,17,common/infohistology/band057_tracks.py
40955019,64,0,64,common/inforecordings/d1pi036_inforec.py
40955019,109,0,109,temerity/bilicode001_007.py
40955019,262,0,262,nick/analysis/dissertation_amod/figure_muscimol_effect_amod.py
40955019,28,22,50,nick/analysis/dissertation_amod/figure_single_sound_type_psychometric.py
40955019,23,0,23,common/inforecordings/d1pi033_inforec.py
40955019,94,0,94,common/inforecordings/d1pi036_inforec.py
40955019,111,0,111,nick/analysis/dissertation_amod/.ipynb_checkpoints/figure_single_sound_type_psychometric-checkpoint.py
40955019,88,0,88,nick/analysis/dissertation_amod/.ipynb_checkpoints/generate_single_sound_type_psycurve_am-checkpoint.py
40955019,134,0,134,nick/analysis/dissertation_amod/.ipynb_checkpoints/muscimol_inactivation_psychometric-checkpoint.py
40955019,727,0,727,nick/analysis/dissertation_amod/all_panels_single_sound_type_vscode.py
40955019,1,1,2,nick/analysis/dissertation_amod/figure_muscimol_psychometric_summary.py
40955019,5,0,5,nick/analysis/dissertation_amod/figure_psychometric.py
40955019,38,3,41,nick/analysis/dissertation_amod/figure_sessions_per_step.py
40955019,28,0,28,nick/analysis/dissertation_amod/figure_simple_sessions_per_step.py
40955019,79,65,144,nick/analysis/dissertation_amod/figure_single_sound_type_psychometric.py
40955019,130,0,130,nick/analysis/dissertation_amod/figure_task_summary.py
40955019,88,0,88,nick/analysis/dissertation_amod/generate_single_sound_type_psycurve_am.py
40955019,105,0,105,nick/analysis/dissertation_amod/generate_single_sound_type_psycurve_freq.py
40955019,81,0,81,nick/analysis/dissertation_amod/generate_task_summary_psychometric.py
40955019,17,12,29,nick/analysis/dissertation_amod/muscimol_inactivation_psychometric.py
40955019,132,0,132,nick/analysis/dissertation_amod/muscimol_statistics.py
40955019,29,13,42,nick/analysis/dissertation_amod/sessions_per_step.py
40955019,1221,0,1221,nick/behavior/.ipynb_checkpoints/behavioranalysis_vnick-checkpoint.py
40955019,7,4,11,nick/behavior/behavioranalysis_vnick.py
40955019,46,0,46,nick/twophoton/imag003_depth_report_signals.py
40955019,29,18,47,nick/twophoton/imag003_stimulus_windows_20190227.py
40955019,177,0,177,nick/twophoton/img_pca_doc_sklearn.py
40955019,47,15,62,anna/tests/band_dynamics.py
40955019,48,12,60,anna/tests/band_dynamics.py
40955019,19,10,29,common/inforecordings/chad009_inforec.py
40955019,2,0,2,common/inforecordings/d1pi033_inforec.py
40955019,60,0,60,common/inforecordings/d1pi033_inforec.py
40955019,24,0,24,common/infohistology/band004_tracks.py
40955019,45,0,45,common/infohistology/band058_tracks.py
40955019,58,0,58,common/infohistology/band060_tracks.py
40955019,42,0,42,common/infohistology/band073_tracks.py
40955019,1,1,2,common/infohistology/band062_tracks.py
40955019,72,0,72,common/infohistology/band062_tracks.py
40955019,52,0,52,common/infohistology/band056_tracks.py
40955019,1,1,2,common/infohistology/band059_tracks.py
40955019,5,5,10,common/infohistology/band059_tracks.py
40955019,24,0,24,common/infohistology/band059_tracks.py
40955019,2,0,2,common/inforecordings/d1pi032_inforec.py
40955019,54,0,54,common/inforecordings/d1pi033_inforec.py
40955019,60,0,60,common/infohistology/band026_tracks.py
40955019,33,0,33,common/infohistology/band004_tracks.py
40955019,21,0,21,common/infohistology/band054_tracks.py
40955019,1,1,2,common/infohistology/band038_tracks.py
40955019,1,1,2,common/infohistology/band031_tracks.py
40955019,1,1,2,common/infohistology/band028_tracks.py
40955019,1,1,2,common/infohistology/band027_tracks.py
40955019,6,2,8,common/infohistology/band015_tracks.py
40955019,78,0,78,common/infohistology/band072_tracks.py
40955019,77,0,77,common/inforecordings/band042_inforec.py
40955019,276,0,276,common/inforecordings/band061_inforec.py
40955019,54,0,54,common/inforecordings/band073_inforec.py
40955019,34,0,34,common/inforecordings/band077_inforec.py
40955019,66,0,66,common/infohistology/band038_tracks.py
40955019,72,0,72,common/infohistology/band044_tracks.py
40955019,45,0,45,common/infohistology/band045_tracks.py
40955019,33,0,33,common/infohistology/band030_tracks.py
40955019,33,0,33,common/infohistology/band034_tracks.py
40955019,42,0,42,common/infohistology/band029_tracks.py
40955019,33,0,33,common/infohistology/band031_tracks.py
40955019,40,0,40,common/infohistology/band032_tracks.py
40955019,51,0,51,common/infohistology/band033_tracks.py
40955019,45,0,45,common/infohistology/band028_tracks.py
40955019,1,1,2,common/infohistology/band027_tracks.py
40955019,23,7,30,common/infohistology/band027_tracks.py
40955019,54,0,54,common/infohistology/band015_tracks.py
40955019,21,0,21,common/infohistology/band016_tracks.py
40955019,26,0,26,common/infohistology/band027_tracks.py
40955019,54,54,108,common/infohistology/band055_tracks.py
40955019,19,0,19,anna/tests/test030_plot_sessions_in_inforec.py
40955019,43,0,43,common/inforecordings/Updated_chad009_inforec.py
40955019,97,0,97,common/inforecordings/Updated_chad010_inforec.py
40955019,178,0,178,common/inforecordings/Updated_chad011_inforec.py
40955019,37,0,37,common/inforecordings/test000_inforec.py
40955019,11,0,11,common/inforecordings/chad009_inforec.py
40955019,64,0,64,nick/twophoton/imag003_check_scanbox_roi_averaging.py
40955019,102,0,102,nick/analysis/dissertation_amod/figure_single_sound_type_psychometric.py
40955019,120,0,120,nick/analysis/dissertation_amod/generate_single_sound_type_psycurve.py
40955019,17,9,26,nick/twophoton/imag003_stimulus_windows_20190227.py
40955019,97,0,97,common/2018acsup/supplement_figure_PV_SOM_change_FR_by_bandwidth_zoomed_out.py
40955019,0,291,291,common/2018acsup/supplement_figure_characterisation_of_responses_pure_tone.py
40955019,6,1,7,common/2018acsup/supplement_figure_inactivation_control.py
40955019,0,240,240,common/2018acsup/supplement_figure_inhibitory_cell_inactivation_pure_tone.py
40955019,2,0,2,common/2018acsup/supplement_figure_intensity_tuning.py
40955019,192,0,192,common/2018acsup/extras/supplement_figure_characterisation_of_responses_raw_data.py
40955019,147,0,147,common/2018acsup/extras/supplement_figure_inhibitory_cell_inactivation_raw_data.py
40955019,291,0,291,common/2018acsup/supplement_figure_characterisation_of_responses_pure_tone.py
40955019,221,0,221,common/2018acsup/supplement_figure_excitatory_firing_rates.py
40955019,154,26,180,common/2018acsup/supplement_figure_gaussian_freq_fit.py
40955019,23,136,159,common/2018acsup/supplement_figure_identified_cell_responses_by_am_rate.py
40955019,152,0,152,common/2018acsup/supplement_figure_inactivation_control.py
40955019,240,0,240,common/2018acsup/supplement_figure_inhibitory_cell_inactivation_pure_tone.py
40955019,147,0,147,common/2018acsup/supplement_figure_intensity_tuning.py
40955019,261,0,261,common/2018acsup/supplement_figure_photoidentification.py
40955019,20,71,91,common/2018acsup/supplement_generate_control_inactivation_stats.py
40955019,107,0,107,common/2018acsup/supplement_generate_intensity_tuning.py
40955019,221,0,221,common/2018acsup/supplement_generate_photoidentification.py
40955019,76,0,76,common/2018acsup/supplement_generate_photoidentified_stats_tone_fit.py
40955019,9,28,37,common/2018acsup/supplement_generate_stats_by_AM_rate.py
40955019,70,0,70,common/2018acsup/supplement_generate_stats_by_centre_freq.py
40955019,106,0,106,nick/analysis/dissertation_amod/figure_muscimol_psychometric_summary.py
40955019,81,0,81,nick/analysis/dissertation_amod/generate_muscimol_psychometric_summary.py
40955019,6,3,9,nick/analysis/dissertation_amod/figure_sessions_per_step.py
40955019,129,0,129,nick/analysis/dissertation_amod/muscimol_inactivation_psychometric.py
40955019,473,156,629,anna/analysis/band_plots.py
40955019,1,14,15,common/inforecordings/d1pi026_inforec.py
40955019,2,2,4,common/inforecordings/d1pi032_inforec.py
40955019,49,13,62,common/inforecordings/d1pi032_inforec.py
40955019,72,0,72,common/infohistology/band055_tracks.py
40955019,17,0,17,common/inforecordings/test000_inforec.py
40955019,32,8,40,santiago/test069_bili_ac_inactivation.py
40955019,156,53,209,nick/analysis/dissertation_amod/figure_sessions_per_step.py
40955019,23,15,38,nick/analysis/dissertation_amod/sessions_per_step.py
40955019,126,0,126,common/inforecordings/d1pi032_inforec.py
40955019,0,304,304,common/inforecordings/band075_inforec.py
40955019,13,0,13,common/2018acsup/cluster_ephys_data.py
40955019,34,0,34,common/inforecordings/band075_inforec.py
40955019,99,0,99,common/inforecordings/chad010_inforec.py
40955019,81,0,81,nick/twophoton/imag003_stimulus_windows_20190227.py
40955019,32,0,32,anna/histology/band054_histology.py
40955019,52,0,52,anna/histology/band073_histology.py
40955019,38,0,38,nick/analysis/2p_imag002/calculate_dff_tiff.py
40955019,35,0,35,nick/analysis/2p_imag003/figure_1p_plot_time_series.py
40955019,19,0,19,nick/analysis/2p_imag003/generate_1p_dff.py
40955019,65,0,65,nick/analysis/2p_imag003/load_1p_data.py
40955019,24,0,24,nick/analysis/2p_imag003/plot_depth_recording_traces.py
40955019,109,0,109,nick/analysis/dissertation_amod/figure_sessions_per_step.py
40955019,53,16,69,nick/analysis/dissertation_amod/sessions_per_step.py
40955019,19,3,22,nick/twophoton/figure_singleROItuning.py
40955019,16,0,16,nick/twophoton/imag003_1p_tuning.py
40955019,151,0,151,nick/twophoton/imageanalysis.py
40955019,71,0,71,santiago/test050_manual_image_registration.py
40955019,45,0,45,santiago/test051_distance_to_ellipse.py
40955019,20,0,20,santiago/test056_signif_stars.py
40955019,61,0,61,santiago/test057_quantized_plot.py
40955019,15,0,15,santiago/test058_readscanbox.py
40955019,37,0,37,santiago/test059_changedetection_performance.py
40955019,22,0,22,santiago/test060_caiman.py
40955019,24,0,24,santiago/test063_df_f.py
40955019,40,0,40,santiago/test065_bw_tuning_fit.py
40955019,47,0,47,santiago/test066_bili_psycurves.py
40955019,31,0,31,santiago/test067_example_psychometric.py
40955019,16,0,16,santiago/test068_test_celldb.py
40955019,66,0,66,santiago/test069_bili_ac_inactivation.py
40955019,234,0,234,common/2018rc/figure_correlation_all_indexes.py
40955019,161,0,161,common/2018rc/figure_response_latency.py
40955019,249,0,249,common/2018rc/figure_reward_modulation_after_switch.py
40955019,57,0,57,common/2018rc/figure_reward_modulation_shuffled_data.py
40955019,104,0,104,common/2018rc/generate_average_PSTH_random_data.py
40955019,160,0,160,common/2018rc/generate_summary_behavior_after_switch.py
40955019,32,10,42,common/2018rc/generate_summary_reward_modulation_after_switch.py
40955019,244,0,244,common/2018rc/generate_summary_shuffled_reward_modulation.py
40955019,17,0,17,nick/twophoton/imag003_1p_dff_20190217.py
40955019,16,0,16,nick/twophoton/imag003_1p_dff_pca_20190217.py
40955019,10,0,10,nick/twophoton/imag003_1p_raw_pca_20190217.py
40955019,10,0,10,nick/twophoton/imag003_load_1p_stack_20190217.py
40955019,1,1,2,common/2018acsup/database_generation_funcs.py
40955019,1,1,2,common/2018acsup/database_inactivation.py
40955019,33,1,34,common/2018acsup/database_photoidentification.py
40955019,188,0,188,nick/twophoton/loadflycap.py
40955019,1,0,1,common/2018acsup/database_inactivation.py
40955019,2,1,3,common/2018acsup/database_photoidentification.py
40955019,5,5,10,common/2018acsup/database_generation_workflow.py
40955019,3,1,4,common/2018acsup/database_inactivation.py
40955019,3,1,4,common/2018acsup/database_photoidentification.py
40955019,5,4,9,common/2018acsup/database_generation_funcs.py
40955019,28,22,50,common/2018acsup/database_generation_workflow.py
40955019,152,27,179,common/2018acsup/database_inactivation.py
40955019,5,6,11,common/2018acsup/database_photoidentification.py
40955019,74,82,156,common/2018acsup/figure_characterisation_of_responses_by_cell_type.py
40955019,206,84,290,common/2018acsup/figure_inhibitory_cell_inactivation.py
40955019,17,9,26,common/2018acsup/generate_PV_SOM_Ex_aggregate_stats.py
40955019,17,5,22,common/2018acsup/generate_example_inactivation_cells.py
40955019,19,4,23,common/2018acsup/generate_example_photoidentified_cells.py
40955019,210,24,234,common/2018acsup/generate_inactivation_aggregate_stats.py
40955019,0,24,24,common/2018acsup/database_generic.py
40955019,3,1,4,common/inforecordings/band002_inforec.py
40955019,11,1,12,common/inforecordings/band003_inforec.py
40955019,14,0,14,common/inforecordings/band004_inforec.py
40955019,26,23,49,common/inforecordings/band005_inforec.py
40955019,20,12,32,common/inforecordings/band015_inforec.py
40955019,15,11,26,common/inforecordings/band016_inforec.py
40955019,5,0,5,common/inforecordings/band022_inforec.py
40955019,14,2,16,common/inforecordings/band023_inforec.py
40955019,5,0,5,common/inforecordings/band025_inforec.py
40955019,10,0,10,common/inforecordings/band026_inforec.py
40955019,30,23,53,common/inforecordings/band027_inforec.py
40955019,18,12,30,common/inforecordings/band028_inforec.py
40955019,28,22,50,common/inforecordings/band029_inforec.py
40955019,13,7,20,common/inforecordings/band030_inforec.py
40955019,4,0,4,common/inforecordings/band031_inforec.py
40955019,30,23,53,common/inforecordings/band032_inforec.py
40955019,8,0,8,common/inforecordings/band033_inforec.py
40955019,16,12,28,common/inforecordings/band034_inforec.py
40955019,51,47,98,common/inforecordings/band037_inforec.py
40955019,10,0,10,common/inforecordings/band038_inforec.py
40955019,12,0,12,common/inforecordings/band039_inforec.py
40955019,13,0,13,common/inforecordings/band040_inforec.py
40955019,201,189,390,common/inforecordings/band044_inforec.py
40955019,5,5,10,common/inforecordings/band045_inforec.py
40955019,52,44,96,common/inforecordings/band054_inforec.py
40955019,32,20,52,common/inforecordings/band055_inforec.py
40955019,22,8,30,common/inforecordings/band056_inforec.py
40955019,82,70,152,common/inforecordings/band057_inforec.py
40955019,78,71,149,common/inforecordings/band058_inforec.py
40955019,236,232,468,common/inforecordings/band059_inforec.py
40955019,197,189,386,common/inforecordings/band060_inforec.py
40955019,59,55,114,common/inforecordings/band062_inforec.py
40955019,118,116,234,common/inforecordings/band072_inforec.py
40955019,2,2,4,common/inforecordings/band075_inforec.py
40955019,96,22,118,common/2018acsup/database_photoidentification.py
40955019,53,0,53,nick/analysis/2p_imag003/figure_singleROItuning.py
40955019,7,0,7,nick/analysis/2p_imag003/generate_imag003_freqTuning.py
40955019,19,0,19,nick/twophoton/figure_singleROItuning.py
40955019,28,0,28,nick/twophoton/figure_ROI_map.py
40955019,6,1,7,nick/twophoton/generate_imag003_freqTuning.py
40955019,38,0,38,nick/twophoton/figure_singleROItuning.py
40955019,117,0,117,nick/twophoton/generate_imag003_freqTuning.py
40955019,143,0,143,nick/twophoton/test20190131_imag003_noiseburst_analysis.py
40955019,16,0,16,nick/analysis/2p_imag002/compute_dff.py
40955019,69,0,69,nick/analysis/2p_imag002/extract_evoked_frame_average.py
40955019,47,0,47,nick/analysis/2p_imag002/plot_average_traces.py
40955019,143,0,143,nick/analysis/2p_imag003/20190131_noiseburst.py
40955019,110,0,110,nick/analysis/2p_imag003/generate_imag003_freqTuning.py
40955019,13,0,13,nick/analysis/dissertation_amod/amod002_psycurve.py
40955019,103,0,103,nick/analysis/dissertation_amod/sessions_per_step.py
40955019,3,2,5,nick/behavior/modSwitching_functions.py
40955019,20,14,34,common/2018rc/generate_summary_reward_modulation_after_switch.py
40955019,12,5,17,common/2018rc/figure_reward_change_behavior.py
40955019,201,0,201,common/2018rc/generate_summary_reward_modulation_after_switch.py
40955019,89,0,89,common/inforecordings/chad011_inforec.py
40955019,52,26,78,anna/analysis/band_behaviour_analysis.py
40955019,223,21,244,anna/tests/band_dynamics.py
40955019,137,0,137,common/2018acsup/supplement_figure_gaussian_freq_fit.py
40955019,298,0,298,common/2018acsup/supplement_figure_identified_cell_responses_by_am_rate.py
40955019,128,0,128,common/2018acsup/supplement_generate_control_inactivation_stats.py
40955019,140,0,140,common/2018acsup/supplement_generate_example_frequency_tuning.py
40955019,116,0,116,common/2018acsup/supplement_generate_stats_by_AM_rate.py
40955019,93,0,93,common/inforecordings/band077_inforec.py
40955019,24,0,24,common/inforecordings/chad009_inforec.py
40955019,18,18,36,common/inforecordings/band076_inforec.py
40955019,24,0,24,common/inforecordings/band076_inforec.py
40955019,6,6,12,common/inforecordings/band076_inforec.py
40955019,84,2,86,common/inforecordings/band076_inforec.py
40955019,18,1,19,common/inforecordings/band076_inforec.py
40955019,78,75,153,common/2018acsup/database_generation_funcs.py
40955019,11,8,19,common/2018acsup/database_generation_workflow.py
40955019,44,36,80,common/2018acsup/database_inactivation.py
40955019,16,24,40,common/2018acsup/database_photoidentification.py
40955019,65,54,119,common/2018acsup/figure_characterisation_of_responses_by_cell_type.py
40955019,77,64,141,common/2018acsup/figure_inhibitory_cell_inactivation.py
40955019,14,3,17,common/2018acsup/generate_example_inactivation_cells.py
40955019,1,1,2,common/2018acsup/generate_example_photoidentified_cells.py
40955019,11,1,12,common/2018acsup/generate_inactivation_aggregate_stats.py
40955019,30,0,30,common/inforecordings/band076_inforec.py
40955019,494,0,494,anna/tests/bandwidth_am_test.py
40955019,53,11,64,anna/histology/band055_histology.py
40955019,61,0,61,anna/histology/band056_histology.py
40955019,82,0,82,anna/histology/band062_histology.py
40955019,117,4,121,common/2018acsup/database_generation_funcs.py
40955019,10,10,20,common/2018acsup/database_generation_workflow.py
40955019,19,14,33,common/2018acsup/database_inactivation.py
40955019,1,1,2,common/2018acsup/database_photoidentification.py
40955019,2,0,2,common/2018acsup/figparams.py
40955019,162,67,229,common/2018acsup/figure_characterisation_of_responses_by_cell_type.py
40955019,175,41,216,common/2018acsup/figure_inhibitory_cell_inactivation.py
40955019,0,100,100,common/2018acsup/generage_inactivation_aggregate_stats.py
40955019,5,1,6,common/2018acsup/generate_PV_SOM_Ex_aggregate_stats.py
40955019,29,19,48,common/2018acsup/generate_example_inactivation_cells.py
40955019,4,1,5,common/2018acsup/generate_example_photoidentified_cells.py
40955019,97,0,97,common/2018acsup/generate_inactivation_aggregate_stats.py
40955019,2,2,4,common/2018acsup/subjects_info.py
40955019,289,0,289,common/inforecordings/band073_inforec.py
40955019,2,2,4,common/2018rc/figure_movement_selectivity.py
40955019,49,21,70,common/2018rc/figure_movement_selectivity.py
40955019,1,4,5,common/2018rc/figure_recording_tracks_n_sound_responses.py
40955019,2,2,4,common/2018rc/figure_reward_change_behavior.py
40955019,17,13,30,common/2018rc/figure_reward_change_behavior_times.py
40955019,21,13,34,common/2018rc/figure_reward_modulation_movement.py
40955019,11,107,118,common/2018rc/figure_reward_modulation_sound.py
40955019,9,0,9,common/2018rc/analysis_reward_change/calculate_reward_modulation_celldb.py
40955019,1,1,2,common/2018rc/analysis_reward_change/generate_evlock_spktimes_celldb.py
40955019,0,0,0,common/2018rc/{ => analysis_reward_change}/generate_summary_movement_sel_control_sound_resp.py
40955019,194,79,273,common/2018rc/analysis_reward_change/reward_change_evaluate_movement_selectivity.py
40955019,57,0,57,common/2018rc/analysis_reward_change/reward_change_evaluate_sound_response.py
40955019,157,2,159,common/2018rc/analysis_reward_change/reward_change_generate_cell_database.py
40955019,45,2,47,lan/analysis_reward_change/reward_change_generate_cell_database.py
40955019,2,2,4,common/2018rc/figure_recording_tracks_n_sound_responses.py
40955019,3,3,6,common/2018rc/figure_reward_modulation_sound.py
40955019,12,0,12,common/2018rc/figure_reward_change_behavior_times.py
40955019,13,7,20,common/2018rc/figure_reward_modulation_movement.py
40955019,12,8,20,common/2018rc/figure_reward_modulation_sound.py
40955019,32,22,54,common/2018rc/figure_movement_selectivity.py
40955019,86,85,171,common/2018rc/generate_example_movement_sel_raster_psth.py
40955019,5,3,8,common/2018rc/figure_recording_tracks_n_sound_responses.py
40955019,2,2,4,common/2018rc/generate_example_sound_responses_during_behavior.py
40955019,4,1,5,common/2018rc/figure_movement_selectivity.py
40955019,9,9,18,common/2018rc/figure_recording_tracks_n_sound_responses.py
40955019,3,1,4,common/2018rc/generate_dif_fr_by_movement_direction_movement_onset.py
40955019,2,1,3,common/2018rc/generate_dif_fr_by_reward_cond_movement_onset.py
40955019,2,2,4,common/2018rc/generate_summary_movement_sel_control_sound_resp.py
40955019,2,1,3,common/2018rc/generate_summary_movement_selectivity.py
40955019,2,1,3,common/2018rc/generate_summary_reward_modulation_movement.py
40955019,2,1,3,common/2018rc/generate_summary_reward_modulation_sound.py
40955019,2,1,3,common/2018rc/generate_summary_reward_modulation_sound_extra.py
40955019,2,1,3,common/2018rc/generate_summary_sound_responsive_n_movement_selectivity.py
40955019,23,22,45,common/2018rc/figure_movement_selectivity.py
40955019,297,0,297,common/2018rc/figure_movement_selectivity_examples.py
40955019,4,2,6,common/2018rc/figure_reward_modulation_movement.py
40955019,52,0,52,common/2018rc/find_cells_outside_AC.py
40955019,40,4,44,common/2018rc/generate_example_movement_sel_raster_psth.py
40955019,5,5,10,common/inforecordings/pinp015_inforec.py
40955019,5,3,8,common/2018rc/generate_summary_movement_selectivity.py
40955019,10,1,11,common/2018rc/generate_summary_reward_modulation_sound.py
40955019,2,1,3,lan/analysis_reward_change/plot_reward_mod_ind_histogram_diff_window.py
40955019,20,3,23,lan/analysis_reward_change/reward_change_evaluate_movement_selectivity.py
40955019,57,0,57,lan/analysis_reward_change/reward_change_evaluate_sound_response.py
40955019,22,4,26,lan/analysis_reward_change/reward_change_generate_cell_database.py
40955019,50,47,97,common/2018rc/figure_dif_fr_by_movement_direction_sorted_centerout.py
40955019,52,50,102,common/2018rc/figure_dif_fr_by_reward_sorted_centerout.py
40955019,6,0,6,common/2018rc/figure_movement_selectivity.py
40955019,10,5,15,common/2018rc/figure_reward_modulation_movement.py
40955019,12,4,16,common/2018rc/figure_reward_modulation_sound.py
40955019,3,1,4,common/2018rc/generate_example_reward_modulation_movement.py
40955019,3,3,6,common/2018rc/generate_example_reward_modulation_sound.py
40955019,16,0,16,common/2018rc/generate_summary_movement_selectivity.py
40955019,65,0,65,common/2018rc/generate_summary_sound_responsive_n_movement_selectivity.py
40955019,2,0,2,common/inforecordings/pinp020_inforec.py
40955019,136,126,262,common/inforecordings/pinp031_inforec.py
40955019,47,0,47,nick/analysis/2018thstr_cf_distributions.py
40955019,271,0,271,nick/analysis/pinp031_analysis.py
40955019,306,0,306,nick/analysis/plot_reward_change_figs.py
40955019,145,0,145,nick/analysis/plot_reward_change_psychometric.py
40955019,6,0,6,nick/analysis/plot_reward_change_psycurve.py
40955019,1,1,2,nick/histology/anat036_analysis.py
40955019,127,39,166,nick/histology/anat037_analysis.py
40955019,278,0,278,nick/histology/anat043_analysis.py
40955019,93,0,93,nick/tests/test102_register_anat036_p1d2.py
40955019,150,0,150,nick/tests/test111_plot_allen_cortical_coordinates.py
40955019,45,0,45,nick/tests/test112_decoding_AM_rate.py
40955019,104,0,104,nick/tests/test113_AM_GMM.py
40955019,103,0,103,nick/tests/test114_AM_regression.py
40955019,17,0,17,nick/utils/histology_reorganization.py
40955019,313,144,457,common/2018thstr/figure_am.py
40955019,16,7,23,common/2018thstr/figure_anatomy.py
40955019,5,2,7,common/2018thstr/figure_frequency.py
40955019,703,0,703,common/2018thstr/figure_layer5_vs_layer6_tagged.py
40955019,740,0,740,common/2018thstr/figure_layer_4_5_6_tagged.py
40955019,740,0,740,common/2018thstr/figure_m_v_d_tagged.py
40955019,154,113,267,common/2018thstr/figure_pinp_method.py
40955019,683,0,683,common/2018thstr/figure_tagged_shallow_vs_deep_cortex.py
40955019,133,27,160,common/2018thstr/figure_tagged_vs_untagged_cortex.py
40955019,721,0,721,common/2018thstr/figure_tagged_vs_untagged_depth.py
40955019,156,37,193,common/2018thstr/figure_tagged_vs_untagged_thalamus.py
40955019,2,1,3,common/2018thstr/generate_cell_database.py
40955019,168,1,169,common/2018thstr/generate_pinp_method.py
40955019,6,1,7,common/2018thstr/generate_rescued_clusters.py
40955019,4,3,7,common/2018thstr/generate_summary_am_sync.py
40955019,29,2,31,common/2018thstr/generate_summary_anatomy.py
40955019,2,1,3,common/2018thstr/generate_summary_freq_tuning.py
40955019,8,6,14,common/2018thstr/generate_summary_mutual_information_phase.py
40955019,405,93,498,common/2018thstr/generate_summary_pinp_method.py
40955019,2,1,3,common/2018thstr/generate_summary_response_latency.py
40955019,3,2,5,common/2018thstr/generate_tagged.py
40955019,710,0,710,common/2018thstr/old_tagged_untagged_thalamus_MI.py
40955019,36,0,36,common/2018thstr/test_region_differences.py
40955019,1207,0,1207,common/2018thstr/tests/am_perceptron.py
40955019,74,0,74,common/2018thstr/tests/figparams.py
40955019,105,0,105,common/2018thstr/tests/figure_region_differences.py
40955019,678,0,678,common/2018thstr/tests/figure_tagged_untagged_with_coords.py
40955019,691,0,691,common/2018thstr/tests/figure_tagged_untagged_with_coords_thal.py
40955019,350,0,350,common/2018thstr/tests/test_frequency_tuning_parameters.py
40955019,314,0,314,common/2018thstr/tests/test_phase_bins.py
40955019,2,2,4,common/2016astr/figure_modulation_movement_sound_correlation.py
40955019,2,1,3,common/2016astr/figure_movement_selectivity.py
40955019,2,2,4,common/2016astr/figure_muscimol_inactivation.py
40955019,5,4,9,common/2016astr/figure_muscimol_inactivation_fluorescent.py
40955019,11,10,21,common/2016astr/figure_muscimol_task_params.py
40955019,2,2,4,common/2016astr/figure_premovement_modulation_switching.py
40955019,2,2,4,common/2016astr/figure_sound_mod_waveform_correlation.py
40955019,7,7,14,common/2016astr/figure_sound_response_freq_selectivity.py
40955019,1,1,2,common/2016astr/figure_soundres_modulation_psychometric.py
40955019,2,2,4,common/2016astr/figure_soundres_modulation_switching.py
40955019,4,4,8,common/2016astr/generate_example_freq_tuning_2afc_raster_psth.py
40955019,4,5,9,common/2016astr/generate_example_freq_tuning_raster_psth.py
40955019,4,4,8,common/2016astr/generate_example_movement_sel_raster_psth.py
40955019,3,3,6,common/2016astr/generate_example_photostim_outside_task.py
40955019,4,4,8,common/2016astr/generate_example_premovement_modulation_switching.py
40955019,4,4,8,common/2016astr/generate_example_sound_movment_selectivity.py
40955019,4,4,8,common/2016astr/generate_example_soundres_modulation_psychometric.py
40955019,4,4,8,common/2016astr/generate_example_soundres_modulation_switching.py
40955019,1,1,2,common/2016astr/generate_muscimol_percent_correct.py
40955019,5,5,10,common/2016astr/generate_summary_best_tuning_Z_score_psychometric.py
40955019,1,1,2,common/2016astr/generate_summary_bilateral_best_freq.py
40955019,5,5,10,common/2016astr/generate_summary_freq_selectivity_2afc_psychometric.py
40955019,4,3,7,common/2016astr/generate_summary_movement_selectivity.py
40955019,1,1,2,common/2016astr/generate_summary_photostim_change_percent_contra_choice.py
40955019,1,1,2,common/2016astr/generate_summary_photostim_change_percent_right_choice.py
40955019,1,1,2,common/2016astr/generate_summary_photostim_outside_task.py
40955019,1,1,2,common/2016astr/generate_summary_psychometric_premovement_modulation_removed_duplicates.py
40955019,1,1,2,common/2016astr/generate_summary_psychometric_sound_modulation_removed_duplicates.py
40955019,2,2,4,common/2016astr/generate_summary_psycurve_freq_selectivity.py
40955019,1,1,2,common/2016astr/generate_summary_switching_premovement_modulation_removed_duplicates.py
40955019,1,1,2,common/2016astr/generate_summary_switching_sound_modulation_removed_duplicates.py
40955019,5,3,8,santiago/test061_caiman_motioncorrection.py
40955019,33,19,52,common/2018rc/figure_dif_fr_by_movement_direction_sorted_centerout.py
40955019,9,7,16,common/2018rc/figure_dif_fr_by_reward_sorted_centerout.py
40955019,4,1,5,common/2018rc/figure_fr_by_reward_sorted_centerout.py
40955019,16,19,35,common/2018rc/figure_movement_selectivity.py
40955019,7,2,9,common/2018rc/figure_reward_change_behavior.py
40955019,52,35,87,common/2018rc/figure_reward_modulation_movement.py
40955019,19,16,35,common/2018rc/figure_reward_modulation_sound.py
40955019,531,0,531,common/inforecordings/band072_inforec.py
40955019,25,15,40,common/2018rc/figure_dif_fr_by_reward_sorted_centerout.py
40955019,57,34,91,common/2018rc/figure_movement_selectivity.py
40955019,11,7,18,common/2018rc/figure_recording_tracks_n_sound_responses.py
40955019,25,14,39,common/2018rc/figure_reward_modulation_sound.py
40955019,17,11,28,common/2018rc/figure_recording_tracks_n_sound_responses.py
40955019,3,3,6,common/2018rc/figure_reward_change_behavior_times.py
40955019,111,12,123,common/2018rc/figure_reward_modulation_sound.py
40955019,1,0,1,common/2018rc/figparams.py
40955019,13,13,26,common/2018rc/figure_reward_change_behavior.py
40955019,17,8,25,common/2018rc/figure_reward_change_behavior_times.py
40955019,9,1,10,common/2018rc/figure_reward_change_behavior_times.py
40955019,3,1,4,common/2018rc/figure_movement_selectivity.py
40955019,6,1,7,common/2018rc/figure_reward_modulation_movement.py
40955019,6,1,7,common/2018rc/figure_reward_modulation_sound.py
40955019,6,3,9,common/2018rc/figure_movement_selectivity.py
40955019,7,2,9,common/2018rc/figure_reward_modulation_movement.py
40955019,5,2,7,common/2018rc/figure_reward_modulation_sound.py
40955019,17,9,26,common/2018rc/figure_movement_selectivity.py
40955019,3,3,6,common/2018rc/figure_recording_tracks_n_sound_responses.py
40955019,11,10,21,common/2018rc/figure_reward_change_behavior.py
40955019,3,3,6,common/2018rc/figure_reward_change_behavior_times.py
40955019,7,6,13,common/2018rc/generate_example_rc_ave_psycurve.py
40955019,56,0,56,common/inforecordings/band075_inforec.py
40955019,108,0,108,common/2018acsup/database_bandwidth_tuning_fit_funcs.py
40955019,30,1,31,common/2018acsup/database_generation_funcs.py
40955019,12,9,21,common/2018acsup/database_generation_workflow.py
40955019,1,1,2,common/2018acsup/database_generic.py
40955019,70,4,74,common/2018acsup/database_inactivation.py
40955019,148,7,155,common/2018acsup/database_photoidentification.py
40955019,2,1,3,common/2018acsup/figparams.py
40955019,0,181,181,common/2018acsup/figure_PV_SOM_firing_rates.py
40955019,0,251,251,common/2018acsup/figure_PV_SOM_suppression.py
40955019,0,135,135,common/2018acsup/figure_SOM_inactivation.py
40955019,0,183,183,common/2018acsup/figure_all_AC_suppression.py
40955019,420,0,420,common/2018acsup/figure_characterisation_of_responses_by_cell_type.py
40955019,128,0,128,common/2018acsup/figure_inhibitory_cell_inactivation.py
40955019,100,0,100,common/2018acsup/generage_inactivation_aggregate_stats.py
40955019,256,0,256,common/2018acsup/generate_PV_SOM_Ex_aggregate_stats.py
40955019,0,225,225,common/2018acsup/generate_PV_SOM_firing_rates.py
40955019,173,0,173,common/2018acsup/generate_example_inactivation_cells.py
40955019,0,13,13,common/2018acsup/generate_merged_photoidentification_database.py
40955019,0,97,97,common/2018acsup/generate_photoidentification_database.py
40955019,0,128,128,common/2018acsup/generate_som_inactivation.py
40955019,0,97,97,common/2018acsup/generate_suppression_summary.py
40955019,7,0,7,common/2018acsup/subjects_info.py
40955019,9,10,19,common/inforecordings/band075_inforec.py
40955019,91,0,91,common/inforecordings/band075_inforec.py
40955019,1,1,2,common/2018rc/figure_dif_fr_by_movement_direction_sorted_centerout.py
40955019,1,1,2,common/2018rc/figure_dif_fr_by_reward_sorted_centerout.py
40955019,16,13,29,common/2018rc/figure_reward_change_behavior.py
40955019,3,3,6,common/2018rc/figure_reward_modulation_movement.py
40955019,6,6,12,common/2018rc/figure_reward_modulation_sound.py
40955019,14,6,20,common/2018rc/figure_dif_fr_by_movement_direction_sorted_centerout.py
40955019,14,6,20,common/2018rc/figure_dif_fr_by_reward_sorted_centerout.py
40955019,30,26,56,common/2018rc/figure_reward_change_behavior_times.py
40955019,10,10,20,common/2018rc/figure_reward_modulation_movement.py
40955019,1,1,2,common/2018rc/figure_reward_modulation_sound.py
40955019,1,1,2,common/2018rc/generate_dif_fr_by_reward_cond_movement_onset.py
40955019,33,29,62,common/inforecordings/band075_inforec.py
40955019,118,0,118,common/inforecordings/band075_inforec.py
40955019,217,0,217,common/2018rc/figure_recording_tracks_n_sound_responses.py
40955019,1,1,2,common/2018rc/generate_example_sound_responses_during_behavior.py
40955019,1,1,2,common/2018rc/figparams.py
40955019,15,6,21,common/2018rc/figure_dif_fr_by_movement_direction_sorted_centerout.py
40955019,19,10,29,common/2018rc/figure_dif_fr_by_reward_sorted_centerout.py
40955019,66,27,93,common/2018rc/figure_movement_selectivity.py
40955019,12,11,23,common/2018rc/figure_reward_modulation_sound.py
40955019,19,0,19,common/2018rc/figure_reward_modulation_sound_population_hist_extra.py
40955019,189,0,189,common/2018rc/generate_example_sound_responses_during_behavior.py
40955019,1,1,2,common/2018rc/generate_summary_reward_modulation_sound.py
40955019,3,1,4,common/2018rc/generate_summary_reward_modulation_sound_extra.py
40955019,7,4,11,common/2018acsup/database_generic.py
40955019,7,2,9,common/2018rc/figure_dif_fr_by_reward_sorted_centerout.py
40955019,13,13,26,common/2018rc/figure_movement_selectivity.py
40955019,13,13,26,common/2018rc/figure_reward_modulation_movement.py
40955019,13,13,26,common/2018rc/figure_reward_modulation_sound.py
40955019,21,4,25,common/2018rc/generate_dif_fr_by_reward_cond_movement_onset.py
40955019,4,4,8,common/2018rc/generate_summary_movement_selectivity.py
40955019,13,4,17,common/2018rc/figure_dif_fr_by_movement_direction_sorted_centerout.py
40955019,21,14,35,common/2018rc/figure_movement_selectivity.py
40955019,4,4,8,common/2018rc/figure_movement_selectivity_control_sound_resp.py
40955019,43,17,60,common/2018rc/figure_reward_modulation_movement.py
40955019,7,1,8,common/2018rc/generate_dif_fr_by_movement_direction_movement_onset.py
40955019,15,2,17,common/2018rc/generate_summary_movement_selectivity.py
40955019,56,4,60,common/2018rc/generate_summary_reward_modulation_movement.py
40955019,4,2,6,common/2018rc/generate_summary_reward_modulation_sound.py
40955019,45,23,68,lan/analysis_reward_change/plot_rc_good_cells.py
40955019,53,5,58,lan/analysis_reward_change/plot_reward_mod_ind_histogram_diff_window.py
40955019,39,1,40,lan/analysis_reward_change/reward_change_generate_cell_database.py
40955019,10,0,10,nick/tests/test071_gaussianFit.py
40955019,113,0,113,common/2018rc/figure_movement_selectivity_control_sound_resp.py
40955019,11,12,23,common/2018rc/generate_summary_movement_sel_control_sound_resp.py
40955019,65,6,71,lan/analysis_reward_change/plot_rc_good_cells.py
40955019,9,3,12,lan/analysis_reward_change/plot_reward_mod_ind_histogram_diff_window.py
40955019,33,13,46,lan/analysis_reward_change/reward_change_calculate_behavior_times.py
40955019,177,79,256,lan/analysis_reward_change/reward_change_evaluate_movement_selectivity.py
40955019,47,2,49,lan/analysis_reward_change/reward_change_generate_cell_database.py
40955019,2,2,4,common/2018rc/figure_movement_selectivity.py
40955019,12,7,19,common/2018rc/figure_reward_change_behavior_times.py
40955019,18,11,29,common/2018rc/generate_example_movement_sel_raster_psth.py
40955019,135,0,135,common/2018rc/generate_summary_movement_sel_control_sound_resp.py
40955019,5,3,8,common/2018rc/figure_dif_fr_by_movement_direction_sorted_centerout.py
40955019,5,3,8,common/2018rc/figure_dif_fr_by_reward_sorted_centerout.py
40955019,15,8,23,common/2018rc/figure_movement_selectivity.py
40955019,46,28,74,common/2018rc/figure_reward_change_behavior_times.py
40955019,11,4,15,common/2018rc/figure_reward_modulation_movement.py
40955019,13,7,20,common/2018rc/generate_dif_fr_by_movement_direction_movement_onset.py
40955019,18,12,30,common/2018rc/generate_dif_fr_by_reward_cond_movement_onset.py
40955019,15,9,24,common/2018rc/generate_example_reward_modulation_movement.py
40955019,13,6,19,common/2018rc/generate_summary_movement_selectivity.py
40955019,2,2,4,common/2018rc/generate_summary_rc_behavior_times.py
40955019,29,16,45,common/2018rc/generate_summary_reward_modulation_movement.py
40955019,170,0,170,common/2018rc/figure_reward_change_behavior_times.py
40955019,12,4,16,common/2018rc/figure_dif_fr_by_movement_direction_sorted_centerout.py
40955019,12,5,17,common/2018rc/figure_dif_fr_by_reward_sorted_centerout.py
40955019,16,5,21,common/2018rc/generate_dif_fr_by_movement_direction_movement_onset.py
40955019,25,7,32,common/2018rc/generate_dif_fr_by_reward_cond_movement_onset.py
40955019,1,1,2,common/2018rc/generate_dif_fr_by_reward_cond_sound_onset.py
40955019,1,1,2,common/2018rc/generate_fr_count_each_direction_each_reward_cond_movement_onset.py
40955019,110,0,110,common/2018rc/generate_summary_rc_behavior_times.py
40955019,203,224,427,lan/analysis_reward_change/calculate_reward_modulation_during_movement_remove_sidein_trials.py
40955019,6,6,12,lan/analysis_reward_change/plot_reward_mod_ind_histogram_diff_window.py
40955019,13,2,15,lan/analysis_reward_change/reward_change_generate_cell_database.py
40955019,9,0,9,lan/analysis_reward_change/calculate_reward_modulation_celldb.py
40955019,343,0,343,lan/analysis_reward_change/calculate_reward_modulation_during_movement_remove_sidein_trials.py
40955019,1,1,2,lan/analysis_reward_change/plot_rc_good_cells.py
40955019,19,9,28,lan/analysis_reward_change/plot_reward_change_behavior.py
40955019,2,2,4,lan/analysis_reward_change/plot_reward_mod_ind_histogram_diff_window.py
40955019,160,0,160,lan/analysis_reward_change/reward_change_calculate_behavior_times.py
40955019,43,42,85,common/inforecordings/d1pi026_inforec.py
40955019,173,2,175,common/inforecordings/d1pi026_inforec.py
40955019,102,0,102,common/2018rc/figure_dif_fr_by_movement_direction_sorted_centerout.py
40955019,9,5,14,common/2018rc/figure_fr_by_reward_sorted_centerout.py
40955019,141,0,141,common/2018rc/figure_fr_by_reward_sorted_centerout_test.py
40955019,34,10,44,common/2018rc/figure_movement_selectivity.py
40955019,13,9,22,common/2018rc/figure_reward_change_behavior.py
40955019,59,21,80,common/2018rc/figure_reward_modulation_movement.py
40955019,11,8,19,common/2018rc/figure_reward_modulation_sound.py
40955019,94,0,94,common/2018rc/generate_dif_fr_by_movement_direction_movement_onset.py
40955019,4,2,6,common/2018rc/generate_example_movement_sel_raster_psth.py
40955019,1,1,2,common/2018rc/generate_example_rc_ave_psycurve.py
40955019,2,2,4,common/2018rc/generate_summary_rc_fitted_rightward_choice_by_cond_by_freq.py
40955019,5,0,5,common/inforecordings/d1pi026_inforec.py
40955019,96,0,96,common/2018rc/figure_dif_fr_sorted_each_direction_each_reward_centerout.py
40955019,136,0,136,common/2018rc/figure_fr_by_reward_sorted_centerout.py
40955019,25,25,50,common/2018rc/figure_movement_selectivity.py
40955019,53,41,94,common/2018rc/figure_reward_modulation_movement.py
40955019,38,38,76,common/2018rc/figure_reward_modulation_sound.py
40955019,92,0,92,common/2018rc/figure_reward_modulation_sound_population_hist_extra.py
40955019,5,3,8,common/2018rc/generate_example_reward_modulation_movement.py
40955019,103,0,103,common/2018rc/generate_fr_count_each_direction_each_reward_cond_movement_onset.py
40955019,114,0,114,common/2018rc/generate_summary_reward_modulation_sound_extra.py
40955019,19,9,28,common/2018rc/figure_dif_fr_sorted_centerout.py
40955019,19,14,33,common/2018rc/figure_movement_selectivity.py
40955019,25,12,37,common/2018rc/figure_reward_change_behavior.py
40955019,30,24,54,common/2018rc/figure_reward_modulation_movement.py
40955019,37,30,67,common/2018rc/figure_reward_modulation_sound.py
40955019,16,3,19,common/2018rc/generate_example_movement_sel_raster_psth.py
40955019,132,3,135,common/inforecordings/d1pi026_inforec.py
40955019,26,5,31,common/2018rc/figure_dif_fr_sorted_centerout.py
40955019,2,1,3,common/2018rc/figure_dif_fr_sorted_sound.py
40955019,3,2,5,common/2018rc/figure_reward_modulation_sound.py
40955019,2,2,4,common/2018rc/generate_dif_fr_movement_onset.py
40955019,2,0,2,common/2018rc/figure_dif_fr_sorted_sound.py
40955019,145,12,157,common/2018rc/figure_reward_modulation_movement.py
40955019,145,12,157,common/2018rc/figure_reward_modulation_sound.py
40955019,16,1,17,common/2018rc/generate_example_reward_modulation_movement.py
40955019,15,0,15,common/2018rc/generate_example_reward_modulation_sound.py
40955019,232,0,232,common/2018acsup/database_generation_funcs.py
40955019,30,0,30,common/2018acsup/database_generation_workflow.py
40955019,21,0,21,common/2018acsup/database_generic.py
40955019,209,0,209,common/2018acsup/database_inactivation.py
40955019,227,0,227,common/2018acsup/database_photoidentification.py
40955019,40,0,40,anna/histology/band055_histology.py
40955019,26,5,31,anna/tests/test008_inactivation_analysis.py
40955019,305,0,305,anna/tests/test010_average_laser_noise_PSTH.py
40955019,10,9,19,common/2018rc/figure_reward_modulation_movement.py
40955019,7,6,13,common/2018rc/figure_reward_modulation_sound.py
40955019,11,4,15,common/2018rc/generate_example_reward_modulation_movement.py
40955019,7,2,9,common/2018rc/generate_example_reward_modulation_sound.py
40955019,4,3,7,common/2018rc/generate_summary_movement_selectivity.py
40955019,4,3,7,common/2018rc/generate_summary_reward_modulation_movement.py
40955019,76,0,76,common/2018rc/figure_dif_fr_sorted_centerout.py
40955019,40,14,54,common/2018rc/figure_dif_fr_sorted_sound.py
40955019,13,13,26,common/2018rc/figure_reward_change_behavior.py
40955019,2,1,3,common/2018rc/figure_reward_modulation_sound.py
40955019,138,0,138,common/2018rc/generate_dif_fr_movement_onset.py
40955019,8,5,13,common/2018rc/generate_summary_rc_fitted_rightward_choice_by_cond_by_freq.py
40955019,54,0,54,common/2018rc/figure_dif_fr_sorted_sound.py
40955019,36,19,55,common/2018rc/figure_reward_change_behavior.py
40955019,0,77,77,common/2018rc/generate_dif_fr_all_cells.py
40955019,184,0,184,common/2018rc/generate_dif_fr_sound_onset.py
40955019,27,5,32,common/2018thstr/figure_am.py
40955019,30,7,37,common/2018thstr/figure_anatomy.py
40955019,670,0,670,common/2018thstr/figure_cortical_untagged_vs_thalamic_untagged.py
40955019,1,1,2,common/2018thstr/figure_example_noise_laser.py
40955019,17,15,32,common/2018thstr/figure_frequency.py
40955019,382,0,382,common/2018thstr/figure_pinp_method.py
40955019,141,0,141,common/2018thstr/figure_tagged_farUntagged_am_sync.py
40955019,127,0,127,common/2018thstr/generate_pinp_method.py
40955019,393,0,393,common/2018thstr/generate_summary_pinp_method.py
40955019,2,0,2,common/2018thstr/generate_tagged.py
40955019,710,0,710,common/2018thstr/old_tagged_untagged_cortex.py
40955019,702,0,702,common/2018thstr/old_tagged_untagged_thalamus.py
40955019,696,0,696,common/2018thstr/untagged_cortex_old.py
40955019,77,0,77,common/2018rc/generate_dif_fr_all_cells.py
40955019,12,13,25,common/inforecordings/d1pi026_inforec.py
40955019,32,0,32,common/inforecordings/d1pi026_inforec.py
40955019,12,12,24,common/2018rc/generate_example_reward_modulation_sound.py
40955019,63,0,63,common/2018rc/generate_summary_rc_ave_rightward_choice_by_cond_by_freq.py
40955019,72,0,72,common/2018rc/generate_summary_rc_fitted_rightward_choice_by_cond_by_freq.py
40955019,8,6,14,common/2018rc/generate_summary_reward_modulation_sound.py
40955019,1,1,2,lan/analysis_reward_change/generate_evlock_spktimes_celldb.py
40955019,62,0,62,common/2018rc/analysis_reward_change/generate_evlock_spktimes_celldb.py
40955019,3,2,5,common/2018rc/analysis_reward_change/reward_change_generate_cell_database.py
40955019,1,1,2,lan/test002_daily_behavior_short.py
40955019,1,1,2,lan/test_argparse.py
40955019,7,5,12,lan/analysis_reward_change/generate_evlock_spktimes_celldb.py
40955019,1,1,2,lan/analysis_reward_change/new_reward_change_plotter_functions.py
40955019,3,2,5,lan/analysis_reward_change/reward_change_generate_cell_database.py
40955019,38,0,38,anna/tests/test007_database_analysis_speed.py
40955019,159,0,159,anna/tests/test008_inactivation_analysis.py
40955019,28,0,28,anna/tests/test009_bad_database.py
40955019,356,0,356,common/2018rc/analysis_reward_change/calculate_reward_modulation_celldb.py
40955019,121,0,121,common/2018rc/analysis_reward_change/reward_change_evaluate_movement_selectivity.py
40955019,196,0,196,common/2018rc/analysis_reward_change/reward_change_generate_cell_database.py
40955019,5,5,10,lan/analysis_reward_change/calculate_reward_modulation_celldb.py
40955019,9,5,14,lan/analysis_reward_change/reward_change_generate_cell_database.py
40955019,216,210,426,common/inforecordings/pinp031_inforec.py
40955019,146,0,146,common/inforecordings/pinp031_inforec.py
40955019,0,1,1,lan/analysis_reward_change/new_activity_consistency_score_celldb.py => common/2018rc/analysis_reward_change/activity_consistency_score_celldb.py
40955019,0,0,0,lan/analysis_reward_change/new_good_cell_duplication_check_celldb.py => common/2018rc/analysis_reward_change/good_cell_duplication_check_celldb.py
40955019,0,0,0,lan/analysis_reward_change/new_reward_change_behavior_criteria.py => common/2018rc/analysis_reward_change/reward_change_behavior_criteria.py
40955019,0,0,0,lan/analysis_reward_change/new_reward_change_cell_in_target_range_celldb.py => common/2018rc/analysis_reward_change/reward_change_cell_in_target_range_celldb.py
40955019,13,35,48,lan/analysis_reward_change/new_reward_change_evaluate_sound_response.py => common/2018rc/analysis_reward_change/reward_change_evaluate_sound_response.py
40955019,48,5,53,common/2018rc/figure_reward_change_behavior.py
40955019,61,0,61,common/2018rc/generate_summary_reward_change_rightward_choice_by_cond_by_freq.py
40955019,44,0,44,lan/analysis_reward_change/activity_consistency_score_celldb.py
40955019,270,0,270,lan/analysis_reward_change/good_cell_duplication_check_celldb.py
40955019,154,0,154,lan/analysis_reward_change/plot_reward_change_behavior.py
40955019,23,0,23,lan/analysis_reward_change/rename_multisession_cluster_folder.py
40955019,13,0,13,lan/analysis_reward_change/resave_new_celldb_new_format.py
40955019,63,0,63,lan/analysis_reward_change/reward_change_behavior_criteria.py
40955019,27,0,27,lan/analysis_reward_change/reward_change_cell_in_target_range_celldb.py
40955019,231,0,231,lan/analysis_reward_change/reward_change_evaluate_sound_response.py
40955019,21,21,42,common/inforecordings/adap013_inforec.py
40955019,16,16,32,common/inforecordings/adap015_inforec.py
40955019,23,23,46,common/inforecordings/adap017_inforec.py
40955019,0,3,3,common/inforecordings/adap067_inforec.py
40955019,0,3,3,common/inforecordings/adap071_inforec.py
40955019,0,3,3,common/inforecordings/gosi001_inforec.py
40955019,0,3,3,common/inforecordings/gosi004_inforec.py
40955019,0,3,3,common/inforecordings/gosi008_inforec.py
40955019,0,3,3,common/inforecordings/gosi010_inforec.py
40955019,100,0,100,common/inforecordings/pinp031_inforec.py
40955019,14,14,28,common/inforecordings/adap005_inforec.py
40955019,38,38,76,common/inforecordings/adap012_inforec.py
40955019,18,18,36,common/inforecordings/adap013_inforec.py
40955019,13,13,26,common/inforecordings/adap015_inforec.py
40955019,20,20,40,common/inforecordings/adap017_inforec.py
40955019,45,45,90,common/inforecordings/adap067_inforec.py
40955019,31,31,62,common/inforecordings/adap071_inforec.py
40955019,136,319,455,common/inforecordings/gosi001_inforec.py
40955019,65,65,130,common/inforecordings/gosi004_inforec.py
40955019,37,37,74,common/inforecordings/gosi008_inforec.py
40955019,35,35,70,common/inforecordings/gosi010_inforec.py
40955019,67,1,68,common/inforecordings/pinp031_inforec.py
40955019,198,455,653,common/inforecordings/adap067_inforec.py
40955019,136,333,469,common/inforecordings/adap071_inforec.py
40955019,153,351,504,common/inforecordings/gosi010_inforec.py
40955019,98,109,207,common/inforecordings/adap005_inforec.py
40955019,250,286,536,common/inforecordings/adap012_inforec.py
40955019,95,110,205,common/inforecordings/adap013_inforec.py
40955019,69,80,149,common/inforecordings/adap015_inforec.py
40955019,105,122,227,common/inforecordings/adap017_inforec.py
40955019,300,670,970,common/inforecordings/gosi004_inforec.py
40955019,178,384,562,common/inforecordings/gosi008_inforec.py
40955019,120,0,120,lan/old_inforec_rc/adap005_inforec.py
40955019,295,0,295,lan/old_inforec_rc/adap012_inforec.py
40955019,118,0,118,lan/old_inforec_rc/adap013_inforec.py
40955019,89,0,89,lan/old_inforec_rc/adap015_inforec.py
40955019,131,0,131,lan/old_inforec_rc/adap017_inforec.py
40955019,609,0,609,lan/old_inforec_rc/adap067_inforec.py
40955019,421,0,421,lan/old_inforec_rc/adap071_inforec.py
40955019,428,0,428,lan/old_inforec_rc/gosi001_inforec.py
40955019,854,0,854,lan/old_inforec_rc/gosi004_inforec.py
40955019,494,0,494,lan/old_inforec_rc/gosi008_inforec.py
40955019,475,0,475,lan/old_inforec_rc/gosi010_inforec.py
40955019,175,0,175,common/inforecordings/pinp031_inforec.py
40955019,137,83,220,anna/tests/test004_anna_database.py
40955019,213,0,213,anna/tests/test005_anna_update_database_with_indices.py
40955019,53,0,53,anna/tests/test006_anna_read_database.py
40955019,134,0,134,alex/FOR_ALEX.py
40955019,60,0,60,alex/FOR_ALEX_orig.py
40955019,133,0,133,alex/dapa003_analysis.py
40955019,132,0,132,alex/dapa006_analysis.py
40955019,542,0,542,alex/dapa007_analysis.py
40955019,488,0,488,alex/dapa008_analysis.py
40955019,312,0,312,alex/dapa009_analysis.py
40955019,628,0,628,alex/dapa010_analysis.py
40955019,355,0,355,alex/dapa011_analysis.py
40955019,706,0,706,alex/dapa_am_analysis.py
40955019,928,0,928,alex/dapa_analysis.py
40955019,116,0,116,alex/dapa_gaussian_analysis.py
40955019,776,0,776,alex/dapa_laser_control_analysis.py
40955019,553,0,553,alex/generate_database.py
40955019,410,0,410,alex/laser_tuning_curve_copy.py
40955019,227,0,227,alex/single_cell_analysis.py
40955019,3,3,6,common/inforecordings/dapa012_inforec.py
40955019,1,1,2,common/inforecordings/dapa014_inforec.py
40955019,12,0,12,common/inforecordings/dapa015_inforec.py
40955019,18,0,18,common/inforecordings/dapa015_inforec.py
40955019,7,2,9,common/inforecordings/dapa012_inforec.py
40955019,14,0,14,common/inforecordings/dapa013_inforec.py
40955019,14,0,14,common/inforecordings/dapa014_inforec.py
40955019,315,0,315,anna/tests/test004_anna_database.py
40955019,378,0,378,common/inforecordings/band062_inforec.py
40955019,63,3,66,common/inforecordings/dapa015_inforec.py
40955019,96,0,96,common/inforecordings/dapa015_inforec.py
40955019,76,16,92,common/inforecordings/dapa015_inforec.py
40955019,80,0,80,common/inforecordings/dapa015_inforec.py
40955019,177,192,369,anna/analysis/band_ephys_analysis.py
40955019,114,0,114,santiago/test061_caiman_motioncorrection.py
40955019,202,0,202,santiago/test062_caiman_CNMF.py
40955019,51,27,78,santiago/test064_anna_database.py
40955019,46,15,61,santiago/test064_anna_database.py
40955019,13,0,13,common/2018acsup/generate_merged_photoidentification_database.py
40955019,499,491,990,common/inforecordings/band054_inforec.py
40955019,187,177,364,common/inforecordings/band045_inforec.py
40955019,121,0,121,santiago/test064_anna_database.py
40955019,308,0,308,common/inforecordings/band058_inforec.py
40955019,10,7,17,common/2018acsup/generate_photoidentification_database.py
40955019,94,0,94,common/2018acsup/generate_photoidentification_database.py
40955019,76,0,76,common/inforecordings/dapa014_inforec.py
40955019,69,0,69,common/inforecordings/dapa014_inforec.py
40955019,6,4,10,common/2018thstr/figparams.py
40955019,105,57,162,common/2018thstr/figure_am.py
40955019,26,16,42,common/2018thstr/figure_anatomy.py
40955019,25,16,41,common/2018thstr/figure_example_noise_laser.py
40955019,39,31,70,common/2018thstr/figure_frequency.py
40955019,93,0,93,common/inforecordings/dapa014_inforec.py
40955019,48,24,72,common/2018thstr/figure_anatomy.py
40955019,4,4,8,common/2018thstr/figure_example_noise_laser.py
40955019,6,3,9,common/2018thstr/figure_frequency.py
40955019,50,35,85,common/2018thstr/figure_am.py
40955019,17,13,30,common/2018thstr/figure_am.py
40955019,1,1,2,common/2018thstr/figure_frequency.py
40955019,1,1,2,common/2018thstr/generate_brain_area.py
40955019,25,118,143,common/2018thstr/figure_frequency.py
40955019,6,5,11,common/inforecordings/dapa014_inforec.py
40955019,53,54,107,common/inforecordings/dapa014_inforec.py
40955019,51,4,55,common/inforecordings/dapa014_inforec.py
40955019,145,0,145,common/inforecordings/dapa014_inforec.py
40955019,0,1,1,common/2018thstr/figure_am.py
40955019,3,5,8,common/2018thstr/figure_anatomy.py
40955019,2,5,7,common/2018thstr/figure_example_noise_laser.py
40955019,2,4,6,common/2018thstr/figure_frequency.py
40955019,4,4,8,common/2018thstr/figure_am.py
40955019,1,1,2,common/2018thstr/figure_frequency.py
40955019,70,30,100,common/2018thstr/figure_am.py
40955019,6,0,6,common/2018thstr/figure_anatomy.py
40955019,50,19,69,common/2018thstr/figure_example_noise_laser.py
40955019,31,29,60,common/2018thstr/figure_frequency.py
40955019,8,4,12,common/2018thstr/figure_result_washout.py
40955019,17,9,26,common/2018thstr/figure_tagged_vs_untagged_cortex.py
40955019,10,5,15,common/2018thstr/figure_tagged_vs_untagged_thalamus.py
40955019,25,4,29,common/2018thstr/generate_brain_area.py
40955019,2,2,4,common/2018thstr/generate_cell_database.py
40955019,11,2,13,common/2018thstr/generate_recording_tracts.py
40955019,6,5,11,common/2018thstr/generate_rescued_clusters.py
40955019,5,5,10,common/2018thstr/generate_summary_am_sync.py
40955019,4,3,7,common/2018thstr/generate_summary_freq_tuning.py
40955019,6,5,11,common/2018thstr/generate_summary_mutual_information.py
40955019,6,5,11,common/2018thstr/generate_summary_mutual_information_phase.py
40955019,3,3,6,common/2018thstr/generate_summary_response_latency.py
40955019,6,5,11,common/2018thstr/generate_tagged.py
40955019,2,1,3,common/2018thstr/generate_tagged_untagged.py
40955019,153,0,153,common/2018thstr/new_generate_untagged.py
40955019,57,0,57,common/2018thstr/plot_all_cell_reports.py
40955019,151,147,298,common/2018thstr/plot_good_cell_reports.py
40955019,43,12,55,nick/reports/pinp_report.py
40955019,68,0,68,common/inforecordings/dapa013_inforec.py
40955019,226,0,226,common/inforecordings/band057_inforec.py
40955019,10,9,19,common/2018thstr/figure_frequency.py
40955019,2,2,4,common/2018thstr/figure_recording_tracts_AC.py
40955019,8,4,12,common/2018thstr/figure_recording_tracts_ATh.py
40955019,34,3,37,common/2018thstr/figure_result_washout.py
40955019,5,6,11,common/2018thstr/generate_recording_tracts.py
40955019,3,9,12,common/2018thstr/figure_am.py
40955019,28,20,48,common/2018thstr/figure_example_noise_laser.py
40955019,3,28,31,common/2018thstr/figure_frequency.py
40955019,192,152,344,common/2018thstr/figure_recording_tracts_AC.py
40955019,102,80,182,common/2018thstr/figure_recording_tracts_ATh.py
40955019,30,0,30,common/2018thstr/figure_result_washout.py
40955019,37,0,37,common/2018thstr/generate_brain_area.py
40955019,304,0,304,common/2018thstr/generate_recording_tracts.py
40955019,0,1,1,common/2018thstr/generate_summary_freq_tuning.py
40955019,0,1,1,nick/reports/pinp_report.py
40955019,1,1,2,common/inforecordings/dapa013_inforec.py
40955019,79,0,79,common/inforecordings/dapa013_inforec.py
40955019,64,0,64,common/inforecordings/dapa013_inforec.py
40955019,73,1,74,common/inforecordings/dapa013_inforec.py
40955019,347,0,347,common/inforecordings/band060_inforec.py
40955019,80,0,80,common/inforecordings/dapa013_inforec.py
40955019,5,4,9,common/2018thstr/figparams.py
40955019,162,53,215,common/2018thstr/figure_am.py
40955019,144,111,255,common/2018thstr/figure_anatomy.py
40955019,246,0,246,common/2018thstr/figure_example_noise_laser.py
40955019,245,120,365,common/2018thstr/figure_frequency.py
40955019,229,0,229,common/2018thstr/figure_recording_tracts_AC.py
40955019,161,0,161,common/2018thstr/figure_recording_tracts_ATh.py
40955019,40,26,66,common/2018thstr/figure_tagged_vs_untagged_cortex.py
40955019,30,26,56,common/2018thstr/figure_tagged_vs_untagged_thalamus.py
40955019,169,0,169,common/2018thstr/generate_bad_celldatabase.py
40955019,3,3,6,common/2018thstr/generate_cell_database.py
40955019,48,36,84,common/2018thstr/generate_example_am_rasters.py
40955019,108,0,108,common/2018thstr/generate_example_freq_tuning.py
40955019,53,0,53,common/2018thstr/generate_example_noise_laser.py
40955019,109,0,109,common/2018thstr/generate_rescued_clusters.py
40955019,4,2,6,common/2018thstr/generate_summary_am_sync.py
40955019,2,1,3,common/2018thstr/generate_summary_am_tuning.py
40955019,161,69,230,common/2018thstr/generate_summary_anatomy.py
40955019,154,0,154,common/2018thstr/generate_summary_freq_information.py
40955019,15,9,24,common/2018thstr/generate_summary_freq_tuning.py
40955019,5,2,7,common/2018thstr/generate_summary_mutual_information.py
40955019,7,4,11,common/2018thstr/generate_summary_mutual_information_phase.py
40955019,16,5,21,common/2018thstr/generate_summary_response_latency.py
40955019,110,0,110,common/2018thstr/generate_summary_response_latency_noiseburst.py
40955019,123,0,123,common/2018thstr/generate_tagged.py
40955019,106,38,144,common/2018thstr/generate_tagged_untagged.py
40955019,219,0,219,common/2018thstr/plot_good_cell_reports.py
40955019,0,2,2,common/2018thstr/response_latency_one_cell.py
40955019,95,0,95,common/2018thstr/test_frequency_FRA.py
40955019,31,11,42,nick/analysis/plot_2018thstr_reports.py
40955019,1,2,3,nick/analysis/report_2018thstr_am_responses.py
40955019,113,74,187,nick/reports/pinp_report.py
40955019,10,8,18,nick/tests/test089_2018thstr_recording_locations.py
40955019,89,0,89,nick/tests/test094_recording_tract_locations.py
40955019,158,0,158,nick/tests/test095_mergeTracts.py
40955019,110,0,110,nick/tests/test096_register_2018thstr_cortex_recording_tracts.py
40955019,0,0,0,nick/tests/test097_get_wiki_electrode_tract_images.py
40955019,230,0,230,nick/tests/test098_2018thstr_cortex_merge_tracts.py
40955019,31,0,31,nick/tests/test099_2018thstr_checkup_mutualInfo.py
40955019,128,0,128,nick/tests/test100_laser_cells_correlation.py
40955019,72,0,72,nick/tests/test101_plot_all_2018thstr_laser_cells.py
40955019,27,0,27,nick/tests/test102_lasertrain_rejects.py
40955019,79,0,79,nick/tests/test103_plot_all_2018thstr_reports.py
40955019,30,0,30,nick/tests/test104_split_20180328_allcells.py
40955019,79,0,79,nick/tests/test105_plot_all_2018thstr_BAD_cell_reports.py
40955019,142,0,142,nick/tests/test106_rescue_2018thstr_clusters.py
40955019,185,0,185,nick/tests/test107_objective_laser_response_criterion.py
40955019,40,0,40,nick/tests/test108_mahalanobis_dist.py
40955019,143,0,143,nick/tests/test109_rescue_clusters_mahalanobis.py
40955019,149,0,149,nick/tests/test110_smoother_psth_for_latency.py
40955019,16,0,16,nick/utils/allenPlateNames.py
40955019,55,0,55,common/inforecordings/dapa013_inforec.py
40955019,79,0,79,common/inforecordings/band056_inforec.py
40955019,66,0,66,common/inforecordings/dapa013_inforec.py
40955019,58,0,58,santiago/test055_mahalanobis.py
40955019,125,0,125,common/inforecordings/band056_inforec.py
40955019,58,0,58,common/inforecordings/band056_inforec.py
40955019,53,0,53,common/inforecordings/band056_inforec.py
40955019,280,0,280,common/inforecordings/band059_inforec.py
40955019,97,26,123,nick/reports/pinp_report.py
40955019,45,45,90,common/inforecordings/band055_inforec.py
40955019,112,0,112,common/inforecordings/band055_inforec.py
40955019,42,0,42,common/inforecordings/band056_inforec.py
40955019,59,0,59,common/inforecordings/band055_inforec.py
40955019,75,0,75,common/inforecordings/band055_inforec.py
40955019,75,0,75,common/inforecordings/band055_inforec.py
40955019,657,0,657,common/inforecordings/band054_inforec.py
40955019,86,0,86,common/inforecordings/band055_inforec.py
40955019,1,1,2,common/inforecordings/dapa012_inforec.py
40955019,143,1,144,common/inforecordings/dapa012_inforec.py
40955019,112,41,153,common/2018thstr/figure_am.py
40955019,6,5,11,common/2018thstr/figure_frequency.py
40955019,184,26,210,common/2018thstr/figure_tagged_vs_untagged_am.py
40955019,696,0,696,common/2018thstr/figure_tagged_vs_untagged_cortex.py
40955019,69,3,72,common/2018thstr/figure_tagged_vs_untagged_frequency.py
40955019,696,0,696,common/2018thstr/figure_tagged_vs_untagged_thalamus.py
40955019,1,1,2,common/2018thstr/generate_summary_am_tuning.py
40955019,29,29,58,common/2018thstr/generate_summary_mutual_information.py
40955019,259,0,259,common/2018thstr/generate_summary_mutual_information_phase.py
40955019,61,0,61,common/2018thstr/generate_tagged_untagged.py
40955019,91,0,91,common/2018thstr/test_figure_mi_phase.py
40955019,52,0,52,nick/tests/test092_choose_untagged_cells.py
40955019,199,0,199,nick/tests/test093_mutualInfoPhase.py
40955019,52,2,54,anna/tests/band_dynamics.py
40955019,162,0,162,common/inforecordings/dapa012_inforec.py
40955019,4,1,5,common/2018thstr/figparams.py
40955019,2,1,3,common/2018thstr/figure_anatomy.py
40955019,39,38,77,common/2018thstr/figure_tagged_vs_untagged_am.py
40955019,0,0,0,common/2018thstr/{ => old}/figure_am_responses.py
40955019,0,0,0,common/2018thstr/{ => old}/figure_am_tuning_curves.py
40955019,0,0,0,common/2018thstr/{ => old}/figure_spike_latency.py
40955019,0,0,0,common/2018thstr/{ => old}/figure_striatum_am_responses.py
40955019,0,0,0,common/2018thstr/{ => old}/figure_tagged_vs_untagged_latency.py
40955019,0,0,0,common/2018thstr/{ => old}/generate_summary_am_dprime.py
40955019,0,0,0,common/2018thstr/{ => reports}/report_striatum_am.py
40955019,0,0,0,common/2018thstr/{ => reports}/report_striatum_tuning.py
40955019,0,0,0,common/2018thstr/{ => reports}/striatum_shanks.py
40955019,15,15,30,nick/tests/test089_2018thstr_recording_locations.py
40955019,83,2,85,common/inforecordings/dapa011_inforec.py
40955019,158,0,158,lan/analysis_reward_change/new_rc_calculate_and_plot_behav_times.py
40955019,83,40,123,lan/test081_plot_goodcells_sound_response_2afc_psycurve.py
40955019,12,0,12,lan/test_argparse.py
40955019,2,2,4,common/2018rc/figparams.py
40955019,268,0,268,common/2018rc/figure_movement_selectivity.py
40955019,179,0,179,common/2018rc/figure_reward_change_behavior.py
40955019,269,0,269,common/2018rc/figure_reward_modulation_movement.py
40955019,4,4,8,common/2018rc/figure_reward_modulation_sound.py
40955019,12,4,16,common/2018rc/generate_example_movement_sel_raster_psth.py
40955019,43,9,52,common/2018rc/generate_example_rc_ave_psycurve.py
40955019,3,3,6,common/2018rc/generate_example_reward_modulation_movement.py
40955019,2,2,4,common/2018rc/generate_summary_reward_change_rightward_choice_by_condition.py
40955019,72,0,72,common/2018rc/generate_summary_reward_modulation_movement.py
40955019,3,3,6,common/2018rc/reward_change_sessions.py
40955019,1,1,2,lan/analysis_reward_change/new_plot_rc_good_cells.py
40955019,38,86,124,common/2018rc/figure_reward_modulation_sound.py
40955019,61,101,162,common/2018rc/generate_example_movement_sel_raster_psth.py
40955019,26,15,41,common/2018rc/generate_example_reward_modulation_movement.py
40955019,10,2,12,common/2018rc/generate_example_reward_modulation_sound.py
40955019,49,0,49,common/2018rc/generate_summary_movement_selectivity.py
40955019,67,0,67,common/2018rc/generate_summary_reward_modulation_sound.py
40955019,8,6,14,lan/analysis_reward_change/new_plot_rc_good_cells.py
40955019,36,5,41,lan/analysis_reward_change/new_reward_change_plotter_functions.py
40955019,2,2,4,common/2018rc/figparams.py
40955019,318,0,318,common/2018rc/figure_reward_modulation_sound.py
40955019,19,15,34,common/2018rc/generate_example_reward_modulation_sound.py
40955019,111,0,111,nick/analysis/2018thstr_old_stuff/figure_summary_am_sync.py
40955019,32,0,32,nick/analysis/2018thstr_old_stuff/figure_summary_freq_bandwidth.py
40955019,110,0,110,nick/analysis/2018thstr_old_stuff/generate_summary_spike_latency.py
40955019,0,5,5,nick/analysis/corticostriatal_analysis_master.py
40955019,10,10,20,nick/analysis/pinp025_analysis.py
40955019,61,0,61,nick/analysis/pinp028_clustering_and_counting.py
40955019,38,10,48,nick/analysis/plot_2018thstr_reports.py
40955019,55,0,55,nick/analysis/report_2018thstr_am_responses.py
40955019,28,0,28,nick/analysis/report_2018thstr_response_venn_diagram.py
40955019,483,0,483,nick/analysis/report_bandwidth_method.py
40955019,4,12,16,nick/database/dataplotter.py
40955019,272,0,272,nick/histology/anat036_analysis.py
40955019,85,0,85,nick/histology/anat037_analysis.py
40955019,2,0,2,nick/histology/loadccf.py
40955019,7,0,7,nick/histology/read_rma_structure_graph.py
40955019,16,3,19,nick/histology/show_allen_ccf.py
40955019,26,0,26,nick/histology/test_allenCorticalCoords.py
40955019,6,0,6,nick/probes/probeclasses.py
40955019,212,83,295,nick/reports/pinp_report.py
40955019,73,80,153,nick/stats/am_funcs.py
40955019,0,17,17,nick/stats/circstats.py
40955019,41,18,59,nick/tests/test085_allensdk.py
40955019,104,100,204,nick/tests/test089_2018thstr_recording_locations.py
40955019,32,0,32,nick/tests/test090_rename_slices.py
40955019,22,0,22,nick/tests/test091_cell_counting.py
40955019,52,11,63,nick/utils/slicecounter.py
40955019,7,2,9,lan/analysis_reward_change/new_generate_evlock_spktimes_celldb.py
40955019,1,1,2,lan/analysis_reward_change/new_plot_reward_mod_ind_histogram_diff_window.py
40955019,1,1,2,common/2018rc/figparams.py
40955019,229,0,229,common/2018rc/generate_example_reward_modulation_sound.py
40955019,0,690,690,lan/analysis_reward_change/new_cluster_duplication_check_celldb.py
40955019,55,0,55,lan/analysis_reward_change/new_generate_evlock_spktimes_celldb.py
40955019,3,1,4,lan/analysis_reward_change/new_good_cell_duplication_check_celldb.py
40955019,40,204,244,lan/analysis_reward_change/new_plot_rc_good_cells.py
40955019,61,5,66,lan/analysis_reward_change/new_plot_reward_mod_ind_histogram_diff_window.py
40955019,41,14,55,lan/analysis_reward_change/new_reward_change_plotter_functions.py
40955019,0,0,0,lan/analysis_reward_change/{ => old_celldb}/activity_consistency_score_during_2afc.py
40955019,0,0,0,lan/analysis_reward_change/{ => old_celldb}/calculate_modulation_direction_difonset_difwindow.py
40955019,0,0,0,lan/analysis_reward_change/{ => old_celldb}/calculate_modulation_rewardchange_difonset_difwindow.py
40955019,0,0,0,lan/analysis_reward_change/{ => old_celldb}/compare_movement_selectivity_index_different_groups.py
40955019,0,0,0,lan/analysis_reward_change/{ => old_celldb}/compare_reward_mod_ind_different_brain_region.py
40955019,0,0,0,lan/analysis_reward_change/{ => old_celldb}/compare_reward_mod_ind_over_time.py
40955019,0,0,0,lan/analysis_reward_change/{ => old_celldb}/figure_example_movement_sel_raster_psth.py
40955019,0,0,0,lan/analysis_reward_change/{ => old_celldb}/figure_example_reward_modulated_movement_selective_AC.py
40955019,0,0,0,lan/analysis_reward_change/{ => old_celldb}/figure_example_reward_modulation.py
40955019,0,0,0,lan/analysis_reward_change/{ => old_celldb}/figure_example_tuning_reward_modulation.py
40955019,0,0,0,lan/analysis_reward_change/{ => old_celldb}/figure_rt_reward_modulated_movement_selective_AC.py
40955019,0,0,0,lan/analysis_reward_change/{ => old_celldb}/figure_tiled_psth_movement_sel_cells.py
40955019,0,0,0,lan/analysis_reward_change/{ => old_celldb}/generate_example_movement_sel_raster_psth.py
40955019,0,0,0,lan/analysis_reward_change/{ => old_celldb}/generate_example_reward_modulated_movement_selective_AC.py
40955019,0,0,0,lan/analysis_reward_change/{ => old_celldb}/generate_example_reward_modulation.py
40955019,0,0,0,lan/analysis_reward_change/{ => old_celldb}/generate_example_tuning_reward_modulation.py
40955019,0,0,0,lan/analysis_reward_change/{ => old_celldb}/generate_roc_auc_overtime_sliding_win.py
40955019,0,0,0,lan/analysis_reward_change/{ => old_celldb}/gosi008_analysis_master.py
40955019,0,0,0,lan/analysis_reward_change/{ => old_celldb}/identify_duplicate_clusters.py
40955019,0,0,0,lan/analysis_reward_change/{ => old_celldb}/merge_rc_dbs_by_brain_region.py
40955019,0,0,0,lan/analysis_reward_change/{ => old_celldb}/move_columns_to_new_db_good_qual_cells.py
40955019,0,0,0,lan/analysis_reward_change/{ => old_celldb}/plot_example_response_time_vs_spike_count.py
40955019,0,0,0,lan/analysis_reward_change/{ => old_celldb}/plot_modInd_by_behav_bias.py
40955019,0,0,0,lan/analysis_reward_change/{ => old_celldb}/plot_modulated_cells_reward_change.py
40955019,0,0,0,lan/analysis_reward_change/{ => old_celldb}/plot_movement_selectivity_index.py
40955019,0,0,0,lan/analysis_reward_change/{ => old_celldb}/plot_population_hist.py
40955019,0,0,0,lan/analysis_reward_change/{ => old_celldb}/plot_reward_change_behavior.py
40955019,0,0,0,lan/analysis_reward_change/{ => old_celldb}/plot_reward_change_good_cells.py
40955019,0,0,0,lan/analysis_reward_change/{ => old_celldb}/plot_reward_mod_ind_histogram_diff_window.py
40955019,0,0,0,lan/analysis_reward_change/{ => old_celldb}/plot_reward_mod_ind_over_time.py
40955019,0,0,0,lan/analysis_reward_change/{ => old_celldb}/plot_reward_modulated_cells_side_in_aligned.py
40955019,0,0,0,lan/analysis_reward_change/{ => old_celldb}/plot_reward_modulated_movement_selective_cells.py
40955019,0,0,0,lan/analysis_reward_change/{ => old_celldb}/plot_reward_modulated_sound_responsive_cells.py
40955019,0,0,0,lan/analysis_reward_change/{ => old_celldb}/plot_roc_auc_overtime_sliding_win.py
40955019,0,0,0,lan/analysis_reward_change/{ => old_celldb}/plot_sound_or_movement_resp_cells.py
40955019,0,0,0,lan/analysis_reward_change/{ => old_celldb}/plot_sound_resp_z_score.py
40955019,0,0,0,lan/analysis_reward_change/{ => old_celldb}/reward_change_behavior_criteria.py
40955019,0,0,0,lan/analysis_reward_change/{ => old_celldb}/reward_change_calculate_behavior_bias.py
40955019,0,0,0,lan/analysis_reward_change/{ => old_celldb}/reward_change_calculate_behavior_times.py
40955019,0,0,0,lan/analysis_reward_change/{ => old_celldb}/reward_change_cell_in_target_range.py
40955019,0,0,0,lan/analysis_reward_change/{ => old_celldb}/reward_change_generate_database.py
40955019,0,0,0,lan/analysis_reward_change/{ => old_celldb}/reward_change_loader_plotter_functions.py
40955019,0,0,0,lan/analysis_reward_change/{ => old_celldb}/reward_change_report.py
40955019,266,0,266,nick/utils/allenPlateNames.py
40955019,15,0,15,nick/utils/slicecounter.py
40955019,1,1,2,nick/utils/transferutils.py
40955019,155,38,193,nick/tests/test073_fit_tuning_gaussian.py
40955019,23,0,23,nick/tests/test082_test_jaratoolbox_celldata.py
40955019,44,0,44,nick/tests/test083_test_cf_finding.py
40955019,31,0,31,nick/tests/test084_allenCCFcellCounting.py
40955019,26,0,26,nick/tests/test085_allensdk.py
40955019,34,0,34,nick/tests/test087_calculate_muscimol_spread.py
40955019,72,0,72,nick/tests/test088_allen_ccf_boundaries.py
40955019,117,0,117,nick/tests/test089_2018thstr_recording_locations.py
40955019,10,0,10,common/2018thstr/figparams.py
40955019,148,25,173,common/2018thstr/figure_am_tuning_curves_SUMMARY.py
40955019,24,17,41,common/2018thstr/figure_anatomy.py
40955019,179,168,347,common/2018thstr/figure_frequency_tuning.py
40955019,52,58,110,common/2018thstr/figure_tagged_vs_untagged.py
40955019,282,0,282,common/2018thstr/figure_tagged_vs_untagged_am.py
40955019,10,0,10,common/2018thstr/generate_am_eventlocked_spiketimes.py
40955019,43,0,43,common/2018thstr/generate_control_injection_subset.py
40955019,4,2,6,common/2018thstr/generate_summary_mutual_information.py
40955019,5,0,5,common/inforecordings/pinp015_inforec.py
40955019,8,1,9,common/inforecordings/pinp016_inforec.py
40955019,6,0,6,common/inforecordings/pinp017_inforec.py
40955019,3,0,3,common/inforecordings/pinp018_inforec.py
40955019,4,0,4,common/inforecordings/pinp019_inforec.py
40955019,3,0,3,common/inforecordings/pinp021_inforec.py
40955019,2,0,2,common/inforecordings/pinp025_inforec.py
40955019,3,0,3,common/inforecordings/pinp026_inforec.py
40955019,3,0,3,common/inforecordings/pinp029_inforec.py
40955019,291,291,582,lan/analysis_reward_change/new_calculate_reward_modulation_celldb.py
40955019,162,0,162,lan/analysis_reward_change/new_plot_reward_mod_ind_histogram_diff_window.py
40955019,17,5,22,lan/analysis_reward_change/new_reward_change_generate_cell_database.py
40955019,0,52,52,common/2017rc/generate_example_rc_dynamics.py
40955019,0,0,0,common/{2017rc => 2018rc}/figparams.py
40955019,0,0,0,common/{2017rc => 2018rc}/generate_example_movement_sel_raster_psth.py
40955019,0,0,0,common/{2017rc => 2018rc}/generate_example_rc_ave_psycurve.py
40955019,86,0,86,common/2018rc/generate_example_rc_dynamics.py
40955019,0,0,0,common/{2017rc => 2018rc}/generate_example_reward_modulated_movement_selective_AC.py
40955019,0,0,0,common/{2017rc => 2018rc}/generate_example_reward_modulation.py
40955019,0,0,0,common/{2017rc => 2018rc}/generate_example_tuning_reward_modulation.py
40955019,0,0,0,common/{2017rc => 2018rc}/generate_summary_reward_change_rightward_choice_by_condition.py
40955019,0,0,0,common/{2017rc => 2018rc}/reward_change_sessions.py
40955019,4,0,4,common/inforecordings/gosi004_inforec.py
40955019,4,0,4,common/inforecordings/gosi008_inforec.py
40955019,72,0,72,anna/tests/band_dynamics.py
40955019,4,2,6,lan/analysis_reward_change/new_reward_change_evaluate_sound_response.py
40955019,3,3,6,lan/analysis_reward_change/new_reward_change_generate_cell_database.py
40955019,314,0,314,lan/analysis_reward_change/new_plot_rc_good_cells.py
40955019,429,0,429,lan/analysis_reward_change/new_reward_change_plotter_functions.py
40955019,93,0,93,common/inforecordings/dapa011_inforec.py
40955019,4,3,7,common/2018acsup/figparams.py
40955019,105,33,138,common/2018acsup/figure_PV_SOM_firing_rates.py
40955019,28,9,37,common/2018acsup/figure_PV_SOM_suppression.py
40955019,135,0,135,common/2018acsup/figure_SOM_inactivation.py
40955019,95,21,116,common/2018acsup/generate_PV_SOM_firing_rates.py
40955019,128,0,128,common/2018acsup/generate_som_inactivation.py
40955019,4,4,8,lan/analysis_reward_change/calculate_modulation_rewardchange_difonset_difwindow.py
40955019,355,0,355,lan/analysis_reward_change/new_calculate_reward_modulation_celldb.py
40955019,61,19,80,lan/analysis_reward_change/new_good_cell_duplication_check_celldb.py
40955019,0,4,4,lan/analysis_reward_change/new_reward_change_evaluate_sound_response.py
40955019,51,22,73,lan/analysis_reward_change/new_reward_change_generate_cell_database.py
40955019,109,0,109,common/2018acsup/figure_PV_SOM_firing_rates.py
40955019,74,94,168,common/2018acsup/figure_PV_SOM_suppression.py
40955019,38,25,63,common/2018acsup/figure_all_AC_suppression.py
40955019,151,0,151,common/2018acsup/generate_PV_SOM_firing_rates.py
40955019,12,13,25,common/2018acsup/generate_example_raster_tuning_curve.py
40955019,15,12,27,common/2018acsup/generate_suppression_summary.py
40955019,3,1,4,common/2016astr/figparams.py
40955019,1,0,1,common/2016astr/figure_soundres_modulation_psychometric.py
40955019,3,1,4,common/2016astr/generate_example_movement_sel_raster_psth.py
40955019,77,0,77,common/2016astr/generate_summary_photostim_astr_change_percent_contra_choice.py
40955019,77,0,77,common/2016astr/generate_summary_photostim_astr_change_percent_right_choice.py
40955019,219,0,219,common/2016astr/plot_response_each_freq_psychometric.py
40955019,72,0,72,common/2016astr/generate_muscimol_spread_calculation.py
40955019,34,0,34,common/2018acsup/figparams.py
40955019,252,0,252,common/2018acsup/figure_PV_SOM_suppression.py
40955019,170,0,170,common/2018acsup/figure_all_AC_suppression.py
40955019,182,0,182,common/2018acsup/generate_example_raster_tuning_curve.py
40955019,94,0,94,common/2018acsup/generate_suppression_summary.py
40955019,230,0,230,common/2018thstr/figure_am_tuning_curves_SUMMARY.py
40955019,258,0,258,common/2018thstr/figure_tagged_vs_untagged.py
40955019,151,0,151,common/2018thstr/figure_tagged_vs_untagged_latency.py
40955019,125,0,125,common/2018thstr/generate_summary_am_dprime.py
40955019,137,0,137,common/2018thstr/generate_summary_am_tuning.py
40955019,93,0,93,common/2018thstr/generate_summary_anatomy.py
40955019,252,0,252,common/2018thstr/generate_summary_mutual_information.py
40955019,76,0,76,common/2016astr/generate_muscimol_percent_correct.py
40955019,76,0,76,common/inforecordings/dapa011_inforec.py
40955019,37,8,45,common/2018thstr/figure_am_responses.py
40955019,11,11,22,common/2018thstr/figure_am_tuning_curves.py
40955019,15,14,29,common/2018thstr/figure_anatomy.py
40955019,94,54,148,common/2018thstr/figure_frequency_tuning.py
40955019,10,0,10,common/2018thstr/figure_spike_latency.py
40955019,37,0,37,common/2018thstr/generate_summary_am_sync.py
40955019,6,3,9,common/inforecordings/pinp020_inforec.py
40955019,23,19,42,common/inforecordings/pinp025_inforec.py
40955019,32,24,56,common/inforecordings/pinp029_inforec.py
40955019,148,0,148,nick/tests/test086_muscimol_figure_percent_correct.py
40955019,2,2,4,common/2016astr/figure_photostim_2afc_tuning_vs_behav_bias.py
40955019,1,1,2,common/2016astr/generate_summary_trials_to_switch.py
40955019,57,0,57,common/inforecordings/dapa011_inforec.py
40955019,5,5,10,common/inforecordings/dapa010_inforec.py
40955019,61,0,61,common/inforecordings/dapa011_inforec.py
40955019,346,0,346,common/inforecordings/band045_inforec.py
40955019,4,3,7,common/2016astr/figure_movement_selectivity.py
40955019,4,2,6,common/2016astr/figure_sound_response_freq_selectivity.py
40955019,22,20,42,common/2016astr/figure_soundres_modulation_psychometric.py
40955019,30,49,79,common/2016astr/figure_soundres_modulation_switching.py
40955019,49,1,50,common/2016astr/figure_movement_selectivity.py
40955019,8,8,16,common/2016astr/figure_photostim_2afc.py
40955019,28,24,52,common/2016astr/figure_sound_response_freq_selectivity.py
40955019,27,0,27,common/2016astr/figure_soundres_modulation_psychometric.py
40955019,49,7,56,common/2016astr/figure_soundres_modulation_switching.py
40955019,1,1,2,common/2016astr/generate_example_movement_sel_raster_psth.py
40955019,2,1,3,common/2016astr/generate_example_soundres_modulation_psychometric.py
40955019,2,1,3,common/2016astr/generate_example_soundres_modulation_switching.py
40955019,7,6,13,common/2016astr/stats_freq_selectivity_h_v_l_by_movement_direction.py
40955019,9,9,18,common/inforecordings/dapa010_inforec.py
40955019,163,0,163,common/inforecordings/dapa010_inforec.py
40955019,24,0,24,common/2016astr/figure_sound_response_freq_selectivity.py
40955019,4,1,5,common/2016astr/generate_example_freq_tuning_2afc_raster_psth.py
40955019,42,70,112,common/2016astr/generate_summary_freq_selectivity_h_v_l_psychometric_by_movement_direction.py
40955019,211,0,211,common/2016astr/stats_freq_selectivity_h_v_l_by_movement_direction.py
40955019,40,0,40,santiago/test054_equalize_trial_number.py
40955019,19,9,28,common/2016astr/figure_photostim_2afc.py
40955019,28,2,30,common/2016astr/figure_sound_movement_selectivity_correlation.py
40955019,2,0,2,common/2016astr/figure_sound_response_freq_selectivity.py
40955019,166,0,166,common/2016astr/generate_summary_freq_selectivity_h_v_l_psychometric_by_movement_direction.py
40955019,21,7,28,common/2016astr/generate_summary_d1_cell_count.py
40955019,34,0,34,common/2016astr/generate_summary_d1_cell_count.py
40955019,9,4,13,common/2016astr/figure_soundres_modulation_switching.py
40955019,4,3,7,common/2016astr/generate_summary_trials_to_switch.py
40955019,440,0,440,common/inforecordings/band044_inforec.py
40955019,26,19,45,common/2016astr/figure_soundres_modulation_switching.py
40955019,32,5,37,common/2016astr/generate_summary_trials_to_switch.py
40955019,2,2,4,common/2016astr/figure_soundres_modulation_switching.py
40955019,33,13,46,common/2016astr/figure_soundres_modulation_switching.py
40955019,210,0,210,common/2016astr/generate_summary_trials_to_switch.py
40955019,129,0,129,santiago/test053_test_switching_speed.py
40955019,89,0,89,common/2016astr/figure_switching_dynamics.py
40955019,115,0,115,common/2016astr/switching_behav_sessions_by_animal.py
40955019,0,1,1,common/inforecordings/dapa007_inforec.py
40955019,233,0,233,common/inforecordings/dapa008_inforec.py
40955019,84,0,84,common/inforecordings/dapa009_inforec.py
40955019,27,0,27,common/inforecordings/dapa010_inforec.py
40955019,73,20,93,lan/analysis_reward_change/new_good_cell_duplication_check_celldb.py
40955019,341,0,341,lan/analysis_reward_change/calculate_modulation_direction_difonset_difwindow.py
40955019,37,0,37,lan/analysis_reward_change/move_columns_to_new_db_good_qual_cells.py
40955019,10,10,20,lan/analysis_reward_change/new_activity_consistency_score_celldb.py
40955019,133,183,316,lan/analysis_reward_change/new_cluster_duplication_check_celldb.py
40955019,173,0,173,lan/analysis_reward_change/new_good_cell_duplication_check_celldb.py
40955019,21,16,37,lan/analysis_reward_change/new_reward_change_evaluate_movement_selectivity.py
40955019,215,230,445,lan/analysis_reward_change/new_reward_change_evaluate_sound_response.py
40955019,103,189,292,lan/analysis_reward_change/new_reward_change_generate_cell_database.py
40955019,293,0,293,common/inforecordings/band043_inforec.py
40955019,116,0,116,lan/analysis_reward_change/new_reward_change_evaluate_movement_selectivity.py
40955019,270,0,270,lan/analysis_reward_change/new_reward_change_evaluate_sound_response.py
40955019,3,1,4,lan/analysis_reward_change/new_cluster_duplication_check_celldb.py
40955019,4,4,8,lan/analysis_reward_change/new_reward_change_behavior_criteria.py
40955019,27,0,27,lan/analysis_reward_change/new_reward_change_cell_in_target_range_celldb.py
40955019,20,12,32,lan/analysis_reward_change/new_reward_change_generate_cell_database.py
40955019,3,0,3,common/2018thstr/figparams.py
40955019,28,85,113,common/2018thstr/figure_am_responses.py
40955019,14,5,19,common/2018thstr/figure_am_tuning_curves.py
40955019,64,11,75,common/2018thstr/figure_anatomy.py
40955019,84,70,154,common/2018thstr/figure_frequency_tuning.py
40955019,227,0,227,common/2018thstr/figure_spike_latency.py
40955019,11,7,18,common/2018thstr/figure_striatum_am_responses.py
40955019,0,111,111,common/2018thstr/figure_summary_am_sync.py
40955019,0,32,32,common/2018thstr/figure_summary_freq_bandwidth.py
40955019,0,67,67,common/2018thstr/figure_summary_spike_latency.py
40955019,1,0,1,common/2018thstr/generate_example_am_rasters.py
40955019,0,110,110,common/2018thstr/generate_summary_spike_latency.py
40955019,125,103,228,common/2018thstr/response_latency_one_cell.py
40955019,3,3,6,lan/analysis_reward_change/calculate_modulation_rewardchange_difonset_difwindow.py
40955019,53,10,63,lan/analysis_reward_change/compare_reward_mod_ind_over_time.py
40955019,88,0,88,lan/analysis_reward_change/identify_duplicate_clusters.py
40955019,45,0,45,lan/analysis_reward_change/new_activity_consistency_score_celldb.py
40955019,738,0,738,lan/analysis_reward_change/new_cluster_duplication_check_celldb.py
40955019,63,0,63,lan/analysis_reward_change/new_reward_change_behavior_criteria.py
40955019,218,0,218,lan/analysis_reward_change/new_reward_change_generate_cell_database.py
40955019,11,4,15,lan/analysis_reward_change/plot_reward_mod_ind_histogram_diff_window.py
40955019,24,6,30,lan/analysis_reward_change/reward_change_behavior_criteria.py
40955019,9,9,18,common/2018thstr/figure_am_responses.py
40955019,6,5,11,common/2018thstr/figure_striatum_am_responses.py
40955019,16,12,28,common/2018thstr/figure_frequency_tuning.py
40955019,4,3,7,common/2018thstr/figure_am_responses.py
40955019,28,19,47,common/2018thstr/figure_am_tuning_curves.py
40955019,143,0,143,common/2018thstr/figure_am_tuning_curves.py
40955019,7,6,13,common/2018thstr/figure_frequency_tuning.py
40955019,182,0,182,common/2018thstr/figure_striatum_am_responses.py
40955019,3,1,4,common/2018thstr/generate_cell_database.py
40955019,3,2,5,common/2018thstr/generate_example_am_rasters.py
40955019,97,10,107,common/2018thstr/generate_summary_response_latency.py
40955019,69,0,69,common/2018thstr/report_striatum_am.py
40955019,88,0,88,common/2018thstr/report_striatum_tuning.py
40955019,2,1,3,common/2018thstr/response_latency_one_cell.py
40955019,18,0,18,common/2018thstr/striatum_shanks.py
40955019,1,0,1,common/2018thstr/response_latency_one_cell.py
40955019,43,7,50,common/2018thstr/response_latency_one_cell.py
40955019,19,5,24,santiago/test052_first_spike_latency.py
40955019,92,0,92,common/2018thstr/response_latency_one_cell.py
40955019,73,0,73,santiago/test052_first_spike_latency.py
40955019,25,41,66,nick/tests/test080_celldata_usecases.py
40955019,5,9,14,common/2018thstr/figure_frequency_tuning.py
40955019,222,50,272,common/2018thstr/figure_am_responses.py
40955019,178,69,247,common/2018thstr/figure_frequency_tuning.py
40955019,35,26,61,common/2018thstr/figure_summary_am_sync.py
40955019,96,0,96,common/2018thstr/generate_example_am_rasters.py
40955019,117,122,239,common/2018thstr/generate_summary_am_sync.py
40955019,18,5,23,common/2018thstr/generate_summary_freq_tuning.py
40955019,136,0,136,common/2018thstr/generate_summary_response_latency.py
40955019,4,5,9,common/inforecordings/pinp015_inforec.py
40955019,246,241,487,lan/analysis_reward_change/calculate_modulation_rewardchange_difonset_difwindow.py
40955019,82,0,82,lan/analysis_reward_change/compare_reward_mod_ind_over_time.py
40955019,1,1,2,lan/analysis_reward_change/merge_rc_dbs_by_brain_region.py
40955019,7,3,10,lan/analysis_reward_change/plot_reward_change_behavior.py
40955019,28,26,54,lan/analysis_reward_change/plot_reward_mod_ind_over_time.py
40955019,6,6,12,common/inforecordings/band002_inforec.py
40955019,43,43,86,common/inforecordings/band003_inforec.py
40955019,83,83,166,common/inforecordings/band004_inforec.py
40955019,9,9,18,common/inforecordings/band005_inforec.py
40955019,79,0,79,common/inforecordings/band005_inforec_copy.py
40955019,64,64,128,common/inforecordings/band015_inforec.py
40955019,52,52,104,common/inforecordings/band016_inforec.py
40955019,3,3,6,common/inforecordings/band021_inforec.py
40955019,12,12,24,common/inforecordings/band022_inforec.py
40955019,10,10,20,common/inforecordings/band023_inforec.py
40955019,24,24,48,common/inforecordings/band025_inforec.py
40955019,36,36,72,common/inforecordings/band026_inforec.py
40955019,77,77,154,common/inforecordings/band027_inforec.py
40955019,93,93,186,common/inforecordings/band028_inforec.py
40955019,176,176,352,common/inforecordings/band029_inforec.py
40955019,57,57,114,common/inforecordings/band030_inforec.py
40955019,35,35,70,common/inforecordings/band031_inforec.py
40955019,125,125,250,common/inforecordings/band032_inforec.py
40955019,124,124,248,common/inforecordings/band033_inforec.py
40955019,78,78,156,common/inforecordings/band034_inforec.py
40955019,53,53,106,common/inforecordings/band036_inforec.py
40955019,96,96,192,common/inforecordings/band037_inforec.py
40955019,238,238,476,common/inforecordings/band038_inforec.py
40955019,349,349,698,common/inforecordings/band039_inforec.py
40955019,377,377,754,common/inforecordings/band040_inforec.py
40955019,50,0,50,common/2017rc/figparams.py
40955019,211,0,211,common/2017rc/generate_example_movement_sel_raster_psth.py
40955019,50,0,50,common/2017rc/generate_example_rc_ave_psycurve.py
40955019,52,0,52,common/2017rc/generate_example_rc_dynamics.py
40955019,293,0,293,common/2017rc/generate_example_reward_modulated_movement_selective_AC.py
40955019,293,0,293,common/2017rc/generate_example_reward_modulation.py
40955019,183,0,183,common/2017rc/generate_example_tuning_reward_modulation.py
40955019,47,0,47,common/2017rc/generate_summary_reward_change_rightward_choice_by_condition.py
40955019,50,0,50,common/2017rc/reward_change_sessions.py
40955019,486,0,486,common/inforecordings/band041_inforec.py
40955019,64,0,64,lan/analysis_reward_change/plot_reward_mod_ind_over_time.py
40955019,29,12,41,lan/analysis_reward_change/generate_roc_auc_overtime_sliding_win.py
40955019,10,11,21,lan/analysis_reward_change/plot_roc_auc_overtime_sliding_win.py
40955019,110,36,146,common/2018thstr/figure_frequency_tuning.py
40955019,97,71,168,common/2018thstr/generate_cell_database.py
40955019,267,169,436,common/2018thstr/generate_summary_freq_tuning.py
40955019,4,4,8,common/inforecordings/pinp015_inforec.py
40955019,4,6,10,common/inforecordings/pinp016_inforec.py
40955019,14,9,23,common/inforecordings/pinp020_inforec.py
40955019,1,1,2,common/inforecordings/pinp028_inforec.py
40955019,3,3,6,lan/analysis_reward_change/calculate_modulation_rewardchange_difonset_difwindow.py
40955019,259,0,259,lan/analysis_reward_change/generate_roc_auc_overtime_sliding_win.py
40955019,3,3,6,lan/analysis_reward_change/merge_rc_dbs_by_brain_region.py
40955019,50,4,54,lan/analysis_reward_change/plot_population_hist.py
40955019,7,7,14,lan/analysis_reward_change/plot_reward_mod_ind_histogram_diff_window.py
40955019,155,0,155,lan/analysis_reward_change/plot_reward_modulated_cells_side_in_aligned.py
40955019,1,1,2,lan/analysis_reward_change/plot_reward_modulated_movement_selective_cells.py
40955019,152,0,152,lan/analysis_reward_change/plot_roc_auc_overtime_sliding_win.py
40955019,236,0,236,santiago/test048_manual_image_registration.py
40955019,44,0,44,santiago/test049_manual_image_registration.py
40955019,303,138,441,anna/analysis/band_ephys_analysis.py
40955019,96,0,96,lan/analysis_reward_change/compare_movement_selectivity_index_different_groups.py
40955019,125,0,125,lan/analysis_reward_change/compare_reward_mod_ind_different_brain_region.py
40955019,31,2,33,lan/analysis_reward_change/plot_movement_selectivity_index.py
40955019,4,4,8,lan/analysis_reward_change/plot_reward_change_behavior.py
40955019,106,101,207,lan/analysis_reward_change/plot_reward_mod_ind_histogram_diff_window.py
40955019,7,6,13,lan/analysis_reward_change/plot_sound_or_movement_resp_cells.py
40955019,34,0,34,common/inforecordings/pinp026_inforec.py
40955019,623,0,623,common/inforecordings/band040_inforec.py
40955019,137,0,137,common/inforecordings/pinp026_inforec.py
40955019,2,0,2,common/inforecordings/adap067_inforec.py
40955019,2,0,2,common/inforecordings/adap071_inforec.py
40955019,13,11,24,lan/analysis_reward_change/activity_consistency_score_during_2afc.py
40955019,2,2,4,lan/analysis_reward_change/calculate_modulation_rewardchange_difonset_difwindow.py
40955019,105,105,210,lan/analysis_reward_change/identify_duplicate_clusters.py
40955019,2,2,4,lan/analysis_reward_change/merge_rc_dbs_by_brain_region.py
40955019,12,0,12,lan/analysis_reward_change/plot_modInd_by_behav_bias.py
40955019,3,3,6,lan/analysis_reward_change/plot_reward_modulated_movement_selective_cells.py
40955019,4,2,6,lan/analysis_reward_change/plot_reward_modulated_sound_responsive_cells.py
40955019,1,1,2,lan/analysis_reward_change/reward_change_behavior_criteria.py
40955019,1,1,2,lan/analysis_reward_change/reward_change_calculate_behavior_bias.py
40955019,2,0,2,lan/analysis_reward_change/reward_change_cell_in_target_range.py
40955019,1,1,2,lan/analysis_reward_change/reward_change_generate_database.py
40955019,92,0,92,common/inforecordings/pinp029_inforec.py
40955019,7,2,9,santiago/test042_gosignal_psycurve.py
40955019,41,0,41,common/inforecordings/dapa008_inforec.py
40955019,3,2,5,common/inforecordings/adap067_inforec.py
40955019,606,0,606,common/inforecordings/adap067_inforec.py
40955019,3,0,3,lan/analysis_reward_change/figure_example_reward_modulation.py
40955019,8,1,9,lan/analysis_reward_change/generate_example_reward_modulation.py
40955019,568,0,568,common/inforecordings/band039_inforec.py
40955019,1,0,1,lan/analysis_reward_change/figure_rt_reward_modulated_movement_selective_AC.py
40955019,9,3,12,lan/analysis_reward_change/plot_reward_mod_ind_histogram_diff_window.py
40955019,1,1,2,lan/analysis_reward_change/figure_rt_reward_modulated_movement_selective_AC.py
40955019,6,6,12,lan/analysis_reward_change/figure_example_reward_modulated_movement_selective_AC.py
40955019,2,0,2,lan/analysis_reward_change/plot_movement_selectivity_index.py
40955019,12,13,25,lan/analysis_reward_change/figure_rt_reward_modulated_movement_selective_AC.py
40955019,1,1,2,lan/analysis_reward_change/figure_example_reward_modulated_movement_selective_AC.py
40955019,1,1,2,lan/analysis_reward_change/figure_example_reward_modulation.py
40955019,91,0,91,lan/analysis_reward_change/figure_rt_reward_modulated_movement_selective_AC.py
40955019,1,1,2,lan/analysis_reward_change/figure_tiled_psth_movement_sel_cells.py
40955019,1,1,2,lan/analysis_reward_change/plot_movement_selectivity_index.py
40955019,41,47,88,lan/analysis_reward_change/plot_movement_selectivity_index.py
40955019,118,0,118,lan/analysis_reward_change/figure_tiled_psth_movement_sel_cells.py
40955019,3,2,5,lan/analysis_reward_change/plot_reward_mod_ind_histogram_diff_window.py
40955019,40,0,40,common/inforecordings/dapa008_inforec.py
40955019,150,0,150,lan/analysis_reward_change/figure_example_movement_sel_raster_psth.py
40955019,211,0,211,lan/analysis_reward_change/generate_example_movement_sel_raster_psth.py
40955019,128,0,128,lan/analysis_reward_change/plot_reward_mod_ind_histogram_diff_window.py
40955019,11,9,20,lan/analysis_reward_change/figure_example_reward_modulation.py
40955019,9,1,10,lan/analysis_reward_change/generate_example_reward_modulation.py
40955019,10,8,18,lan/analysis_reward_change/plot_reward_change_behavior.py
40955019,6,6,12,lan/analysis_reward_change/plot_reward_change_behavior.py
40955019,21,0,21,lan/analysis_reward_change/generate_example_reward_modulated_movement_selective_AC.py
40955019,121,0,121,lan/analysis_reward_change/plot_example_response_time_vs_spike_count.py
40955019,2,2,4,lan/analysis_reward_change/plot_movement_selectivity_index.py
40955019,1,1,2,lan/analysis_reward_change/plot_reward_change_behavior.py
40955019,68,0,68,lan/analysis_reward_change/plot_movement_selectivity_index.py
40955019,3,1,4,lan/analysis_reward_change/plot_reward_modulated_movement_selective_cells.py
40955019,1,1,2,lan/analysis_reward_change/plot_reward_change_behavior.py
40955019,3,5,8,lan/analysis_reward_change/plot_reward_modulated_movement_selective_cells.py
40955019,146,0,146,lan/analysis_reward_change/plot_reward_modulated_sound_responsive_cells.py
40955019,74,46,120,lan/analysis_reward_change/reward_change_calculate_behavior_times.py
40955019,67,0,67,common/inforecordings/pinp028_inforec.py
40955019,155,0,155,lan/analysis_reward_change/figure_example_reward_modulated_movement_selective_AC.py
40955019,272,0,272,lan/analysis_reward_change/generate_example_reward_modulated_movement_selective_AC.py
40955019,20,20,40,lan/analysis_reward_change/plot_modInd_by_behav_bias.py
40955019,1,1,2,lan/analysis_reward_change/plot_modulated_cells_reward_change.py
40955019,1,0,1,lan/analysis_reward_change/plot_reward_change_behavior.py
40955019,152,0,152,lan/analysis_reward_change/plot_reward_modulated_movement_selective_cells.py
40955019,7,1,8,lan/analysis_reward_change/plot_sound_resp_z_score.py
40955019,42,3,45,lan/analysis_reward_change/reward_change_calculate_behavior_times.py
40955019,135,16,151,nick/tests/test080_celldata_usecases.py
40955019,18,0,18,common/inforecordings/dapa007_inforec.py
40955019,2,2,4,common/inforecordings/pinp019_inforec.py
40955019,2,2,4,common/inforecordings/pinp020_inforec.py
40955019,38,38,76,common/inforecordings/pinp021_inforec.py
40955019,51,47,98,common/inforecordings/pinp025_inforec.py
40955019,113,0,113,common/2018thstr/figure_am_responses.py
40955019,103,0,103,common/2018thstr/figure_anatomy.py
40955019,119,0,119,common/2018thstr/figure_frequency_tuning.py
40955019,107,0,107,common/2018thstr/figure_photoidentification.py
40955019,59,0,59,common/2018thstr/figure_template.py
40955019,164,0,164,nick/analysis/calculate_first_spike_latency.py
40955019,565,0,565,nick/analysis/corticostriatal_object_oriented.py
40955019,56,0,56,nick/analysis/corticostriatal_report_plotting.py
40955019,68,0,68,nick/analysis/corticostriatal_str_cells_plotting.py
40955019,102,0,102,nick/analysis/pinp024_analysis.py
40955019,102,0,102,nick/analysis/pinp025_analysis.py
40955019,355,0,355,nick/analysis/plot_2017_dac_figures.py
40955019,177,0,177,nick/analysis/plot_2018thstr_gaussian_examples.py
40955019,131,0,131,nick/analysis/plot_2018thstr_poisson_tuning_fit.py
40955019,38,0,38,nick/analysis/plot_2018thstr_reports.py
40955019,73,0,73,nick/analysis/santiago_talk_fall2017/figure_all_cells_summary_am_sync.py
40955019,60,0,60,nick/histology/allenccf.py
40955019,56,0,56,nick/histology/load_allen_structure_graph.py
40955019,215,0,215,nick/histology/mplGUI_example.py
40955019,103,0,103,nick/histology/show_allen_ccf.py
40955019,74,0,74,nick/histology/test_site_annotation.py
40955019,303,0,303,nick/reports/str_report.py
40955019,12,0,12,nick/test/test_pinp_report.py
40955019,125,0,125,nick/tests/test074_am_funcs.py
40955019,111,0,111,nick/tests/test075_am_synchronization.py
40955019,34,0,34,nick/tests/test076_maxrootfinding.py
40955019,83,0,83,nick/tests/test077_tc_heatmap_plotting.py
40955019,18,0,18,nick/tests/test078_test_ephyscore_cell_loading.py
40955019,26,0,26,nick/tests/test079_poisson_tuning_curve_responses.py
40955019,19,0,19,nick/tests/test081_nick_celldata_object.py
40955019,0,0,0,{common/2018thstr => nick/analysis/santiago_talk_fall2017}/figure_example_am_rasters.py
40955019,117,0,117,lan/analysis_reward_change/plot_modInd_by_behav_bias.py
40955019,42,0,42,lan/analysis_reward_change/plot_sound_resp_z_score.py
40955019,54,0,54,lan/analysis_reward_change/reward_change_calculate_behavior_bias.py
40955019,83,0,83,lan/analysis_reward_change/reward_change_calculate_behavior_times.py
40955019,1,1,2,lan/clusteranalysis.py
40955019,4,3,7,lan/test011_group_rew_change.py
40955019,38,0,38,lan/analysis_reward_change/reward_change_cell_in_target_range.py
40955019,2,25,27,lan/analysis_reward_change/reward_change_generate_database.py
40955019,419,0,419,common/inforecordings/adap071_inforec.py
40955019,9,4,13,common/2018thstr/figure_example_am_rasters.py
40955019,5,2,7,lan/analysis_reward_change/activity_consistency_score_during_2afc.py
40955019,13,42,55,lan/analysis_reward_change/calculate_modulation_rewardchange_difonset_difwindow.py
40955019,21,3,24,lan/analysis_reward_change/identify_duplicate_clusters.py
40955019,33,0,33,lan/analysis_reward_change/merge_rc_dbs_by_brain_region.py
40955019,49,4,53,lan/analysis_reward_change/plot_population_hist.py
40955019,4,4,8,lan/analysis_reward_change/plot_sound_or_movement_resp_cells.py
40955019,46,0,46,lan/analysis_reward_change/reward_change_behavior_criteria.py
40955019,1,1,2,lan/analysis_reward_change/reward_change_generate_database.py
40955019,116,0,116,common/inforecordings/band037_inforec.py
40955019,157,1,158,common/inforecordings/band038_inforec.py
40955019,33,0,33,nick/tests/test080_celldata_usecases.py
40955019,3,0,3,common/inforecordings/gosi001_inforec.py
40955019,3,0,3,common/inforecordings/gosi004_inforec.py
40955019,3,0,3,common/inforecordings/gosi008_inforec.py
40955019,3,0,3,common/inforecordings/gosi010_inforec.py
40955019,3,0,3,common/inforecordings/adap005_inforec.py
40955019,3,0,3,common/inforecordings/adap012_inforec.py
40955019,3,0,3,common/inforecordings/adap013_inforec.py
40955019,4,0,4,common/inforecordings/adap015_inforec.py
40955019,4,0,4,common/inforecordings/adap017_inforec.py
40955019,2,2,4,lan/analysis_reward_change/calculate_modulation_rewardchange_difonset_difwindow.py
40955019,15,9,24,lan/analysis_reward_change/identify_duplicate_clusters.py
40955019,2,2,4,lan/analysis_reward_change/plot_reward_change_behavior.py
40955019,17,7,24,lan/analysis_reward_change/reward_change_generate_database.py
40955019,245,0,245,common/inforecordings/band038_inforec.py
40955019,86,87,173,common/2018thstr/figure_example_am_rasters.py
40955019,4,3,7,common/2018thstr/figure_example_am_rasters.py
40955019,58,23,81,common/2018thstr/figure_example_am_rasters.py
40955019,13,20,33,lan/analysis_reward_change/figure_example_reward_modulation.py
40955019,4,1,5,lan/analysis_reward_change/figure_example_tuning_reward_modulation.py
40955019,12,9,21,common/2018thstr/figure_example_am_rasters.py
40955019,1,0,1,common/2018thstr/figure_example_am_rasters.py
40955019,50,2,52,common/2018thstr/figure_example_am_rasters.py
40955019,2,0,2,common/2018thstr/figure_example_am_rasters.py
40955019,1,0,1,common/2018thstr/figure_example_am_rasters.py
40955019,3,2,5,common/2018thstr/figure_example_am_rasters.py
40955019,55,0,55,common/2018thstr/figparams.py
40955019,214,0,214,common/2018thstr/figure_example_am_rasters.py
40955019,102,0,102,common/2018thstr/figure_summary_am_sync.py
40955019,32,0,32,common/2018thstr/figure_summary_freq_bandwidth.py
40955019,67,0,67,common/2018thstr/figure_summary_spike_latency.py
40955019,142,0,142,common/2018thstr/generate_cell_database.py
40955019,0,0,0,common/2018thstr/generate_example_freq_tuning.py
40955019,214,0,214,common/2018thstr/generate_summary_am_sync.py
40955019,209,0,209,common/2018thstr/generate_summary_freq_tuning.py
40955019,110,0,110,common/2018thstr/generate_summary_spike_latency.py
40955019,5,7,12,lan/analysis_reward_change/figure_example_tuning_reward_modulation.py
40955019,3,1,4,lan/analysis_reward_change/plot_reward_change_behavior.py
40955019,5,1,6,lan/analysis_reward_change/plot_reward_change_behavior.py
40955019,20,16,36,lan/analysis_reward_change/plot_reward_change_behavior.py
40955019,174,0,174,lan/analysis_reward_change/figure_example_tuning_reward_modulation.py
40955019,183,0,183,lan/analysis_reward_change/generate_example_tuning_reward_modulation.py
40955019,107,70,177,lan/analysis_reward_change/figure_example_reward_modulation.py
40955019,2,1,3,lan/analysis_reward_change/generate_example_reward_modulation.py
40955019,30,6,36,common/2017acnih/figure_model_behavior.py
40955019,10,4,14,common/2017acnih/figure_photoidentified_cells.py
40955019,9,3,12,common/2017acnih/figure_som_inactivation_tuning.py
40955019,18,7,25,lan/analysis_reward_change/figure_example_reward_modulation.py
40955019,5,0,5,lan/analysis_reward_change/generate_example_reward_modulation.py
40955019,134,0,134,lan/analysis_reward_change/figure_example_reward_modulation.py
40955019,21,29,50,lan/analysis_reward_change/generate_example_reward_modulation.py
40955019,65,0,65,common/inforecordings/dapa007_inforec.py
40955019,33,25,58,lan/analysis_reward_change/activity_consistency_score_during_2afc.py
40955019,280,0,280,lan/analysis_reward_change/generate_example_reward_modulation.py
40955019,200,375,575,lan/analysis_reward_change/identify_duplicate_clusters.py
40955019,205,1,206,lan/analysis_reward_change/plot_modulated_cells_reward_change.py
40955019,127,60,187,lan/analysis_reward_change/plot_population_hist.py
40955019,1,1,2,lan/analysis_reward_change/plot_reward_change_behavior.py
40955019,76,76,152,lan/analysis_reward_change/plot_sound_or_movement_resp_cells.py
40955019,59,2,61,common/inforecordings/band037_inforec.py
40955019,103,0,103,common/inforecordings/band036_inforec.py
40955019,18,0,18,common/inforecordings/band037_inforec.py
40955019,66,0,66,common/inforecordings/dapa006_inforec.py
40955019,44,43,87,common/2017acnih/figure_behavior_inactivation.py
40955019,89,0,89,common/2017acnih/figure_model_behavior.py
40955019,144,0,144,lan/analysis_reward_change/activity_consistency_score_during_2afc.py
40955019,2,0,2,lan/analysis_reward_change/calculate_modulation_rewardchange_difonset_difwindow.py
40955019,739,0,739,lan/analysis_reward_change/identify_duplicate_clusters.py
40955019,201,0,201,lan/analysis_reward_change/plot_sound_or_movement_resp_cells.py
40955019,17,1,18,lan/analysis_reward_change/reward_change_generate_database.py
40955019,1,1,2,lan/analysis_reward_change/reward_change_loader_plotter_functions.py
40955019,563,0,563,alex/laser_am_tuning.py
40955019,8,8,16,alex/am_tuning_copy.py
40955019,7,1,8,alex/am_tuning_copy.py
40955019,1,1,2,alex/am_tuning_copy.py
40955019,7,4,11,alex/am_tuning_copy.py
40955019,34,2,36,lan/analysis_reward_change/calculate_modulation_rewardchange_difonset_difwindow.py
40955019,33,23,56,lan/analysis_reward_change/plot_modulated_cells_reward_change.py
40955019,94,30,124,lan/analysis_reward_change/plot_population_hist.py
40955019,137,0,137,lan/analysis_reward_change/plot_reward_change_behavior.py
40955019,18,3,21,lan/analysis_reward_change/reward_change_loader_plotter_functions.py
40955019,104,0,104,lan/analysis_reward_change/plot_modulated_cells_reward_change.py
40955019,47,281,328,lan/analysis_reward_change/plot_population_hist.py
40955019,17,24,41,alex/am_tuning_copy.py
40955019,561,0,561,alex/am_tuning_copy.py
40955019,228,223,451,lan/analysis_reward_change/calculate_modulation_rewardchange_difonset_difwindow.py
40955019,318,0,318,lan/analysis_reward_change/plot_population_hist.py
40955019,0,0,0,anna/analysis/__init__.py
40955019,113,0,113,anna/analysis/band_behaviour_analysis.py
40955019,222,0,222,anna/analysis/band_ephys_analysis.py
40955019,533,0,533,anna/analysis/band_plots.py
40955019,47,38,85,anna/analysis/create_database.py
40955019,32,16,48,anna/analysis/query_database.py
40955019,5,5,10,anna/inforecordings/band015_inforec.py
40955019,0,0,0,anna/old/__init__.py
40955019,277,0,277,anna/old/anna_proposal_figs.py
40955019,393,0,393,anna/old/bandwidth_am_v2.py
40955019,792,0,792,anna/old/bandwidth_masking_v2.py
40955019,612,0,612,anna/old/bandwidths_analysis_v2.py
40955019,557,0,557,anna/old/behaviour_test.py
40955019,230,0,230,anna/old/compute_cell_stats.py
40955019,226,0,226,anna/old/plot_aggregate_cell_data.py
40955019,1,0,1,anna/old/santiago.py
40955019,100,0,100,anna/old/suppression_figure.py
40955019,47,0,47,anna/tests/test_many_sessions.py
40955019,43,0,43,anna/tests/testsound2.py
40955019,165,0,165,common/inforecordings/band034_inforec.py
40955019,25,22,47,common/2017acnih/figure_behavior_inactivation.py
40955019,130,0,130,nick/database/dataloader_v3.py
40955019,4,3,7,common/2017acnih/generate_bandwidth_behaviour_examples.py
40955019,1,1,2,common/inforecordings/band028_inforec.py
40955019,1,1,2,common/inforecordings/band030_inforec.py
40955019,2,2,4,common/inforecordings/band031_inforec.py
40955019,1,1,2,common/inforecordings/band032_inforec.py
40955019,2,2,4,common/inforecordings/band033_inforec.py
40955019,4,4,8,common/2017acnih/generate_bandwidth_behaviour_examples.py
40955019,107,0,107,common/2017acnih/figure_behavior_inactivation.py
40955019,5,5,10,common/2017acnih/figure_harmonics_bandwidth_tuning.py
40955019,2,2,4,common/2017acnih/figure_som_inactivation_tuning.py
40955019,152,0,152,common/2017acnih/figure_surround_modulation.py
40955019,255,0,255,common/2016astr/figure_premovement_modulation_psychometric.py
40955019,10,1,11,common/2016astr/figure_sound_response_freq_selectivity.py
40955019,51,19,70,common/2017acnih/figure_harmonics_bandwidth_tuning.py
40955019,26,9,35,common/2017acnih/figure_photoidentified_cells.py
40955019,12,3,15,common/2017acnih/figure_som_inactivation_tuning.py
40955019,57,13,70,common/2017acnih/generate_bandwidth_ephys_examples.py
40955019,174,0,174,common/inforecordings/pinp015_inforec.py
40955019,270,0,270,common/inforecordings/pinp016_inforec.py
40955019,210,0,210,common/inforecordings/pinp017_inforec.py
40955019,117,0,117,common/inforecordings/pinp018_inforec.py
40955019,92,0,92,common/inforecordings/pinp019_inforec.py
40955019,111,0,111,common/inforecordings/pinp020_inforec.py
40955019,5,5,10,common/inforecordings/pinp021_inforec.py
40955019,2,2,4,common/inforecordings/pinp024_inforec.py
40955019,34,0,34,common/inforecordings/pinp025_inforec.py
40955019,41,0,41,common/inforecordings/pinp025_inforec.py
40955019,1,1,2,common/inforecordings/pinp022_inforec.py
40955019,29,0,29,common/inforecordings/pinp025_inforec.py
40955019,43,0,43,common/inforecordings/pinp022_inforec.py
40955019,135,0,135,common/inforecordings/band033_inforec.py
40955019,31,0,31,common/inforecordings/dapa003_inforec.py
40955019,425,0,425,common/inforecordings/gosi001_inforec.py
40955019,472,0,472,common/inforecordings/gosi010_inforec.py
40955019,130,0,130,common/inforecordings/pinp021_inforec.py
40955019,56,0,56,common/inforecordings/pinp024_inforec.py
40955019,34,0,34,common/inforecordings/pinp024_inforec.py
40955019,1,1,2,common/2017acnih/ac_inactivation_figure.py
40955019,18,16,34,common/2017acnih/figure_harmonics_bandwidth_tuning.py
40955019,16,6,22,common/2017acnih/figure_photoidentified_cells.py
40955019,2,2,4,common/2017acnih/generate_bandwidth_behaviour_examples.py
40955019,28,18,46,lan/analysis_headfixed_astr/plot_responsive_freqs_diff_shanks.py
40955019,82,0,82,common/inforecordings/pinp024_inforec.py
40955019,7,4,11,common/2016astr/figure_muscimol_inactivation_responsetime.py
40955019,3,3,6,common/2016astr/figure_muscimol_task_params.py
40955019,17,9,26,common/2016astr/figure_muscimol_task_params.py
40955019,28,0,28,common/2016astr/figure_sound_movement_selectivity_correlation.py
40955019,17,10,27,common/2016astr/figure_sound_response_freq_selectivity.py
40955019,4,2,6,common/2016astr/generate_summary_photostim_control_change_percent_right_choice.py
40955019,78,30,108,common/2016astr/figure_muscimol_task_params.py
40955019,201,0,201,common/2016astr/figure_muscimol_task_params.py
40955019,51,12,63,common/2016astr/figure_sound_response_freq_selectivity.py
40955019,3,3,6,common/2016astr/generate_summary_freq_selectivity_2afc_psychometric.py
40955019,10,3,13,common/2016astr/generate_summary_muscimol_inactivation_reactiontime.py
40955019,18,5,23,common/2016astr/generate_summary_muscimol_inactivation_responsetime.py
40955019,80,36,116,common/2016astr/figure_sound_response_freq_selectivity.py
40955019,38,17,55,common/2016astr/generate_summary_freq_selectivity_2afc_psychometric.py
40955019,27,10,37,common/2016astr/figure_muscimol_inactivation_numtrials.py
40955019,16,16,32,common/2016astr/figure_photostim_2afc_control.py
40955019,1,1,2,common/2016astr/figure_photostim_2afc_tuning_vs_behav_bias.py
40955019,34,30,64,common/2016astr/generate_summary_photostim_control_change_percent_right_choice.py
40955019,71,32,103,common/2016astr/figure_sound_response_freq_selectivity.py
40955019,1,1,2,common/2016astr/generate_example_freq_tuning_2afc_raster_psth.py
40955019,13,4,17,common/2016astr/generate_summary_freq_selectivity_2afc_psychometric.py
40955019,38,18,56,common/2016astr/figure_photostim_2afc_tuning_vs_behav_bias.py
40955019,4,2,6,common/2016astr/generate_summary_photostim_control_change_percent_right_choice.py
40955019,109,0,109,common/2017acnih/figure_harmonics_bandwidth_tuning.py
40955019,57,25,82,common/2017acnih/generate_bandwidth_ephys_examples.py
40955019,17,4,21,common/2017acnih/figure_photoidentified_cells.py
40955019,24,17,41,common/2017acnih/figure_som_inactivation_tuning.py
40955019,9,1,10,common/2017acnih/generate_bandwidth_ephys_examples.py
40955019,11,5,16,common/2016astr/figure_muscimol_inactivation_reactiontime.py
40955019,73,0,73,common/2016astr/figure_muscimol_inactivation_responsetime.py
40955019,2,1,3,common/2016astr/figure_photostim_2afc_control.py
40955019,5,3,8,common/2016astr/figure_photostim_2afc_tuning_vs_behav_bias.py
40955019,4,2,6,common/2016astr/generate_summary_muscimol_inactivation_reactiontime.py
40955019,59,0,59,common/2016astr/generate_summary_muscimol_inactivation_responsetime.py
40955019,8,4,12,common/2016astr/generate_summary_photostim_control_change_percent_right_choice.py
40955019,53,44,97,common/2016astr/figure_photostim_2afc_control.py
40955019,63,19,82,common/2016astr/figure_photostim_2afc_tuning_vs_behav_bias.py
40955019,72,0,72,common/inforecordings/band002_inforec.py
40955019,224,0,224,common/inforecordings/band003_inforec.py
40955019,299,0,299,common/inforecordings/band004_inforec.py
40955019,78,0,78,common/inforecordings/band005_inforec.py
40955019,298,0,298,common/inforecordings/band015_inforec.py
40955019,139,0,139,common/inforecordings/band016_inforec.py
40955019,12,0,12,common/inforecordings/band021_inforec.py
40955019,7,7,14,common/inforecordings/band028_inforec.py
40955019,1,1,2,common/inforecordings/band033_inforec.py
40955019,45,14,59,common/2016astr/figure_photostim_2afc_control.py
40955019,104,0,104,common/2016astr/generate_summary_photostim_control_change_percent_contra_choice.py
40955019,109,0,109,common/inforecordings/band031_inforec.py
40955019,270,0,270,common/inforecordings/band032_inforec.py
40955019,150,0,150,common/inforecordings/band033_inforec.py
40955019,94,8,102,common/2016astr/figure_photostim_2afc_control.py
40955019,104,0,104,common/2016astr/generate_summary_photostim_control_change_percent_right_choice.py
40955019,93,16,109,lan/analysis_headfixed_astr/plot_responsive_freqs_diff_shanks.py
40955019,101,0,101,common/2016astr/figure_photostim_2afc_control.py
40955019,118,0,118,common/2016astr/figure_photostim_2afc_tuning_vs_behav_bias.py
40955019,10,2,12,common/2016astr/generate_summary_photostim_change_percent_contra_choice.py
40955019,21,4,25,lan/analysis_headfixed_astr/plot_responsive_freqs_diff_shanks.py
40955019,47,7,54,lan/analysis_headfixed_astr/plot_responsive_freqs_diff_shanks.py
40955019,0,0,0,anna/tests/__init__.py
40955019,430,0,430,anna/tests/test001_tone_am_client.py
40955019,463,0,463,anna/tests/test002_tone_am_client.py
40955019,430,0,430,anna/tests/test003_tone_am_client.py
40955019,108,0,108,lan/analysis_headfixed_astr/plot_responsive_freqs_diff_shanks.py
40955019,122,0,122,lan/analysis_headfixed_astr/plot_responsive_freqs_medial_vs_lateral.py
40955019,1,1,2,lan/test047_group_photostim_psycurve_by_trialtype.py
40955019,112,0,112,lan/test087_supp_figure_astr_implant_loc_vs_behav_bias.py
40955019,108,0,108,lan/test087_supp_figure_astr_implant_loc_vs_behav_bias.py
40955019,48,9,57,lan/analysis_headfixed_astr/plot_responsive_freqs_by_location_all_mice.py
40955019,1,1,2,lan/analysis_headfixed_astr/hfastr_generate_database.py
40955019,1,1,2,lan/analysis_headfixed_astr/plot_responsive_freqs_by_location.py
40955019,7,7,14,lan/analysis_headfixed_astr/plot_tuning_good_cells.py
40955019,5,6,11,lan/analysis_reward_change/reward_change_loader_plotter_functions.py
40955019,21,20,41,common/inforecordings/adap041_inforec.py
40955019,1,1,2,common/inforecordings/adap041_inforec.py
40955019,34,0,34,common/inforecordings/adap041_inforec.py
40955019,1,1,2,common/inforecordings/adap041_inforec.py
40955019,36,1,37,common/inforecordings/adap041_inforec.py
40955019,7,8,15,common/inforecordings/adap041_inforec.py
40955019,34,0,34,common/inforecordings/adap041_inforec.py
40955019,5,5,10,common/inforecordings/adap047_inforec.py
40955019,9,6,15,common/inforecordings/adap041_inforec.py
40955019,46,0,46,common/inforecordings/adap041_inforec.py
40955019,2,2,4,lan/analysis_headfixed_astr/hfastr_generate_database.py
40955019,2,2,4,lan/analysis_headfixed_astr/plot_responsive_freqs_by_hemi.py
40955019,93,0,93,lan/analysis_headfixed_astr/plot_responsive_freqs_by_hemi_all_mice.py
40955019,4,3,7,lan/analysis_headfixed_astr/plot_responsive_freqs_by_location.py
40955019,263,0,263,lan/analysis_headfixed_astr/plot_responsive_freqs_by_location_all_mice.py
40955019,4,4,8,lan/analysis_headfixed_astr/plot_tuning_good_cells.py
40955019,6,5,11,common/inforecordings/adap041_inforec.py
40955019,64,0,64,common/inforecordings/adap041_inforec.py
40955019,47,0,47,common/inforecordings/adap041_inforec.py
40955019,49,0,49,common/inforecordings/adap041_inforec.py
40955019,8,5,13,common/2017acnih/figure_photoidentified_cells.py
40955019,77,41,118,common/2017acnih/figure_som_inactivation_tuning.py
40955019,1,1,2,common/2017acnih/generate_bandwidth_ephys_examples.py
40955019,1,0,1,common/2017acnih/generate_bandwidth_ephys_examples.py
40955019,23,26,49,common/2017acnih/figure_photoidentified_cells.py
40955019,2,2,4,common/2017acnih/figure_photoidentified_cells.py
40955019,47,0,47,santiago/test047_translate_inforec.py
40955019,106,0,106,alex/correct_over_time.py
40955019,69,0,69,alex/intensity_based_psycurve.py
40955019,220,0,220,alex/laser_psycurve.py
40955019,183,0,183,alex/reward_change_plot.py
40955019,106,0,106,alex/test_psycurve.py
40955019,5,5,10,common/inforecordings/adap047_inforec.py
40955019,63,0,63,common/inforecordings/band030_inforec.py
40955019,7,6,13,common/inforecordings/adap042_inforec.py
40955019,3,3,6,common/inforecordings/adap047_inforec.py
40955019,7,3,10,common/2017acnih/photoidentified_cells_figure.py
40955019,2,2,4,common/2017acnih/som_silencing_figure.py
40955019,92,65,157,common/2017acnih/photoidentified_cells_figure.py
40955019,108,0,108,common/inforecordings/band030_inforec.py
40955019,30,0,30,common/inforecordings/adap047_inforec.py
40955019,28,0,28,common/inforecordings/adap042_inforec.py
40955019,7,6,13,common/inforecordings/adap047_inforec.py
40955019,50,0,50,common/inforecordings/adap047_inforec.py
40955019,64,38,102,common/2017acnih/photoidentified_cells_figure.py
40955019,11,5,16,common/2017acnih/generate_bandwidth_ephys_examples.py
40955019,37,0,37,common/inforecordings/adap042_inforec.py
40955019,5,2,7,lan/analysis_headfixed_astr/plot_tuning_good_cells.py
40955019,1,1,2,common/inforecordings/adap042_inforec.py
40955019,4,0,4,lan/analysis_reward_change/__init__.py
40955019,13,13,26,{nick/inforecordings/adap047 => common/inforecordings}/adap047_inforec.py
40955019,5,5,10,common/inforecordings/adap043_inforec.py
40955019,6,6,12,common/inforecordings/adap044_inforec.py
40955019,13,10,23,common/inforecordings/adap046_inforec.py
40955019,244,0,244,lan/analysis_headfixed_astr/hfastr_generate_database.py
40955019,91,0,91,lan/analysis_headfixed_astr/plot_best_freq_by_hemi.py
40955019,82,0,82,lan/analysis_headfixed_astr/plot_responsive_freqs_by_hemi.py
40955019,88,0,88,lan/analysis_headfixed_astr/plot_responsive_freqs_by_location.py
40955019,78,0,78,lan/analysis_headfixed_astr/plot_tuning_good_cells.py
40955019,32,0,32,common/inforecordings/adap042_inforec.py
40955019,27,1,28,common/inforecordings/adap042_inforec.py
40955019,63,30,93,nick/inforecordings/adap047/adap047_inforec.py
40955019,73,0,73,common/inforecordings/adap042_inforec.py
40955019,24,0,24,nick/inforecordings/adap047/adap047_inforec.py
40955019,67,0,67,common/inforecordings/adap046_inforec.py
40955019,34,0,34,nick/inforecordings/adap047/adap047_inforec.py
40955019,21,0,21,common/inforecordings/adap046_inforec.py
40955019,44,0,44,nick/inforecordings/adap047/adap047_inforec.py
40955019,34,0,34,common/inforecordings/adap046_inforec.py
40955019,24,0,24,common/inforecordings/adap046_inforec.py
40955019,214,0,214,common/inforecordings/band028_inforec.py
40955019,321,0,321,common/inforecordings/band029_inforec.py
40955019,47,0,47,common/inforecordings/adap046_inforec.py
40955019,0,1,1,common/inforecordings/band026_inforec.py
40955019,14,0,14,common/inforecordings/band027_inforec.py
40955019,35,0,35,common/inforecordings/adap044_inforec.py
40955019,31,1,32,common/inforecordings/adap044_inforec.py
40955019,44,1,45,common/inforecordings/adap044_inforec.py
40955019,25,0,25,common/inforecordings/adap044_inforec.py
40955019,212,0,212,common/inforecordings/band027_inforec.py
40955019,46,0,46,common/inforecordings/adap044_inforec.py
40955019,34,0,34,common/inforecordings/adap044_inforec.py
40955019,42,1,43,common/inforecordings/adap043_inforec.py
40955019,33,2,35,nick/inforecordings/pinp020/pinp020_inforec.py
40955019,9,1,10,common/2017acnih/generate_bandwidth_ephys_examples.py
40955019,32,0,32,common/inforecordings/adap043_inforec.py
40955019,26,0,26,nick/inforecordings/pinp020/pinp020_inforec.py
40955019,32,0,32,common/inforecordings/adap043_inforec.py
40955019,22,0,22,nick/inforecordings/pinp020/pinp020_inforec.py
40955019,44,1,45,common/inforecordings/adap043_inforec.py
40955019,43,9,52,common/inforecordings/gosi004_inforec.py
40955019,7,0,7,common/2017acnih/ac_inactivation_figure.py
40955019,11,3,14,common/2017acnih/generate_bandwidth_behaviour_examples.py
40955019,8,1,9,common/2017acnih/photoidentified_cells_figure.py
40955019,125,0,125,common/inforecordings/gosi004_inforec.py
40955019,52,0,52,common/inforecordings/adap043_inforec.py
40955019,32,0,32,nick/inforecordings/pinp020/pinp020_inforec.py
40955019,4,3,7,common/2017acnih/photoidentified_cells_figure.py
40955019,24,0,24,common/2017acnih/generate_bandwidth_ephys_examples.py
40955019,23,9,32,common/2017acnih/photoidentified_cells_figure.py
40955019,253,0,253,common/inforecordings/band026_inforec.py
40955019,24,0,24,nick/inforecordings/pinp019/pinp019_inforec.py
40955019,19,8,27,common/2017acnih/photoidentified_cells_figure.py
40955019,56,2,58,common/inforecordings/adap045_inforec.py
40955019,244,67,311,nick/analysis/corticostriatal_analysis_master.py
40955019,23,23,46,nick/inforecordings/pinp017/pinp017_inforec.py
40955019,47,142,189,nick/reports/pinp_report.py
40955019,46,1,47,nick/stats/am_funcs.py
40955019,138,141,279,nick/stats/eventresponse.py
40955019,47,2,49,nick/stats/tuningfuncs.py
40955019,75,0,75,common/inforecordings/adap045_inforec.py
40955019,85,0,85,common/2017acnih/som_inactivation_tuning_figure.py
40955019,85,0,85,common/2017acnih/som_silencing_figure.py
40955019,10,6,16,common/2017acnih/generate_bandwidth_ephys_examples.py
40955019,43,29,72,common/2017acnih/photoidentified_cells_figure.py
40955019,117,0,117,common/inforecordings/adap005_inforec.py
40955019,292,0,292,common/inforecordings/adap012_inforec.py
40955019,115,0,115,common/inforecordings/adap013_inforec.py
40955019,85,0,85,common/inforecordings/adap015_inforec.py
40955019,127,0,127,common/inforecordings/adap017_inforec.py
40955019,52,0,52,lan/Ephys/cat_inforec_files.py
40955019,15,30,45,lan/Ephys/translate_billy_wiki_to_clustering.py
40955019,115,0,115,lan/Ephys/translate_clustering_wiki_billy.py
40955019,31,20,51,lan/analysis_reward_change/calculate_modulation_rewardchange_difonset_difwindow.py
40955019,30,30,60,lan/analysis_reward_change/gosi_analysis_generate_database.py
40955019,218,0,218,lan/analysis_reward_change/plot_reward_change_good_cells.py
40955019,555,0,555,lan/analysis_reward_change/reward_change_loader_plotter_functions.py
40955019,113,0,113,lan/analysis_reward_change/reward_change_report.py
40955019,17,6,23,common/2017acnih/generate_bandwidth_ephys_examples.py
40955019,2,0,2,common/2017acnih/camkii_inactivation_behaviour_figure.py
40955019,0,108,108,common/2017acnih/ctx_inactivation_figure.py
40955019,59,0,59,common/inforecordings/adap045_inforec.py
40955019,164,0,164,common/2017acnih/ac_inactivation_figure.py
40955019,155,0,155,common/2017acnih/generate_bandwidth_behaviour_examples.py
40955019,24,3,27,common/2017acnih/generate_bandwidth_ephys_examples.py
40955019,175,0,175,common/2017acnih/generate_bandwidth_ephys_examples.py
40955019,68,0,68,common/2017acnih/photoidentified_cells_figure.py
40955019,68,0,68,nick/inforecordings/pinp019/pinp019_inforec.py
40955019,0,0,0,nick/analysis/__init__.py
40955019,48,0,48,nick/histology/rename_sections.py
40955019,0,0,0,nick/reports/__init__.py
40955019,94,0,94,nick/tests/test070_test_tuning_curve_surface_fitting.py
40955019,183,0,183,nick/tests/test073_fit_tuning_gaussian.py
40955019,11,2,13,common/2017acnih/camkii_inactivation_behaviour_figure.py
40955019,22,7,29,common/2017acnih/ctx_inactivation_figure.py
40955019,12,1,13,common/2016astr/figure_muscimol_inactivation.py
40955019,66,0,66,anna/analysis/create_database.py
40955019,20,0,20,anna/analysis/query_database.py
40955019,393,0,393,anna/bandwidth_am_v2.py
40955019,65,7,72,anna/bandwidths_analysis_v2.py
40955019,392,0,392,anna/old/bandwidth_am_v1.py
40955019,22,0,22,common/2017acnih/camkii_inactivation_behaviour_figure.py
40955019,63,0,63,common/inforecordings/band022_inforec.py
40955019,179,0,179,common/inforecordings/band023_inforec.py
40955019,93,0,93,common/2017acnih/ctx_inactivation_figure.py
40955019,7,7,14,anna/analysis/cluster_inforec.py
40955019,41,12,53,anna/analysis/full_db_test.py
40955019,15,15,30,anna/anna_proposal_figs.py
40955019,228,184,412,anna/bandwidths_analysis_v2.py
40955019,28,22,50,anna/behaviour_test.py
40955019,25,9,34,anna/compute_cell_stats.py
40955019,2,2,4,anna/inforecordings/band022_inforec.py
40955019,104,0,104,nick/analysis/corticostriatal_analysis_master.py
40955019,38,2,40,nick/analysis/pinp016_analysis_master.py
40955019,107,0,107,nick/analysis/pinp017_analysis_master.py
40955019,106,0,106,nick/analysis/pinp018_analysis_master.py
40955019,114,0,114,common/inforecordings/band025_inforec.py
40955019,309,0,309,lan/analysis_reward_change/calculate_modulation_rewardchange_difonset_difwindow.py
40955019,296,327,623,lan/analysis_reward_change/gosi008_analysis_master.py
40955019,312,0,312,lan/analysis_reward_change/gosi_analysis_generate_database.py
40955019,3,3,6,nick/inforecordings/pinp018/pinp018_inforec.py
40955019,336,0,336,lan/analysis_reward_change/gosi008_analysis_master.py
40955019,69,0,69,nick/behavior/lasercurves.py
40955019,141,12,153,nick/analysis/pinp016_analysis_master.py
40955019,6,15,21,nick/stats/am_funcs.py
40955019,135,95,230,nick/stats/eventresponse.py
40955019,3,1,4,nick/stats/tuningfuncs.py
40955019,23,0,23,nick/inforecordings/pinp018/pinp018_inforec.py
40955019,94,0,94,nick/inforecordings/pinp018/pinp018_inforec.py
40955019,688,0,688,common/inforecordings/gosi004_inforec.py
40955019,487,0,487,common/inforecordings/gosi008_inforec.py
40955019,7,7,14,common/2016astr/figure_modulation_movement_sound_correlation.py
40955019,14,10,24,common/2016astr/figure_sound_mod_waveform_correlation.py
40955019,4,2,6,common/2016astr/figure_soundres_modulation_switching.py
40955019,8,8,16,common/2016astr/figure_modulation_movement_sound_correlation.py
40955019,110,51,161,common/2016astr/figure_premovement_modulation_switching.py
40955019,64,41,105,common/2016astr/figure_sound_mod_waveform_correlation.py
40955019,21,139,160,common/2016astr/figure_sound_response_freq_selectivity_supp.py
40955019,1,1,2,lan/test055_load_n_plot_billy_data_one_cell.py
40955019,184,0,184,lan/test076_plot_example_waveforms_switching.py
40955019,153,0,153,lan/test086_plot_example_waveforms_psycurve.py
40955019,33,0,33,anna/inforecordings/band023_inforec.py
40955019,56,0,56,nick/inforecordings/pinp017/pinp017_inforec.py
40955019,2,2,4,common/2016astr/figure_modulation_movement_sound_correlation.py
40955019,8,7,15,common/2016astr/figure_premovement_modulation_switching.py
40955019,13,9,22,common/2016astr/figure_sound_mod_waveform_correlation.py
40955019,5,4,9,common/2016astr/figure_sound_movement_selectivity_correlation.py
40955019,2,0,2,common/2016astr/figure_sound_response_freq_selectivity.py
40955019,3,2,5,common/2016astr/figure_sound_response_freq_selectivity_supp.py
40955019,3,3,6,nick/analysis/pinp016_analysis_master.py
40955019,2,2,4,nick/analysis/pinp016_laser_analysis.py
40955019,3,170,173,nick/analysis/pinp_report.py
40955019,4,3,7,nick/database/dataloader_v2.py
40955019,37,29,66,nick/inforecordings/pinp016/pinp016_inforec.py
40955019,136,0,136,common/2016astr/figure_muscimol_inactivation_doseresponse.py
40955019,167,0,167,common/2016astr/figure_muscimol_inactivation_fluorescent.py
40955019,83,0,83,common/2016astr/generate_example_muscimol_inactivation_doseresponse.py
40955019,83,0,83,common/2016astr/generate_example_muscimol_inactivation_fluorescent.py
40955019,18,0,18,common/2016astr/figure_photostim_outside_task.py
40955019,41,0,41,nick/inforecordings/pinp017/pinp017_inforec.py
40955019,20,10,30,common/2016astr/figure_modulation_movement_sound_correlation.py
40955019,17,18,35,common/2016astr/figure_premovement_modulation_switching.py
40955019,18,19,37,common/2016astr/figure_sound_mod_waveform_correlation.py
40955019,208,14,222,common/2016astr/figure_sound_movement_selectivity_correlation.py
40955019,23,7,30,common/2016astr/figure_sound_response_freq_selectivity_supp.py
40955019,148,0,148,common/2016astr/generate_example_sound_movment_selectivity.py
40955019,15,0,15,common/2016astr/figure_sound_movement_selectivity_correlation.py
40955019,11,1,12,common/2016astr/figure_sound_movement_selectivity_correlation.py
40955019,25,23,48,common/2016astr/figure_soundres_modulation_switching.py
40955019,2,2,4,common/2016astr/generate_example_soundres_modulation_switching.py
40955019,19,25,44,common/2016astr/figure_premovement_modulation_switching.py
40955019,157,0,157,common/2016astr/figure_sound_mod_waveform_correlation.py
40955019,174,0,174,common/2016astr/generate_example_premovement_modulation_switching.py
40955019,25,3,28,lan/test085_calculate_modindex_psychometric_difonset_difwindow.py
40955019,29,0,29,nick/analysis/pinp016_analysis_master.py
40955019,88,0,88,nick/analysis/pinp016_laser_analysis.py
40955019,71,0,71,nick/analysis/pinp016_waveform_analysis.py
40955019,3,0,3,common/2016astr/figure_movement_selectivity.py
40955019,0,249,249,common/2016astr/figure_sound_respnose_freq_selectivity_old.py
40955019,6,2,8,common/2016astr/figure_sound_response_freq_selectivity.py
40955019,6,9,15,common/2016astr/figure_soundres_modulation_psychometric.py
40955019,138,0,138,anna/inforecordings/band023_inforec.py
40955019,35,0,35,nick/inforecordings/pinp017/pinp017_inforec.py
40955019,5,1,6,common/2016astr/figure_photostim_outside_task.py
40955019,1,1,2,common/2016astr/figure_sound_movement_selectivity_correlation.py
40955019,85,0,85,common/2016astr/generate_summary_psychometric_premovement_modulation_removed_duplicates.py
40955019,1,1,2,common/2016astr/generate_summary_switching_premovement_modulation_removed_duplicates.py
40955019,42,1,43,nick/inforecordings/pinp017/pinp017_inforec.py
40955019,40,11,51,common/2016astr/figure_modulation_movement_sound_correlation.py
40955019,251,0,251,common/2016astr/figure_premovement_modulation_switching.py
40955019,4,4,8,common/2016astr/figure_sound_movement_selectivity_correlation.py
40955019,70,0,70,common/2016astr/generate_summary_switching_premovement_modulation_removed_duplicates.py
40955019,248,0,248,lan/test082_plot_goodcells_movement_response_2afc_psycurve.py
40955019,230,0,230,lan/test083_plot_modulated_sound_response_switching.py
40955019,233,0,233,lan/test084_plot_modulated_premovement_switching.py
40955019,239,0,239,lan/test085_calculate_modindex_psychometric_difonset_difwindow.py
40955019,2,0,2,common/2016astr/figparams.py
40955019,1,0,1,common/2016astr/figure_movement_selectivity.py
40955019,14,9,23,common/2016astr/figure_sound_response_freq_selectivity.py
40955019,7,2,9,common/2016astr/figure_soundres_modulation_psychometric.py
40955019,14,8,22,common/2016astr/figure_soundres_modulation_switching.py
40955019,37,0,37,nick/inforecordings/pinp017/pinp017_inforec.py
40955019,12,3,15,common/2016astr/figure_modulation_movement_sound_correlation.py
40955019,166,22,188,common/2016astr/figure_sound_movement_selectivity_correlation.py
40955019,308,0,308,common/2016astr/figure_sound_response_freq_selectivity_supp.py
40955019,5,1,6,common/2016astr/generate_example_freq_tuning_2afc_raster_psth.py
40955019,5,1,6,common/2016astr/generate_example_movement_sel_raster_psth.py
40955019,6,1,7,common/2016astr/figure_soundres_modulation_switching.py
40955019,3,0,3,common/2016astr/figure_movement_selectivity.py
40955019,0,5,5,common/2016astr/figure_sound_response_freq_selectivity.py
40955019,44,20,64,common/2016astr/figure_soundres_modulation_psychometric.py
40955019,11,4,15,common/2016astr/figure_soundres_modulation_switching.py
40955019,8,3,11,common/2016astr/figparams.py
40955019,19,13,32,common/2016astr/figure_movement_selectivity.py
40955019,5,124,129,common/2016astr/figure_sound_response_freq_selectivity.py
40955019,3,3,6,santiago/test046_sound_response_psychometric.py
40955019,4,6,10,common/2016astr/figure_muscimol_inactivation.py
40955019,46,1,47,anna/inforecordings/band022_inforec.py
40955019,12,0,12,anna/inforecordings/band021_inforec.py
40955019,8,0,8,anna/inforecordings/band023_inforec.py
40955019,23,8,31,anna/analysis/full_db_test.py
40955019,277,0,277,anna/anna_proposal_figs.py
40955019,0,18,18,anna/band002_plot.py
40955019,24,19,43,anna/bandwidths_analysis_v2.py
40955019,197,60,257,anna/behaviour_test.py
40955019,196,0,196,anna/compute_cell_stats.py
40955019,3,3,6,anna/inforecordings/band016_inforec.py
40955019,71,49,120,anna/old/bandwidth_masking_v1.py
40955019,0,0,0,anna/{ => old}/bandwidths_analysis.py
40955019,0,0,0,anna/{ => old}/noise_calibration.py
40955019,0,0,0,anna/{ => old}/plot_bandwidths.py
40955019,0,0,0,anna/{ => old}/test001_tone_am_client.py
40955019,0,0,0,anna/{ => old}/test002_tone_am_client.py
40955019,1,1,2,anna/suppression_figure.py
40955019,0,20,20,anna/test_band_plot.py
40955019,3,1,4,common/2016astr/figure_muscimol_inactivation.py
40955019,11,9,20,common/2016astr/figure_photostim_2afc.py
40955019,18,0,18,anna/inforecordings/band022_inforec.py
40955019,6,2,8,santiago/test043_cluster_quality.py
40955019,1,0,1,common/2016astr/figure_soundres_modulation_psychometric.py
40955019,2,1,3,common/2016astr/figure_soundres_modulation_switching.py
40955019,1,1,2,common/2016astr/generate_summary_switching_sound_modulation_removed_duplicates.py
40955019,6,6,12,common/2016astr/figure_movement_selectivity.py
40955019,6,6,12,common/2016astr/figure_sound_response_freq_selectivity.py
40955019,15,14,29,common/2016astr/figure_soundres_modulation_psychometric.py
40955019,11,10,21,common/2016astr/figure_soundres_modulation_switching.py
40955019,1,1,2,common/2016astr/generate_example_freq_tuning_2afc_raster_psth.py
40955019,22,12,34,common/2016astr/generate_example_movement_sel_raster_psth.py
40955019,1,1,2,common/2016astr/generate_example_soundres_modulation_psychometric.py
40955019,1,1,2,common/2016astr/generate_example_soundres_modulation_switching.py
40955019,0,0,0,stacy/__init__.py
40955019,566,0,566,stacy/reward_change_loader_plotter_functions_stacy.py
40955019,178,0,178,stacy/reward_change_plots_edit_allthree.py
40955019,113,0,113,stacy/reward_change_report.py
40955019,25,0,25,stacy/tetrode_tuning_progression.py
40955019,214,0,214,nick/graveyard/oldplots.py
40955019,19,10,29,nick/inactivations/muscimolBehaviorPlots.py
40955019,2,2,4,nick/inforecordings/cortex/pinp005_inforec_cortex.py
40955019,5,8,13,nick/inforecordings/test098_inforec.py
40955019,14,10,24,nick/reports/pinp_report.py
40955019,43,81,124,nick/spikesorting/gen_db.py
40955019,31,0,31,nick/inforecordings/pinp016/pinp016_inforec.py
40955019,181,0,181,nick/inforecordings/pinp003/pinp003_2015-06-24_version2.py
40955019,143,0,143,nick/inforecordings/pinp003/pinp003_2015-06-30recording.py
40955019,128,0,128,nick/inforecordings/pinp003/pinp003_2015-07-06_version2.py
40955019,175,0,175,nick/inforecordings/pinp003/pinp003_2015-07-13recording.py
40955019,128,0,128,nick/inforecordings/pinp003/pinp003_2015-07-20_recording.py
40955019,110,0,110,nick/inforecordings/pinp005/2015-08-10_oldPinp005recording.py
40955019,157,0,157,nick/inforecordings/pinp005/2015-08-10_pinp005recording.py
40955019,123,0,123,nick/inforecordings/pinp005/2015-08-13_pinp005recording.py
40955019,163,0,163,nick/inforecordings/pinp005/pinp005_2015-07-30recording.py
40955019,90,0,90,nick/inforecordings/pinp005/pinp005_2015-08-03_recording.py
40955019,103,0,103,nick/inforecordings/pinp005/pinp005_2015-08-05recording.py
40955019,97,0,97,nick/inforecordings/pinp005/pinp005_2015-08-06recording.py
40955019,62,0,62,nick/inforecordings/pinp005/pinp005_2015-08-11recording.py
40955019,116,0,116,nick/inforecordings/pinp005/pinp005_2015-08-12recording.py
40955019,31,0,31,nick/inforecordings/pinp007/2015-01-22_pinp008recording.py
40955019,166,0,166,nick/inforecordings/pinp007/2015-11-17_pre_pinp007recording.py
40955019,90,0,90,nick/inforecordings/pinp007/2015-11-25_pinp007recording.py
40955019,197,0,197,nick/inforecordings/pinp007/2015-12-02_pinp007recording.py
40955019,59,0,59,nick/inforecordings/pinp007/2015-12-21_pinp007recording.py
40955019,46,0,46,nick/inforecordings/pinp007/2016-01-06_pinp008recording.py
40955019,81,0,81,nick/inforecordings/pinp007/2016-01-08_pinp008recording.py
40955019,53,0,53,nick/inforecordings/pinp007/2016-01-13_pinp008recording.py
40955019,52,0,52,nick/inforecordings/pinp007/2016-01-15_pinp008recording.py
40955019,12,0,12,nick/inforecordings/pinp007/2016-01-20_pinp008recording.py
40955019,67,0,67,nick/inforecordings/pinp007/2016-01-27_pinp009recording.py
40955019,46,0,46,nick/inforecordings/pinp008/2016-01-06_pinp008recording.py
40955019,86,0,86,nick/inforecordings/pinp008/2016-01-08_pinp008recording.py
40955019,42,0,42,nick/inforecordings/pinp009/20150201_pinp009recording.py
40955019,109,0,109,nick/inforecordings/pinp009/2016-01-27_pinp009recording.py
40955019,54,0,54,nick/inforecordings/pinp009/2016-02-03_pinp009recording.py
40955019,40,0,40,nick/inforecordings/pinp009/20160202_pinp009recording.py
40955019,37,0,37,nick/inforecordings/pinp011/pinp011_20160706.py
40955019,0,0,0,nick/inforecordings/pinp013/__init__.py
40955019,28,0,28,nick/inforecordings/pinp013/pinp013_20160525.py
40955019,63,0,63,nick/inforecordings/pinp013/pinp013_20160527.py
40955019,174,0,174,nick/inforecordings/pinp015/pinp015_inforec.py
40955019,231,0,231,nick/inforecordings/pinp016/pinp016_inforec.py
40955019,10,0,10,nick/tests/test063_morePyo.py
40955019,42,0,42,nick/tests/test065_pyoAM.py
40955019,42,0,42,nick/tests/test066_pyoAM2.py
40955019,72,0,72,nick/tests/test067_soundclientSync.py
40955019,33,0,33,nick/tests/test068_pyo_globalenvelope.py
40955019,25,0,25,nick/tests/test069_multipleSessionLoading.py
40955019,154,129,283,common/2016astr/figure_soundres_modulation_psychometric.py
40955019,1,1,2,common/2016astr/figure_soundres_modulation_switching.py
40955019,143,122,265,common/2016astr/figure_soundres_modulation_switching.py
40955019,71,8,79,common/2016astr/figure_movement_selectivity.py
40955019,3,3,6,common/2016astr/figure_sound_response_freq_selectivity.py
40955019,5,1,6,common/2016astr/generate_example_freq_tuning_2afc_raster_psth.py
40955019,3,2,5,common/2016astr/generate_response_time_hist_one_mouse.py
40955019,19,0,19,santiago/test037_import_inforec.py
40955019,76,0,76,santiago/test043_cluster_quality.py
40955019,11,0,11,santiago/test045_corrupted_behav_file.py
40955019,111,0,111,santiago/test046_sound_response_psychometric.py
40955019,51,0,51,santiago/videotracking/test008_define_rect.py
40955019,48,0,48,santiago/videotracking/test009_detect_stim.py
40955019,113,0,113,santiago/videotracking/test010_orientation.py
40955019,147,0,147,santiago/videotracking/test011_colortracker.py
40955019,16,0,16,santiago/videotracking/test012_savevid.py
40955019,3,3,6,common/2016astr/figure_photostim_outside_task.py
40955019,39,11,50,common/2016astr/generate_example_photostim_outside_task.py
40955019,5,4,9,common/2016astr/generate_summary_photostim_outside_task.py
40955019,5,0,5,common/2016astr/figure_bilateral_tuning_behav_bias_correlation.py
40955019,110,101,211,common/2016astr/generate_example_movement_sel_raster_psth.py
40955019,39,3,42,common/2016astr/generate_response_time_hist_one_mouse.py
40955019,278,0,278,lan/test081_plot_goodcells_sound_response_2afc_psycurve.py
40955019,74,0,74,lan/test082_behavior_time_recording_bug.py
40955019,50,0,50,common/2016astr/figure_bilateral_tuning_behav_bias_correlation.py
40955019,39,0,39,common/2016astr/generate_response_time_hist_one_mouse.py
40955019,4,3,7,common/2016astr/generate_summary_bilateral_best_freq.py
40955019,5,1,6,common/2016astr/generate_summary_photostim_change_percent_right_choice.py
40955019,2,2,4,common/2016astr/figparams.py
40955019,36,23,59,common/2016astr/figure_movement_selectivity.py
40955019,10,6,16,common/2016astr/figure_sound_response_freq_selectivity.py
40955019,2,2,4,common/2016astr/figure_movement_selectivity.py
40955019,1,1,2,common/2016astr/figure_muscimol_inactivation.py
40955019,1,1,2,common/2016astr/figure_photostim_2afc.py
40955019,1,1,2,common/2016astr/figure_photostim_outside_task.py
40955019,9,3,12,common/2016astr/generate_summary_photostim_outside_task.py
40955019,1,1,2,common/2016astr/generate_summary_freq_selectivity_2afc_psychometric.py
40955019,4,4,8,common/2016astr/figure_sound_response_freq_selectivity.py
40955019,8,8,16,common/2016astr/generate_example_freq_tuning_2afc_raster_psth.py
40955019,14,9,23,common/2016astr/generate_summary_freq_selectivity_2afc_psychometric.py
40955019,84,46,130,common/2016astr/figure_sound_response_freq_selectivity.py
40955019,3,1,4,common/2016astr/generate_example_freq_tuning_2afc_raster_psth.py
40955019,64,10,74,common/2016astr/figure_sound_response_freq_selectivity.py
40955019,4,0,4,common/2016astr/generate_example_freq_tuning_2afc_raster_psth.py
40955019,7,3,10,common/2016astr/generate_example_freq_tuning_raster_psth.py
40955019,198,189,387,common/2016astr/figure_sound_response_freq_selectivity.py
40955019,1,1,2,common/2016astr/figure_photostim_2afc.py
40955019,12,8,20,common/2016astr/figure_movement_selectivity.py
40955019,2,2,4,common/2016astr/figure_sound_movement_selectivity_correlation.py
40955019,249,0,249,common/2016astr/figure_sound_respnose_freq_selectivity_old.py
40955019,105,83,188,common/2016astr/figure_sound_response_freq_selectivity.py
40955019,27,21,48,common/2016astr/figure_soundres_modulation_psychometric.py
40955019,17,20,37,common/2016astr/figure_soundres_modulation_switching.py
40955019,136,0,136,common/2016astr/generate_example_freq_tuning_2afc_raster_psth.py
40955019,12,12,24,common/2016astr/generate_example_freq_tuning_raster_psth.py
40955019,1,1,2,common/2016astr/generate_example_psycurves_photostim.py
40955019,14,5,19,common/2016astr/generate_example_soundres_modulation_psychometric.py
40955019,3,3,6,common/2016astr/generate_example_soundres_modulation_switching.py
40955019,321,0,321,common/2016astr/test081_plot_goodcells_sound_response_2afc_psycurve.py
40955019,8,14,22,common/2016astr/figure_muscimol_inactivation.py
40955019,85,29,114,common/2016astr/figure_photostim_2afc.py
40955019,5,4,9,common/2016astr/figure_photostim_outside_task.py
40955019,2,2,4,common/2016astr/figure_photostim_outside_task.py
40955019,4,0,4,common/2016astr/figparams.py
40955019,2,2,4,common/2016astr/figure_muscimol_inactivation.py
40955019,170,134,304,common/2016astr/figure_photostim_2afc.py
40955019,9,7,16,common/2016astr/figure_photostim_outside_task.py
40955019,7,0,7,common/2016astr/figparams.py
40955019,3,8,11,common/2016astr/figure_photostim_2afc.py
40955019,2,2,4,common/2016astr/figure_photostim_outside_task.py
40955019,8,2,10,common/2016astr/figure_muscimol_inactivation.py
40955019,6,2,8,santiago/test039_psycurve_photoinactivation.py
40955019,1,1,2,santiago/test042_gosignal_psycurve.py
40955019,1,0,1,santiago/videotracking/test005_colortrack.py
40955019,2,0,2,common/2016astr/figparams.py
40955019,48,34,82,common/2016astr/figure_muscimol_inactivation.py
40955019,1,1,2,common/2016astr/figure_layout.py
40955019,79,25,104,common/2016astr/figure_photostim_outside_task.py
40955019,34,28,62,common/2016astr/generate_summary_photostim_outside_task.py
40955019,7,2,9,common/2016astr/figure_muscimol_inactivation.py
40955019,21,0,21,common/2016astr/figure_muscimol_inactivation.py
40955019,0,20,20,common/2016astr/muscimol_inactivation_stats.py
40955019,20,0,20,common/2016astr/muscimol_inactivation_stats.py
40955019,50,0,50,common/2016astr/generate_summary_photostim_outside_task.py
40955019,16,0,16,santiago/test044_signif_stars.py
40955019,50,12,62,common/2016astr/generate_summary_photostim_outside_task.py
40955019,6,0,6,common/2016astr/generate_summary_photostim_outside_task.py
40955019,138,0,138,common/2016astr/figure_best_2afc_z_score_psychometric.py
40955019,81,0,81,common/2016astr/figure_modulation_movement_sound_correlation.py
40955019,94,0,94,common/2016astr/figure_sound_movement_selectivity_correlation.py
40955019,163,0,163,common/2016astr/generate_summary_freq_selectivity_2afc_psychometric.py
40955019,22,18,40,common/2016astr/generate_summary_photostim_outside_task.py
40955019,59,0,59,nick/tests/test062_pyoMixer.py
40955019,2,2,4,lan/Ephys/reward_change_loader_plotter_functions.py
40955019,19,0,19,lan/Ephys/reward_change_loader_plotter_functions.py
40955019,105,45,150,lan/Ephys/reward_change_loader_plotter_functions.py
40955019,20,8,28,lan/Ephys/reward_change_report.py
40955019,1,2,3,lan/Ephys/reward_change_loader_plotter_functions.py
40955019,41,18,59,lan/Ephys/reward_change_report.py
40955019,29,2,31,common/2016astr/generate_summary_photostim_outside_task.py
40955019,69,8,77,lan/Ephys/reward_change_loader_plotter_functions.py
40955019,30,17,47,lan/Ephys/reward_change_loader_plotter_functions.py
40955019,3,3,6,lan/Ephys/reward_change_report.py
40955019,94,53,147,lan/Ephys/reward_change_loader_plotter_functions.py
40955019,32,4,36,common/2016astr/generate_summary_photostim_outside_task.py
40955019,119,45,164,lan/Ephys/reward_change_loader_plotter_functions.py
40955019,46,13,59,lan/Ephys/reward_change_report.py
40955019,87,69,156,lan/Ephys/reward_change_loader_plotter_functions.py
40955019,42,0,42,lan/Ephys/reward_change_report.py
40955019,92,0,92,common/2016astr/figure_best_tuning_z_score_psychometric.py
40955019,22,4,26,common/2016astr/figure_movement_selectivity.py
40955019,4,0,4,common/2016astr/figure_movement_vs_sound_modulation.py
40955019,3,3,6,common/2016astr/figure_muscimol_inactivation.py
40955019,61,17,78,common/2016astr/figure_photostim_2afc.py
40955019,9,4,13,common/2016astr/figure_sound_respnose_freq_selectivity.py
40955019,60,42,102,common/2016astr/figure_soundres_modulation_psychometric.py
40955019,41,30,71,common/2016astr/figure_soundres_modulation_switching.py
40955019,4,4,8,common/2016astr/generate_example_psycurves_photostim.py
40955019,2,1,3,common/2016astr/generate_example_soundres_modulation_psychometric.py
40955019,158,0,158,common/2016astr/generate_summary_best_tuning_Z_score_psychometric.py
40955019,56,0,56,common/2016astr/generate_summary_movement_selectivity.py
40955019,16,8,24,lan/Ephys/celldatabase_quality_vlan.py
40955019,43,39,82,lan/Ephys/clusterManySessions_vlan.py
40955019,555,0,555,lan/Ephys/load_n_plot_switching_psycurve_oneCell.py
40955019,740,0,740,lan/Ephys/plot2afc_given_cell_rew_change.py
40955019,270,0,270,lan/Ephys/reward_change_loader_plotter_functions.py
40955019,2,2,4,lan/Ephys/sitefuncs_vlan.py
40955019,1,1,2,lan/Ephys/translate_billy_wiki_to_allcells_with_tuning.py
40955019,3,3,6,lan/test013_write_maxZ_sound_response_stat.py
40955019,76,52,128,lan/test072_plot_waveform_vs_switching_modulation.py
40955019,91,0,91,lan/test079_plot_waveform_vs_psychometric_modulation.py
40955019,69,0,69,lan/test080_figure_movement_vs_sound_modulation.py
40955019,1,1,2,common/2016astr/figure_photostim_outside_task.py
40955019,30,6,36,common/2016astr/generate_summary_photostim_outside_task.py
40955019,92,0,92,nick/analysis/align_to_stim_detector.py
40955019,247,0,247,nick/reports/pinp_report.py
40955019,82,0,82,nick/spikesorting/gen_db.py
40955019,119,0,119,common/2016astr/figure_muscimol_inactivation_numtrials.py
40955019,67,0,67,common/2016astr/figure_muscimol_inactivation_reactiontime.py
40955019,70,0,70,common/2016astr/generate_summary_muscimol_inactivation_numtrials.py
40955019,59,0,59,common/2016astr/generate_summary_muscimol_inactivation_reactiontime.py
40955019,65,0,65,common/2016astr/muscimol_sessions.py
40955019,158,0,158,nick/analysis/2017_muscimol_paper_fig/muscimol_inactivation_numtrials.py
40955019,20,0,20,nick/analysis/2017_muscimol_paper_fig/muscimol_inactivation_stats.py
40955019,65,0,65,nick/analysis/2017_muscimol_paper_fig/muscimol_sessions.py
40955019,50,0,50,nick/inactivations/adap034_fitted_curves.py
40955019,49,124,173,nick/spikesorting/cluster_inforec.py
40955019,384,0,384,nick/analysis/pinp_report.py
40955019,5,3,8,common/2016astr/figure_photostim_outside_task.py
40955019,7,2,9,common/2016astr/generate_summary_photostim_outside_task.py
40955019,6,0,6,common/2016astr/generate_example_photostim_outside_task.py
40955019,1,1,2,nick/spikesorting/cluster_inforec.py
40955019,186,0,186,nick/spikesorting/cluster_inforec.py
40955019,16,17,33,anna/bandwidth_masking_v2.py
40955019,8,5,13,anna/bandwidth_masking_v2.py
40955019,6,5,11,anna/bandwidth_masking_v2.py
40955019,70,62,132,anna/bandwidth_masking_v2.py
40955019,0,138,138,common/2016astr/generate_example_psycurve_centerfreq_movementaligned_raster_psth.py
40955019,0,183,183,common/2016astr/generate_example_psycurve_centerfreq_soundaligned_raster_psth.py
40955019,0,158,158,common/2016astr/generate_example_switching_movementaligned_raster_psth.py
40955019,0,193,193,common/2016astr/generate_example_switching_soundaligned_raster_psth.py
40955019,4,2,6,common/2016astr/figparams.py
40955019,5,2,7,common/2016astr/figure_movement_selectivity.py
40955019,18,5,23,common/2016astr/figure_photostim_2afc.py
40955019,5,2,7,common/2016astr/figure_sound_respnose_freq_selectivity.py
40955019,12,10,22,common/2016astr/figure_soundres_modulation_psychometric.py
40955019,22,8,30,common/2016astr/figure_soundres_modulation_switching.py
40955019,10,4,14,common/2016astr/generate_example_freq_tuning_raster_psth.py
40955019,8,2,10,common/2016astr/generate_example_movement_sel_raster_psth.py
40955019,18,8,26,common/2016astr/generate_example_psycurve_centerfreq_soundaligned_raster_psth.py
40955019,8,3,11,common/2016astr/generate_example_psycurves_photostim.py
40955019,185,0,185,common/2016astr/generate_example_soundres_modulation_psychometric.py
40955019,193,0,193,common/2016astr/generate_example_soundres_modulation_switching.py
40955019,28,11,39,common/2016astr/generate_example_switching_soundaligned_raster_psth.py
40955019,4,2,6,common/2016astr/generate_summary_bilateral_best_freq.py
40955019,4,1,5,common/2016astr/generate_summary_movement_selectivity_all_good_cells.py
40955019,5,1,6,common/2016astr/generate_summary_photostim_change_percent_right_choice.py
40955019,12,4,16,common/2016astr/generate_summary_psychometric_sound_modulation_removed_duplicates.py
40955019,7,4,11,common/2016astr/generate_summary_switching_sound_modulation_removed_duplicates.py
40955019,11,1,12,nick/database/dataplotter.py
40955019,6,5,11,common/2017acnsf/figure_AC_suppression.py
40955019,64,45,109,common/2016astr/figure_photostim_outside_task.py
40955019,32,28,60,common/2016astr/generate_summary_photostim_outside_task.py
40955019,2,5,7,anna/analysis/full_db_test.py
40955019,8,4,12,anna/bandwidths_analysis_v2.py
40955019,22,16,38,anna/behaviour_test.py
40955019,3,1,4,anna/test_band_plot.py
40955019,57,13,70,common/2016astr/figure_photostim_outside_task.py
40955019,100,169,269,common/2016astr/generate_example_photostim_outside_task.py
40955019,24,23,47,common/2016astr/generate_summary_photostim_outside_task.py
40955019,21,6,27,common/2016astr/figure_movement_selectivity.py
40955019,41,24,65,common/2016astr/figure_photostim_2afc.py
40955019,118,23,141,common/2016astr/figure_sound_respnose_freq_selectivity.py
40955019,22,6,28,common/2016astr/figure_soundres_modulation_psychometric.py
40955019,19,6,25,common/2016astr/figure_soundres_modulation_switching.py
40955019,66,53,119,common/2016astr/generate_example_freq_tuning_raster_psth.py
40955019,139,0,139,common/2016astr/generate_example_movement_sel_raster_psth.py
40955019,12,7,19,common/2016astr/generate_example_psycurve_centerfreq_soundaligned_raster_psth.py
40955019,12,9,21,common/2016astr/generate_example_switching_soundaligned_raster_psth.py
40955019,13,2,15,common/2016astr/generate_summary_movement_selectivity_all_good_cells.py
40955019,71,0,71,common/2016astr/generate_summary_photostim_change_percent_right_choice.py
40955019,7,6,13,common/2016astr/generate_summary_psychometric_sound_modulation.py
40955019,60,0,60,common/2016astr/generate_summary_psychometric_sound_modulation_removed_duplicates.py
40955019,5,5,10,common/2016astr/generate_summary_psycurve_freq_selectivity.py
40955019,10,7,17,common/2016astr/generate_summary_switching_sound_modulation.py
40955019,52,0,52,common/2016astr/generate_summary_switching_sound_modulation_removed_duplicates.py
40955019,168,30,198,lan/clusteranalysis.py
40955019,7,5,12,lan/test039_add_ModIndex_L_R_movement.py
40955019,6,6,12,lan/test055_load_n_plot_billy_data_one_cell.py
40955019,21,1,22,lan/test061_read_switching_measurement_txtfiles.py
40955019,28,5,33,lan/test068_read_psychometric_measurement_txtfiles.py
40955019,83,0,83,lan/test078_billy_mice_striatum_range.py
40955019,3,3,6,anna/analysis/band003_test.py
40955019,4,1,5,anna/analysis/full_db_test.py
40955019,3,3,6,anna/band002_plot.py
40955019,1,1,2,anna/bandwidths_analysis_v2.py
40955019,281,69,350,anna/behaviour_test.py
40955019,2,2,4,anna/inforecordings/band016_inforec.py
40955019,206,0,206,common/2016astr/figure_muscimol_inactivation.py
40955019,84,0,84,common/2016astr/generate_example_muscimol_inactivation.py
40955019,86,0,86,common/2016astr/generate_summary_muscimol_inactivation.py
40955019,139,0,139,anna/inforecordings/band016_inforec.py
40955019,2,2,4,anna/bandwidth_masking_v2.py
40955019,348,0,348,anna/speakernoisecalibration_v2.py
40955019,18,0,18,anna/bandwidth_masking_v2.py
40955019,7,1,8,anna/bandwidth_masking_v2.py
40955019,52,125,177,common/2017acnsf/figure_AC_suppression.py
40955019,1,1,2,common/2017acnsf/generate_example_AC_supression.py
40955019,847,0,847,lan/clusteranalysis.py
40955019,31,6,37,common/2017acnsf/figure_AC_suppression.py
40955019,110,0,110,common/2017acnsf/generate_example_AC_supression.py
40955019,1,1,2,anna/bandwidth_masking_v2.py
40955019,64,46,110,common/2016astr/figure_photostim_outside_task.py
40955019,39,21,60,common/2016astr/generate_example_photostim_outside_task.py
40955019,278,0,278,common/2016astr/generate_summary_photostim_outside_task.py
40955019,1,1,2,anna/bandwidth_masking_v2.py
40955019,3,1,4,anna/bandwidth_masking_v2.py
40955019,128,41,169,anna/bandwidth_masking_v2.py
40955019,4,2,6,nick/ephysExperiments/clusterManySessions_v2.py
40955019,56,60,116,anna/bandwidths_analysis.py
40955019,0,1,1,nick/analysis/.#muscimolDoseResponse.py
40955019,75,0,75,nick/analysis/2017_muscimol_paper_fig/percentCorrect.py
40955019,111,0,111,nick/analysis/poster_ephys/20161018_poster_ephys_gendb.py
40955019,160,0,160,nick/analysis/poster_ephys/am_stats_plot.py
40955019,104,0,104,nick/analysis/poster_ephys/calculate_Q10.py
40955019,18,0,18,nick/analysis/poster_ephys/calculate_am_stats.py
40955019,769,0,769,nick/analysis/poster_ephys/calculate_cell_response.py
40955019,66,0,66,nick/analysis/poster_ephys/calculate_z_noise_laser.py
40955019,31,0,31,nick/analysis/poster_ephys/histograms.py
40955019,132,0,132,nick/analysis/poster_ephys/laser_evoked_spikes.py
40955019,96,0,96,nick/analysis/poster_ephys/lasertrain_response_analysis.py
40955019,224,0,224,nick/analysis/poster_ephys/make_striatum_psycurves.py
40955019,119,0,119,nick/analysis/poster_ephys/tuning_box_plot.py
40955019,71,0,71,nick/analysis/poster_ephys/tuning_strip_plot.py
40955019,2,2,4,nick/analysis/tuning_curve_calculations.py
40955019,23,0,23,nick/bayesian/coinflip.py
40955019,7,4,11,nick/behavior/behavioranalysis_vnick.py
40955019,6,2,8,nick/behavior/modulationDailyBehavior.py
40955019,2,3,5,nick/database/dataloader_v2.py
40955019,7,8,15,nick/database/dataplotter.py
40955019,357,0,357,nick/docs/conf.py
40955019,92,4,96,nick/ephysExperiments/clusterManySessions_v2.py
40955019,9,0,9,nick/histology/loadccf.py
40955019,54,30,84,nick/inactivations/muscimolBehaviorPlots.py
40955019,36,6,42,nick/inactivations/muscimolSessions.py
40955019,0,0,0,nick/inforecordings/cortex/__init__.py
40955019,14,22,36,nick/inforecordings/{ => cortex}/pinp005_inforec_cortex.py
40955019,32,0,32,nick/inforecordings/cortex/pinp009_inforec_cortex.py
40955019,0,0,0,nick/inforecordings/thalamus/__init__.py
40955019,40,40,80,nick/inforecordings/{ => thalamus}/pinp003_inforec.py
40955019,31,31,62,nick/inforecordings/{ => thalamus}/pinp005_inforec.py
40955019,25,28,53,nick/inforecordings/{ => thalamus}/pinp007_inforec.py
40955019,27,0,27,nick/inforecordings/thalamus/pinp008_inforec.py
40955019,37,0,37,nick/inforecordings/thalamus/pinp009_inforec.py
40955019,42,0,42,nick/learn/simplenet.py
40955019,57,6,63,nick/notification/excepthooks.py
40955019,0,1,1,nick/spikesorting/.#testSOM_umat.py
40955019,0,0,0,nick/{database => spikesorting}/cluster_waveform_comparison.py
40955019,373,0,373,nick/spikesorting/clustermanysessions.py
40955019,0,0,0,nick/stats/__init__.py
40955019,330,0,330,nick/stats/am_funcs.py
40955019,72,0,72,nick/stats/circstats.py
40955019,105,0,105,nick/stats/eventresponse.py
40955019,192,0,192,nick/stats/tuningfuncs.py
40955019,37,12,49,nick/tests/test057_journal_club_shamer.py
40955019,20,0,20,nick/tests/test060_amod_tones_effect.py
40955019,18,0,18,nick/tests/test061_grass_lesion_maker.py
40955019,15,0,15,nick/utils/progressbar.py
40955019,1,1,2,common/2016astr/figure_movement_selectivity.py
40955019,1,1,2,common/2016astr/figure_soundres_modulation_psychometric.py
40955019,1,1,2,common/2016astr/figure_soundres_modulation_switching.py
40955019,8,8,16,common/2016astr/figure_soundres_modulation_psychometric.py
40955019,14,6,20,common/2016astr/generate_summary_psychometric_sound_modulation.py
40955019,6,5,11,common/2016astr/figure_movement_selectivity.py
40955019,175,0,175,common/2016astr/figure_soundres_modulation_psychometric.py
40955019,180,0,180,common/2016astr/figure_soundres_modulation_switching.py
40955019,13,8,21,common/2016astr/generate_example_psycurve_centerfreq_soundaligned_raster_psth.py
40955019,6,2,8,common/2016astr/generate_example_switching_soundaligned_raster_psth.py
40955019,49,0,49,common/2016astr/generate_summary_psychometric_sound_modulation.py
40955019,58,28,86,common/2016astr/generate_example_head_angle_dmstr.py
40955019,1,1,2,common/2016astr/figure_movement_selectivity.py
40955019,4,3,7,common/2016astr/figure_sound_respnose_freq_selectivity.py
40955019,124,0,124,common/2016astr/figure_movement_selectivity.py
40955019,4,4,8,common/2016astr/generate_example_switching_movementaligned_raster_psth.py
40955019,2,2,4,common/2016astr/generate_example_switching_soundaligned_raster_psth.py
40955019,145,0,145,common/2016astr/figure_sound_respnose_freq_selectivity.py
40955019,10,10,20,common/2016astr/generate_example_freq_tuning_raster_psth.py
40955019,132,0,132,common/2016astr/figure_photostim_2afc.py
40955019,3,2,5,common/2016astr/generate_example_freq_tuning_raster_psth.py
40955019,3,3,6,common/2016astr/generate_example_psycurve_centerfreq_movementaligned_raster_psth.py
40955019,3,2,5,common/2016astr/generate_example_psycurve_centerfreq_soundaligned_raster_psth.py
40955019,4,3,7,common/2016astr/generate_example_psycurves_photostim.py
40955019,3,3,6,common/2016astr/generate_example_switching_soundaligned_raster_psth.py
40955019,3,2,5,common/2016astr/generate_summary_bilateral_best_freq.py
40955019,11,9,20,common/2016astr/generate_summary_movement_selectivity_all_good_cells.py
40955019,3,2,5,common/2016astr/generate_summary_photostim_change_percent_contra_choice.py
40955019,3,2,5,common/2016astr/generate_summary_psycurve_freq_selectivity.py
40955019,48,0,48,common/2016astr/generate_summary_switching_sound_modulation.py
40955019,37,9,46,lan/analysis_photostim/photostim_ephys_behav_database_good_clusters.py
40955019,24,1,25,lan/test068_read_psychometric_measurement_txtfiles.py
40955019,11,0,11,common/2016astr/figure_photostim_outside_task.py
40955019,33,0,33,common/2016astr/figparams.py
40955019,81,0,81,common/2016astr/figure_photostim_outside_task.py
40955019,145,0,145,common/2016astr/generate_example_head_angle_dmstr.py
40955019,117,92,209,common/2016astr/generate_example_psycurve_centerfreq_soundaligned_raster_psth.py
40955019,2,2,4,common/2016astr/generate_example_switching_movementaligned_raster_psth.py
40955019,169,0,169,common/2016astr/generate_example_switching_soundaligned_raster_psth.py
40955019,0,158,158,common/2016astr/generate_example_movement_sel_raster_psth.py
40955019,138,0,138,common/2016astr/generate_example_psycurve_centerfreq_movementaligned_raster_psth.py
40955019,137,0,137,common/2016astr/generate_example_psycurve_centerfreq_soundaligned_raster_psth.py
40955019,158,0,158,common/2016astr/generate_example_switching_movementaligned_raster_psth.py
40955019,29,17,46,common/2016astr/generate_example_freq_tuning_raster_psth.py
40955019,158,0,158,common/2016astr/generate_example_movement_sel_raster_psth.py
40955019,5,2,7,common/2016astr/generate_example_psycurves_photostim.py
40955019,9,3,12,common/2016astr/generate_summary_bilateral_best_freq.py
40955019,14,4,18,common/2016astr/generate_summary_movement_selectivity_all_good_cells.py
40955019,12,7,19,common/2016astr/generate_summary_photostim_change_percent_contra_choice.py
40955019,15,9,24,common/2016astr/generate_summary_psycurve_freq_selectivity.py
40955019,60,2,62,lan/test055_load_n_plot_billy_data_one_cell.py
40955019,41,10,51,lan/test061_read_switching_measurement_txtfiles.py
40955019,23,7,30,lan/test068_read_psychometric_measurement_txtfiles.py
40955019,266,82,348,lan/test069_calculate_modindex_switching_difonset_difwindow.py
40955019,97,40,137,lan/test071_calculate_waveform_measures.py
40955019,2,2,4,lan/test077_plot_movement_selectivity.py
40955019,0,80,80,common/2016astr/generate_n_save_example_freq_tuning_raster_psth.py
40955019,0,115,115,common/2016astr/generate_n_save_example_psycurves_photostim.py
40955019,0,41,41,common/2016astr/generate_n_save_summary_bilateral_best_freq.py
40955019,0,29,29,common/2016astr/generate_n_save_summary_movement_selectivity_all_good_cells.py
40955019,0,65,65,common/2016astr/generate_n_save_summary_photostim_change_percent_contra_choice.py
40955019,0,135,135,common/2016astr/generate_n_save_summary_psycurve_freq_selectivity.py
40955019,80,0,80,common/2016astr/generate_example_freq_tuning_raster_psth.py
40955019,115,0,115,common/2016astr/generate_example_psycurves_photostim.py
40955019,41,0,41,common/2016astr/generate_summary_bilateral_best_freq.py
40955019,32,0,32,common/2016astr/generate_summary_movement_selectivity_all_good_cells.py
40955019,65,0,65,common/2016astr/generate_summary_photostim_change_percent_contra_choice.py
40955019,135,0,135,common/2016astr/generate_summary_psycurve_freq_selectivity.py
40955019,1,1,2,common/2016astr/generate_n_save_example_freq_tuning_raster_psth.py
40955019,41,0,41,common/2016astr/generate_n_save_summary_bilateral_best_freq.py
40955019,29,0,29,common/2016astr/generate_n_save_summary_movement_selectivity_all_good_cells.py
40955019,135,0,135,common/2016astr/generate_n_save_summary_psycurve_freq_selectivity.py
40955019,7,6,13,santiago/test040_gosignal_behavior.py
40955019,2,1,3,santiago/test042_gosignal_psycurve.py
40955019,49,10,59,common/2016astr/generate_n_save_example_freq_tuning_raster_psth.py
40955019,2,2,4,common/2016astr/generate_n_save_example_psycurves_photostim.py
40955019,6,6,12,common/2016astr/generate_n_save_summary_photostim_change_percent_contra_choice.py
40955019,41,0,41,common/2016astr/generate_n_save_example_freq_tuning_raster_psth.py
40955019,115,0,115,common/2016astr/generate_n_save_example_psycurves_photostim.py
40955019,65,0,65,common/2016astr/generate_n_save_summary_photostim_change_percent_contra_choice.py
40955019,39,0,39,lan/analysis_photostim/plot_photostim_left_right_best_freq_by_animal.py
40955019,156,0,156,lan/test070_test_switching_mod_calculation.py
40955019,65,0,65,lan/test071_calculate_waveform_measures.py
40955019,62,0,62,lan/test072_plot_waveform_vs_switching_modulation.py
40955019,265,0,265,lan/test073_calculate_mod_speed_test.py
40955019,133,0,133,lan/test074_k_means_cluster_waveform_params.py
40955019,84,0,84,lan/test075_PCA_waveform_params.py
40955019,140,0,140,lan/test076_plot_example_waveforms.py
40955019,39,0,39,lan/test077_plot_movement_selectivity.py
40955019,2,2,4,anna/analysis/band003_test.py
40955019,1,1,2,anna/band002_plot.py
40955019,415,0,415,anna/bandwidths_analysis_v2.py
40955019,130,18,148,anna/behaviour_test.py
40955019,13,15,28,anna/test_band_plot.py
40955019,86,10,96,common/2017acnsf/figure_AC_suppression.py
40955019,109,0,109,common/2017acnsf/figure_AC_suppression.py
40955019,0,0,0,common/{2016audstr => 2016astr}/figure_layout.py
40955019,73,0,73,santiago/test042_gosignal_psycurve.py
40955019,2,2,4,lan/test065_get_sound_responsive_cells_plot_tuning_psycurve_mice.py
40955019,1,0,1,lan/test067_plots_SfN2016_poster.py
40955019,430,0,430,lan/test068_read_psychometric_measurement_txtfiles.py
40955019,97,0,97,lan/test069_calculate_modindex_switching_difonset_difwindow.py
40955019,10,5,15,common/2016audstr/figure_layout.py
40955019,76,0,76,common/2016audstr/figure_layout.py
40955019,76,0,76,santiago/test041_gosignal_withdrawal.py
40955019,26,0,26,anna/inforecordings/band005_inforec.py
40955019,298,0,298,anna/inforecordings/band015_inforec.py
40955019,79,0,79,santiago/test040_gosignal_behavior.py
40955019,2,2,4,lan/Allcells/allcells_adap005.py
40955019,11,11,22,lan/Allcells/allcells_adap012.py
40955019,8,8,16,lan/Allcells/allcells_adap013.py
40955019,3,3,6,lan/Allcells/allcells_adap015.py
40955019,101,0,101,lan/allcells_adap005_old.py
40955019,117,0,117,lan/allcells_adap011_old.py
40955019,175,9,184,lan/analysis_photostim/photostim_ephys_behav_database_good_clusters.py
40955019,4,4,8,lan/analysis_photostim/plot_psycurve_by_tuning.py
40955019,64,0,64,lan/nick_muscimol_dose_response.py
40955019,2,1,3,lan/test002_daily_behavior_short.py
40955019,80,37,117,lan/test011_group_rew_change.py
40955019,215,26,241,lan/test022_plot2afc_given_cell_rew_change.py
40955019,47,31,78,lan/test055_load_n_plot_billy_data_one_cell.py
40955019,230,63,293,lan/test061_read_switching_measurement_txtfiles.py
40955019,2,1,3,lan/test064_plot_activity_during_block_switch.py
40955019,245,0,245,lan/test066_billy_plotModIndexAllMice_Switching.py
40955019,175,0,175,lan/test067_plots_SfN2016_poster.py
40955019,42,0,42,anna/analysis/band003_test.py
40955019,19,0,19,anna/analysis/full_db_test.py
40955019,18,0,18,anna/band002_plot.py
40955019,263,168,431,anna/bandwidths_analysis.py
40955019,84,0,84,anna/behaviour_test.py
40955019,0,0,0,anna/inforecordings/__init__.py
40955019,72,0,72,anna/inforecordings/band002_inforec.py
40955019,224,0,224,anna/inforecordings/band003_inforec.py
40955019,59,0,59,anna/masked_sounds_v2.py
40955019,659,0,659,anna/old/bandwidth_masking_v1.py
40955019,100,0,100,anna/suppression_figure.py
40955019,2,35,37,anna/test001_tone_am_client.py
40955019,463,0,463,anna/test002_tone_am_client.py
40955019,20,0,20,anna/test_band_plot.py
40955019,13,0,13,lan/analysis_photostim/photostim_ephys_behav_container.py
40955019,61,8,69,lan/analysis_photostim/photostim_ephys_behav_database_good_clusters.py
40955019,121,0,121,lan/analysis_photostim/plot_photostim_choice_n_reaction_time.py
40955019,46,34,80,lan/test055_load_n_plot_billy_data_one_cell.py
40955019,67,0,67,lan/test065_get_sound_responsive_cells_plot_tuning_psycurve_mice.py
40955019,254,0,254,nick/inforecordings/pinp003_inforec.py
40955019,181,0,181,nick/inforecordings/pinp005_inforec.py
40955019,90,0,90,nick/inforecordings/pinp005_inforec_cortex.py
40955019,84,0,84,nick/inforecordings/pinp007_inforec.py
40955019,8,8,16,lan/analysis_photostim/photostim_ephys_behav_database_good_clusters.py
40955019,0,101,101,lan/analysis_photostim/plot_best_freq.py
40955019,150,0,150,lan/analysis_photostim/plot_psycurve_by_tuning.py
40955019,3,0,3,lan/analysis_photostim/__init__.py
40955019,998,0,998,lan/analysis_photostim/photostim_ephys_behav_container.py
40955019,945,0,945,lan/analysis_photostim/photostim_ephys_behav_database_good_clusters.py
40955019,101,0,101,lan/analysis_photostim/plot_best_freq.py
40955019,175,0,175,lan/analysis_photostim/plot_group_photostim_psycurve_by_trialtype.py
40955019,5,5,10,nick/tests/test059_noise_calibration.py
40955019,7,9,16,anna/bandwidth_masking_v2.py
40955019,670,0,670,anna/bandwidth_masking_v2.py
40955019,1,1,2,lan/test002_daily_behavior_short.py
40955019,30,5,35,lan/test022_plot2afc_given_cell_rew_change.py
40955019,1,1,2,lan/test029_add_ISIViolations.py
40955019,2,2,4,lan/test039_add_ModIndex_L_R_movement.py
40955019,1,1,2,lan/test043_write_all_cells_records.py
40955019,45,7,52,lan/test047_group_photostim_psycurve_by_trialtype.py
40955019,296,26,322,lan/test053_photostim_ephys_behav_container.py
40955019,147,70,217,lan/test055_load_n_plot_billy_data_one_cell.py
40955019,168,84,252,lan/test061_read_switching_measurement_txtfiles.py
40955019,470,58,528,lan/test062_photostim_ephys_behav_database_good_clusters.py
40955019,31,20,51,lan/test063_psycurve_fit_test.py
40955019,110,0,110,lan/test064_plot_activity_during_block_switch.py
40955019,34,1,35,anna/test001_tone_am_client.py
40955019,3,1,4,nick/database/dataplotter.py
40955019,27,0,27,nick/tests/test059_noise_calibration.py
40955019,0,0,0,nick/notification/__init__.py
40955019,30,0,30,nick/notification/excepthooks.py
40955019,102,0,102,nick/probes/oldmapping_INCORRECT.py
40955019,179,1,180,nick/analysis/test098_unscramble.py
40955019,20,9,29,nick/behavior/modulationDailyBehavior.py
40955019,56,52,108,nick/behavior/soundtypes.py
40955019,2,0,2,nick/database/dataplotter.py
40955019,1,1,2,nick/inforecordings/test098_inforec.py
40955019,8,0,8,nick/probes/probelayout.py
40955019,14,9,23,nick/tests/test058_paradigm_exception_handling.py
40955019,3,3,6,nick/tests/test059_noise_calibration.py
40955019,2,1,3,nick/tests/test059_noise_calibration.py
40955019,30,0,30,nick/notification/emailer.py
40955019,66,0,66,nick/tests/test056_psychometric_stretching.py
40955019,13,0,13,nick/tests/test058_paradigm_exception_handling.py
40955019,306,0,306,nick/tests/test059_noise_calibration.py
40955019,66,0,66,nick/tests/test057_journal_club_shamer.py
40955019,1,1,2,santiago/test039_psycurve_photoinactivation.py
40955019,51,0,51,santiago/test039_psycurve_photoinactivation.py
40955019,52,0,52,anna/inforecordings/band005_inforec.py
40955019,62,0,62,anna/inforecordings/band004_inforec.py
40955019,237,0,237,anna/inforecordings/band004_inforec.py
40955019,5,4,9,anna/noise_calibration.py
40955019,0,1,1,billy/allcells/.#allcells_adap013_quality.py
40955019,1,1,2,nick/analysis/newclusteringtest.py
40955019,8,6,14,nick/inforecordings/test098_inforec.py
40955019,17,1,18,nick/utils/transferutils.py
40955019,11,4,15,nick/database/dataloader_v2.py
40955019,131,0,131,nick/analysis/adap024_light_sound.py
40955019,0,0,0,nick/{ => analysis}/foam.py
40955019,22,0,22,nick/analysis/photovoltaic_spikes.py
40955019,0,0,0,nick/{ => analysis}/pinp003analysis/pinp003clustering.py
40955019,4,0,4,nick/analysis/test098_unscramble.py
40955019,0,0,0,nick/{ => analysis}/tuning_curve_calculations.py
40955019,0,0,0,nick/{ => behavior}/animalBehavior.py
40955019,0,0,0,nick/{ => behavior}/behavioranalysis_vnick.py
40955019,0,0,0,nick/{ => behavior}/dailyLightDiscrimBehavior.py
40955019,0,0,0,nick/{ => behavior}/dailybehavior.py
40955019,0,0,0,nick/{ => behavior}/modSwitching_functions.py
40955019,0,0,0,nick/{ => behavior}/modulationDailyBehavior.py
40955019,0,0,0,nick/{ => behavior}/soundtypes.py
40955019,0,0,0,nick/{ => histology}/imageRegtest.py
40955019,0,0,0,nick/{ => histology}/imreg.py
40955019,0,0,0,nick/{ => inactivations}/light_discrim_behavior.py
40955019,0,0,0,nick/{ => inactivations}/manySessionsBehavior.py
40955019,0,0,0,nick/{ => inactivations}/modSwitching_overTimeReport.py
40955019,0,0,0,nick/{ => inactivations}/muscimolBehaviorPlots.py
40955019,0,0,0,nick/{ => inactivations}/muscimol_SDT.py
40955019,0,0,0,nick/{ => inactivations}/striatumMuscimolSessions.py
40955019,57,0,57,nick/inforecordings/test_inforec.py
40955019,0,0,0,nick/{ => spikesorting}/clustercutting.py
40955019,0,0,0,nick/{ => spikesorting}/mean_waveform.py
40955019,137,0,137,nick/spikesorting/test056_newClusterReports.py
40955019,0,0,0,nick/{ => stats}/auroc.py
40955019,0,0,0,nick/{ => stats}/circstats.py
40955019,0,0,0,nick/{ => tests}/20160112_testzscore.py
40955019,0,0,0,nick/{ => tests}/20160121_measureAMmonotonicity.py
40955019,0,0,0,nick/{ => tests}/20160123_testTuningFuncs.py
40955019,0,0,0,nick/{ => tests}/20160130_testAUROC.py
40955019,0,0,0,nick/{ => tests}/20160208_testVectorStrength.py
40955019,0,0,0,nick/{ => tests}/20160310_testTSNE.py
40955019,0,0,0,nick/{ => tests}/20160330_cellSummary.py
40955019,0,0,0,nick/{ => tests}/20160330_testModSwitchingReport.py
40955019,0,0,0,nick/{ => tests}/20160410_mod_switching_report.py
40955019,0,0,0,nick/{ => tests}/test002_sortedraster.py
40955019,0,0,0,nick/{ => tests}/test003_noise_raster.py
40955019,0,0,0,nick/{ => tests}/test006_spikesorting.py
40955019,0,0,0,nick/{ => tests}/test007_sortedraster.py
40955019,0,0,0,nick/{ => tests}/test008_CNO-tuning-curve.py
40955019,0,0,0,nick/{ => tests}/test009_tuning_curve.py
40955019,0,0,0,nick/{ => tests}/test010_CNOexperiment_spikes_per_session.py
40955019,0,0,0,nick/{ => tests}/test011_tuning-curve-many-trials.py
40955019,0,0,0,nick/{ => tests}/test012_PCA.py
40955019,0,0,0,nick/{ => tests}/test013_GMM.py
40955019,0,0,0,nick/{ => tests}/test014_load_session_spikes.py
40955019,0,0,0,nick/{ => tests}/test015_psycurve.py
40955019,0,0,0,nick/{ => tests}/test016_4mouse_psycurve.py
40955019,0,0,0,nick/{ => tests}/test017_EphysExperiment.py
40955019,0,0,0,nick/{ => tests}/test017_top_vs_bottom_intensities.py
40955019,0,0,0,nick/{ => tests}/test018_plot_all_intensities_psycurve.py
40955019,0,0,0,nick/{ => tests}/test020_ampClusteredSpikeRaster.py
40955019,0,0,0,nick/{ => tests}/test021_spikeSorting_raster.py
40955019,0,0,0,nick/{ => tests}/test022_binomConfInt.py
40955019,0,0,0,nick/{ => tests}/test023_comparePsycurves.py
40955019,0,0,0,nick/{ => tests}/test024_multiMousePsyCurve.py
40955019,0,0,0,nick/{ => tests}/test026_freq_intensity_TC.py
40955019,0,0,0,nick/{ => tests}/test027_freq_intensity_PSTH.py
40955019,0,0,0,nick/{ => tests}/test028_psycurve_err_manysessions.py
40955019,0,0,0,nick/{ => tests}/test029_plot_percent_correct.py
40955019,0,0,0,nick/{ => tests}/test031_freq_intens_raster.py
40955019,0,0,0,nick/{ => tests}/test032_plot_tc_heatmap.py
40955019,0,0,0,nick/{ => tests}/test033_raster_spike_waveforms.py
40955019,0,0,0,nick/{ => tests}/test034_AveragePerfTimeseries.py
40955019,0,0,0,nick/{ => tests}/test035_calculatingPsychometricFits.py
40955019,0,0,0,nick/{ => tests}/test036_adap023analysis.py
40955019,0,0,0,nick/{ => tests}/test036_hitsFalseAlarms.py
40955019,0,0,0,nick/{ => tests}/test038_continuousMuscimolAnalysis.py
40955019,0,0,0,nick/{ => tests}/test039_testUnilateralInjectionPerformance.py
40955019,0,0,0,nick/{ => tests}/test040_debugclusteringSiliconProbes.py
40955019,0,0,0,nick/{ => tests}/test041_testImportingInforecFiles.py
40955019,0,0,0,nick/{ => tests}/test042_fittedOverallMuscimolPerformance.py
40955019,0,0,0,nick/{ => tests}/test043_contChannelsSiliconProbes.py
40955019,0,0,0,nick/{ => tests}/test044_DACpsychometric.py
40955019,0,0,0,nick/{ => tests}/test045_dacACInactivations.py
40955019,0,0,0,nick/{ => tests}/test046_dac_striatumMuscimolData.py
40955019,0,0,0,nick/{ => tests}/test048_dac_striatum_allTogether.py
40955019,0,0,0,nick/{ => tests}/test050_mcmc_psycurves.py
40955019,0,0,0,nick/{ => tests}/test052_muscimolBehaviorAnalysis.py
40955019,0,0,0,nick/{ => tests}/test054_nBackLogisticRegression.py
40955019,0,0,0,nick/{ => tests}/test055_coroutines.py
40955019,0,0,0,nick/{ => tests}/test19_4mouse_CNOvsSaline_psycurve.py
40955019,0,0,0,nick/{ => tests}/testUnequalSalineMuscimolPerformance.py
40955019,39,0,39,nick/utils/clusterutils.py
40955019,0,0,0,nick/{ => utils}/editSVG.py
40955019,5,4,9,nick/database/dataplotter.py
40955019,28,13,41,santiago/test038_fit_psycurve.py
40955019,15,1,16,lan/test052_photostim_experiments_database.py
40955019,582,30,612,lan/test053_photostim_ephys_behav_container.py
40955019,75,26,101,lan/test055_load_n_plot_billy_data_one_cell.py
40955019,165,0,165,lan/test061_read_switching_measurement_txtfiles.py
40955019,413,0,413,lan/test062_photostim_ephys_behav_database_good_clusters.py
40955019,85,0,85,lan/test063_psycurve_fit_test.py
40955019,48,0,48,santiago/test038_fit_psycurve.py
40955019,2,1,3,nick/database/dataloader_v2.py
40955019,4,0,4,nick/utils/transferutils.py
40955019,1,1,2,nick/inforecordings/adap024_inforec.py
40955019,0,0,0,nick/{util => utils}/__init__.py
40955019,0,0,0,nick/{util => utils}/transferutils.py
40955019,21,1,22,nick/analysis/photovoltaic_test.py
40955019,0,0,0,nick/util/__init__.py
40955019,37,0,37,nick/util/transferutils.py
40955019,132,0,132,nick/database/dataloader_v2.py
40955019,9,0,9,nick/inforecordings/lasertest_inforec.py
40955019,15,0,15,nick/inforecordings/adap024_inforec.py
40955019,26,7,33,santiago/test035_figure_layout.py
40955019,1,0,1,nick/analysis/.#muscimolDoseResponse.py
40955019,8,0,8,nick/analysis/celldbtest.py
40955019,76,0,76,nick/analysis/gendb_newversion.py
40955019,106,0,106,nick/analysis/photovoltaic_test.py
40955019,1,1,2,nick/analysis/test098_gen_db.py
40955019,5,4,9,nick/behavior/amodshape.py
40955019,5,4,9,nick/behavioranalysis_vnick.py
40955019,9,0,9,nick/ephysExperiments/20160810_clustermanysessions.py
40955019,0,0,0,nick/inactivations/__init__.py
40955019,51,0,51,nick/inactivations/muscimolSessions.py
40955019,64,0,64,nick/inactivations/muscimol_dose_response.py
40955019,64,0,64,nick/inactivations/muscimol_overall.py
40955019,19,10,29,nick/inforecordings/lasertest_inforec.py
40955019,4,3,7,nick/inforecordings/test098_inforec.py
40955019,63,0,63,nick/inforecordings/test098_newversion.py
40955019,59,42,101,nick/muscimolBehaviorPlots.py
40955019,0,0,0,nick/probes/__init__.py
40955019,116,0,116,nick/probes/probeclasses.py
40955019,42,141,183,nick/probes/probelayout.py
40955019,26,0,26,nick/test055_coroutines.py
40955019,43,0,43,nick/inforecordings/lasertest_inforec.py
40955019,2,2,4,billy/allcells/allcells_adap013.py
40955019,2,2,4,billy/allcells/allcells_adap017.py
40955019,93,0,93,billy/allcells/allcells_adap024.py
40955019,154,0,154,billy/allcells/allcells_test059_quality_separated_tuning.py
40955019,879,0,879,billy/allcells/allcells_test089_quality_separated_tuning.py
40955019,2,2,4,billy/allcells/test031_translate_allcells_old_allcells.py
40955019,1,1,2,billy/scripts/20160714_clustering/adap017_clustering.py
40955019,63,0,63,billy/scripts/20160714_clustering/adap024_clustering.py
40955019,4,3,7,billy/scripts/20160714_clustering/translate_clustering_wiki.py
40955019,3,3,6,billy/scripts/addMinBehavePerformancePsyCurve.py
40955019,4,4,8,billy/scripts/addMinBehavePerformanceSwitch.py
40955019,3,2,5,billy/scripts/addMinTrialCheckPsyCurve.py
40955019,3,2,5,billy/scripts/addMinTrialCheckSwitching.py
40955019,2,2,4,billy/scripts/addModulationCheckPsyCurve.py
40955019,3,3,6,billy/scripts/addModulationCheckSwitching.py
40955019,7,7,14,billy/scripts/add_sound_response_stat.py
40955019,1,0,1,billy/scripts/allcells/.#allcells_adap013_quality.py
40955019,215,0,215,billy/scripts/allcells/allcells_adap013_quality.py
40955019,135,0,135,billy/scripts/allcells/allcells_adap015_quality.py
40955019,267,0,267,billy/scripts/allcells/allcells_adap017_quality.py
40955019,543,0,543,billy/scripts/allcells/allcells_adap020_quality.py
40955019,340,0,340,billy/scripts/allcells/allcells_test017_quality.py
40955019,348,0,348,billy/scripts/allcells/allcells_test053_quality.py
40955019,936,0,936,billy/scripts/allcells/allcells_test055_quality.py
40955019,154,0,154,billy/scripts/allcells/allcells_test059_quality.py
40955019,878,0,878,billy/scripts/allcells/allcells_test089_quality.py
40955019,17,6,23,billy/scripts/copyFileQualityClusterPsyCurve.py
40955019,202,0,202,billy/scripts/copyFileQualityClusterPsyCurve_movement.py
40955019,24,8,32,billy/scripts/copyFileQualityClusterSwitching.py
40955019,6,1,7,billy/scripts/copyFileQualityClusterSwitching_SignificantlyMod.py
40955019,219,0,219,billy/scripts/copyFileQualityClusterSwitching_movement.py
40955019,7,6,13,billy/scripts/ephysBehaveDataAlignmentCheck.py
40955019,1,1,2,billy/scripts/indiv_SwitchingReport.py
40955019,1,1,2,billy/scripts/indiv_raster_per_block.py
40955019,5,3,8,billy/scripts/move_cluster_reports.py
40955019,256,0,256,billy/scripts/oldScripts/20160801_old_billys_scripts_in_jaratoolbox/addModulationCheckSwitching.py
40955019,175,0,175,billy/scripts/oldScripts/20160801_old_billys_scripts_in_jaratoolbox/add_sound_response_stat.py
40955019,489,0,489,billy/scripts/oldScripts/20160801_old_billys_scripts_in_jaratoolbox/behavioranalysis_vlan.py
40955019,155,0,155,billy/scripts/oldScripts/20160801_old_billys_scripts_in_jaratoolbox/indiv_raster_per_block.py
40955019,272,0,272,billy/scripts/oldScripts/20160801_old_billys_scripts_in_jaratoolbox/modIndexCalcPsyCurve.py
40955019,256,0,256,billy/scripts/oldScripts/20160801_old_billys_scripts_in_jaratoolbox/modIndexCalcSwitching.py
40955019,110,0,110,billy/scripts/oldScripts/20160801_old_billys_scripts_in_jaratoolbox/psycurve_var_rew.py
40955019,0,0,0,billy/scripts/{ => oldScripts/20160801_old_billys_scripts_in_jaratoolbox}/spikesorting_ISI.py
40955019,55,0,55,billy/scripts/oldScripts/20160801_old_billys_scripts_in_jaratoolbox/test003_noise_raster.py
40955019,110,0,110,billy/scripts/oldScripts/20160801_old_billys_scripts_in_jaratoolbox/test009_psycurve_var_rew.py
40955019,184,0,184,billy/scripts/oldScripts/20160801_old_billys_scripts_in_jaratoolbox/test009_tuning_curve_billy.py
40955019,93,0,93,billy/scripts/oldScripts/20160801_old_billys_scripts_in_jaratoolbox/test011_group_rew_change.py
40955019,0,0,0,billy/scripts/{ => oldScripts}/celldatabase_quality.py
40955019,0,0,0,billy/scripts/{ => oldScripts}/copyFileNoISIPsyCurve.py
40955019,0,0,0,billy/scripts/{ => oldScripts}/copyFileNoISISwitching.py
40955019,34,21,55,billy/scripts/{ => oldScripts}/copyFileQualityClusterPsyCurve_depth.py
40955019,3,20,23,billy/scripts/{ => oldScripts}/copyFileQualityClusterSwitching_depth.py
40955019,0,0,0,billy/scripts/{ => oldScripts}/copyFileResponsiveClusterPsyCurve.py
40955019,0,0,0,billy/scripts/{ => oldScripts}/copyFileResponsiveClusterSwitching.py
40955019,0,0,0,billy/scripts/{ => oldScripts}/data_analysis_GUI/decision_discrimination_rasterplot.py
40955019,0,0,0,billy/scripts/{ => oldScripts}/data_analysis_GUI/discrimination_analysis.py
40955019,0,0,0,billy/scripts/{ => oldScripts}/data_analysis_GUI/graphUI.py
40955019,0,0,0,billy/scripts/{ => oldScripts}/data_analysis_GUI/loadBehaviorData.py
40955019,0,0,0,billy/scripts/{ => oldScripts}/data_analysis_GUI/loadEphysData.py
40955019,0,0,0,billy/scripts/{ => oldScripts}/data_analysis_GUI/plottingRasterAndHist.py
40955019,0,0,0,billy/scripts/{ => oldScripts}/modIndexCalcPsyCurve.py
40955019,0,0,0,billy/scripts/{ => oldScripts}/modIndexCalcPsyCurve_AllMice.py
40955019,0,0,0,billy/scripts/{ => oldScripts}/modIndexCalcSwitching.py
40955019,0,0,0,billy/scripts/{ => oldScripts}/modIndexCalcSwitching_AllMice.py
40955019,0,0,0,billy/scripts/{ => oldScripts}/no_skipping_SwitchingReport.py
40955019,0,0,0,billy/scripts/{ => oldScripts}/no_skipping_rasterMovementAlignedBlocks.py
40955019,0,0,0,billy/scripts/{ => oldScripts}/no_skipping_raster_per_block.py
40955019,0,0,0,billy/scripts/{ => oldScripts}/numCellsSubsets.py
40955019,0,0,0,billy/scripts/{ => oldScripts}/numResponsiveCells.py
40955019,0,0,0,billy/scripts/{ => oldScripts}/psycurve_tuning_report_oldversion.py
40955019,0,0,0,billy/scripts/{ => oldScripts}/rasterHistPsyCurveSkipped.py
40955019,0,0,0,billy/scripts/{ => oldScripts}/spikeAnalysis_tuning.py
40955019,642,0,642,billy/scripts/oldScripts/spikesorting_ISI.py
40955019,0,0,0,billy/scripts/{ => oldScripts}/super_old_junk/mouse_analysis/test017/allcells_test017.py
40955019,0,0,0,billy/scripts/{ => oldScripts}/super_old_junk/mouse_analysis/test017/spikeAnalysis_test017.py
40955019,0,0,0,billy/scripts/{ => oldScripts}/super_old_junk/mouse_analysis/test053/allcells_test053.py
40955019,0,0,0,billy/scripts/{ => oldScripts}/super_old_junk/mouse_analysis/test053/rasterHistPsyCurve_test053.py
40955019,0,0,0,billy/scripts/{ => oldScripts}/super_old_junk/mouse_analysis/test053/spikeAnalysis_test053.py
40955019,0,0,0,billy/scripts/{ => oldScripts}/super_old_junk/mouse_analysis/test055/allcells_test055.py
40955019,0,0,0,billy/scripts/{ => oldScripts}/super_old_junk/mouse_analysis/test055/spikeAnalysis_test055.py
40955019,0,0,0,billy/scripts/{ => oldScripts}/super_old_junk/mouse_analysis/test059/addMinBehavePerformanceSwitch.py
40955019,0,0,0,billy/scripts/{ => oldScripts}/super_old_junk/mouse_analysis/test059/addMinTrialCheckSwitching.py
40955019,0,0,0,billy/scripts/{ => oldScripts}/super_old_junk/mouse_analysis/test059/allcells_test059.py
40955019,0,0,0,billy/scripts/{ => oldScripts}/super_old_junk/mouse_analysis/test059/rasterHistSwtich_test059.py
40955019,0,0,0,billy/scripts/{ => oldScripts}/super_old_junk/mouse_analysis/test059/spikeAnalysis_test059.py
40955019,0,0,0,billy/scripts/{ => oldScripts}/super_old_junk/mouse_analysis/test086/allcells_test086.py
40955019,0,0,0,billy/scripts/{ => oldScripts}/super_old_junk/mouse_analysis/test086/rasterHistPsyCurve_test086.py
40955019,0,0,0,billy/scripts/{ => oldScripts}/super_old_junk/mouse_analysis/test086/spikeAnalysis_test086.py
40955019,36,15,51,billy/scripts/oldScripts/test009_clustered_tuning_curve_billy.py
40955019,0,0,0,billy/scripts/{ => oldScripts}/test031_translate_allcells_old_allcells.py
40955019,0,0,0,billy/scripts/{ => oldScripts}/test038_write_maxZ_movement_response_stat.py
40955019,0,0,0,billy/scripts/{ => oldScripts}/test_20160223_addModulationCheckSwitching.py
40955019,435,0,435,billy/scripts/params.billy.ephys.py
40955019,268,0,268,billy/scripts/params.billy.py
40955019,21,5,26,billy/scripts/plotModIndexAllMice_Psycurve.py
40955019,21,9,30,billy/scripts/plotModIndexAllMice_Switching.py
40955019,25,12,37,billy/scripts/plotModIndex_Psycurve.py
40955019,22,12,34,billy/scripts/plotModIndex_Switching.py
40955019,263,0,263,billy/scripts/plotModIndex_movement_Psycurve.py
40955019,2,2,4,billy/scripts/psycurve_tuning_allFreq_movement_report.py
40955019,1,1,2,billy/scripts/psycurve_tuning_centerfreq_sound_report.py
40955019,0,1,1,billy/scripts/switch_tuning_block_allfreq_report.py
40955019,0,189,189,billy/scripts/test009_clustered_tuning_curve_billy.py
40955019,1,1,2,billy/scripts/test029_add_ISIViolations.py
40955019,229,0,229,billy/scripts/test039_add_ModIndex_L_R_movement.py
40955019,182,0,182,billy/scripts/test_add_sound_response_1msec_bin.py
40955019,33,7,40,billy/scripts/tetrodeDepths.py
40955019,316,0,316,billy/scripts/tuning_curve.py
40955019,2,2,4,billy/scripts/waveformISIViolations.py
40955019,142,0,142,lan/Allcells/allcells_adap024.py
40955019,169,0,169,lan/Allcells/allcells_test059.py
40955019,99,0,99,lan/Ephys/adap024_clustering.py
40955019,67,0,67,lan/Ephys/d1pi016_clustering.py
40955019,26,0,26,lan/Ephys/test059_clustering.py
40955019,122,107,229,lan/test013_write_maxZ_sound_response_stat.py
40955019,10,9,19,lan/test026_add_ModIndex_difOnset_reward_change.py
40955019,59,42,101,lan/test029_add_ISIViolations.py
40955019,2,0,2,lan/test037_reward_change_analysis_pipeline.py
40955019,151,118,269,lan/test039_add_ModIndex_L_R_movement.py
40955019,15,1,16,lan/test047_group_photostim_psycurve_by_trialtype.py
40955019,73,17,90,lan/test052_photostim_experiments_database.py
40955019,6,4,10,lan/test053_photostim_ephys_behav_container.py
40955019,1,0,1,lan/test054_get_ave_waveform.py
40955019,128,68,196,lan/test055_load_n_plot_billy_data_one_cell.py
40955019,317,0,317,lan/test056_write_billy_psyCurve_modIndex.py
40955019,86,0,86,lan/test057_write_min_performance_psycurve.py
40955019,342,0,342,lan/test058_write_billy_switching_modIndex.py
40955019,96,0,96,lan/test059_billy_write_min_trial_check_switching.py
40955019,126,0,126,lan/test060_billy_write_min_behav_performance_switching.py
40955019,235,0,235,anna/bandwidths_analysis.py
40955019,47,16,63,anna/plot_bandwidths.py
40955019,22,18,40,nick/ephysExperiments/clusterManySessions_v2.py
40955019,0,0,0,nick/inforecordings/__init__.py
40955019,52,0,52,nick/inforecordings/test098_inforec.py
40955019,215,0,215,lan/Allcells/allcells_adap013_quality.py
40955019,135,0,135,lan/Allcells/allcells_adap015_quality.py
40955019,267,0,267,lan/Allcells/allcells_adap017_quality.py
40955019,543,0,543,lan/Allcells/allcells_adap020_quality.py
40955019,138,0,138,lan/Allcells/allcells_adap024_quality.py
40955019,340,0,340,lan/Allcells/allcells_test017_quality.py
40955019,348,0,348,lan/Allcells/allcells_test053_quality.py
40955019,936,0,936,lan/Allcells/allcells_test055_quality.py
40955019,154,0,154,lan/Allcells/allcells_test059_quality.py
40955019,878,0,878,lan/Allcells/allcells_test089_quality.py
40955019,134,0,134,lan/Ephys/translate_billy_wiki_to_allcells_with_tuning.py
40955019,121,0,121,lan/Ephys/translate_billy_wiki_to_clustering.py
40955019,243,0,243,lan/test055_load_n_plot_billy_data_one_cell.py
40955019,3,0,3,billy/__init__.py
40955019,3,0,3,billy/scripts/__init__.py
40955019,198,0,198,billy/scripts/celldatabase_quality_tuning.py
40955019,642,0,642,billy/scripts/spikesorting_ISI.py
40955019,90,0,90,nick/analysis/newclusteringtest.py
40955019,2,2,4,nick/analysis/test089_plotting.py
40955019,90,0,90,nick/analysis/test098_cluster_everything.py
40955019,110,0,110,nick/analysis/test098_lfp_analysis.py
40955019,154,0,154,nick/analysis/test098_plotting.py
40955019,95,0,95,nick/analysis/test098_site_clustering.py
40955019,11,0,11,nick/behavior/amodshape.py
40955019,41,0,41,nick/mean_waveform.py
40955019,48,0,48,lan/test054_get_ave_waveform.py
40955019,44,40,84,lan/test047_group_photostim_psycurve_by_trialtype.py
40955019,79,0,79,lan/test052_photostim_experiments_database.py
40955019,174,0,174,lan/test053_photostim_ephys_behav_container.py
40955019,34,0,34,anna/noise_calibration.py
40955019,3,1,4,anna/plot_bandwidths.py
40955019,83,8,91,billy/scripts/animalTetDepths.py
40955019,2,2,4,nick/database/dataloader.py
40955019,1,0,1,nick/analysis/test089_gen_db.py
40955019,52,0,52,nick/analysis/test089_plotting.py
40955019,1,1,2,nick/analysis/test098_postcluster.py
40955019,2,2,4,nick/dailybehavior.py
40955019,60,0,60,nick/analysis/test089_gen_db.py
40955019,44,12,56,nick/analysis/test098_experiment1_2016-07-26.py
40955019,39,0,39,nick/analysis/test098_postcluster.py
40955019,106,26,132,anna/plot_bandwidths.py
40955019,34,0,34,anna/testsound2.py
40955019,5,2,7,nick/database/dataplotter.py
40955019,80,12,92,nick/database/ephysinterface.py
40955019,68,0,68,nick/database/test_newdb.py
40955019,6,0,6,nick/editSVG.py
40955019,8,2,10,nick/behavior/active_tests.py
40955019,5,5,10,nick/behavior/emailme.py
40955019,4,2,6,nick/dailyLightDiscrimBehavior.py
40955019,5,1,6,nick/dailybehavior.py
40955019,3,4,7,nick/modulationDailyBehavior.py
40955019,28,0,28,nick/analysis/test098_experiment1_2016-07-26.py
40955019,4,0,4,nick/behavior/__init__.py
40955019,59,0,59,nick/behavior/active_tests.py
40955019,57,0,57,nick/behavior/amodshape.py
40955019,175,0,175,nick/behavior/behavtests.py
40955019,26,0,26,nick/behavior/emailme.py
40955019,2,0,2,nick/behavior/params.amod006.py
40955019,26,0,26,nick/database/dataplotter.py
40955019,31,6,37,nick/database/ephysinterface.py
40955019,3,3,6,nick/database/sitefuncs.py
40955019,14,0,14,nick/database/dataloader.py
40955019,87,5,92,nick/database/ephysinterface.py
40955019,1,1,2,billy/scripts/20160714_clustering/adap013_clustering.py
40955019,1,1,2,billy/scripts/20160714_clustering/adap015_clustering.py
40955019,1,1,2,billy/scripts/20160714_clustering/adap017_clustering.py
40955019,1,1,2,billy/scripts/20160714_clustering/adap020_clustering.py
40955019,1,1,2,billy/scripts/20160714_clustering/test017_clustering.py
40955019,1,1,2,billy/scripts/20160714_clustering/test053_clustering.py
40955019,1,1,2,billy/scripts/20160714_clustering/test055_clustering.py
40955019,1,1,2,billy/scripts/20160714_clustering/test059_clustering.py
40955019,1,1,2,billy/scripts/20160714_clustering/test089_clustering.py
40955019,2,2,4,billy/scripts/reward_change_scripts/test015_plot_ModIndex_noISIcheck.py
40955019,2,2,4,billy/scripts/reward_change_scripts/test024_plot_ModIndex_centerOut_noISI_noZ.py
40955019,2,2,4,billy/scripts/reward_change_scripts/test025_plot_ModIndex_sideIn_noISI_noZ.py
40955019,1,1,2,billy/scripts/reward_change_scripts/test026_add_ModIndex_difOnset_reward_change.py
40955019,1,1,2,lan/Allcells/allcells_adap005.py
40955019,2,2,4,lan/Allcells/allcells_adap011.py
40955019,1,1,2,lan/Allcells/allcells_adap012.py
40955019,1,1,2,lan/Allcells/allcells_adap013.py
40955019,1,1,2,lan/Allcells/allcells_adap015.py
40955019,1,1,2,lan/Allcells/allcells_adap017.py
40955019,1,1,2,lan/Allcells/allcells_d1pi001.py
40955019,1,1,2,lan/Allcells/allcells_d1pi003.py
40955019,1,1,2,lan/Ephys/adap005_2015-12-14.py
40955019,1,1,2,lan/Ephys/adap005_2015-12-15.py
40955019,1,1,2,lan/Ephys/adap005_2015-12-16.py
40955019,1,1,2,lan/Ephys/adap005_2015-12-17.py
40955019,1,1,2,lan/Ephys/adap005_2015-12-18.py
40955019,1,1,2,lan/Ephys/adap005_2015-12-19.py
40955019,1,1,2,lan/Ephys/adap005_2015-12-21.py
40955019,1,1,2,lan/Ephys/adap005_2015-12-22.py
40955019,1,1,2,lan/Ephys/adap005_2015-12-23.py
40955019,1,1,2,lan/Ephys/adap005_2015-12-24.py
40955019,1,1,2,lan/Ephys/adap005_2016-01-08.py
40955019,2,2,4,lan/Ephys/adap005_2016-01-09.py
40955019,2,2,4,lan/Ephys/adap005_2016-01-10.py
40955019,1,1,2,lan/Ephys/adap011_2015-12-03.py
40955019,1,1,2,lan/Ephys/adap011_2015-12-04.py
40955019,1,1,2,lan/Ephys/adap011_2015-12-05.py
40955019,1,1,2,lan/Ephys/adap011_2015-12-06.py
40955019,1,1,2,lan/Ephys/adap011_2015-12-07.py
40955019,1,1,2,lan/Ephys/adap011_2015-12-08.py
40955019,1,1,2,lan/Ephys/adap011_2015-12-09.py
40955019,1,1,2,lan/Ephys/adap011_2015-12-10.py
40955019,1,1,2,lan/Ephys/adap011_2015-12-11.py
40955019,1,1,2,lan/Ephys/adap011_2015-12-12.py
40955019,1,1,2,lan/Ephys/adap011_2015-12-15.py
40955019,1,1,2,lan/Ephys/adap011_2015-12-16.py
40955019,1,1,2,lan/Ephys/adap011_2015-12-18.py
40955019,1,1,2,lan/Ephys/adap011_2015-12-19.py
40955019,1,1,2,lan/Ephys/adap011_2015-12-21.py
40955019,1,1,2,lan/Ephys/adap011_2016-01-06.py
40955019,1,1,2,lan/Ephys/adap011_2016-01-08.py
40955019,1,1,2,lan/Ephys/adap011_2016-01-14.py
40955019,1,1,2,lan/Ephys/adap011_2016-01-15.py
40955019,1,1,2,lan/Ephys/adap011_2016-01-16.py
40955019,1,1,2,lan/Ephys/adap011_2016-01-17.py
40955019,1,1,2,lan/Ephys/adap012_2016 March23-April.py
40955019,1,1,2,lan/Ephys/adap012_2016-02-03.py
40955019,1,1,2,lan/Ephys/adap012_2016-02-04.py
40955019,1,1,2,lan/Ephys/adap012_2016-02-05.py
40955019,1,1,2,lan/Ephys/adap012_2016-02-06.py
40955019,1,1,2,lan/Ephys/adap012_2016-02-07.py
40955019,1,1,2,lan/Ephys/adap012_2016-02-08.py
40955019,1,1,2,lan/Ephys/adap012_2016-02-09.py
40955019,1,1,2,lan/Ephys/adap012_2016-02-10.py
40955019,1,1,2,lan/Ephys/adap012_2016-02-11.py
40955019,1,1,2,lan/Ephys/adap012_2016-02-12.py
40955019,1,1,2,lan/Ephys/adap012_2016-02-13.py
40955019,1,1,2,lan/Ephys/adap012_2016-02-15.py
40955019,1,1,2,lan/Ephys/adap012_2016-02-16.py
40955019,1,1,2,lan/Ephys/adap012_2016-02-17.py
40955019,1,1,2,lan/Ephys/adap012_2016-02-18.py
40955019,1,1,2,lan/Ephys/adap012_2016-02-20.py
40955019,1,1,2,lan/Ephys/adap012_2016-02-21.py
40955019,1,1,2,lan/Ephys/adap012_2016-02-22.py
40955019,1,1,2,lan/Ephys/adap012_2016-02-25.py
40955019,1,1,2,lan/Ephys/adap012_2016-03-01.py
40955019,1,1,2,lan/Ephys/adap012_2016-03-02.py
40955019,1,1,2,lan/Ephys/adap012_2016-03-04.py
40955019,1,1,2,lan/Ephys/adap012_2016-03-07.py
40955019,1,1,2,lan/Ephys/adap012_2016-03-08.py
40955019,1,1,2,lan/Ephys/adap012_2016-03-09.py
40955019,1,1,2,lan/Ephys/adap012_2016-03-11.py
40955019,1,1,2,lan/Ephys/adap012_2016-03-14.py
40955019,1,1,2,lan/Ephys/adap012_2016-03-15.py
40955019,1,1,2,lan/Ephys/adap012_2016-03-16.py
40955019,1,1,2,lan/Ephys/adap012_2016-03-17.py
40955019,1,1,2,lan/Ephys/adap012_2016-03-18.py
40955019,1,1,2,lan/Ephys/adap012_2016-03-21.py
40955019,1,1,2,lan/Ephys/adap012_2016-03-22.py
40955019,1,1,2,lan/Ephys/adap012_2016March23-April.py
40955019,1,1,2,lan/Ephys/adap013_2016-02_clustering.py
40955019,1,1,2,lan/Ephys/adap015_2016_clustering.py
40955019,1,1,2,lan/Ephys/adap017_2016_clustering.py
40955019,1,1,2,lan/Ephys/arch003_2015-09-10.py
40955019,1,1,2,lan/Ephys/arch003_2015-09-15.py
40955019,1,1,2,lan/Ephys/arch003_2015-09-18.py
40955019,1,1,2,lan/Ephys/d1pi001_2015-07-01_v2.py
40955019,1,1,2,lan/Ephys/d1pi001_2015-07-07_v2.py
40955019,1,1,2,lan/Ephys/d1pi001_2015-07_all_exps.py
40955019,1,1,2,lan/Ephys/d1pi002_2015-08-18.py
40955019,1,1,2,lan/Ephys/d1pi003_2016-01-25.py
40955019,1,1,2,lan/Ephys/d1pi003_2016-01-26.py
40955019,1,1,2,lan/Ephys/d1pi003_2016-01-27.py
40955019,1,1,2,lan/Ephys/d1pi003_2016-01-28.py
40955019,1,1,2,lan/Ephys/d1pi003_2016-01-29.py
40955019,1,1,2,lan/Ephys/d1pi003_2016-02-03.py
40955019,1,1,2,lan/Ephys/d1pi003_2016-02-04.py
40955019,1,1,2,lan/Ephys/d1pi003_2016-02-05.py
40955019,1,1,2,lan/Ephys/d1pi003_2016-02-06.py
40955019,1,1,2,lan/Ephys/d1pi003_2016-02-07.py
40955019,1,1,2,lan/Ephys/d1pi003_2016-02-08.py
40955019,1,1,2,lan/Ephys/d1pi003_2016-02-09.py
40955019,1,1,2,lan/Ephys/d1pi003_2016-02-10.py
40955019,1,1,2,lan/Ephys/d1pi003_2016-02-11.py
40955019,1,1,2,lan/Ephys/d1pi003_2016-02-12.py
40955019,1,1,2,lan/Ephys/d1pi003_2016-02-13.py
40955019,1,1,2,lan/Ephys/d1pi003_2016-02-15.py
40955019,1,1,2,lan/Ephys/d1pi003_2016-02-16.py
40955019,1,1,2,lan/Ephys/d1pi003_2016-02-17.py
40955019,1,1,2,lan/Ephys/d1pi003_2016-02-18.py
40955019,1,1,2,lan/Ephys/d1pi003_2016-02-19.py
40955019,1,1,2,lan/Ephys/d1pi003_2016-02-20.py
40955019,1,1,2,lan/Ephys/d1pi003_2016-03-02.py
40955019,1,1,2,lan/Ephys/d1pi003_2016-03-03.py
40955019,1,1,2,lan/Ephys/d1pi003_2016-03-07.py
40955019,1,1,2,lan/Ephys/d1pi003_2016-03-08.py
40955019,1,1,2,lan/Ephys/d1pi003_2016-03-10.py
40955019,1,1,2,lan/Ephys/d1pi003_2016-03-16.py
40955019,1,1,2,lan/Ephys/d1pi004_2015-09-09.py
40955019,1,1,2,lan/Ephys/d1pi004_2015-09-10.py
40955019,1,1,2,lan/Ephys/d1pi004_2015-09-11.py
40955019,1,1,2,lan/Ephys/d1pi004_2015-09-14.py
40955019,1,1,2,lan/Ephys/d1pi004_2015-09-15.py
40955019,1,1,2,lan/Ephys/d1pi007_2015-09-29.py
40955019,1,1,2,lan/Ephys/d1pi007_2015-10-01.py
40955019,1,1,2,lan/Ephys/d1pi007_2015-10-04.py
40955019,2,2,4,lan/Ephys/sitefuncs_vlan.py
40955019,1,1,2,lan/allcells_adap012_copy.py
40955019,1,1,2,lan/test002_daily_behavior_short.py
40955019,1,1,2,lan/test008_2afc_test.py
40955019,1,1,2,lan/test009_psycurve_var_rew.py
40955019,2,2,4,lan/test015_plot_ModIndex_noISIcheck.py
40955019,2,2,4,lan/test024_plot_ModIndex_centerOut_noISI_noZ.py
40955019,2,2,4,lan/test025_plot_ModIndex_sideIn_noISI_noZ.py
40955019,1,1,2,lan/test026_add_ModIndex_difOnset_reward_change.py
40955019,2,2,4,lan/test027_plot_ModIndex_soundOnset_wlaserZ_noISIcheck.py
40955019,1,1,2,lan/test030_add_ModIndex_difOnset_difWindow_reward_change.py
40955019,1,1,2,lan/test030_add_ModIndex_difOnset_difWindow_test.py
40955019,2,2,4,lan/test031_plot_ModHist_difAlign_difWin_noISIcheck.py
40955019,2,2,4,lan/test033_plot_ModHist_difAlign_difWin_withISIcheck.py
40955019,2,2,4,lan/test034_plot_SigMod_difWin_difAlign_withISIcheck.py
40955019,2,2,4,lan/test035_d1pi_Implanted_plot_SigMod_difWin_difAlign_withISIcheck.py
40955019,2,2,4,lan/test036_d1pi_implanted_plot_ModHist_difAlign_difWin_withISIcheck.py
40955019,1,1,2,lan/test039_add_ModIndex_L_R_movement.py
40955019,2,2,4,lan/test040_plot_ModHist_LRModulated_Rew_Modulation_withISIcheck.py
40955019,2,2,4,lan/test041_copy_MovementResponsive_SigMod_plots.py
40955019,2,2,4,lan/test042_plot_ModHist_MovementZchecked_Rew_Modulation_withISIcheck.py
40955019,1,1,2,lan/test044_calculate_waveform_measurements.py
40955019,2,2,4,lan/test046_plot_laser_responsive_cells_2afc.py
40955019,1,1,2,lan/test047_group_photostim_psycurve_by_trialtype.py
40955019,78,0,78,lan/test048_psy_curve_fitting_photostim.py
40955019,0,1,1,billy/scripts/allcells/.#allcells_adap013_quality.py
40955019,0,40,40,billy/scripts/allcells/allcells_adap002.py
40955019,0,69,69,billy/scripts/allcells/allcells_adap004.py
40955019,0,169,169,billy/scripts/allcells/allcells_adap010.py
40955019,0,131,131,billy/scripts/allcells/allcells_adap013.py
40955019,0,215,215,billy/scripts/allcells/allcells_adap013_quality.py
40955019,0,162,162,billy/scripts/allcells/allcells_adap015.py
40955019,0,135,135,billy/scripts/allcells/allcells_adap015_quality.py
40955019,0,215,215,billy/scripts/allcells/allcells_adap017.py
40955019,0,267,267,billy/scripts/allcells/allcells_adap017_quality.py
40955019,0,322,322,billy/scripts/allcells/allcells_adap020.py
40955019,0,543,543,billy/scripts/allcells/allcells_adap020_quality.py
40955019,0,210,210,billy/scripts/allcells/allcells_test017.py
40955019,0,340,340,billy/scripts/allcells/allcells_test017_quality.py
40955019,0,193,193,billy/scripts/allcells/allcells_test053.py
40955019,0,348,348,billy/scripts/allcells/allcells_test053_quality.py
40955019,0,555,555,billy/scripts/allcells/allcells_test055.py
40955019,0,936,936,billy/scripts/allcells/allcells_test055_quality.py
40955019,0,96,96,billy/scripts/allcells/allcells_test059.py
40955019,0,154,154,billy/scripts/allcells/allcells_test059_quality.py
40955019,0,255,255,billy/scripts/allcells/allcells_test086.py
40955019,0,194,194,billy/scripts/allcells/allcells_test087.py
40955019,0,526,526,billy/scripts/allcells/allcells_test089.py
40955019,0,878,878,billy/scripts/allcells/allcells_test089_quality.py
40955019,0,39,39,billy/scripts/allcells/old_allcells/allcells_adap002_quality_Victoria.py
40955019,0,121,121,billy/scripts/allcells/old_allcells/allcells_adap013_quality_Lauren.py
40955019,0,131,131,billy/scripts/allcells/old_allcells/allcells_adap013psy.py
40955019,0,52,52,billy/scripts/allcells/old_allcells/allcells_adap013reward.py
40955019,0,32,32,billy/scripts/allcells/old_allcells/allcells_adap015_quality_Lauren.py
40955019,0,226,226,billy/scripts/allcells/old_allcells/allcells_adap015_quality_Victoria.py
40955019,0,225,225,billy/scripts/allcells/old_allcells/allcells_adap015_quality_old_20160502.py
40955019,0,121,121,billy/scripts/allcells/old_allcells/allcells_adap015psy.py
40955019,0,82,82,billy/scripts/allcells/old_allcells/allcells_adap015reward.py
40955019,0,67,67,billy/scripts/allcells/old_allcells/allcells_adap017_quality_Victoria.py
40955019,0,66,66,billy/scripts/allcells/old_allcells/allcells_adap017_quality_old_20160502.py
40955019,0,30,30,billy/scripts/allcells/old_allcells/allcells_adap020_tuning_old.py
40955019,0,28,28,billy/scripts/allcells/old_allcells/allcells_noisetest.py
40955019,0,236,236,billy/scripts/allcells/old_allcells/allcells_test017_quality.2.py
40955019,0,234,234,billy/scripts/allcells/old_allcells/allcells_test017_quality.old.py
40955019,0,240,240,billy/scripts/allcells/old_allcells/allcells_test017_quality_Lauren.py
40955019,0,279,279,billy/scripts/allcells/old_allcells/allcells_test017_quality_depth_old_20160502.py
40955019,0,244,244,billy/scripts/allcells/old_allcells/allcells_test017_quality_oldClustering.py
40955019,0,234,234,billy/scripts/allcells/old_allcells/allcells_test017_quality_oldNumbering.py
40955019,0,241,241,billy/scripts/allcells/old_allcells/allcells_test017_quality_old_20160502.py
40955019,0,204,204,billy/scripts/allcells/old_allcells/allcells_test017_tuning_old.py
40955019,0,209,209,billy/scripts/allcells/old_allcells/allcells_test053_quality_Lauren.py
40955019,0,239,239,billy/scripts/allcells/old_allcells/allcells_test053_quality_depth_old_20160502.py
40955019,0,238,238,billy/scripts/allcells/old_allcells/allcells_test053_quality_oldClustering.py
40955019,0,209,209,billy/scripts/allcells/old_allcells/allcells_test053_quality_old_20160502.py
40955019,0,255,255,billy/scripts/allcells/old_allcells/allcells_test053_tuning_old.py
40955019,0,480,480,billy/scripts/allcells/old_allcells/allcells_test055_quality_Lauren.py
40955019,0,520,520,billy/scripts/allcells/old_allcells/allcells_test055_quality_depth_old_20160502.py
40955019,0,631,631,billy/scripts/allcells/old_allcells/allcells_test055_quality_oldClustering.py
40955019,0,450,450,billy/scripts/allcells/old_allcells/allcells_test055_quality_old_20160502.py
40955019,0,604,604,billy/scripts/allcells/old_allcells/allcells_test055_quality_otherVersion.py
40955019,0,184,184,billy/scripts/allcells/old_allcells/allcells_test055_quality_phoebe.py
40955019,0,568,568,billy/scripts/allcells/old_allcells/allcells_test055_tuning_old.py
40955019,0,108,108,billy/scripts/allcells/old_allcells/allcells_test059_quality_Victoria.py
40955019,0,123,123,billy/scripts/allcells/old_allcells/allcells_test059_quality_depth_old_20160502.py
40955019,0,106,106,billy/scripts/allcells/old_allcells/allcells_test059_quality_oldClustering.py
40955019,0,101,101,billy/scripts/allcells/old_allcells/allcells_test059_quality_old_20160502.py
40955019,0,112,112,billy/scripts/allcells/old_allcells/allcells_test059_tuning_old.py
40955019,0,310,310,billy/scripts/allcells/old_allcells/allcells_test086_quality_Victoria.py
40955019,0,309,309,billy/scripts/allcells/old_allcells/allcells_test086_quality_oldClustering.py
40955019,0,310,310,billy/scripts/allcells/old_allcells/allcells_test086_quality_old_20160502.py
40955019,0,256,256,billy/scripts/allcells/old_allcells/allcells_test086_tuning_old.py
40955019,0,102,102,billy/scripts/allcells/old_allcells/allcells_test087_quality_Lawren.py
40955019,0,102,102,billy/scripts/allcells/old_allcells/allcells_test087_quality_old_20160502.py
40955019,0,233,233,billy/scripts/allcells/old_allcells/allcells_test089_quality_Katie.py
40955019,0,31,31,billy/scripts/allcells/old_allcells/allcells_test089_quality_Lauren.py
40955019,0,103,103,billy/scripts/allcells/old_allcells/allcells_test089_quality_Phoebe.py
40955019,0,58,58,billy/scripts/allcells/old_allcells/allcells_test089_quality_Victoria.py
40955019,0,341,341,billy/scripts/allcells/old_allcells/allcells_test089_quality_depth_old_20160502.py
40955019,0,239,239,billy/scripts/allcells/old_allcells/allcells_test089_quality_oldClustering.py
40955019,0,293,293,billy/scripts/allcells/old_allcells/allcells_test089_quality_old_20160502.py
40955019,0,457,457,billy/scripts/allcells/old_allcells/allcells_test089_tuning_old.py
40955019,0,152,152,billy/scripts/allcells/test031_translate_allcells_old_allcells.py
40955019,0,152,152,billy/scripts/allcells/test031_translate_allcells_with_tuning.py
40955019,28,12,40,anna/test001_tone_am_client.py
40955019,4,0,4,lan/Allcells/__init__.py
40955019,119,0,119,lan/Allcells/allcells_adap005.py
40955019,122,0,122,lan/Allcells/allcells_adap005_old.py
40955019,163,0,163,lan/Allcells/allcells_adap011.py
40955019,340,0,340,lan/Allcells/allcells_adap012.py
40955019,168,0,168,lan/Allcells/allcells_adap013.py
40955019,128,0,128,lan/Allcells/allcells_adap015.py
40955019,82,0,82,lan/Allcells/allcells_adap017.py
40955019,42,0,42,lan/Allcells/allcells_d1pi001.py
40955019,249,0,249,lan/Allcells/allcells_d1pi003.py
40955019,4,0,4,lan/Ephys/__init__.py
40955019,32,0,32,lan/Ephys/adap005_2015-12-14.py
40955019,34,0,34,lan/Ephys/adap005_2015-12-15.py
40955019,31,0,31,lan/Ephys/adap005_2015-12-16.py
40955019,31,0,31,lan/Ephys/adap005_2015-12-17.py
40955019,30,0,30,lan/Ephys/adap005_2015-12-18.py
40955019,30,0,30,lan/Ephys/adap005_2015-12-19.py
40955019,30,0,30,lan/Ephys/adap005_2015-12-21.py
40955019,30,0,30,lan/Ephys/adap005_2015-12-22.py
40955019,31,0,31,lan/Ephys/adap005_2015-12-23.py
40955019,30,0,30,lan/Ephys/adap005_2015-12-24.py
40955019,30,0,30,lan/Ephys/adap005_2016-01-08.py
40955019,35,0,35,lan/Ephys/adap005_2016-01-09.py
40955019,37,0,37,lan/Ephys/adap005_2016-01-10.py
40955019,27,0,27,lan/Ephys/adap011_2015-12-03.py
40955019,29,0,29,lan/Ephys/adap011_2015-12-04.py
40955019,29,0,29,lan/Ephys/adap011_2015-12-05.py
40955019,26,0,26,lan/Ephys/adap011_2015-12-06.py
40955019,44,0,44,lan/Ephys/adap011_2015-12-07.py
40955019,31,0,31,lan/Ephys/adap011_2015-12-08.py
40955019,31,0,31,lan/Ephys/adap011_2015-12-09.py
40955019,31,0,31,lan/Ephys/adap011_2015-12-10.py
40955019,30,0,30,lan/Ephys/adap011_2015-12-11.py
40955019,31,0,31,lan/Ephys/adap011_2015-12-12.py
40955019,31,0,31,lan/Ephys/adap011_2015-12-15.py
40955019,31,0,31,lan/Ephys/adap011_2015-12-16.py
40955019,31,0,31,lan/Ephys/adap011_2015-12-18.py
40955019,31,0,31,lan/Ephys/adap011_2015-12-19.py
40955019,30,0,30,lan/Ephys/adap011_2015-12-21.py
40955019,31,0,31,lan/Ephys/adap011_2016-01-06.py
40955019,30,0,30,lan/Ephys/adap011_2016-01-08.py
40955019,29,0,29,lan/Ephys/adap011_2016-01-14.py
40955019,29,0,29,lan/Ephys/adap011_2016-01-15.py
40955019,29,0,29,lan/Ephys/adap011_2016-01-16.py
40955019,29,0,29,lan/Ephys/adap011_2016-01-17.py
40955019,66,0,66,lan/Ephys/adap012_2016 March23-April.py
40955019,31,0,31,lan/Ephys/adap012_2016-02-03.py
40955019,31,0,31,lan/Ephys/adap012_2016-02-04.py
40955019,30,0,30,lan/Ephys/adap012_2016-02-05.py
40955019,30,0,30,lan/Ephys/adap012_2016-02-06.py
40955019,31,0,31,lan/Ephys/adap012_2016-02-07.py
40955019,30,0,30,lan/Ephys/adap012_2016-02-08.py
40955019,30,0,30,lan/Ephys/adap012_2016-02-09.py
40955019,30,0,30,lan/Ephys/adap012_2016-02-10.py
40955019,28,0,28,lan/Ephys/adap012_2016-02-11.py
40955019,31,0,31,lan/Ephys/adap012_2016-02-12.py
40955019,28,0,28,lan/Ephys/adap012_2016-02-13.py
40955019,28,0,28,lan/Ephys/adap012_2016-02-15.py
40955019,30,0,30,lan/Ephys/adap012_2016-02-16.py
40955019,30,0,30,lan/Ephys/adap012_2016-02-17.py
40955019,29,0,29,lan/Ephys/adap012_2016-02-18.py
40955019,29,0,29,lan/Ephys/adap012_2016-02-20.py
40955019,30,0,30,lan/Ephys/adap012_2016-02-21.py
40955019,29,0,29,lan/Ephys/adap012_2016-02-22.py
40955019,30,0,30,lan/Ephys/adap012_2016-02-25.py
40955019,29,0,29,lan/Ephys/adap012_2016-03-01.py
40955019,29,0,29,lan/Ephys/adap012_2016-03-02.py
40955019,29,0,29,lan/Ephys/adap012_2016-03-04.py
40955019,29,0,29,lan/Ephys/adap012_2016-03-07.py
40955019,29,0,29,lan/Ephys/adap012_2016-03-08.py
40955019,29,0,29,lan/Ephys/adap012_2016-03-09.py
40955019,29,0,29,lan/Ephys/adap012_2016-03-11.py
40955019,29,0,29,lan/Ephys/adap012_2016-03-14.py
40955019,29,0,29,lan/Ephys/adap012_2016-03-15.py
40955019,29,0,29,lan/Ephys/adap012_2016-03-16.py
40955019,29,0,29,lan/Ephys/adap012_2016-03-17.py
40955019,29,0,29,lan/Ephys/adap012_2016-03-18.py
40955019,29,0,29,lan/Ephys/adap012_2016-03-21.py
40955019,29,0,29,lan/Ephys/adap012_2016-03-22.py
40955019,87,0,87,lan/Ephys/adap012_2016March23-April.py
40955019,106,0,106,lan/Ephys/adap013_2016-02_clustering.py
40955019,102,0,102,lan/Ephys/adap015_2016_clustering.py
40955019,76,0,76,lan/Ephys/adap017_2016_clustering.py
40955019,105,0,105,lan/Ephys/arch003_2015-09-10.py
40955019,111,0,111,lan/Ephys/arch003_2015-09-15.py
40955019,116,0,116,lan/Ephys/arch003_2015-09-18.py
40955019,183,0,183,lan/Ephys/celldatabase_quality_laser.py
40955019,179,0,179,lan/Ephys/celldatabase_quality_vlan.py
40955019,26,0,26,lan/Ephys/celldb1.py
40955019,284,0,284,lan/Ephys/clusterManySessions_vlan.py
40955019,120,0,120,lan/Ephys/d1pi001_2015-07-01.py
40955019,68,0,68,lan/Ephys/d1pi001_2015-07-01_v2.py
40955019,74,0,74,lan/Ephys/d1pi001_2015-07-01_v3.py
40955019,145,0,145,lan/Ephys/d1pi001_2015-07-07.py
40955019,82,0,82,lan/Ephys/d1pi001_2015-07-07_v2.py
40955019,98,0,98,lan/Ephys/d1pi001_2015-07-07_v3.py
40955019,311,0,311,lan/Ephys/d1pi001_2015-07_all_exps.py
40955019,107,0,107,lan/Ephys/d1pi002_2015-07-26.py
40955019,97,0,97,lan/Ephys/d1pi002_2015-07-28.py
40955019,73,0,73,lan/Ephys/d1pi002_2015-08-14.py
40955019,88,0,88,lan/Ephys/d1pi002_2015-08-18.py
40955019,32,0,32,lan/Ephys/d1pi003_2016-01-25.py
40955019,32,0,32,lan/Ephys/d1pi003_2016-01-26.py
40955019,32,0,32,lan/Ephys/d1pi003_2016-01-27.py
40955019,33,0,33,lan/Ephys/d1pi003_2016-01-28.py
40955019,31,0,31,lan/Ephys/d1pi003_2016-01-29.py
40955019,32,0,32,lan/Ephys/d1pi003_2016-02-03.py
40955019,31,0,31,lan/Ephys/d1pi003_2016-02-04.py
40955019,33,0,33,lan/Ephys/d1pi003_2016-02-05.py
40955019,33,0,33,lan/Ephys/d1pi003_2016-02-06.py
40955019,32,0,32,lan/Ephys/d1pi003_2016-02-07.py
40955019,40,0,40,lan/Ephys/d1pi003_2016-02-08.py
40955019,33,0,33,lan/Ephys/d1pi003_2016-02-09.py
40955019,34,0,34,lan/Ephys/d1pi003_2016-02-10.py
40955019,34,0,34,lan/Ephys/d1pi003_2016-02-11.py
40955019,34,0,34,lan/Ephys/d1pi003_2016-02-12.py
40955019,32,0,32,lan/Ephys/d1pi003_2016-02-13.py
40955019,32,0,32,lan/Ephys/d1pi003_2016-02-15.py
40955019,32,0,32,lan/Ephys/d1pi003_2016-02-16.py
40955019,32,0,32,lan/Ephys/d1pi003_2016-02-17.py
40955019,32,0,32,lan/Ephys/d1pi003_2016-02-18.py
40955019,32,0,32,lan/Ephys/d1pi003_2016-02-19.py
40955019,32,0,32,lan/Ephys/d1pi003_2016-02-20.py
40955019,32,0,32,lan/Ephys/d1pi003_2016-03-02.py
40955019,32,0,32,lan/Ephys/d1pi003_2016-03-03.py
40955019,32,0,32,lan/Ephys/d1pi003_2016-03-07.py
40955019,32,0,32,lan/Ephys/d1pi003_2016-03-08.py
40955019,32,0,32,lan/Ephys/d1pi003_2016-03-10.py
40955019,32,0,32,lan/Ephys/d1pi003_2016-03-16.py
40955019,26,0,26,lan/Ephys/d1pi004_2015-09-09.py
40955019,30,0,30,lan/Ephys/d1pi004_2015-09-10.py
40955019,28,0,28,lan/Ephys/d1pi004_2015-09-11.py
40955019,28,0,28,lan/Ephys/d1pi004_2015-09-14.py
40955019,29,0,29,lan/Ephys/d1pi004_2015-09-15.py
40955019,36,0,36,lan/Ephys/d1pi007_2015-09-29.py
40955019,90,0,90,lan/Ephys/d1pi007_2015-10-01.py
40955019,68,0,68,lan/Ephys/d1pi007_2015-10-04.py
40955019,118,0,118,lan/Ephys/d1pi_examples_for_santiago.py
40955019,393,0,393,lan/Ephys/dataplotter_vlan.py
40955019,33,0,33,lan/Ephys/download_adap015_data.py
40955019,79,0,79,lan/Ephys/download_adap017_data.py
40955019,219,0,219,lan/Ephys/laserTCanalysis_added_clu_report.py
40955019,1111,0,1111,lan/Ephys/sitefuncs_vlan.py
40955019,3,0,3,lan/__init__.py
40955019,101,0,101,lan/allcells_adap005.py
40955019,117,0,117,lan/allcells_adap011.py
40955019,340,0,340,lan/allcells_adap012_copy.py
40955019,17,0,17,lan/allcells_test000.py
40955019,493,0,493,lan/behavioranalysis_vlan.py
40955019,12,0,12,lan/temp001.py
40955019,5,0,5,lan/test.py
40955019,76,0,76,lan/test001_daily_behavior.py
40955019,22,0,22,lan/test002_daily_behavior_short.py
40955019,61,0,61,lan/test003_sorted_tuning_raster.py
40955019,42,0,42,lan/test004_test_RecordingSite.py
40955019,37,0,37,lan/test005_tuning_curves_dif_sites.py
40955019,196,0,196,lan/test006_extra_behav_graphs.py
40955019,54,0,54,lan/test007_align_ephys_behav_times.py
40955019,90,0,90,lan/test008_2afc_test.py
40955019,108,0,108,lan/test009_psycurve_var_rew.py
40955019,212,0,212,lan/test010_extra_behav_graphs_scatter.py
40955019,94,0,94,lan/test011_group_rew_change.py
40955019,25,0,25,lan/test012_add_good_clusters.py
40955019,210,0,210,lan/test013_write_maxZ_sound_response_stat.py
40955019,234,0,234,lan/test014_add_ModIndex_reward_change.py
40955019,341,0,341,lan/test015_plot_ModIndex_noISIcheck.py
40955019,285,0,285,lan/test016_plot_ModIndex_longWindow_noISInoZ.py
40955019,234,0,234,lan/test017_add_ModIndex_long_win_reward_change.py
40955019,290,0,290,lan/test018_plot_soundresponsive_noMod_noISIcheck.py
40955019,181,0,181,lan/test019_write_maxZ_laser_response_stat.py
40955019,290,0,290,lan/test020_plot_ModIndex_wlaser_noISIcheck.py
40955019,94,0,94,lan/test021_group_rew_change_lr_only.py
40955019,526,0,526,lan/test022_plot2afc_given_cell_rew_change.py
40955019,304,0,304,lan/test023_plot_ModIndex_slresponsive_noISIcheck.py
40955019,324,0,324,lan/test024_plot_ModIndex_centerOut_noISI_noZ.py
40955019,344,0,344,lan/test025_plot_ModIndex_sideIn_noISI_noZ.py
40955019,300,0,300,lan/test026_add_ModIndex_difOnset_reward_change.py
40955019,393,0,393,lan/test027_plot_ModIndex_soundOnset_wlaserZ_noISIcheck.py
40955019,94,0,94,lan/test028_plot_behav_times.py
40955019,142,0,142,lan/test029_add_ISIViolations.py
40955019,333,0,333,lan/test030_add_ModIndex_difOnset_difWindow_reward_change.py
40955019,124,0,124,lan/test030_add_ModIndex_difOnset_difWindow_test.py
40955019,324,0,324,lan/test031_plot_ModHist_difAlign_difWin_noISIcheck.py
40955019,209,0,209,lan/test032_PINP_write_maxZ_sound_laser_.py
40955019,354,0,354,lan/test033_plot_ModHist_difAlign_difWin_withISIcheck.py
40955019,86,0,86,lan/test034_plot_SigMod_difWin_difAlign_withISIcheck.py
40955019,83,0,83,lan/test035_d1pi_Implanted_plot_SigMod_difWin_difAlign_withISIcheck.py
40955019,409,0,409,lan/test036_d1pi_implanted_plot_ModHist_difAlign_difWin_withISIcheck.py
40955019,42,0,42,lan/test037_reward_change_analysis_pipeline.py
40955019,268,0,268,lan/test038_write_maxZ_movement_response_stat.py
40955019,243,0,243,lan/test039_add_ModIndex_L_R_movement.py
40955019,309,0,309,lan/test040_plot_ModHist_LRModulated_Rew_Modulation_withISIcheck.py
40955019,81,0,81,lan/test041_copy_MovementResponsive_SigMod_plots.py
40955019,281,0,281,lan/test042_plot_ModHist_MovementZchecked_Rew_Modulation_withISIcheck.py
40955019,70,0,70,lan/test043_tmp.py
40955019,420,0,420,lan/test043_write_all_cells_records.py
40955019,69,0,69,lan/test044_calculate_waveform_measurements.py
40955019,73,0,73,lan/test045_santiago_spikeshape.py
40955019,188,0,188,lan/test046_plot_laser_responsive_cells_2afc.py
40955019,119,0,119,lan/test047_group_photostim_psycurve_by_trialtype.py
40955019,118,0,118,lan/testsan012_raster_per_cond.py
40955019,118,0,118,anna/plot_bandwidths.py
40955019,4,4,8,nick/database/ephysinterface.py
40955019,6,8,14,nick/database/ephysinterface.py
40955019,1,1,2,nick/database/ephysinterface.py
40955019,2,2,4,nick/database/ephysinterface.py
40955019,1,1,2,nick/database/ephysinterface.py
40955019,1,1,2,nick/database/ephysinterface.py
40955019,1,1,2,nick/database/ephysinterface.py
40955019,377,0,377,billy/scripts/PsyCurveReportCenterFreq.py
40955019,529,0,529,billy/scripts/RasterBlockReport.py
40955019,545,0,545,billy/scripts/SwitchingReport.py
40955019,86,0,86,billy/scripts/addMinBehavePerformancePsyCurve.py
40955019,127,0,127,billy/scripts/addMinBehavePerformanceSwitch.py
40955019,93,0,93,billy/scripts/addMinTrialCheckPsyCurve.py
40955019,99,0,99,billy/scripts/addMinTrialCheckSwitching.py
40955019,277,0,277,billy/scripts/addModulationCheckPsyCurve.py
40955019,266,0,266,billy/scripts/addModulationCheckSwitching.py
40955019,258,0,258,billy/scripts/addModulationCheckSwitching_afterSound.py
40955019,258,0,258,billy/scripts/addModulationCheckSwitching_beforeSound.py
40955019,182,0,182,billy/scripts/add_sound_response_stat.py
40955019,144,0,144,billy/scripts/alignmentCheckEphysBehaveData.py
40955019,1,0,1,billy/scripts/allcells/.#allcells_adap013_quality.py
40955019,40,0,40,billy/scripts/allcells/allcells_adap002.py
40955019,69,0,69,billy/scripts/allcells/allcells_adap004.py
40955019,169,0,169,billy/scripts/allcells/allcells_adap010.py
40955019,131,0,131,billy/scripts/allcells/allcells_adap013.py
40955019,215,0,215,billy/scripts/allcells/allcells_adap013_quality.py
40955019,162,0,162,billy/scripts/allcells/allcells_adap015.py
40955019,135,0,135,billy/scripts/allcells/allcells_adap015_quality.py
40955019,215,0,215,billy/scripts/allcells/allcells_adap017.py
40955019,267,0,267,billy/scripts/allcells/allcells_adap017_quality.py
40955019,322,0,322,billy/scripts/allcells/allcells_adap020.py
40955019,543,0,543,billy/scripts/allcells/allcells_adap020_quality.py
40955019,210,0,210,billy/scripts/allcells/allcells_test017.py
40955019,340,0,340,billy/scripts/allcells/allcells_test017_quality.py
40955019,193,0,193,billy/scripts/allcells/allcells_test053.py
40955019,348,0,348,billy/scripts/allcells/allcells_test053_quality.py
40955019,555,0,555,billy/scripts/allcells/allcells_test055.py
40955019,936,0,936,billy/scripts/allcells/allcells_test055_quality.py
40955019,96,0,96,billy/scripts/allcells/allcells_test059.py
40955019,154,0,154,billy/scripts/allcells/allcells_test059_quality.py
40955019,255,0,255,billy/scripts/allcells/allcells_test086.py
40955019,194,0,194,billy/scripts/allcells/allcells_test087.py
40955019,526,0,526,billy/scripts/allcells/allcells_test089.py
40955019,878,0,878,billy/scripts/allcells/allcells_test089_quality.py
40955019,39,0,39,billy/scripts/allcells/old_allcells/allcells_adap002_quality_Victoria.py
40955019,121,0,121,billy/scripts/allcells/old_allcells/allcells_adap013_quality_Lauren.py
40955019,131,0,131,billy/scripts/allcells/old_allcells/allcells_adap013psy.py
40955019,52,0,52,billy/scripts/allcells/old_allcells/allcells_adap013reward.py
40955019,32,0,32,billy/scripts/allcells/old_allcells/allcells_adap015_quality_Lauren.py
40955019,226,0,226,billy/scripts/allcells/old_allcells/allcells_adap015_quality_Victoria.py
40955019,225,0,225,billy/scripts/allcells/old_allcells/allcells_adap015_quality_old_20160502.py
40955019,121,0,121,billy/scripts/allcells/old_allcells/allcells_adap015psy.py
40955019,82,0,82,billy/scripts/allcells/old_allcells/allcells_adap015reward.py
40955019,67,0,67,billy/scripts/allcells/old_allcells/allcells_adap017_quality_Victoria.py
40955019,66,0,66,billy/scripts/allcells/old_allcells/allcells_adap017_quality_old_20160502.py
40955019,30,0,30,billy/scripts/allcells/old_allcells/allcells_adap020_tuning_old.py
40955019,28,0,28,billy/scripts/allcells/old_allcells/allcells_noisetest.py
40955019,236,0,236,billy/scripts/allcells/old_allcells/allcells_test017_quality.2.py
40955019,234,0,234,billy/scripts/allcells/old_allcells/allcells_test017_quality.old.py
40955019,240,0,240,billy/scripts/allcells/old_allcells/allcells_test017_quality_Lauren.py
40955019,279,0,279,billy/scripts/allcells/old_allcells/allcells_test017_quality_depth_old_20160502.py
40955019,244,0,244,billy/scripts/allcells/old_allcells/allcells_test017_quality_oldClustering.py
40955019,234,0,234,billy/scripts/allcells/old_allcells/allcells_test017_quality_oldNumbering.py
40955019,241,0,241,billy/scripts/allcells/old_allcells/allcells_test017_quality_old_20160502.py
40955019,204,0,204,billy/scripts/allcells/old_allcells/allcells_test017_tuning_old.py
40955019,209,0,209,billy/scripts/allcells/old_allcells/allcells_test053_quality_Lauren.py
40955019,239,0,239,billy/scripts/allcells/old_allcells/allcells_test053_quality_depth_old_20160502.py
40955019,238,0,238,billy/scripts/allcells/old_allcells/allcells_test053_quality_oldClustering.py
40955019,209,0,209,billy/scripts/allcells/old_allcells/allcells_test053_quality_old_20160502.py
40955019,255,0,255,billy/scripts/allcells/old_allcells/allcells_test053_tuning_old.py
40955019,480,0,480,billy/scripts/allcells/old_allcells/allcells_test055_quality_Lauren.py
40955019,520,0,520,billy/scripts/allcells/old_allcells/allcells_test055_quality_depth_old_20160502.py
40955019,631,0,631,billy/scripts/allcells/old_allcells/allcells_test055_quality_oldClustering.py
40955019,450,0,450,billy/scripts/allcells/old_allcells/allcells_test055_quality_old_20160502.py
40955019,604,0,604,billy/scripts/allcells/old_allcells/allcells_test055_quality_otherVersion.py
40955019,184,0,184,billy/scripts/allcells/old_allcells/allcells_test055_quality_phoebe.py
40955019,568,0,568,billy/scripts/allcells/old_allcells/allcells_test055_tuning_old.py
40955019,108,0,108,billy/scripts/allcells/old_allcells/allcells_test059_quality_Victoria.py
40955019,123,0,123,billy/scripts/allcells/old_allcells/allcells_test059_quality_depth_old_20160502.py
40955019,106,0,106,billy/scripts/allcells/old_allcells/allcells_test059_quality_oldClustering.py
40955019,101,0,101,billy/scripts/allcells/old_allcells/allcells_test059_quality_old_20160502.py
40955019,112,0,112,billy/scripts/allcells/old_allcells/allcells_test059_tuning_old.py
40955019,310,0,310,billy/scripts/allcells/old_allcells/allcells_test086_quality_Victoria.py
40955019,309,0,309,billy/scripts/allcells/old_allcells/allcells_test086_quality_oldClustering.py
40955019,310,0,310,billy/scripts/allcells/old_allcells/allcells_test086_quality_old_20160502.py
40955019,256,0,256,billy/scripts/allcells/old_allcells/allcells_test086_tuning_old.py
40955019,102,0,102,billy/scripts/allcells/old_allcells/allcells_test087_quality_Lawren.py
40955019,102,0,102,billy/scripts/allcells/old_allcells/allcells_test087_quality_old_20160502.py
40955019,233,0,233,billy/scripts/allcells/old_allcells/allcells_test089_quality_Katie.py
40955019,31,0,31,billy/scripts/allcells/old_allcells/allcells_test089_quality_Lauren.py
40955019,103,0,103,billy/scripts/allcells/old_allcells/allcells_test089_quality_Phoebe.py
40955019,58,0,58,billy/scripts/allcells/old_allcells/allcells_test089_quality_Victoria.py
40955019,341,0,341,billy/scripts/allcells/old_allcells/allcells_test089_quality_depth_old_20160502.py
40955019,239,0,239,billy/scripts/allcells/old_allcells/allcells_test089_quality_oldClustering.py
40955019,293,0,293,billy/scripts/allcells/old_allcells/allcells_test089_quality_old_20160502.py
40955019,457,0,457,billy/scripts/allcells/old_allcells/allcells_test089_tuning_old.py
40955019,152,0,152,billy/scripts/allcells/test031_translate_allcells_old_allcells.py
40955019,152,0,152,billy/scripts/allcells/test031_translate_allcells_with_tuning.py
40955019,15,0,15,billy/scripts/animalTetDepths.py
40955019,179,0,179,billy/scripts/celldatabase_quality.py
40955019,281,0,281,billy/scripts/clusterManySessions_v2.py
40955019,139,0,139,billy/scripts/copyFileNoISIPsyCurve.py
40955019,147,0,147,billy/scripts/copyFileNoISISwitching.py
40955019,159,0,159,billy/scripts/copyFileQualityClusterPsyCurve.py
40955019,146,0,146,billy/scripts/copyFileQualityClusterPsyCurve_depth.py
40955019,173,0,173,billy/scripts/copyFileQualityClusterSwitching.py
40955019,160,0,160,billy/scripts/copyFileQualityClusterSwitching_SignificantlyMod.py
40955019,168,0,168,billy/scripts/copyFileQualityClusterSwitching_depth.py
40955019,138,0,138,billy/scripts/copyFileResponsiveClusterPsyCurve.py
40955019,143,0,143,billy/scripts/copyFileResponsiveClusterSwitching.py
40955019,26,0,26,billy/scripts/daily_behavior_summary.py
40955019,93,0,93,billy/scripts/ephysBehaveDataAlignmentCheck.py
40955019,470,0,470,billy/scripts/indiv_SwitchingReport.py
40955019,162,0,162,billy/scripts/indiv_raster_per_block.py
40955019,273,0,273,billy/scripts/modIndexCalcPsyCurve.py
40955019,280,0,280,billy/scripts/modIndexCalcPsyCurve_AllMice.py
40955019,256,0,256,billy/scripts/modIndexCalcSwitching.py
40955019,265,0,265,billy/scripts/modIndexCalcSwitching_AllMice.py
40955019,26,0,26,billy/scripts/move_cluster_reports.py
40955019,519,0,519,billy/scripts/no_skipping_SwitchingReport.py
40955019,164,0,164,billy/scripts/no_skipping_rasterMovementAlignedBlocks.py
40955019,151,0,151,billy/scripts/no_skipping_raster_per_block.py
40955019,515,0,515,billy/scripts/numCellsSubsets.py
40955019,516,0,516,billy/scripts/numResponsiveCells.py
40955019,132,0,132,billy/scripts/oldScripts/SubplotRasterHistPsyCurve.py
40955019,133,0,133,billy/scripts/oldScripts/SubplotRasterHistSwitch.py
40955019,516,0,516,billy/scripts/oldScripts/SwitchingReport_old.py
40955019,190,0,190,billy/scripts/oldScripts/addModulationCheckPsycurve_old.py
40955019,125,0,125,billy/scripts/oldScripts/allPlotsPsyCurve.py
40955019,218,0,218,billy/scripts/oldScripts/allcells_MI_test017.py
40955019,102,0,102,billy/scripts/oldScripts/allcells_test014.py
40955019,366,0,366,billy/scripts/oldScripts/compareRasterAndHistogram.py
40955019,269,0,269,billy/scripts/oldScripts/compareRasterAndHistogramClusters.py
40955019,400,0,400,billy/scripts/oldScripts/compareRasterAndHistogramClustersCenterOut.py
40955019,287,0,287,billy/scripts/oldScripts/compareRasterAndHistogramClustersOneFreq.py
40955019,304,0,304,billy/scripts/oldScripts/compareRasterAndHistogramClustersOneFreq_AllFreq.py
40955019,291,0,291,billy/scripts/oldScripts/compareRasterAndHistogramClustersOneFreq_Function.py
40955019,401,0,401,billy/scripts/oldScripts/compareRasterAndHistogramClustersSideIn.py
40955019,387,0,387,billy/scripts/oldScripts/compareRasterAndHistogramClusters_old_v1.py
40955019,11,0,11,billy/scripts/oldScripts/copyFileNames.py
40955019,81,0,81,billy/scripts/oldScripts/copyFileQualityCluster.py
40955019,35,0,35,billy/scripts/oldScripts/cutAndSortWaveform.py
40955019,93,0,93,billy/scripts/oldScripts/ephysBehaveDataAlignmentCheck_old.py
40955019,601,0,601,billy/scripts/oldScripts/example012_fulltask_sound.py
40955019,53,0,53,billy/scripts/oldScripts/first_steps_with_jaratoolbox.py
40955019,43,0,43,billy/scripts/oldScripts/maxZCheck.py
40955019,76,0,76,billy/scripts/oldScripts/minBehavePerformancePsyCurve.py
40955019,129,0,129,billy/scripts/oldScripts/minBehavePerformanceSwitch.py
40955019,79,0,79,billy/scripts/oldScripts/minTrialCheck.py
40955019,86,0,86,billy/scripts/oldScripts/minTrialCheckPsyCurve.py
40955019,82,0,82,billy/scripts/oldScripts/minTrialCheckSwitching.py
40955019,109,0,109,billy/scripts/oldScripts/modIndexCalc.py
40955019,264,0,264,billy/scripts/oldScripts/modulationIndexCalculation.py
40955019,25,0,25,billy/scripts/oldScripts/qualityCountCheck.py
40955019,249,0,249,billy/scripts/oldScripts/rasterAndHistogram.py
40955019,124,0,124,billy/scripts/oldScripts/rasterHistPsyCurve.py
40955019,236,0,236,billy/scripts/oldScripts/raster_per_block_check_quality.py
40955019,149,0,149,billy/scripts/oldScripts/raster_per_block_mod_sig.py
40955019,105,0,105,billy/scripts/oldScripts/responsivenessPlots.py
40955019,14,0,14,billy/scripts/oldScripts/settings.py
40955019,330,0,330,billy/scripts/oldScripts/skippedCompareRasterAndHistogramClustersOneFreq_AllFreq.py
40955019,134,0,134,billy/scripts/oldScripts/sound_response_stat.py
40955019,149,0,149,billy/scripts/oldScripts/sound_response_stat_old.py
40955019,168,0,168,billy/scripts/oldScripts/sound_response_stat_v2.py
40955019,34,0,34,billy/scripts/oldScripts/spikeAnalysis.py
40955019,91,0,91,billy/scripts/oldScripts/spikeAnalysis_testClusterCutter.py
40955019,168,0,168,billy/scripts/oldScripts/test009_clustered_tuning_curve_billy.py
40955019,137,0,137,billy/scripts/oldScripts/test009_tuning_curve.py
40955019,141,0,141,billy/scripts/oldScripts/test009_tuning_curve_billy.py
40955019,123,0,123,billy/scripts/oldScripts/test012_raster_per_cond.py
40955019,91,0,91,billy/scripts/oldScripts/test020_responsiveness.py
40955019,126,0,126,billy/scripts/oldScripts/test021_raster_per_block.py
40955019,133,0,133,billy/scripts/oldScripts/testRasterHistSwitch.py
40955019,94,0,94,billy/scripts/oldScripts/testSpikeAnalysis.py
40955019,162,0,162,billy/scripts/oldScripts/test_add_sound_response_stat.py
40955019,6,0,6,billy/scripts/oldScripts/testingFunctions.py
40955019,6,0,6,billy/scripts/oldScripts/testingSwitchingReport.py
40955019,42,0,42,billy/scripts/oldScripts/wormscreening.py
40955019,223,0,223,billy/scripts/plotModIndexAllMice_Psycurve.py
40955019,231,0,231,billy/scripts/plotModIndexAllMice_Switching.py
40955019,222,0,222,billy/scripts/plotModIndexAllMice_Switching_afterSound.py
40955019,222,0,222,billy/scripts/plotModIndexAllMice_Switching_beforeSound.py
40955019,224,0,224,billy/scripts/plotModIndex_Psycurve.py
40955019,226,0,226,billy/scripts/plotModIndex_Switching.py
40955019,217,0,217,billy/scripts/plotModIndex_Switching_afterSound.py
40955019,217,0,217,billy/scripts/plotModIndex_Switching_beforeSound.py
40955019,641,0,641,billy/scripts/psycurve_tuning_allFreq_movement_report.py
40955019,554,0,554,billy/scripts/psycurve_tuning_centerfreq_sound_report.py
40955019,557,0,557,billy/scripts/psycurve_tuning_report_oldversion.py
40955019,158,0,158,billy/scripts/rasterAllFreqSwitch.py
40955019,146,0,146,billy/scripts/rasterHistMovementAlignedSwitch.py
40955019,152,0,152,billy/scripts/rasterHistPsyCurve.py
40955019,159,0,159,billy/scripts/rasterHistPsyCurveSkipped.py
40955019,153,0,153,billy/scripts/rasterHistSwitch.py
40955019,181,0,181,billy/scripts/rasterMovementAlignedBlocks.py
40955019,170,0,170,billy/scripts/raster_per_block.py
40955019,137,0,137,billy/scripts/responsivenessPlots.py
40955019,87,0,87,billy/scripts/spikeAnalysis.py
40955019,102,0,102,billy/scripts/spikeAnalysis_tuning.py
40955019,210,0,210,billy/scripts/super_old_junk/mouse_analysis/test017/allcells_test017.py
40955019,29,0,29,billy/scripts/super_old_junk/mouse_analysis/test017/spikeAnalysis_test017.py
40955019,74,0,74,billy/scripts/super_old_junk/mouse_analysis/test053/allcells_test053.py
40955019,127,0,127,billy/scripts/super_old_junk/mouse_analysis/test053/rasterHistPsyCurve_test053.py
40955019,29,0,29,billy/scripts/super_old_junk/mouse_analysis/test053/spikeAnalysis_test053.py
40955019,510,0,510,billy/scripts/super_old_junk/mouse_analysis/test055/allcells_test055.py
40955019,29,0,29,billy/scripts/super_old_junk/mouse_analysis/test055/spikeAnalysis_test055.py
40955019,102,0,102,billy/scripts/super_old_junk/mouse_analysis/test059/addMinBehavePerformanceSwitch.py
40955019,82,0,82,billy/scripts/super_old_junk/mouse_analysis/test059/addMinTrialCheckSwitching.py
40955019,48,0,48,billy/scripts/super_old_junk/mouse_analysis/test059/allcells_test059.py
40955019,127,0,127,billy/scripts/super_old_junk/mouse_analysis/test059/rasterHistSwtich_test059.py
40955019,29,0,29,billy/scripts/super_old_junk/mouse_analysis/test059/spikeAnalysis_test059.py
40955019,117,0,117,billy/scripts/super_old_junk/mouse_analysis/test086/allcells_test086.py
40955019,127,0,127,billy/scripts/super_old_junk/mouse_analysis/test086/rasterHistPsyCurve_test086.py
40955019,29,0,29,billy/scripts/super_old_junk/mouse_analysis/test086/spikeAnalysis_test086.py
40955019,781,0,781,billy/scripts/switch_tuning_allfreq_report.py
40955019,782,0,782,billy/scripts/switch_tuning_block_allfreq_report.py
40955019,720,0,720,billy/scripts/switch_tuning_report.py
40955019,877,0,877,billy/scripts/switch_tuning_sidein_report.py
40955019,189,0,189,billy/scripts/test009_clustered_tuning_curve_billy.py
40955019,148,0,148,billy/scripts/test009_tuning_curve_billy.py
40955019,138,0,138,billy/scripts/test029_add_ISIViolations.py
40955019,161,0,161,billy/scripts/test031_translate_allcells_old_allcells.py
40955019,264,0,264,billy/scripts/test038_write_maxZ_movement_response_stat.py
40955019,255,0,255,billy/scripts/test_20160223_addModulationCheckSwitching.py
40955019,36,0,36,billy/scripts/tetrodeDepths.py
40955019,126,0,126,billy/scripts/waveformISIViolations.py
40955019,35,6,41,nick/database/ephysinterface.py
40955019,1,0,1,billy/allcells/.#allcells_adap013_quality.py
40955019,40,0,40,billy/allcells/allcells_adap002.py
40955019,69,0,69,billy/allcells/allcells_adap004.py
40955019,169,0,169,billy/allcells/allcells_adap010.py
40955019,131,0,131,billy/allcells/allcells_adap013.py
40955019,215,0,215,billy/allcells/allcells_adap013_quality.py
40955019,162,0,162,billy/allcells/allcells_adap015.py
40955019,135,0,135,billy/allcells/allcells_adap015_quality.py
40955019,215,0,215,billy/allcells/allcells_adap017.py
40955019,267,0,267,billy/allcells/allcells_adap017_quality.py
40955019,322,0,322,billy/allcells/allcells_adap020.py
40955019,543,0,543,billy/allcells/allcells_adap020_quality.py
40955019,210,0,210,billy/allcells/allcells_test017.py
40955019,340,0,340,billy/allcells/allcells_test017_quality.py
40955019,193,0,193,billy/allcells/allcells_test053.py
40955019,348,0,348,billy/allcells/allcells_test053_quality.py
40955019,555,0,555,billy/allcells/allcells_test055.py
40955019,936,0,936,billy/allcells/allcells_test055_quality.py
40955019,96,0,96,billy/allcells/allcells_test059.py
40955019,154,0,154,billy/allcells/allcells_test059_quality.py
40955019,255,0,255,billy/allcells/allcells_test086.py
40955019,194,0,194,billy/allcells/allcells_test087.py
40955019,526,0,526,billy/allcells/allcells_test089.py
40955019,878,0,878,billy/allcells/allcells_test089_quality.py
40955019,39,0,39,billy/allcells/old_allcells/allcells_adap002_quality_Victoria.py
40955019,121,0,121,billy/allcells/old_allcells/allcells_adap013_quality_Lauren.py
40955019,131,0,131,billy/allcells/old_allcells/allcells_adap013psy.py
40955019,52,0,52,billy/allcells/old_allcells/allcells_adap013reward.py
40955019,32,0,32,billy/allcells/old_allcells/allcells_adap015_quality_Lauren.py
40955019,226,0,226,billy/allcells/old_allcells/allcells_adap015_quality_Victoria.py
40955019,225,0,225,billy/allcells/old_allcells/allcells_adap015_quality_old_20160502.py
40955019,121,0,121,billy/allcells/old_allcells/allcells_adap015psy.py
40955019,82,0,82,billy/allcells/old_allcells/allcells_adap015reward.py
40955019,67,0,67,billy/allcells/old_allcells/allcells_adap017_quality_Victoria.py
40955019,66,0,66,billy/allcells/old_allcells/allcells_adap017_quality_old_20160502.py
40955019,30,0,30,billy/allcells/old_allcells/allcells_adap020_tuning_old.py
40955019,28,0,28,billy/allcells/old_allcells/allcells_noisetest.py
40955019,236,0,236,billy/allcells/old_allcells/allcells_test017_quality.2.py
40955019,234,0,234,billy/allcells/old_allcells/allcells_test017_quality.old.py
40955019,240,0,240,billy/allcells/old_allcells/allcells_test017_quality_Lauren.py
40955019,279,0,279,billy/allcells/old_allcells/allcells_test017_quality_depth_old_20160502.py
40955019,244,0,244,billy/allcells/old_allcells/allcells_test017_quality_oldClustering.py
40955019,234,0,234,billy/allcells/old_allcells/allcells_test017_quality_oldNumbering.py
40955019,241,0,241,billy/allcells/old_allcells/allcells_test017_quality_old_20160502.py
40955019,204,0,204,billy/allcells/old_allcells/allcells_test017_tuning_old.py
40955019,209,0,209,billy/allcells/old_allcells/allcells_test053_quality_Lauren.py
40955019,239,0,239,billy/allcells/old_allcells/allcells_test053_quality_depth_old_20160502.py
40955019,238,0,238,billy/allcells/old_allcells/allcells_test053_quality_oldClustering.py
40955019,209,0,209,billy/allcells/old_allcells/allcells_test053_quality_old_20160502.py
40955019,255,0,255,billy/allcells/old_allcells/allcells_test053_tuning_old.py
40955019,480,0,480,billy/allcells/old_allcells/allcells_test055_quality_Lauren.py
40955019,520,0,520,billy/allcells/old_allcells/allcells_test055_quality_depth_old_20160502.py
40955019,631,0,631,billy/allcells/old_allcells/allcells_test055_quality_oldClustering.py
40955019,450,0,450,billy/allcells/old_allcells/allcells_test055_quality_old_20160502.py
40955019,604,0,604,billy/allcells/old_allcells/allcells_test055_quality_otherVersion.py
40955019,184,0,184,billy/allcells/old_allcells/allcells_test055_quality_phoebe.py
40955019,568,0,568,billy/allcells/old_allcells/allcells_test055_tuning_old.py
40955019,108,0,108,billy/allcells/old_allcells/allcells_test059_quality_Victoria.py
40955019,123,0,123,billy/allcells/old_allcells/allcells_test059_quality_depth_old_20160502.py
40955019,106,0,106,billy/allcells/old_allcells/allcells_test059_quality_oldClustering.py
40955019,101,0,101,billy/allcells/old_allcells/allcells_test059_quality_old_20160502.py
40955019,112,0,112,billy/allcells/old_allcells/allcells_test059_tuning_old.py
40955019,310,0,310,billy/allcells/old_allcells/allcells_test086_quality_Victoria.py
40955019,309,0,309,billy/allcells/old_allcells/allcells_test086_quality_oldClustering.py
40955019,310,0,310,billy/allcells/old_allcells/allcells_test086_quality_old_20160502.py
40955019,256,0,256,billy/allcells/old_allcells/allcells_test086_tuning_old.py
40955019,102,0,102,billy/allcells/old_allcells/allcells_test087_quality_Lawren.py
40955019,102,0,102,billy/allcells/old_allcells/allcells_test087_quality_old_20160502.py
40955019,233,0,233,billy/allcells/old_allcells/allcells_test089_quality_Katie.py
40955019,31,0,31,billy/allcells/old_allcells/allcells_test089_quality_Lauren.py
40955019,103,0,103,billy/allcells/old_allcells/allcells_test089_quality_Phoebe.py
40955019,58,0,58,billy/allcells/old_allcells/allcells_test089_quality_Victoria.py
40955019,341,0,341,billy/allcells/old_allcells/allcells_test089_quality_depth_old_20160502.py
40955019,239,0,239,billy/allcells/old_allcells/allcells_test089_quality_oldClustering.py
40955019,293,0,293,billy/allcells/old_allcells/allcells_test089_quality_old_20160502.py
40955019,457,0,457,billy/allcells/old_allcells/allcells_test089_tuning_old.py
40955019,152,0,152,billy/allcells/test031_translate_allcells_old_allcells.py
40955019,152,0,152,billy/allcells/test031_translate_allcells_with_tuning.py
40955019,192,0,192,billy/scripts/20160714_clustering/adap013_clustering.py
40955019,169,0,169,billy/scripts/20160714_clustering/adap015_clustering.py
40955019,240,0,240,billy/scripts/20160714_clustering/adap017_clustering.py
40955019,426,0,426,billy/scripts/20160714_clustering/adap020_clustering.py
40955019,256,0,256,billy/scripts/20160714_clustering/test017_clustering.py
40955019,114,0,114,billy/scripts/20160714_clustering/test031_translate_allcells.py
40955019,314,0,314,billy/scripts/20160714_clustering/test053_clustering.py
40955019,783,0,783,billy/scripts/20160714_clustering/test055_clustering.py
40955019,92,0,92,billy/scripts/20160714_clustering/test059_clustering.py
40955019,509,0,509,billy/scripts/20160714_clustering/test089_clustering.py
40955019,72,0,72,billy/scripts/data_analysis_GUI/decision_discrimination_rasterplot.py
40955019,527,0,527,billy/scripts/data_analysis_GUI/discrimination_analysis.py
40955019,198,0,198,billy/scripts/data_analysis_GUI/graphUI.py
40955019,52,0,52,billy/scripts/data_analysis_GUI/loadBehaviorData.py
40955019,43,0,43,billy/scripts/data_analysis_GUI/loadEphysData.py
40955019,226,0,226,billy/scripts/data_analysis_GUI/plottingRasterAndHist.py
40955019,185,0,185,billy/scripts/reward_change_scripts/reward_change_plots.py
40955019,209,0,209,billy/scripts/reward_change_scripts/test013_write_maxZ_sound_response_stat.py
40955019,342,0,342,billy/scripts/reward_change_scripts/test015_plot_ModIndex_noISIcheck.py
40955019,333,0,333,billy/scripts/reward_change_scripts/test022_plot2afc_given_cell_rew_change.py
40955019,321,0,321,billy/scripts/reward_change_scripts/test024_plot_ModIndex_centerOut_noISI_noZ.py
40955019,346,0,346,billy/scripts/reward_change_scripts/test025_plot_ModIndex_sideIn_noISI_noZ.py
40955019,271,0,271,billy/scripts/reward_change_scripts/test026_add_ModIndex_difOnset_reward_change.py
40955019,79,0,79,billy/scripts/clusterCutting/cluster_cleanup.py
40955019,168,0,168,billy/scripts/clusterCutting/cluster_cutting.py
40955019,321,0,321,billy/scripts/clusterCutting/cluster_cutting_old.py
40955019,18,0,18,billy/scripts/clusterCutting/get_spikes_one_cluster.py
40955019,3,1,4,nick/database/ephysinterface.py
40955019,12,2,14,nick/database/ephysinterface.py
40955019,1,1,2,nick/database/ephysinterface.py
40955019,2,2,4,nick/20160112_testzscore.py
40955019,3,3,6,nick/20160121_measureAMmonotonicity.py
40955019,4,4,8,nick/20160123_testTuningFuncs.py
40955019,4,4,8,nick/20160130_testAUROC.py
40955019,3,3,6,nick/20160208_testVectorStrength.py
40955019,2,2,4,nick/20160330_testModSwitchingReport.py
40955019,1,1,2,nick/20160410_mod_switching_report.py
40955019,1,1,2,nick/animalBehavior.py
40955019,1,1,2,nick/dailyLightDiscrimBehavior.py
40955019,1,1,2,nick/dailybehavior.py
40955019,2,2,4,nick/database/am_funcs.py
40955019,5,5,10,nick/database/cluster_sorted_raster.py
40955019,6,6,12,nick/database/cluster_waveform_comparison.py
40955019,3,3,6,nick/database/clusterfuncs.py
40955019,2,2,4,nick/database/ephysinterface.py
40955019,1,1,2,nick/database/make_figure_db.py
40955019,3,3,6,nick/database/make_figures.py
40955019,4,4,8,nick/database/simple_cluster_analysis.py
40955019,2,2,4,nick/database/simple_data_loader.py
40955019,2,2,4,nick/database/simple_db.py
40955019,1,1,2,nick/database/simple_ephys_interface.py
40955019,4,4,8,nick/database/simple_flipper.py
40955019,3,3,6,nick/database/simple_spike_selector.py
40955019,3,3,6,nick/database/sitefuncs.py
40955019,1,1,2,nick/database/testCellDB.py
40955019,2,2,4,nick/database/test_interface.py
40955019,1,1,2,nick/ephysExperiments/clusterManySessions_v2.py
40955019,2,2,4,nick/ephysExperiments/data_for_santiago_20150727.py
40955019,2,2,4,nick/ephysExperiments/documentation.py
40955019,1,1,2,nick/ephysExperiments/ep_test.py
40955019,3,3,6,nick/ephysExperiments/ephys_experiment_v2.py
40955019,3,3,6,nick/ephysExperiments/ephys_experiment_v3.py
40955019,1,1,2,nick/ephysExperiments/eventcomparison.py
40955019,2,2,4,nick/ephysExperiments/laserTCanalysis.old.py
40955019,3,3,6,nick/ephysExperiments/laserTCanalysis.py
40955019,2,2,4,nick/ephysExperiments/old/clusterManySessions.py
40955019,3,3,6,nick/ephysExperiments/old/ephys_experiment.py
40955019,3,3,6,nick/ephysExperiments/old/pinp003_2014-06-24.py
40955019,3,3,6,nick/ephysExperiments/old/pinp003_2015-07-06.py
40955019,2,2,4,nick/ephysExperiments/physiologyreports.py
40955019,2,2,4,nick/ephysExperiments/pinp003_2015-06-24_version2.py
40955019,2,2,4,nick/ephysExperiments/pinp003_2015-07-06_version2.py
40955019,2,2,4,nick/ephysExperiments/pinp003_2015-07-13recording.py
40955019,1,1,2,nick/ephysExperiments/pinp003_2015-07-20_recording.py
40955019,1,1,2,nick/ephysExperiments/rdtest.py
40955019,2,2,4,nick/ephysExperiments/recordingday.py
40955019,1,1,2,nick/histology/grid_example.py
40955019,3,3,6,nick/histology/stack_test.py
40955019,1,1,2,nick/manySessionsBehavior.py
40955019,1,1,2,nick/modSwitching_functions.py
40955019,1,1,2,nick/modSwitching_overTimeReport.py
40955019,1,1,2,nick/modulationDailyBehavior.py
40955019,1,1,2,nick/muscimolBehaviorPlots.py
40955019,1,1,2,nick/spikesorting/gmmPCA.py
40955019,1,1,2,nick/spikesorting/kernelTSNE.py
40955019,1,1,2,nick/spikesorting/testPCA.py
40955019,1,1,2,nick/spikesorting/testSOM.py
40955019,1,1,2,nick/spikesorting/testTSNE.py
40955019,1,1,2,nick/test033_raster_spike_waveforms.py
40955019,1,1,2,nick/test034_AveragePerfTimeseries.py
40955019,1,1,2,nick/test035_calculatingPsychometricFits.py
40955019,1,1,2,nick/test036_adap023analysis.py
40955019,1,1,2,nick/test038_continuousMuscimolAnalysis.py
40955019,1,1,2,nick/test039_testUnilateralInjectionPerformance.py
40955019,2,2,4,nick/test040_debugclusteringSiliconProbes.py
40955019,1,1,2,nick/test042_fittedOverallMuscimolPerformance.py
40955019,1,1,2,nick/test044_DACpsychometric.py
40955019,1,1,2,nick/test045_dacACInactivations.py
40955019,1,1,2,nick/test046_dac_striatumMuscimolData.py
40955019,1,1,2,nick/test048_dac_striatum_allTogether.py
40955019,1,1,2,nick/test050_mcmc_psycurves.py
40955019,1,1,2,nick/test052_muscimolBehaviorAnalysis.py
40955019,1,1,2,nick/test054_nBackLogisticRegression.py
40955019,1,1,2,nick/testUnequalSalineMuscimolPerformance.py
40955019,3,3,6,nick/tuning_curve_calculations.py
40955019,1,1,2,nick/database/sitefuncs.py
40955019,4,2,6,nick/database/ephysinterface.py
40955019,7,2,9,nick/database/dataplotter.py
40955019,2,1,3,nick/database/ephysinterface.py
40955019,20,14,34,nick/database/ephysinterface.py
40955019,101,0,101,nick/021_binconf.py
40955019,69,0,69,nick/20160112_testzscore.py
40955019,40,0,40,nick/20160121_measureAMmonotonicity.py
40955019,218,0,218,nick/20160123_testTuningFuncs.py
40955019,336,0,336,nick/20160130_testAUROC.py
40955019,299,0,299,nick/20160208_testVectorStrength.py
40955019,47,0,47,nick/20160310_testTSNE.py
40955019,162,0,162,nick/20160330_cellSummary.py
40955019,364,0,364,nick/20160330_testModSwitchingReport.py
40955019,603,0,603,nick/20160410_mod_switching_report.py
40955019,3,0,3,nick/__init__.py
40955019,16,0,16,nick/animalBehavior.py
40955019,13,0,13,nick/auroc.py
40955019,1214,0,1214,nick/behavioranalysis_vnick.py
40955019,328,0,328,nick/circstats.py
40955019,356,0,356,nick/clustercutting.py
40955019,12,0,12,nick/dailyLightDiscrimBehavior.py
40955019,21,0,21,nick/dailybehavior.py
40955019,0,0,0,nick/database/__init__.py
40955019,165,0,165,nick/database/am_funcs.py
40955019,14,0,14,nick/database/bug_test.py
40955019,597,0,597,nick/database/cellDB.py
40955019,36,0,36,nick/database/cluster_sorted_raster.py
40955019,32,0,32,nick/database/cluster_waveform_comparison.py
40955019,41,0,41,nick/database/clusterfuncs.py
40955019,212,0,212,nick/database/dataloader.py
40955019,470,0,470,nick/database/dataplotter.py
40955019,371,0,371,nick/database/ephysinterface.py
40955019,40,0,40,nick/database/make_figure_db.py
40955019,340,0,340,nick/database/make_figures.py
40955019,57,0,57,nick/database/simple_cluster_analysis.py
40955019,73,0,73,nick/database/simple_data_loader.py
40955019,163,0,163,nick/database/simple_db.py
40955019,29,0,29,nick/database/simple_ephys_interface.py
40955019,87,0,87,nick/database/simple_flipper.py
40955019,62,0,62,nick/database/simple_spike_selector.py
40955019,356,0,356,nick/database/sitefuncs.py
40955019,56,0,56,nick/database/testCellDB.py
40955019,65,0,65,nick/database/test_interface.py
40955019,71,0,71,nick/editSVG.py
40955019,4,0,4,nick/ephysExperiments/__init__.py
40955019,281,0,281,nick/ephysExperiments/clusterManySessions_v2.py
40955019,107,0,107,nick/ephysExperiments/data_for_santiago_20150727.py
40955019,70,0,70,nick/ephysExperiments/documentation.py
40955019,20,0,20,nick/ephysExperiments/ep_test.py
40955019,809,0,809,nick/ephysExperiments/ephys_experiment_v2.py
40955019,772,0,772,nick/ephysExperiments/ephys_experiment_v3.py
40955019,6,0,6,nick/ephysExperiments/eventcomparison.py
40955019,153,0,153,nick/ephysExperiments/laserTCanalysis.old.py
40955019,164,0,164,nick/ephysExperiments/laserTCanalysis.py
40955019,189,0,189,nick/ephysExperiments/locked_spikes_extraction.py
40955019,51,0,51,nick/ephysExperiments/nickfuncs.py
40955019,232,0,232,nick/ephysExperiments/old/clusterManySessions.py
40955019,776,0,776,nick/ephysExperiments/old/ephys_experiment.py
40955019,112,0,112,nick/ephysExperiments/old/pinp003_2014-06-24.py
40955019,86,0,86,nick/ephysExperiments/old/pinp003_2015-07-06.py
40955019,147,0,147,nick/ephysExperiments/physiologyreports.py
40955019,80,0,80,nick/ephysExperiments/pinp003_2015-06-24_version2.py
40955019,61,0,61,nick/ephysExperiments/pinp003_2015-07-06_version2.py
40955019,111,0,111,nick/ephysExperiments/pinp003_2015-07-13recording.py
40955019,67,0,67,nick/ephysExperiments/pinp003_2015-07-20_recording.py
40955019,50,0,50,nick/ephysExperiments/rdtest.py
40955019,244,0,244,nick/ephysExperiments/recordingday.py
40955019,188,0,188,nick/ephysExperiments/recordingday_test.py
40955019,74,0,74,nick/foam.py
40955019,0,0,0,nick/histology/__init__.py
40955019,18,0,18,nick/histology/analyze_many_injections.py
40955019,204,0,204,nick/histology/anat027.py
40955019,147,0,147,nick/histology/anat027_funcs.py
40955019,270,0,270,nick/histology/apply_grid_to_mouse.py
40955019,26,0,26,nick/histology/grid_example.py
40955019,6,0,6,nick/histology/histology_settings.py
40955019,58,0,58,nick/histology/stack_test.py
40955019,319,0,319,nick/histology/voxel_analysis.py
40955019,42,0,42,nick/imageRegtest.py
40955019,279,0,279,nick/imreg.py
40955019,91,0,91,nick/light_discrim_behavior.py
40955019,65,0,65,nick/manySessionsBehavior.py
40955019,809,0,809,nick/modSwitching_functions.py
40955019,137,0,137,nick/modSwitching_overTimeReport.py
40955019,20,0,20,nick/modulationDailyBehavior.py
40955019,65,0,65,nick/muscimolBehaviorPlots.py
40955019,103,0,103,nick/muscimol_SDT.py
40955019,71,0,71,nick/pinp003analysis/pinp003clustering.py
40955019,253,0,253,nick/probes/probelayout.py
40955019,306,0,306,nick/soundtypes.py
40955019,1,0,1,nick/spikesorting/.#testSOM_umat.py
40955019,0,0,0,nick/spikesorting/__init__.py
40955019,76,0,76,nick/spikesorting/clusterfuncs.py
40955019,75,0,75,nick/spikesorting/gmmPCA.py
40955019,356,0,356,nick/spikesorting/kernelTSNE.py
40955019,29,0,29,nick/spikesorting/pcasort.py
40955019,37,0,37,nick/spikesorting/sortfuncs.py
40955019,76,0,76,nick/spikesorting/testPCA.py
40955019,161,0,161,nick/spikesorting/testSOM.py
40955019,38,0,38,nick/spikesorting/testSOM_umat.py
40955019,232,0,232,nick/spikesorting/testTSNE.py
40955019,41,0,41,nick/striatumMuscimolSessions.py
40955019,95,0,95,nick/test002_sortedraster.py
40955019,58,0,58,nick/test003_noise_raster.py
40955019,76,0,76,nick/test006_spikesorting.py
40955019,77,0,77,nick/test007_sortedraster.py
40955019,93,0,93,nick/test008_CNO-tuning-curve.py
40955019,104,0,104,nick/test009_tuning_curve.py
40955019,78,0,78,nick/test010_CNOexperiment_spikes_per_session.py
40955019,99,0,99,nick/test011_tuning-curve-many-trials.py
40955019,46,0,46,nick/test012_PCA.py
40955019,291,0,291,nick/test013_GMM.py
40955019,49,0,49,nick/test014_load_session_spikes.py
40955019,71,0,71,nick/test015_psycurve.py
40955019,96,0,96,nick/test016_4mouse_psycurve.py
40955019,109,0,109,nick/test017_EphysExperiment.py
40955019,67,0,67,nick/test017_top_vs_bottom_intensities.py
40955019,61,0,61,nick/test018_plot_all_intensities_psycurve.py
40955019,21,0,21,nick/test020_ampClusteredSpikeRaster.py
40955019,148,0,148,nick/test021_spikeSorting_raster.py
40955019,24,0,24,nick/test022_binomConfInt.py
40955019,152,0,152,nick/test023_comparePsycurves.py
40955019,117,0,117,nick/test024_multiMousePsyCurve.py
40955019,128,0,128,nick/test026_freq_intensity_TC.py
40955019,107,0,107,nick/test027_freq_intensity_PSTH.py
40955019,108,0,108,nick/test028_psycurve_err_manysessions.py
40955019,66,0,66,nick/test029_plot_percent_correct.py
40955019,99,0,99,nick/test031_freq_intens_raster.py
40955019,86,0,86,nick/test032_plot_tc_heatmap.py
40955019,5,0,5,nick/test033_raster_spike_waveforms.py
40955019,97,0,97,nick/test034_AveragePerfTimeseries.py
40955019,289,0,289,nick/test035_calculatingPsychometricFits.py
40955019,30,0,30,nick/test036_adap023analysis.py
40955019,37,0,37,nick/test036_hitsFalseAlarms.py
40955019,307,0,307,nick/test038_continuousMuscimolAnalysis.py
40955019,26,0,26,nick/test039_testUnilateralInjectionPerformance.py
40955019,44,0,44,nick/test040_debugclusteringSiliconProbes.py
40955019,5,0,5,nick/test041_testImportingInforecFiles.py
40955019,92,0,92,nick/test042_fittedOverallMuscimolPerformance.py
40955019,231,0,231,nick/test043_contChannelsSiliconProbes.py
40955019,90,0,90,nick/test044_DACpsychometric.py
40955019,122,0,122,nick/test045_dacACInactivations.py
40955019,64,0,64,nick/test046_dac_striatumMuscimolData.py
40955019,53,0,53,nick/test048_dac_striatum_allTogether.py
40955019,56,0,56,nick/test050_mcmc_psycurves.py
40955019,191,0,191,nick/test052_muscimolBehaviorAnalysis.py
40955019,191,0,191,nick/test054_nBackLogisticRegression.py
40955019,64,0,64,nick/test19_4mouse_CNOvsSaline_psycurve.py
40955019,86,0,86,nick/testUnequalSalineMuscimolPerformance.py
40955019,107,0,107,nick/tuning_curve_calculations.py
40955019,0,0,0,anna/__init__.py
40955019,414,0,414,anna/test001_tone_am_client.py
40955019,0,0,0,__init__.py
40955019,89,0,89,santiago/test001_lfp_average.py
40955019,79,0,79,santiago/test002_simple_gui.py
40955019,133,0,133,santiago/test003_perf_each_session_lesion.py
40955019,35,0,35,santiago/test004_spikesorting.py
40955019,26,0,26,santiago/test005_get_spikes_one_cluster.py
40955019,164,0,164,santiago/test006_psycurves_prepost_lesion.py
40955019,64,0,64,santiago/test007_fixing_cluster_report.py
40955019,81,0,81,santiago/test008_rasterplotmodule.py
40955019,69,0,69,santiago/test009_test_psycurves.py
40955019,64,0,64,santiago/test010_dailyreport.py
40955019,41,0,41,santiago/test011_cuedreport.py
40955019,124,0,124,santiago/test012_raster_per_cond.py
40955019,66,0,66,santiago/test013_click_raster.py
40955019,127,0,127,santiago/test014_tuning_raster.py
40955019,44,0,44,santiago/test015_contdata_laser.py
40955019,75,0,75,santiago/test016_laser_train_raster.py
40955019,138,0,138,santiago/test017_tuning_raster_per_cluster.py
40955019,36,0,36,santiago/test018_cued_learningcurve.py
40955019,131,0,131,santiago/test019_cued_perfeachcond.py
40955019,91,0,91,santiago/test020_responsiveness.py
40955019,126,0,126,santiago/test021_raster_per_block.py
40955019,52,0,52,santiago/test022_psycurve_cued.py
40955019,58,0,58,santiago/test023_psy_cued_manysessions.py
40955019,87,0,87,santiago/test024_overlaygrid.py
40955019,74,0,74,santiago/test025_measure_in_grid.py
40955019,11,0,11,santiago/test026_grid_withArmand.py
40955019,119,0,119,santiago/test027_d1pi_examples_for_santiago.py
40955019,100,0,100,santiago/test028_group_rew_change.py
40955019,121,0,121,santiago/test029_skippedtrials.py
40955019,54,0,54,santiago/test030_fixskippedtrials.py
40955019,102,0,102,santiago/test031_translate_allcells.py
40955019,44,0,44,santiago/test032_example_read_bdata.py
40955019,80,0,80,santiago/test033_spikeshape.py
40955019,32,0,32,santiago/test034_spikepeaks.py
40955019,51,0,51,santiago/test035_figure_layout.py
40955019,37,0,37,santiago/test036_pyo_sounds.py
40955019,22,0,22,santiago/videotracking/test001_loadvideo.py
40955019,30,0,30,santiago/videotracking/test002_removebg.py
40955019,24,0,24,santiago/videotracking/test003_bettersubtractbg.py
40955019,51,0,51,santiago/videotracking/test004_colordetect.py
40955019,57,0,57,santiago/videotracking/test005_colortrack.py
40955019,51,0,51,santiago/videotracking/test006_colortrack.py
40955019,24,0,24,santiago/videotracking/test007_removebgcolor.py
35149818,0,0,0,{Lintcode => Categories/BFS}/137.Clone_Graph.py
35149818,0,0,0,{Lintcode => Categories/BFS}/598.Zombie_in_Matrix.py
35149818,0,0,0,{Lintcode => Categories/BFS}/611.Knight_Shortest_Path.py
35149818,0,0,0,{Lintcode => Categories/BFS}/616.Course_Schedule_II.py
35149818,0,0,0,{Lintcode => Categories/BFS}/RR_121.Word_Ladder_II.py
35149818,0,0,0,{Lintcode => Categories/BFS}/RR_178.Graph_Valid_Tree.py
35149818,0,0,0,{Lintcode => Categories/BFS}/R_573.Build_Post_Office_II.py
35149818,0,0,0,{Company/Amazon => Categories/BFS}/R__200.Number_of_Islands.py
35149818,0,0,0,{Lintcode => Categories/Backtracking}/RR_136.Palindrome_Partitioning.py
35149818,0,0,0,{Lintcode => Categories/Backtracking}/RR_582.Word_Break_II.py
35149818,0,0,0,{Company/Linkedin => Categories/Backtracking}/R__254.Factor_Combinations.py
35149818,0,0,0,{Lintcode => Categories/Binary_Search}/14.First_Position_of_Target.py
35149818,0,0,0,{Lintcode => Categories/Binary_Search}/458.Last_Position_of_Target.py
35149818,0,0,0,{Lintcode => Categories/Binary_Search}/75.Find_Peak_Element.py
35149818,0,0,0,{Lintcode => Categories/Binary_Search}/RR_143.Sort_Colors_II.py
35149818,0,0,0,{Lintcode => Categories/Binary_Search}/R__183.Wood_Cut.py
35149818,0,0,0,{Lintcode => Categories/Binary_Search}/R__447.Search_in_a_Big_Sorted_Array.py
35149818,0,0,0,{Lintcode => Categories/Binary_Search}/R__587.Two_Sum-Unique_pairs.py
35149818,0,0,0,{Lintcode => Categories/DFS}/596.Minimum_Subtree.py
35149818,0,0,0,{Company/Amazon => Categories/DFS}/L_628.Maximum_Subtree.py
35149818,0,0,0,{Company/Linkedin => Categories/DFS}/RR_364.Nested_List_Weight_Sum_II.py
35149818,0,0,0,{Lintcode => Categories/DFS}/R_578.Lowest_Common_Ancestor_III.py
35149818,0,0,0,{Lintcode => Categories/DFS}/R_597.Subtree_with_Maximum_Average.py
35149818,0,0,0,{Lintcode => Categories/DP}/109.Triangle.py
35149818,0,0,0,{Lintcode => Categories/DP}/111.Climbing_Stairs.py
35149818,0,0,0,{Lintcode => Categories/DP}/115.Unique_Paths_II.py
35149818,0,0,0,{Company/Linkedin => Categories/DP}/256.Paint_House.py
35149818,0,0,0,{Lintcode => Categories/DP}/RRR513.Perfect_Squares.py
35149818,0,0,0,{Lintcode => Categories/DP}/RR_76.Longest_Increasing_Subsequence.py
35149818,0,0,0,{Lintcode => Categories/DP}/R__116.Jump_Game.py
35149818,0,0,0,{Lintcode => Categories/DP}/R__603.Largest_Divisible_Subset.py
35149818,0,0,0,{Lintcode => Categories/Hash}/129.Rehashing.py
35149818,0,0,0,{Lintcode => Categories/Hash}/RRR594.strStr_II.py
35149818,0,0,0,{Company/Linkedin => Categories/Hash}/RR_205.Isomorphic_Strings.py
35149818,0,0,0,{Lintcode => Categories/Hash}/R__128.Hash_Function.py
35149818,0,0,0,{Company/Amazon => Categories/Hash}/R__387.First_Unique_Character_in_a_String.py
35149818,0,0,0,{Lintcode => Categories/Heap}/104.Merge_k_Sorted_Lists.py
35149818,0,0,0,{Lintcode => Categories/Heap}/544.Top_k_Largest_Numbers.py
35149818,0,0,0,{Lintcode => Categories/Heap}/606.Kth_Largest_Element_II.py
35149818,0,0,0,{Lintcode => Categories/Heap}/613.High_Five.py
35149818,0,0,0,{Company/Amazon => Categories/Heap}/L_612.K_Closest_Points.py
35149818,0,0,0,{Company/Amazon => Categories/Heap}/L_613.High_Five.py
35149818,0,0,0,{Lintcode => Categories/Heap}/R__4.Ugly_Number_II.py
35149818,0,0,0,{Lintcode => Categories/Heap}/R__612.K_Closest_Points.py
35149818,0,0,0,"{Company/Linkedin => Categories/Math}/RR_50.Pow(x, n).py"
35149818,45,7,52,{Company/Amazon => Categories/No_Fucking_Clue}/L_105.Copy_List_with_Random_Pointer.py
35149818,0,0,0,{Company/Amazon => Categories/No_Fucking_Clue}/L_627.Longest_Palindrome.py
35149818,0,0,0,{Company/Linkedin => Categories/No_Fucking_Clue}/RRR244.Shortest_Word_Distance_II.py
35149818,0,0,0,{Lintcode => Categories/No_Fucking_Clue}/RRR437.Copy_Books.py
35149818,0,0,0,{Company/Amazon => Categories/No_Fucking_Clue}/R__146.LRU_Cache.py
35149818,0,0,0,{Company/Amazon => Categories/No_Fucking_Clue}/R__238.Product_of_Array_Except_Self.py
35149818,0,0,0,{Lintcode => Categories/No_Fucking_Clue}/R__599.Insert_into_a_Cyclic_Sorted_List.py
35149818,0,0,0,{Company/Amazon => Categories/No_Fucking_Clue}/R__L_626.Rectangle_Overlap.py
35149818,0,0,0,{Company/Linkedin => Categories/Q}/339.Nested_List_Weight_Sum.py
35149818,0,0,0,{Lintcode => Categories/Sorting}/RRR139.Subarray_Sum_Closest.py
35149818,0,0,0,{Company/Amazon => Categories/Stack}/20.Valid_Parentheses.py
35149818,0,0,0,{Lintcode => Categories/Stack}/528.Flatten_Nested_List_Iterator.py
35149818,0,0,0,{Lintcode => Categories/Stack}/551.Nested_List_Weight_Sum.py
35149818,0,0,0,{Lintcode => Categories/Stack}/RR_575.Expression_Expand.py
35149818,0,0,0,{Lintcode => Categories/Two_Pointers}/533.Two_Sum-Closest_to_target.py
35149818,0,0,0,{Lintcode => Categories/Two_Pointers}/R__148.Sort_Colors.py
35149818,0,0,0,{Lintcode => Categories/Two_Pointers}/R__31.Partition_Array.py
35149818,0,0,0,{Company/Linkedin => Categories/Two_sum_series}/R__170.Two_Sum_III-Data_structure_design.py
35149818,0,0,0,{Lintcode => Categories/Window}/604.Window_Sum.py
35149818,0,0,0,{Company/Amazon => Categories/Window}/L_604.Window_Sum.py
35149818,0,0,0,{Company/Amazon => Categories/Window}/R__239.Sliding_Window_Maximum.py
35149818,0,53,53,Company/Amazon/L_616.Course_Schedule_II.py
35149818,0,92,92,Company/Amazon/RRR_L_629.Minimum_Spanning_Tree.py
35149818,0,76,76,Company/Amazon/R__138.Copy_List_with_Random_Pointer.py
35149818,90,1,91,Disgusting/RRR4.Median_of_Two_Sorted_Arrays.py
35149818,0,155,155,Q/L_131.Building_Outline.py
35149818,36,0,36,Categories/Math/168.Excel_Sheet_Column_Title.py
35149818,45,0,45,Categories/Math/7.Reverse_Integer.py
35149818,48,0,48,Categories/Math/9.Palindrome_Number.py
35149818,84,0,84,Categories/BFS/130.Surrounded_Regions.py
35149818,1,0,1,Lintcode/R__148.Sort_Colors.py
35149818,1,1,2,DS/Tree/Hard/R__145.Binary_Tree_Postorder_Traversal.py
35149818,3,0,3,DS/Tree/Medium/R__94.Binary_Tree_Inorder_Traversal.py
35149818,40,0,40,Categories/Stack/RR_First_Greater_Element_On_The_Right.py
35149818,5,1,6,Categories/Bit/RRR_371.Sum_of_Two_Integers.py
35149818,42,0,42,Categories/Bit/RRR_371.Sum_of_Two_Integers.py
35149818,80,0,80,Categories/Range/RRR_253.Meeting_Rooms_II.py
35149818,56,0,56,Categories/No_Fucking_Clue/RR_628.Maximum_Product_of_Three_Numbers.py
35149818,29,0,29,Categories/Backtracking/RR_140.Word_Break_II.py
35149818,53,0,53,Categories/Backtracking/RR_140.Word_Break_II.py
35149818,50,0,50,Categories/Q/637.Average_of_Levels_in_Binary_Tree.py
35149818,71,0,71,Categories/Hash/R__500.Keyboard_Row.py
35149818,47,0,47,Categories/Bit/R__476.Number_Complement.py
35149818,2,1,3,Categories/Binary_Search/RRRR4.Median_of_Two_Sorted_Arrays.py
35149818,89,0,89,Categories/Binary_Search/RRRR4.Median_of_Two_Sorted_Arrays.py
35149818,68,0,68,Categories/Traversal/RR_498.Diagonal_Traverse.py
35149818,151,0,151,Categories/LinkedList/RR_460.LFU_Cache.py
35149818,13,0,13,Categories/Backtracking/R__131.Palindrome_Partitioning.py
35149818,48,0,48,Categories/Two_Pointers/392.Is_Subsequence.py
35149818,72,0,72,Categories/Binary_Search/RR_392.Is_Subsequence.py
35149818,41,0,41,Categories/DP/322.Coin_Change.py
35149818,113,0,113,Categories/No_Fucking_Clue/R__468.Validate_IP_Address.py
35149818,74,0,74,Templates/Segment_Tree.py
35149818,122,0,122,Categories/Segment_Tree/R__307.Range_Sum_Query__Mutable.py
35149818,33,0,33,Categories/No_Fucking_Clue/491.Increasing_Subsequences.py
35149818,41,0,41,Categories/Backtracking/R__491.Increasing_Subsequences.py
35149818,41,0,41,Categories/Backtracking/17.Letter_Combinations_of_a_Phone_Number.py
35149818,34,0,34,Categories/Q/R__17.Letter_Combinations_of_a_Phone_Number.py
35149818,71,0,71,Categories/Window/R__438.Find_All_Anagrams_in_a_String.py
35149818,70,0,70,Categories/LinkedList/RR_143.Reorder_List.py
35149818,42,0,42,Categories/LinkedList/203.Remove_Linked_List_Elements.py
35149818,36,0,36,Categories/LinkedList/83.Remove_Duplicates_from_Sorted_List.py
35149818,52,0,52,Categories/Sorting/RRR_347._Top_K_Frequent_Elements.py
35149818,60,0,60,Categories/No_Fucking_Clue/RRR_8.String_to_Integer_(atoi).py
35149818,125,0,125,Categories/LinkedList/R__445.Add_Two_Numbers_II.py
35149818,36,0,36,Categories/DP/R__139.Word_Break.py
35149818,33,3,36,Categories/No_Fucking_Clue/541.Reverse_String_II.py
35149818,53,0,53,Categories/No_Fucking_Clue/541.Reverse_String_II.py
35149818,21,0,21,Categories/System_Design/RR_535.Encode_and_Decode_TinyURL.py
35149818,73,0,73,Categories/System_Design/RR_535.Encode_and_Decode_TinyURL.py
35149818,49,0,49,Categories/Hash/R__49.Group_Anagrams.py
35149818,43,0,43,Categories/Two_Pointers/R__350.Intersection_of_Two_Arrays_II.py
35149818,45,0,45,Categories/Binary_Search/R__349.Intersection_of_Two_Arrays.py
35149818,42,0,42,Categories/LinkedList/R__142.Linked_List_Cycle_II.py
35149818,33,0,33,Categories/LinkedList/141.Linked_List_Cycle.py
35149818,38,0,38,Categories/No_Fucking_Clue/RR_179.Largest_Number.py
35149818,68,0,68,Categories/LinkedList/R__24.Swap_Nodes_in_Pairs.py
35149818,44,0,44,Categories/Sorting/R__451.Sort_Characters_By_Frequency.py
35149818,76,0,76,Categories/Sorting/R__451.Sort_Characters_By_Frequency.py
35149818,0,80,80,Categories/No_Fucking_Clue/R__163.Missing_Ranges.py
35149818,80,0,80,Categories/Range/R__163.Missing_Ranges.py
35149818,80,0,80,Categories/No_Fucking_Clue/R__163.Missing_Ranges.py
35149818,8,10,18,Categories/Heap/RRRR_218.The_Skyline_Problem.py
35149818,39,0,39,Templates/Heap_With_Delete.py
35149818,118,0,118,Categories/Heap/RRRR_218.The_Skyline_Problem.py
35149818,8,1,9,Categories/DP/RRR_LC_486+L_396.Coins_in_a_Line_III.py
35149818,26,0,26,Categories/DP/RRR_LC_486+L_396.Coins_in_a_Line_III.py
35149818,1,0,1,Categories/DP/RRR_LC_486+L_396.Coins_in_a_Line_III.py
35149818,28,0,28,Categories/DP/RRR_LC_486+L_396.Coins_in_a_Line_III.py
35149818,51,0,51,Categories/Stack/R__155+L_12.Min_Stack.py
35149818,64,0,64,Categories/DP/279.Perfect_Squares.py
35149818,76,0,76,Categories/Union_Find/R__L_434.Number_of_Islands_II.py
35149818,44,0,44,Categories/Window/346.Moving_Average_from_Data_Stream.py
35149818,87,0,87,Categories/Prefix_Sum/308.Range_Sum_Query_2D-Mutable.py
35149818,29,0,29,Categories/Window/340.Longest_Substring_with_At_Most K_Distinct_Characters.py
35149818,42,0,42,Categories/Window/340.Longest_Substring_with_At_Most K_Distinct_Characters.py
35149818,28,0,28,Categories/Stack/RR_388.Longest_Absolute_File_Path.py
35149818,66,0,66,Categories/Stack/RR_388.Longest_Absolute_File_Path.py
35149818,64,0,64,Categories/No_Fucking_Clue/RRR_68.Text_Justification.py
35149818,9,1,10,Categories/No_Fucking_Clue/RRR_65.Valid_Number.py
35149818,86,0,86,Categories/No_Fucking_Clue/RRR_65.Valid_Number.py
35149818,82,0,82,Categories/Math/RRR_149.Max_Points_on_a_Line.py
35149818,54,0,54,Categories/Range/RRR_57.Insert_Interval.py
35149818,8,17,25,Categories/Window/R__76._Minimum_Window_Substring.py
35149818,75,0,75,Categories/Window/R__76._Minimum_Window_Substring.py
35149818,60,0,60,Categories/Stack/R__150.Evaluate_Reverse_Polish_Notation.py
35149818,59,0,59,Categories/Backtracking/RR_464.Can_I_Win.py
35149818,51,0,51,Categories/No_Fucking_Clue/RR_311.Sparse_Matrix_Multiplication.py
35149818,62,0,62,Categories/Binary_Search/RRR_L_404.Subarray_Sum_II.py
35149818,90,0,90,Categories/Prefix_Sum/R__L_558.Sliding_Window_Matrix_Maximum.py
35149818,63,0,63,Categories/Prefix_Sum/RR_L_403.Continuous_Subarray_Sum_II.py
35149818,37,0,37,Categories/Prefix_Sum/R__L_402.Continuous_Subarray_Sum.py
35149818,54,0,54,Categories/Prefix_Sum/L_405.Submatrix_Sum.py
35149818,88,0,88,Categories/DP/RRR_L_430.Scramble_String.py
35149818,76,0,76,Categories/Backtracking/R__L_430.Scramble_String.py
35149818,91,0,91,Categories/Trie/RRR_L_623.K Edit_Distance.py
35149818,17,0,17,Categories/DP/R__L_119+LC_72.Edit_Distance.py
35149818,41,0,41,Categories/DP/R__L_119+LC_72.Edit_Distance.py
35149818,41,0,41,Categories/DP/R__L_77.Longest_Common_Subsequence.py
35149818,46,0,46,Categories/DP/RRR_L_92.Backpack.py
35149818,54,0,54,Categories/DP/RRR_L_593.Stone_Game_II.py
35149818,1,0,1,Lintcode/RRR513.Perfect_Squares.py
35149818,32,0,32,Categories/DP/RRR_L_168.Burst_Balloons.py
35149818,64,0,64,Categories/DP/RRR_L_168.Burst_Balloons.py
35149818,61,0,61,Categories/Backtracking/RRR_L_476.Stone_Game.py
35149818,51,0,51,Categories/DP/RRR_L_396.Coins_in_a_Line_III.py
35149818,50,0,50,Categories/Backtracking/RRR_L_396.Coins_in_a_Line_III.py
35149818,47,0,47,Categories/DP/RRR_L_395.Coins_in_a_Line_II.py
35149818,155,0,155,Q/L_131.Building_Outline.py
35149818,51,0,51,Categories/DP/RRR_L_394.Coins_in_a_Line.py
35149818,1,1,2,Categories/Backtracking/RRR_L_398.Longest_Increasing_Continuous_subsequence_II.py
35149818,58,0,58,Categories/Backtracking/RRR_L_398.Longest_Increasing_Continuous_subsequence_II.py
35149818,45,0,45,Categories/Binary_Search/RR_L_76+LC_300.Longest_Increasing_Subsequence.py
35149818,67,0,67,Categories/Two_Pointers/RRR_L_200+LC_5.Longest_Palindromic_Substring.py
35149818,47,0,47,Categories/DP/R_L_200+LC_5.Longest_Palindromic_Substring.py
35149818,46,0,46,Categories/DP/L_397.Longest_Increasing_Continuous_Subsequence.py
35149818,101,0,101,Categories/Binary_Search/RRR_L_390.Find_Peak_Element_II.py
35149818,59,0,59,Categories/Binary_Search/RR_L_586.Sqrt(x)_II.py
35149818,23,0,23,Categories/Math/RRR_69.Sqrt(x).py
35149818,34,0,34,Categories/Binary_Search/69.Sqrt(x).py
35149818,66,0,66,Categories/Bit/RR_L_414_LC_29.Divide_Two_Integers.py
35149818,139,0,139,Categories/Heap/RRR_L_360+LC_480.Sliding_Window_Median.py
35149818,125,0,125,Categories/Heap/RRR_L_81+LC_295.Find_Median_from_Data_Stream.py
35149818,0,58,58,Categories/Heap/RRR_L_81.Data_Stream_Median.py
35149818,58,0,58,Categories/Heap/RRR_L_81.Data_Stream_Median.py
35149818,53,0,53,Categories/Stack/RRR_L_126.Max_Tree.py
35149818,54,0,54,Categories/Stack/RRR_L_510.Maximal_Rectangle.py
35149818,35,0,35,Categories/DP/R__L_436.Maximal_Square.py
35149818,52,0,52,Categories/DP/R__L_436.Maximal_Square.py
35149818,85,0,85,Categories/Pour_Water/RRR407.Trapping_Rain_Water_II.py
35149818,2,1,3,Categories/Stack/RRR84.Largest_Rectangle_in_Histogram.py
35149818,44,0,44,Categories/Stack/RRR84.Largest_Rectangle_in_Histogram.py
35149818,47,0,47,Categories/Two_Pointers/RR_42.Trapping_Rain_Water.py
35149818,33,0,33,Categories/Stack/RR_42.Trapping_Rain_Water.py
35149818,77,0,77,Categories/BFS/R__127.Word_Ladder.py
35149818,0,65,65,Categories/Binary_Search/NOT_DONE_R__34.Search_for_a_Range.py
35149818,181,0,181,Categories/Binary_Search/R__34.Search_for_a_Range.py
35149818,65,0,65,Categories/Binary_Search/NOT_DONE_R__34.Search_for_a_Range.py
35149818,102,0,102,Categories/Hash/RR_187.Repeated_DNA_Sequences.py
35149818,73,0,73,Categories/DP/RRR_L_581.Longest_Repeating_Subsequence.py
35149818,96,0,96,Categories/LinkedList/RR_160.Intersection_of_Two_Linked_Lists.py
35149818,119,0,119,Categories/Trie/R__L_132.Word_Search_II.py
35149818,85,0,85,Categories/Union_Find/R__L_434.Number_of_Islands_II.py
35149818,83,0,83,Categories/Union_Find/L_432.Find_the_Weak_Connected_Component_in_the_Directed_Graph.py
35149818,77,1,78,Company/Amazon/RRR_L_629.Minimum_Spanning_Tree.py
35149818,92,0,92,Categories/Union_Find/RRR_L_629.Minimum_Spanning_Tree.py
35149818,16,0,16,Company/Amazon/RRR_L_629.Minimum_Spanning_Tree.py
35149818,1,1,2,Categories/BFS/L_431.Connected_Component_in_Undirected_Graph.py
35149818,67,0,67,Categories/BFS/L_431.Connected_Component_in_Undirected_Graph.py
35149818,30,0,30,Templates/Union_Find.py
35149818,63,0,63,Categories/Union_Find/L_431.Connected_Component_in_Undirected_Graph.py
35149818,56,0,56,Templates/Union_Find.py
35149818,88,0,88,Categories/Trie/R__L_473.Add_and_Search_Word.py
35149818,47,0,47,Categories/Stack/L_494.Implement_Queue_by_Two_Stacks.py
35149818,56,0,56,Categories/Union_Find/L_178.Graph_Valid_Tree.py
35149818,52,0,52,Categories/Stack/L_12.Min_Stack.py
35149818,65,0,65,Categories/Sorting/R__L_391.Number_of_Airplanes_in_the_Sky.py
35149818,29,0,29,Categories/Range/495.Teemo_Attacking.py
35149818,60,0,60,Categories/Range/56.Merge_Intervals.py
35149818,51,0,51,Categories/Range/RR_370.Range_Addition.py
35149818,56,0,56,Categories/Range/L_391.Number_of_Airplanes_in_the_Sky.py
35149818,88,0,88,Categories/Union_Find/R__L_433.Number_of_Islands.py
35149818,65,0,65,Categories/Union_Find/L_591.Connecting_Graph_III.py
35149818,73,0,73,Categories/Union_Find/R__L_590.Connecting_Graph_II.py
35149818,60,0,60,Categories/Union_Find/L_589.Connecting_Graph.py
35149818,20,1,21,Templates/Union_Find.py
35149818,67,0,67,Templates/Trie.py
35149818,1,0,1,Templates/Union_Find.py
35149818,1,0,1,Templates/Trie.py
35149818,48,0,48,Categories/Kth_Smallest_Biggest/R__23.Merge_k_Sorted_Lists.py
35149818,42,0,42,Categories/Sorting/23.Merge_k_Sorted_Lists.py
35149818,49,0,49,Categories/BFS/515.Find_Largest_Value_in_Each_Tree_Row.py
35149818,8,7,15,Categories/DP/198.House_Robber.py
35149818,27,0,27,Categories/DP/198.House_Robber.py
35149818,37,0,37,Categories/Math/R__367.Valid_Perfect_Square.py
35149818,44,0,44,Categories/Binary_Search/367.Valid_Perfect_Square.py
35149818,63,0,63,Company/Amazon/L_105.Copy_List_with_Random_Pointer.py
35149818,61,0,61,Company/Amazon/L_612.K_Closest_Points.py
35149818,48,0,48,Company/Amazon/L_613.High_Five.py
35149818,53,0,53,Company/Amazon/L_616.Course_Schedule_II.py
35149818,29,0,29,Company/Amazon/L_604.Window_Sum.py
35149818,38,0,38,Company/Amazon/L_627.Longest_Palindrome.py
35149818,47,0,47,Company/Amazon/L_628.Maximum_Subtree.py
35149818,44,0,44,Company/Amazon/R__L_626.Rectangle_Overlap.py
35149818,2,1,3,DS/Array/Easy/35.Search_Insert_Position.py
35149818,42,0,42,Categories/Slow_Fast_Pointers/L_386.Longest_Substring_with_At_Most_K_Distinct_Characters.py
35149818,2,0,2,DS/Array/Medium/RR_209.Minimum_Size_Subarray_Sum.py
35149818,25,0,25,Categories/Slow_Fast_Pointers/R__3.Longest_Substring_Without_Repeating_Characters.py
35149818,41,0,41,Categories/Slow_Fast_Pointers/R__3.Longest_Substring_Without_Repeating_Characters.py
35149818,9,0,9,DS/Array/Medium/RR_209.Minimum_Size_Subarray_Sum.py
35149818,43,0,43,Categories/Sorting/Quick_Sort.py
35149818,43,0,43,Disgusting/RRR215.Kth_Largest_Element_in_an_Array.py
35149818,43,0,43,Categories/Partition/RRR215.Kth_Largest_Element_in_an_Array.py
35149818,30,0,30,Categories/Binary_Search/R__441.Arranging_Coins.py
35149818,18,0,18,Categories/Two_sum_series/R__L_382.Triangle_Count.py
35149818,14,0,14,Categories/Kth_Smallest_Biggest/RR_L_465.Kth_Smallest_Sum_In_Two_Sorted_Arrays.py
35149818,15,0,15,Categories/Kth_Smallest_Biggest/RR_378.Kth_Smallest_Element_in_a_Sorted_Matrix.py
35149818,8,0,8,Categories/Kth_Smallest_Biggest/L_543.Kth_Largest_in_N_Arrays.py
35149818,24,0,24,Categories/Two_sum_series/R__L_382.Triangle_Count.py
35149818,22,0,22,Categories/Two_sum_series/L_443.Two_Sum-Greater_than_target.py
35149818,19,0,19,Categories/Kth_Smallest_Biggest/L_543.Kth_Largest_in_N_Arrays.py
35149818,50,0,50,Categories/Kth_Smallest_Biggest/RR_L_465.Kth_Smallest_Sum_In_Two_Sorted_Arrays.py
35149818,22,0,22,Categories/Kth_Smallest_Biggest/215.Kth_Largest_Element_in_an_Array.py
35149818,46,1,47,Categories/Binary_Search/RRR378.Kth_Smallest_Element_in_a_Sorted_Matrix.py
35149818,4,1,5,Categories/Binary_Search/RRR378.Kth_Smallest_Element_in_a_Sorted_Matrix.py
35149818,41,0,41,Categories/Binary_Search/RRR378.Kth_Smallest_Element_in_a_Sorted_Matrix.py
35149818,0,0,0,Categories/{ => Kth_Smallest_Biggest}/RR_378.Kth_Smallest_Element_in_a_Sorted_Matrix.py
35149818,36,0,36,Categories/RR_378.Kth_Smallest_Element_in_a_Sorted_Matrix.py
35149818,0,0,0,{Backtracking => Categories/Backtracking}/R__131.Palindrome_Partitioning.py
35149818,0,0,0,{Binary_Search => Categories/Binary_Search}/R__441.Arranging_Coins.py
35149818,0,0,0,{Easy => Categories/No_Fucking_Clue}/R__292.Nim_Game.py
35149818,0,0,0,{Sorting => Categories/Sorting}/Bubble_Sort.py
35149818,0,0,0,{Sorting => Categories/Sorting}/Insertion_Sort.py
35149818,0,0,0,{Sorting => Categories/Sorting}/Merge_Sort.py
35149818,0,0,0,{Sorting => Categories/Sorting}/Quick_Sort.py
35149818,0,0,0,{Sorting => Categories/Sorting}/Tim_Sort.py
35149818,0,0,0,{Array => DS/Array}/Easy/217.Contains_Duplicate.py
35149818,0,0,0,{Array => DS/Array}/Easy/219.Contains_Duplicate_II.py
35149818,0,0,0,{Array => DS/Array}/Easy/27.Remove_Element.py
35149818,0,0,0,{Array => DS/Array}/Easy/35.Search_Insert_Position.py
35149818,0,0,0,{Array => DS/Array}/Easy/485.Max_Consecutive_Ones.py
35149818,0,0,0,{Array => DS/Array}/Easy/RRR_121.Best_Time_to_Buy_and_Sell_Stock.py
35149818,0,0,0,{Array => DS/Array}/Easy/RR_448.Find_All_Numbers_Disappeared_in_an_Array.py
35149818,0,0,0,{Array => DS/Array}/Easy/RR_88.Merge_Sorted_Array.py
35149818,0,0,0,{Easy => DS/Array/Easy}/R__1.Two_Sum.py
35149818,0,0,0,{Array => DS/Array}/Easy/R__118.Pascal's_Triangle.py
35149818,0,0,0,{Array => DS/Array}/Easy/R__119.Pascal's_Triangle_II.py
35149818,0,0,0,{Array => DS/Array}/Easy/R__169.Majority_Element.py
35149818,0,0,0,{Array => DS/Array}/Easy/R__189.Rotate_Array.py
35149818,0,0,0,{Array => DS/Array}/Easy/R__243.Shortest_Word_Distance.py
35149818,0,0,0,{Array => DS/Array}/Easy/R__26.Remove_Duplicates_from_Sorted_Array.py
35149818,0,0,0,{Array => DS/Array}/Easy/R__268.Missing_Number.py
35149818,0,0,0,{Array => DS/Array}/Easy/R__283.Move_Zeroes.py
35149818,0,0,0,{Array => DS/Array}/Easy/R__414.Third_Maximum_Number.py
35149818,0,0,0,{Array => DS/Array}/Easy/R__66.Plus_One.py
35149818,0,0,0,{Array => DS/Array}/Hard/RRR123.Best_Time_to_Buy_and_Sell_Stock_III.py
35149818,0,0,0,{Array => DS/Array}/Hard/RR_33.Search_in_Rotated_Sorted_Array.py
35149818,0,0,0,{Array => DS/Array}/Medium/106.Construct_Binary_Tree_from_Inorder_and_Postorder_Traversal.py
35149818,0,0,0,{Array => DS/Array}/Medium/120.Triangle.py
35149818,0,0,0,{Array => DS/Array}/Medium/122.Best_Time_to_Buy_and_Sell_Stock_II.py
35149818,0,0,0,{Array => DS/Array}/Medium/162.Find_Peak_Element.py
35149818,0,0,0,{Array => DS/Array}/Medium/245.Shortest_Word_Distance_III.py
35149818,0,0,0,{Array => DS/Array}/Medium/495.Teemo_Attacking.py
35149818,0,0,0,{Array => DS/Array}/Medium/56.Merge_Intervals.py
35149818,0,0,0,{Array => DS/Array}/Medium/59.Spiral_Matrix_II.py
35149818,0,0,0,{Array => DS/Array}/Medium/64.Minimum_Path_Sum.py
35149818,0,0,0,{Array => DS/Array}/Medium/79.Word_Search.py
35149818,0,0,0,{Array => DS/Array}/Medium/RRR11.Container_With_Most_Water.py
35149818,0,0,0,{Array => DS/Array}/Medium/RRR287.Find_the_Duplicate_Number.py
35149818,0,0,0,{Array => DS/Array}/Medium/RRR31.Next_Permutation.py
35149818,0,0,0,{Array => DS/Array}/Medium/RRR53.Maximum_Subarray.py
35149818,0,0,0,{Array => DS/Array}/Medium/RR_152.Maximum_Product_Subarray.py
35149818,0,0,0,{Array => DS/Array}/Medium/RR_209.Minimum_Size_Subarray_Sum.py
35149818,0,0,0,{Array => DS/Array}/Medium/RR_229.Majority_Element_II.py
35149818,0,0,0,{Array => DS/Array}/Medium/RR_259.3Sum_Smaller.py
35149818,0,0,0,{Array => DS/Array}/Medium/RR_277.Find_the_Celebrity.py
35149818,0,0,0,{Array => DS/Array}/Medium/RR_370.Range_Addition.py
35149818,0,0,0,{Array => DS/Array}/Medium/RR_39.Combination_Sum.py
35149818,0,0,0,{Array => DS/Array}/Medium/RR_54.Spiral_Matrix.py
35149818,0,0,0,{Array => DS/Array}/Medium/R__15.3Sum.py
35149818,0,0,0,{Array => DS/Array}/Medium/R__153.Find_Minimum_in_Rotated_Sorted_Array.py
35149818,0,0,0,{Array => DS/Array}/Medium/R__16.3Sum_Closest.py
35149818,0,0,0,{Array => DS/Array}/Medium/R__167.Two_Sum_II-Input_array_is_sorted.py
35149818,0,0,0,{Array => DS/Array}/Medium/R__18.4Sum.py
35149818,0,0,0,{Array => DS/Array}/Medium/R__216.Combination_Sum_III.py
35149818,0,0,0,{Array => DS/Array}/Medium/R__228.Summary_Ranges.py
35149818,0,0,0,{Array => DS/Array}/Medium/R__289.Game_of_Life.py
35149818,0,0,0,{Array => DS/Array}/Medium/R__40.Combination_Sum_II.py
35149818,0,0,0,{Array => DS/Array}/Medium/R__442.Find_All_Duplicates_in_an_Array.py
35149818,0,0,0,{Array => DS/Array}/Medium/R__46.Permutations.py
35149818,0,0,0,{Array => DS/Array}/Medium/R__47.Permutations_II.py
35149818,0,0,0,{Array => DS/Array}/Medium/R__48.Rotate_Image.py
35149818,0,0,0,{Array => DS/Array}/Medium/R__62.Unique_Paths.py
35149818,0,0,0,{Array => DS/Array}/Medium/R__73.Set_Matrix_Zeroes.py
35149818,0,0,0,{Array => DS/Array}/Medium/R__78.Subsets.py
35149818,0,0,0,{Array => DS/Array}/Medium/R__80.Remove_Duplicates_from_Sorted_Array_II.py
35149818,0,0,0,{Array => DS/Array}/Medium/R__90.Subsets_II.py
35149818,0,0,0,{Easy => DS/Array}/R__136.Single_Number.py
35149818,0,0,0,{Easy => DS/LinkedList}/2.Add_Two_Numbers.py
35149818,0,0,0,{LinkedList => DS/LinkedList}/206.Reverse_Linked_List.py
35149818,0,0,0,{Easy => DS/LinkedList}/R__237.Delete_Node_in_a_Linked_List.py
35149818,0,0,0,{String => DS/String}/125.Valid_Palindrome.py
35149818,0,0,0,{Easy => DS/String}/13.Roman_to_Integer.py
35149818,0,0,0,{String => DS/String}/409.Longest_Palindrome.py
35149818,0,0,0,{String => DS/String}/R__28.Implement_strStr().py
35149818,0,0,0,{Easy => DS/String}/R__344.Reverse_String.py
35149818,0,0,0,{Tree => DS/Tree}/Easy/104.Maximum_Depth_of_Binary_Tree.py
35149818,0,0,0,{Tree => DS/Tree}/Easy/107.Binary_Tree_Level_Order_Traversal_II.py
35149818,0,0,0,{Tree => DS/Tree}/Easy/110.Balanced_Binary_Tree.py
35149818,0,0,0,{Tree => DS/Tree}/Easy/111.Minimum_Depth_of_Binary_Tree.py
35149818,0,0,0,{Tree => DS/Tree}/Easy/112.Path_Sum.py
35149818,0,0,0,{Tree => DS/Tree}/Easy/226.Invert_Binary_Tree.py
35149818,0,0,0,{Tree => DS/Tree}/Easy/257.Binary_Tree_Paths.py
35149818,0,0,0,{Tree => DS/Tree}/Easy/404.Sum_of_Left_Leaves.py
35149818,0,0,0,{Tree => DS/Tree}/Easy/RR_270.Closest_Binary_Search_Tree_Value.py
35149818,0,0,0,{Tree => DS/Tree}/Easy/R__100.Same_Tree.py
35149818,0,0,0,{Tree => DS/Tree}/Easy/R__101.Symmetric_Tree.py
35149818,0,0,0,{Tree => DS/Tree}/Easy/R__102.Binary_Tree_Level_Order_Traversal.py
35149818,0,0,0,{Tree => DS/Tree}/Easy/R__235.Lowest_Common_Ancestor_of_a_Binary_Search_Tree.py
35149818,0,0,0,{Tree => DS/Tree}/Easy/R__437.Path_Sum_III.py
35149818,0,0,0,{Tree => DS/Tree}/Hard/RR_272.Closest_Binary_Search_Tree_Value_II.py
35149818,0,0,0,{Tree => DS/Tree}/Hard/R__117.Populating_Next_Right_Pointers_in_Each_Node_II.py
35149818,0,0,0,{Tree => DS/Tree}/Hard/R__124.Binary_Tree_Maximum_Path_Sum.py
35149818,0,0,0,{Tree => DS/Tree}/Hard/R__145.Binary_Tree_Postorder_Traversal.py
35149818,0,0,0,{Tree => DS/Tree}/Hard/R__297.Serialize_and_Deserialize_Binary_Tree.py
35149818,0,0,0,{Tree => DS/Tree}/Hard/R__99.Recover_Binary_Search_Tree.py
35149818,0,0,0,{Tree => DS/Tree}/Medium/113.Path_Sum_II.py
35149818,0,0,0,{Tree => DS/Tree}/Medium/236.Lowest_Common_Ancestor_of_a_Binary_Tree.py
35149818,0,0,0,{Tree => DS/Tree}/Medium/RRR255.Verify_Preorder_Sequence_in_Binary_Search_Tree.py
35149818,0,0,0,{Tree => DS/Tree}/Medium/RR_285.Inorder_Successor_in_BST.py
35149818,0,0,0,{Tree => DS/Tree}/Medium/RR_333.Largest_BST_Subtree.py
35149818,0,0,0,{Tree => DS/Tree}/Medium/RR_98.Validate_Binary_Search_Tree.py
35149818,0,0,0,{Tree => DS/Tree}/Medium/R__103.Binary_Tree_Zigzag_Level_Order_Traversal.py
35149818,0,0,0,{Tree => DS/Tree}/Medium/R__105.Construct_Binary_Tree_from_Preorder_and_Inorder_Traversal.py
35149818,0,0,0,{Tree => DS/Tree}/Medium/R__106.Construct_Binary_Tree_from_Inorder_and_Postorder_Traversal.py
35149818,0,0,0,{Tree => DS/Tree}/Medium/R__114.Flatten_Binary_Tree_to_Linked_List.py
35149818,0,0,0,{Tree => DS/Tree}/Medium/R__116.Populating_Next_Right_Pointers_in_Each_Node.py
35149818,0,0,0,{Tree => DS/Tree}/Medium/R__129.Sum_Root_to_Leaf_Numbers.py
35149818,0,0,0,{Tree => DS/Tree}/Medium/R__144.Binary_Tree_Preorder_Traversal.py
35149818,0,0,0,{Tree => DS/Tree}/Medium/R__156.Binary_Tree_Upside_Down.py
35149818,0,0,0,{Tree => DS/Tree}/Medium/R__173.Binary_Search_Tree_Iterator.py
35149818,0,0,0,{Tree => DS/Tree}/Medium/R__199.Binary_Tree_Right_Side_View.py
35149818,0,0,0,{Tree => DS/Tree}/Medium/R__222.Count_Complete_Tree_Nodes.py
35149818,0,0,0,{Tree => DS/Tree}/Medium/R__230.Kth_Smallest_Element_in_a_BST.py
35149818,0,0,0,{Tree => DS/Tree}/Medium/R__250.Count_Univalue_Subtrees.py
35149818,0,0,0,{Tree => DS/Tree}/Medium/R__298.Binary_Tree_Longest_Consecutive_Sequence.py
35149818,0,0,0,{Tree => DS/Tree}/Medium/R__337.House_Robber_III.py
35149818,0,0,0,{Tree => DS/Tree}/Medium/R__366.Find_Leaves_of_Binary_Tree.py
35149818,0,0,0,{Tree => DS/Tree}/Medium/R__449.Serialize_and_Deserialize_BST.py
35149818,0,0,0,{Tree => DS/Tree}/Medium/R__450.Delete_Node_in_a_BST.py
35149818,0,0,0,{Tree => DS/Tree}/Medium/R__94.Binary_Tree_Inorder_Traversal.py
35149818,0,0,0,{Tree => DS/Tree}/Medium/R__95.Unique_Binary_Search_Trees_II.py
35149818,0,0,0,{Tree => DS/Tree}/Medium/R__96.Unique_Binary_Search_Trees.py
35149818,0,0,0,{Tree => DS/Tree}/tree_builder.py
35149818,0,0,0,{Q => Disgusting}/RRR123.Best_Time_to_Buy_and_Sell_Stock_III.py
35149818,0,0,0,{Q => Disgusting}/RRR4.Median_of_Two_Sorted_Arrays.py
35149818,59,0,59,"Company/Linkedin/RR_50.Pow(x, n).py"
35149818,26,0,26,Company/Linkedin/R__205.Isomorphic_Strings.py
35149818,27,0,27,Company/Linkedin/R__205.Isomorphic_Strings.py
35149818,46,0,46,Company/Linkedin/R__254.Factor_Combinations.py
35149818,23,0,23,Company/Linkedin/256.Paint_House.py
35149818,69,0,69,Company/Linkedin/RR_364.Nested_List_Weight_Sum_II.py
35149818,45,0,45,Company/Linkedin/R__170.Two_Sum_III-Data_structure_design.py
35149818,49,0,49,Company/Linkedin/RRR244.Shortest_Word_Distance_II.py
35149818,0,0,0,{Amazon => Company/Amazon}/20.Valid_Parentheses.py
35149818,0,0,0,{Amazon => Company/Amazon}/R__138.Copy_List_with_Random_Pointer.py
35149818,0,0,0,{Amazon => Company/Amazon}/R__146.LRU_Cache.py
35149818,0,0,0,{Amazon => Company/Amazon}/R__200.Number_of_Islands.py
35149818,0,0,0,{Amazon => Company/Amazon}/R__238.Product_of_Array_Except_Self.py
35149818,0,0,0,{Amazon => Company/Amazon}/R__239.Sliding_Window_Maximum.py
35149818,0,0,0,{Amazon => Company/Amazon}/R__387.First_Unique_Character_in_a_String.py
35149818,53,0,53,Company/Linkedin/339.Nested_List_Weight_Sum.py
35149818,14,0,14,Lintcode/R__599.Insert_into_a_Cyclic_Sorted_List.py
35149818,11,0,11,Lintcode/R__587.Two_Sum-Unique_pairs.py
35149818,15,0,15,Lintcode/R__447.Search_in_a_Big_Sorted_Array.py
35149818,13,0,13,Lintcode/R__183.Wood_Cut.py
35149818,14,0,14,Lintcode/R__148.Sort_Colors.py
35149818,22,0,22,Lintcode/R__128.Hash_Function.py
35149818,21,0,21,Lintcode/R_597.Subtree_with_Maximum_Average.py
35149818,24,0,24,Lintcode/R_578.Lowest_Common_Ancestor_III.py
35149818,18,0,18,Lintcode/R_573.Build_Post_Office_II.py
35149818,17,0,17,Lintcode/RR_76.Longest_Increasing_Subsequence.py
35149818,15,0,15,Lintcode/RR_178.Graph_Valid_Tree.py
35149818,13,0,13,Lintcode/RR_143.Sort_Colors_II.py
35149818,14,0,14,Lintcode/RR_136.Palindrome_Partitioning.py
35149818,21,0,21,Lintcode/RR_121.Word_Ladder_II.py
35149818,7,0,7,Lintcode/RRR139.Subarray_Sum_Closest.py
35149818,20,0,20,Lintcode/75.Find_Peak_Element.py
35149818,16,0,16,Lintcode/616.Course_Schedule_II.py
35149818,10,0,10,Lintcode/613.High_Five.py
35149818,37,0,37,Lintcode/611.Knight_Shortest_Path.py
35149818,13,0,13,Lintcode/606.Kth_Largest_Element_II.py
35149818,11,0,11,Lintcode/604.Window_Sum.py
35149818,14,0,14,Lintcode/598.Zombie_in_Matrix.py
35149818,19,0,19,Lintcode/596.Minimum_Subtree.py
35149818,8,0,8,Lintcode/551.Nested_List_Weight_Sum.py
35149818,8,0,8,Lintcode/544.Top_k_Largest_Numbers.py
35149818,11,0,11,Lintcode/533.Two_Sum-Closest_to_target.py
35149818,15,0,15,Lintcode/528.Flatten_Nested_List_Iterator.py
35149818,13,0,13,Lintcode/458.Last_Position_of_Target.py
35149818,9,0,9,Lintcode/14.First_Position_of_Target.py
35149818,28,0,28,Lintcode/137.Clone_Graph.py
35149818,37,0,37,Lintcode/129.Rehashing.py
35149818,23,0,23,Lintcode/115.Unique_Paths_II.py
35149818,11,0,11,Lintcode/111.Climbing_Stairs.py
35149818,19,0,19,Lintcode/109.Triangle.py
35149818,16,0,16,Lintcode/104.Merge_k_Sorted_Lists.py
35149818,9,0,9,Lintcode/R__612.K_Closest_Points.py
35149818,13,0,13,Lintcode/R__603.Largest_Divisible_Subset.py
35149818,13,0,13,Lintcode/R__4.Ugly_Number_II.py
35149818,17,0,17,Lintcode/R__31.Partition_Array.py
35149818,23,0,23,Lintcode/R__116.Jump_Game.py
35149818,12,0,12,Lintcode/RR_582.Word_Break_II.py
35149818,10,0,10,Lintcode/RR_575.Expression_Expand.py
35149818,8,0,8,Lintcode/RRR513.Perfect_Squares.py
35149818,13,0,13,Lintcode/RRR437.Copy_Books.py
35149818,22,0,22,String/409.Longest_Palindrome.py
35149818,42,0,42,Array/Medium/59.Spiral_Matrix_II.py
35149818,47,0,47,Array/Medium/59.Spiral_Matrix_II.py
35149818,46,0,46,Array/Medium/RRR31.Next_Permutation.py
35149818,31,1,32,Array/Medium/R__73.Set_Matrix_Zeroes.py
35149818,35,0,35,Array/Medium/R__73.Set_Matrix_Zeroes.py
35149818,51,0,51,Array/Medium/RR_370.Range_Addition.py
35149818,26,0,26,Array/Medium/120.Triangle.py
35149818,23,0,23,Array/Medium/162.Find_Peak_Element.py
35149818,7,0,7,Array/Medium/R__289.Game_of_Life.py
35149818,50,0,50,Array/Medium/R__289.Game_of_Life.py
35149818,1,1,2,Array/Medium/RR_277.Find_the_Celebrity.py
35149818,31,0,31,Array/Medium/RR_277.Find_the_Celebrity.py
35149818,4,3,7,Array/Medium/495.Teemo_Attacking.py
35149818,28,0,28,Array/Medium/495.Teemo_Attacking.py
35149818,43,0,43,Array/Medium/RR_54.Spiral_Matrix.py
35149818,14,41,55,Array/Medium/79.Word_Search.py
35149818,78,0,78,Array/Medium/79.Word_Search.py
35149818,22,0,22,Array/Medium/56.Merge_Intervals.py
35149818,38,0,38,Array/Medium/56.Merge_Intervals.py
35149818,32,0,32,Lintcode/RRR437.Copy_Books.py
35149818,27,0,27,Lintcode/75.Find_Peak_Element.py
35149818,38,0,38,Lintcode/R__183.Wood_Cut.py
35149818,35,0,35,Lintcode/R__447.Search_in_a_Big_Sorted_Array.py
35149818,28,0,28,Lintcode/14.First_Position_of_Target.py
35149818,28,0,28,Lintcode/458.Last_Position_of_Target.py
35149818,35,0,35,Lintcode/R_578.Lowest_Common_Ancestor_III.py
35149818,29,0,29,Lintcode/596.Minimum_Subtree.py
35149818,29,0,29,Lintcode/R_597.Subtree_with_Maximum_Average.py
35149818,57,0,57,Lintcode/R_573.Build_Post_Office_II.py
35149818,33,0,33,Lintcode/137.Clone_Graph.py
35149818,33,0,33,Lintcode/RR_178.Graph_Valid_Tree.py
35149818,46,0,46,Lintcode/598.Zombie_in_Matrix.py
35149818,35,0,35,Lintcode/616.Course_Schedule_II.py
35149818,65,0,65,Lintcode/RR_121.Word_Ladder_II.py
35149818,39,0,39,Lintcode/RR_582.Word_Break_II.py
35149818,1,0,1,Lintcode/RR_136.Palindrome_Partitioning.py
35149818,45,0,45,Lintcode/RR_136.Palindrome_Partitioning.py
35149818,20,0,20,Array/Medium/RR_287.Find_the_Duplicate_Number.py
35149818,27,9,36,Array/Medium/RR_287.Find_the_Duplicate_Number.py
35149818,4,0,4,Lintcode/RRR139.Subarray_Sum_Closest.py
35149818,43,0,43,Lintcode/RRR139.Subarray_Sum_Closest.py
35149818,36,0,36,Lintcode/R__599.Insert_into_a_Cyclic_Sorted_List.py
35149818,17,0,17,Lintcode/604.Window_Sum.py
35149818,29,0,29,Lintcode/R__31.Partition_Array.py
35149818,38,0,38,Lintcode/RR_143.Sort_Colors_II.py
35149818,24,0,24,Lintcode/R__148.Sort_Colors.py
35149818,27,0,27,Lintcode/533.Two_Sum-Closest_to_target.py
35149818,29,0,29,Lintcode/R__587.Two_Sum-Unique_pairs.py
35149818,39,0,39,Lintcode/RRR594.strStr_II.py
35149818,28,0,28,Lintcode/R__4.Ugly_Number_II.py
35149818,42,0,42,Lintcode/104.Merge_k_Sorted_Lists.py
35149818,36,0,36,Lintcode/129.Rehashing.py
35149818,56,0,56,Lintcode/528.Flatten_Nested_List_Iterator.py
35149818,20,0,20,Lintcode/544.Top_k_Largest_Numbers.py
35149818,35,0,35,Lintcode/RR_575.Expression_Expand.py
35149818,17,0,17,Lintcode/606.Kth_Largest_Element_II.py
35149818,51,0,51,Lintcode/R__612.K_Closest_Points.py
35149818,37,0,37,Lintcode/613.High_Five.py
35149818,17,0,17,Lintcode/R__128.Hash_Function.py
35149818,51,0,51,Lintcode/551.Nested_List_Weight_Sum.py
35149818,22,0,22,Lintcode/RR_76.Longest_Increasing_Subsequence.py
35149818,40,0,40,Lintcode/R__116.Jump_Game.py
35149818,26,0,26,Lintcode/RRR513.Perfect_Squares.py
35149818,35,0,35,Lintcode/R__603.Largest_Divisible_Subset.py
35149818,50,0,50,Lintcode/611.Knight_Shortest_Path.py
35149818,33,0,33,Lintcode/109.Triangle.py
35149818,46,0,46,Lintcode/115.Unique_Paths_II.py
35149818,25,0,25,Lintcode/111.Climbing_Stairs.py
35149818,17,0,17,Array/Medium/287.Find_the_Duplicate_Number.py
35149818,22,0,22,Array/Easy/485.Max_Consecutive_Ones.py
35149818,1,0,1,Q/RRR4.Median_of_Two_Sorted_Arrays.py
35149818,21,0,21,Array/Easy/35.Search_Insert_Position.py
35149818,35,0,35,Array/Easy/35.Search_Insert_Position.py
35149818,20,0,20,Array/Easy/268.Missing_Number.py
35149818,18,0,18,Array/Easy/268.Missing_Number.py
35149818,15,0,15,Array/Easy/268.Missing_Number.py
35149818,25,0,25,Array/Easy/268.Missing_Number.py
35149818,40,1,41,Backtracking/R__131.Palindrome_Partitioning.py
35149818,7,0,7,Binary_Search/R__441.Arranging_Coins.py
35149818,59,0,59,Binary_Search/R__441.Arranging_Coins.py
35149818,28,2,30,String/R__28.Implement_strStr().py
35149818,1,1,2,String/R__28.Implement_strStr().py
35149818,39,0,39,String/R__28.Implement_strStr().py
35149818,34,0,34,Array/Medium/62.Unique_Paths.py
35149818,43,0,43,Array/Medium/64.Minimum_Path_Sum.py
35149818,29,0,29,Array/Medium/R__16.3Sum_Closest.py
35149818,118,0,118,Tree/Medium/R__450.Delete_Node_in_a_BST.py
35149818,47,0,47,Array/Medium/R__259.3Sum_Smaller.py
35149818,1,1,2,Array/Medium/RR_209.Minimum_Size_Subarray_Sum.py
35149818,25,2,27,Array/Easy/R__169.Majority_Element.py
35149818,16,3,19,Array/Easy/R__414.Third_Maximum_Number.py
35149818,3,0,3,Backtracking/R__131.Palindrome_Partitioning.py
35149818,2,2,4,Array/Medium/R__46.Permutations.py
35149818,19,0,19,Array/Medium/R__46.Permutations.py
35149818,7,5,12,Array/Medium/R__48.Rotate_Image.py
35149818,40,107,147,Array/Medium/R__48.Rotate_Image.py
35149818,0,79,79,Array/Medium/RRR209.Minimum_Size_Subarray_Sum.py
35149818,53,0,53,Array/Medium/RR_209.Minimum_Size_Subarray_Sum.py
35149818,18,14,32,Array/Easy/R__189.Rotate_Array.py
35149818,7,0,7,Array/Easy/R__189.Rotate_Array.py
35149818,168,0,168,Q/RRR123.Best_Time_to_Buy_and_Sell_Stock_III.py
35149818,24,0,24,Array/Hard/RRR123.Best_Time_to_Buy_and_Sell_Stock_III.py
35149818,26,0,26,Array/Hard/RRR123.Best_Time_to_Buy_and_Sell_Stock_III.py
35149818,60,21,81,Array/Hard/RRR123.Best_Time_to_Buy_and_Sell_Stock_III.py
35149818,79,0,79,Array/Hard/RRR123.Best_Time_to_Buy_and_Sell_Stock_III.py
35149818,27,5,32,Array/Hard/RR_33.Search_in_Rotated_Sorted_Array.py
35149818,2,0,2,Array/Hard/RR_33.Search_in_Rotated_Sorted_Array.py
35149818,33,0,33,Array/Hard/RR_33.Search_in_Rotated_Sorted_Array.py
35149818,26,0,26,Array/Medium/153.Find_Minimum_in_Rotated_Sorted_Array.py
35149818,47,0,47,Array/Medium/R__46.Permutations.py
35149818,103,5,108,Array/Medium/R__46.Permutations.py
35149818,18,1,19,Array/Medium/R__90.Subsets_II.py
35149818,39,0,39,Array/Medium/R__90.Subsets_II.py
35149818,0,2,2,Easy/R__1.Two_Sum.py
35149818,2,0,2,Easy/R__1.Two_Sum.py
35149818,11,0,11,Array/Medium/R__78.Subsets.py
35149818,16,1,17,Array/Medium/R__78.Subsets.py
35149818,9,0,9,Array/Medium/R__78.Subsets.py
35149818,60,0,60,Array/Medium/R__78.Subsets.py
35149818,102,0,102,Array/Medium/R__18.4Sum.py
35149818,91,0,91,Array/Medium/R__15.3Sum.py
35149818,23,0,23,Array/Medium/122.Best_Time_to_Buy_and_Sell_Stock_II.py
35149818,8,0,8,Array/Medium/RRR11.Container_With_Most_Water.py
35149818,57,0,57,Array/Medium/RRR11.Container_With_Most_Water.py
35149818,90,1,91,Array/Medium/R__48.Rotate_Image.py
35149818,73,0,73,Array/Medium/R__48.Rotate_Image.py
35149818,25,0,25,Array/Medium/R__80.Remove_Duplicates_from_Sorted_Array_II.py
35149818,43,0,43,Array/Medium/R__80.Remove_Duplicates_from_Sorted_Array_II.py
35149818,41,0,41,Array/Medium/R__442.Find_All_Duplicates_in_an_Array.py
35149818,26,0,26,Array/Medium/R__216.Combination_Sum_III.py
35149818,39,0,39,Array/Medium/R__167.Two_Sum_II-Input_array_is_sorted.py
35149818,79,0,79,Array/Medium/RRR209.Minimum_Size_Subarray_Sum.py
35149818,33,0,33,Backtracking/R__131.Palindrome_Partitioning.py
35149818,42,0,42,String/125.Valid_Palindrome.py
35149818,29,0,29,Array/Medium/R__47.Permutations_II.py
35149818,27,0,27,Array/Medium/R__47.Permutations_II.py
35149818,49,0,49,Array/Medium/R__46.Permutations.py
35149818,0,1,1,Array/Medium/RR_39.Combination_Sum.py
35149818,21,0,21,Array/Medium/R__90.Subsets_II.py
35149818,19,0,19,Array/Medium/R__78.Subsets.py
35149818,26,0,26,Array/Medium/R__40.Combination_Sum_II.py
35149818,34,0,34,Templates/1.Sort+Back-tracking.py
35149818,27,0,27,Array/Medium/RR_39.Combination_Sum.py
35149818,5,0,5,Array/Medium/RR_229.Majority_Element_II.py
35149818,11,0,11,Array/Medium/RR_229.Majority_Element_II.py
35149818,57,0,57,Array/Medium/RR_229.Majority_Element_II.py
35149818,49,0,49,Array/Medium/R__228.Summary_Ranges.py
35149818,21,0,21,Array/Medium/106.Construct_Binary_Tree_from_Inorder_and_Postorder_Traversal.py
35149818,24,0,24,Tree/Medium/R__106.Construct_Binary_Tree_from_Inorder_and_Postorder_Traversal.py
35149818,18,0,18,Array/Medium/245.Shortest_Word_Distance_III.py
35149818,26,0,26,Array/Medium/R__245.Shortest_Word_Distance_III.py
35149818,0,20,20,Array/Easy/RR_152.Maximum_Product_Subarray.py
35149818,40,0,40,Array/Medium/RR_152.Maximum_Product_Subarray.py
35149818,20,0,20,Array/Easy/RR_152.Maximum_Product_Subarray.py
35149818,17,0,17,Array/Easy/27.Remove_Element.py
35149818,41,0,41,Array/Easy/R__119.Pascal's_Triangle_II.py
35149818,91,0,91,Array/Easy/R__189.Rotate_Array.py
35149818,37,0,37,Array/Easy/R__26.Remove_Duplicates_from_Sorted_Array.py
35149818,39,0,39,Array/Easy/219.Contains_Duplicate_II.py
35149818,49,0,49,Array/Easy/RR_88.Merge_Sorted_Array.py
35149818,47,0,47,Array/Easy/118.Pascal's_Triangle.py
35149818,24,0,24,Array/Easy/RR_448.Find_All_Numbers_Disappeared_in_an_Array.py
35149818,45,0,45,Array/Easy/217.Contains_Duplicate.py
35149818,34,0,34,Array/Easy/R__283.Move_Zeroes.py
35149818,20,0,20,Array/Easy/RRR_121.Best_Time_to_Buy_and_Sell_Stock.py
35149818,4,0,4,Array/Medium/RRR53.Maximum_Subarray.py
35149818,49,0,49,Array/Medium/RRR53.Maximum_Subarray.py
35149818,3,3,6,Array/Medium/RRR53.Maximum_Subarray.py
35149818,3,3,6,Array/Medium/RRR53.Maximum_Subarray.py
35149818,13,0,13,Array/Medium/R__53.Maximum_Subarray.py
35149818,4,0,4,Array/Easy/RRR_121.Best_Time_to_Buy_and_Sell_Stock.py
35149818,18,0,18,Array/Medium/R__53.Maximum_Subarray.py
35149818,15,0,15,Array/Easy/RRR_121.Best_Time_to_Buy_and_Sell_Stock.py
35149818,15,0,15,Array/Medium/R__53.Maximum_Subarray.py
35149818,20,0,20,Array/Easy/R__66.Plus_One.py
35149818,28,0,28,Array/Easy/R__414.Third_Maximum_Number.py
35149818,26,30,56,Tree/Medium/R__366.Find_Leaves_of_Binary_Tree.py
35149818,36,1,37,Tree/Hard/R__99.Recover_Binary_Search_Tree.py
35149818,20,0,20,Array/Easy/R__243.Shortest_Word_Distance.py
35149818,2,3,5,Array/Easy/R__243.Shortest_Word_Distance.py
35149818,14,12,26,Array/Easy/R__243.Shortest_Word_Distance.py
35149818,24,0,24,Array/Easy/R__243.Shortest_Word_Distance.py
35149818,27,0,27,LinkedList/206.Reverse_Linked_List.py
35149818,6,0,6,Array/Easy/R__169.Majority_Element.py
35149818,2,3,5,Array/Easy/R__169.Majority_Element.py
35149818,27,13,40,Array/Easy/R__169.Majority_Element.py
35149818,42,1,43,Tree/Hard/R__145.Binary_Tree_Postorder_Traversal.py
35149818,40,0,40,Array/Easy/R__169.Majority_Element.py
35149818,42,0,42,Tree/Hard/R__145.Binary_Tree_Postorder_Traversal.py
35149818,70,0,70,Tree/tree_builder.py
35149818,24,70,94,Tree/Medium/R__144.Binary_Tree_Preorder_Traversal.py
35149818,9,1,10,Tree/Medium/R__94.Binary_Tree_Inorder_Traversal.py
35149818,10,1,11,Tree/Medium/R__94.Binary_Tree_Inorder_Traversal.py
35149818,25,7,32,Tree/Medium/R__94.Binary_Tree_Inorder_Traversal.py
35149818,74,0,74,Tree/Hard/RR_272.Closest_Binary_Search_Tree_Value_II.py
35149818,37,0,37,Tree/Hard/RR_272.Closest_Binary_Search_Tree_Value_II.py
35149818,19,0,19,Tree/Easy/RR_270.Closest_Binary_Search_Tree_Value.py
35149818,24,0,24,Tree/Medium/R__94.Binary_Tree_Inorder_Traversal.py
35149818,8,0,8,Tree/Medium/RR_333.Largest_BST_Subtree.py
35149818,20,0,20,Tree/Medium/RR_333.Largest_BST_Subtree.py
35149818,34,7,41,Tree/Medium/R__366.Find_Leaves_of_Binary_Tree.py
35149818,41,0,41,Tree/Medium/R__366.Find_Leaves_of_Binary_Tree.py
35149818,28,0,28,Tree/Medium/R__298.Binary_Tree_Longest_Consecutive_Sequence.py
35149818,30,0,30,Tree/Medium/R__298.Binary_Tree_Longest_Consecutive_Sequence.py
35149818,23,0,23,Tree/Medium/RRR255.Verify_Preorder_Sequence_in_Binary_Search_Tree.py
35149818,3,0,3,Tree/Medium/RRR255.Verify_Preorder_Sequence_in_Binary_Search_Tree.py
35149818,5,1,6,Amazon/R__239.Sliding_Window_Maximum.py
35149818,28,0,28,Amazon/R__239.Sliding_Window_Maximum.py
35149818,33,0,33,Amazon/238.Product_of_Array_Except_Self.py
35149818,21,0,21,Amazon/R__387.First_Unique_Character_in_a_String.py
35149818,18,0,18,Amazon/12.lines_of_Java.py
35149818,0,18,18,12.lines_of_Java.py
35149818,18,0,18,12.lines_of_Java.py
35149818,42,6,48,Amazon/R__138.Copy_List_with_Random_Pointer.py
35149818,17,10,27,Amazon/R__138.Copy_List_with_Random_Pointer.py
35149818,33,0,33,Amazon/R__138.Copy_List_with_Random_Pointer.py
35149818,1,1,2,Amazon/R__200.Number_of_Islands.py
35149818,16,8,24,Amazon/R__200.Number_of_Islands.py
35149818,40,1,41,Amazon/R__200.Number_of_Islands.py
35149818,4,0,4,Amazon/R__200.Number_of_Islands.py
35149818,10,13,23,Amazon/R__200.Number_of_Islands.py
35149818,2,6,8,Amazon/R__200.Number_of_Islands.py
35149818,2,2,4,Amazon/R__200.Number_of_Islands.py
35149818,36,0,36,Amazon/R__200.Number_of_Islands.py
35149818,23,39,62,Amazon/R__146.LRU_Cache.py
35149818,184,17,201,Amazon/R__146.LRU_Cache.py
35149818,26,12,38,Amazon/R__146.LRU_Cache.py
35149818,89,1,90,Amazon/R__146.LRU_Cache.py
35149818,46,0,46,Amazon/R__146.LRU_Cache.py
35149818,58,0,58,Tree/Medium/RRR255.Verify_Preorder_Sequence_in_Binary_Search_Tree.py
35149818,0,20,20,Tree/Medium/R__255.Verify_Preorder_Sequence_in_Binary_Search_Tree.py
35149818,20,0,20,Tree/Medium/R__255.Verify_Preorder_Sequence_in_Binary_Search_Tree.py
35149818,36,0,36,Tree/Medium/R__450.Delete_Node_in_a_BST.py
35149818,5,0,5,Tree/Medium/R__285.Inorder_Successor_in_BST.py
35149818,18,0,18,Tree/Medium/R__285.Inorder_Successor_in_BST.py
35149818,51,0,51,Tree/Medium/R__285.Inorder_Successor_in_BST.py
35149818,81,0,81,Tree/Medium/R__156.Binary_Tree_Upside_Down.py
35149818,42,0,42,Tree/Medium/R__250.Count_Univalue_Subtrees.py
35149818,75,0,75,Tree/Medium/R__449.Serialize_and_Deserialize_BST.py
35149818,6,21,27,Easy/R__1.Two_Sum.py
35149818,36,0,36,Tree/Hard/R__99.Recover_Binary_Search_Tree.py
35149818,51,0,51,Sorting/Merge_Sort.py
35149818,0,0,0,Sorting/Quick_Sort.py
35149818,0,0,0,Sorting/Tim_Sort.py
35149818,87,0,87,Easy/13.Roman_to_Integer.py
35149818,46,0,46,Easy/2.Add_Two_Numbers.py
35149818,25,0,25,Easy/R__1.Two_Sum.py
35149818,31,0,31,Easy/R__136.Single_Number.py
35149818,35,0,35,Easy/R__237.Delete_Node_in_a_Linked_List.py
35149818,13,0,13,Easy/R__292.Nim_Game.py
35149818,33,0,33,Easy/R__344.Reverse_String.py
35149818,30,0,30,Sorting/Bubble_Sort.py
35149818,26,0,26,Sorting/Insertion_Sort.py
35149818,26,0,26,Tree/Medium/R__95.Unique_Binary_Search_Trees_II.py
35149818,1,30,31,Tree/Hard/R__145.Binary_Tree_Postorder_Traversal.py
35149818,108,0,108,Tree/Medium/R__96.Unique_Binary_Search_Trees.py
35149818,63,0,63,Tree/Medium/R__114.Flatten_Binary_Tree_to_Linked_List.py
35149818,42,0,42,Tree/Hard/R__117.Populating_Next_Right_Pointers_in_Each_Node_II.py
35149818,28,0,28,Tree/Medium/R__116.Populating_Next_Right_Pointers_in_Each_Node.py
35149818,32,0,32,Tree/Hard/R__124.Binary_Tree_Maximum_Path_Sum.py
35149818,32,0,32,Tree/Medium/R__129.Sum_Root_to_Leaf_Numbers.py
35149818,28,0,28,Tree/Medium/R__129.Sum_Root_to_Leaf_Numbers.py
35149818,34,0,34,Tree/Medium/113.Path_Sum_II.py
35149818,29,0,29,Tree/Medium/R__105.Construct_Binary_Tree_from_Preorder_and_Inorder_Traversal.py
35149818,29,0,29,Tree/Medium/R__106._Construct_Binary_Tree_from_Inorder_and_Postorder_Traversal.py
35149818,74,0,74,Tree/Medium/R__103.Binary_Tree_Zigzag_Level_Order_Traversal.py
35149818,36,0,36,Tree/Medium/R__94.Binary_Tree_Inorder_Traversal.py
35149818,0,0,0,Tree/{Hard => Medium}/R__144.Binary_Tree_Preorder_Traversal.py
35149818,107,0,107,Tree/Hard/R__144.Binary_Tree_Preorder_Traversal.py
35149818,65,1,66,Tree/Hard/145.Binary_Tree_Postorder_Traversal.py
35149818,39,0,39,Tree/Hard/145.Binary_Tree_Postorder_Traversal.py
35149818,55,0,55,Tree/Medium/R__173.Binary_Search_Tree_Iterator.py
35149818,68,0,68,Tree/Easy/R__437.Path_Sum_III.py
35149818,64,0,64,Tree/Medium/R__199.Binary_Tree_Right_Side_View.py
35149818,3,10,13,Tree/Medium/RR_98.Validate_Binary_Search_Tree.py
35149818,120,0,120,Tree/Hard/R__297.Serialize_and_Deserialize_Binary_Tree.py
35149818,33,0,33,Tree/Easy/404.Sum_of_Left_Leaves.py
35149818,30,0,30,Tree/Medium/236.Lowest_Common_Ancestor_of_a_Binary_Tree.py
35149818,29,1,30,Tree/Medium/R__98.Validate_Binary_Search_Tree.py
35149818,31,0,31,Tree/Medium/R__98.Validate_Binary_Search_Tree.py
35149818,15,1,16,Tree/Medium/R__222.Count_Complete_Tree_Nodes.py
35149818,36,0,36,Tree/Medium/R__222.Count_Complete_Tree_Nodes.py
35149818,30,2,32,Tree/Medium/337.House_Robber_III.py
35149818,0,0,0,Tree/{Easy => Medium}/230.Kth_Smallest_Element_in_a_BST.py
35149818,63,0,63,Tree/Medium/337.House_Robber_III.py
35149818,43,0,43,Tree/Easy/230.Kth_Smallest_Element_in_a_BST.py
35149818,1,1,2,Tree/Easy/230.Kth_Smallest_Element_in_a_BST.py
35149818,1,1,2,Tree/Easy/230.Kth_Smallest_Element_in_a_BST.py
35149818,31,0,31,Tree/Easy/230.Kth_Smallest_Element_in_a_BST.py
35149818,4,0,4,Tree/Easy/230.Kth_Smallest_Element_in_a_BST.py
35149818,36,0,36,Tree/Easy/230.Kth_Smallest_Element_in_a_BST.py
35149818,40,0,40,Tree/Easy/110.Balanced_Binary_Tree.py
35149818,62,0,62,Tree/Easy/111.Minimum_Depth_of_Binary_Tree.py
35149818,56,0,56,Tree/Easy/100.Same_Tree.py
35149818,31,1,32,Tree/Easy/101.Symmetric_Tree.py
35149818,26,0,26,Tree/Easy/101.Symmetric_Tree.py
35149818,1,1,2,Tree/Easy/107.Binary_Tree_Level_Order_Traversal_II.py
35149818,36,0,36,Tree/Easy/107.Binary_Tree_Level_Order_Traversal_II.py
35149818,37,1,38,Tree/Easy/235._Lowest_Common_Ancestor_of_a_Binary_Search_Tree.py
35149818,69,0,69,Tree/Easy/102.Binary_Tree_Level_Order_Traversal.py
35149818,36,0,36,Tree/Easy/235._Lowest_Common_Ancestor_of_a_Binary_Search_Tree.py
35149818,32,0,32,Tree/Easy/257.Binary_Tree_Paths.py
35149818,61,0,61,Tree/Easy/226.Invert_Binary_Tree.py
35149818,56,0,56,Tree/Easy/104.Maximum_Depth_of_Binary_Tree.py
35149818,27,0,27,Tree/Easy/112.Path_Sum.py
11161411,13,0,13,lib/mEoS/R12.py
11161411,10,17,27,tools/UI_psychrometry.py
11161411,1,1,2,lib/mEoS/__init__.py
11161411,0,1,1,lib/mEoS/oH2.py
11161411,0,1,1,lib/mEoS/pH2.py
11161411,3,1,4,tools/UI_psychrometry.py
11161411,1,1,2,pychemqt.py
11161411,8,4,12,docs/generateMEOSrst.py
11161411,29,10,39,docs/generateReferences.py
11161411,12,15,27,equipment/gas_solid_liquid.py
11161411,1,1,2,lib/adimensional.py
11161411,7,7,14,lib/compuestos.py
11161411,1,1,2,lib/friction.py
11161411,3,3,6,lib/mEoS/Air.py
11161411,2,2,4,lib/mEoS/Benzene.py
11161411,1,1,2,lib/mEoS/C1Linoleate.py
11161411,1,1,2,lib/mEoS/C1Linolenate.py
11161411,1,1,2,lib/mEoS/C1Oleate.py
11161411,1,1,2,lib/mEoS/C1Palmitate.py
11161411,1,1,2,lib/mEoS/C1Stearate.py
11161411,5,5,10,lib/mEoS/C2.py
11161411,3,3,6,lib/mEoS/C3.py
11161411,3,3,6,lib/mEoS/CH4.py
11161411,3,3,6,lib/mEoS/CO2.py
11161411,1,1,2,lib/mEoS/Cyclohexane.py
11161411,1,1,2,lib/mEoS/Cyclopropane.py
11161411,1,1,2,lib/mEoS/D2O.py
11161411,1,1,2,lib/mEoS/D6.py
11161411,1,1,2,lib/mEoS/DEE.py
11161411,1,1,2,lib/mEoS/DMC.py
11161411,1,1,2,lib/mEoS/Ethanol.py
11161411,1,1,2,lib/mEoS/EthylBenzene.py
11161411,1,1,2,lib/mEoS/Ethylene.py
11161411,1,1,2,lib/mEoS/F2.py
11161411,1,1,2,lib/mEoS/H2.py
11161411,4,4,8,lib/mEoS/H2O.py
11161411,1,1,2,lib/mEoS/H2S.py
11161411,1,1,2,lib/mEoS/HCl.py
11161411,2,2,4,lib/mEoS/He.py
11161411,2,2,4,lib/mEoS/Kr.py
11161411,1,1,2,lib/mEoS/MD2M.py
11161411,1,1,2,lib/mEoS/MD3M.py
11161411,1,1,2,lib/mEoS/MDM.py
11161411,1,1,2,lib/mEoS/Methanol.py
11161411,2,2,4,lib/mEoS/N2.py
11161411,2,2,4,lib/mEoS/NH3.py
11161411,1,1,2,lib/mEoS/R113.py
11161411,1,1,2,lib/mEoS/R12.py
11161411,1,1,2,lib/mEoS/R1234ze.py
11161411,1,1,2,lib/mEoS/R125.py
11161411,2,2,4,lib/mEoS/R134a.py
11161411,1,1,2,lib/mEoS/R32.py
11161411,1,1,2,lib/mEoS/R40.py
11161411,1,1,2,lib/mEoS/SF6.py
11161411,2,2,4,lib/mEoS/Toluene.py
11161411,4,4,8,lib/mEoS/iC4.py
11161411,1,1,2,lib/mEoS/iC5.py
11161411,1,1,2,lib/mEoS/iC8.py
11161411,1,1,2,lib/mEoS/mXylene.py
11161411,5,5,10,lib/mEoS/nC4.py
11161411,1,1,2,lib/mEoS/nC5.py
11161411,1,1,2,lib/mEoS/nC6.py
11161411,1,1,2,lib/mEoS/nC8.py
11161411,1,1,2,lib/mEoS/oXylene.py
11161411,1,1,2,lib/mEoS/pH2.py
11161411,1,1,2,lib/mEoS/pXylene.py
11161411,3,3,6,lib/meos.py
11161411,2,2,4,lib/mezcla.py
11161411,2,9,11,lib/petro.py
11161411,1,1,2,lib/mEoS/D5.py
11161411,1,1,2,lib/mEoS/N2.py
11161411,7,8,15,lib/meos.py
11161411,1,1,2,tests/__main__.py
11161411,0,1,1,lib/mEoS/Acetone.py
11161411,0,2,2,lib/mEoS/Air.py
11161411,0,5,5,lib/mEoS/Ar.py
11161411,0,3,3,lib/mEoS/Benzene.py
11161411,0,1,1,lib/mEoS/Butene_1.py
11161411,0,1,1,lib/mEoS/C1Cyclohexane.py
11161411,0,1,1,lib/mEoS/C1Linoleate.py
11161411,0,1,1,lib/mEoS/C1Linolenate.py
11161411,0,1,1,lib/mEoS/C1Oleate.py
11161411,0,1,1,lib/mEoS/C1Palmitate.py
11161411,0,1,1,lib/mEoS/C1Stearate.py
11161411,0,6,6,lib/mEoS/C2.py
11161411,0,7,7,lib/mEoS/C3.py
11161411,0,1,1,lib/mEoS/C3Cyclohexane.py
11161411,0,6,6,lib/mEoS/CH4.py
11161411,0,3,3,lib/mEoS/CO.py
11161411,0,6,6,lib/mEoS/CO2.py
11161411,0,1,1,lib/mEoS/COS.py
11161411,0,1,1,lib/mEoS/Cis_2_butene.py
11161411,0,4,4,lib/mEoS/Cyclohexane.py
11161411,0,1,1,lib/mEoS/Cyclopentane.py
11161411,0,1,1,lib/mEoS/Cyclopropane.py
11161411,0,2,2,lib/mEoS/D2.py
11161411,0,2,2,lib/mEoS/D2O.py
11161411,1,3,4,lib/mEoS/D4.py
11161411,0,1,1,lib/mEoS/D5.py
11161411,0,1,1,lib/mEoS/D6.py
11161411,0,1,1,lib/mEoS/DEE.py
11161411,0,1,1,lib/mEoS/DMC.py
11161411,0,2,2,lib/mEoS/DME.py
11161411,0,3,3,lib/mEoS/Ethanol.py
11161411,0,1,1,lib/mEoS/EthylBenzene.py
11161411,0,5,5,lib/mEoS/Ethylene.py
11161411,0,2,2,lib/mEoS/F2.py
11161411,1,4,5,lib/mEoS/H2.py
11161411,0,5,5,lib/mEoS/H2O.py
11161411,0,5,5,lib/mEoS/H2S.py
11161411,0,1,1,lib/mEoS/HCl.py
11161411,0,4,4,lib/mEoS/He.py
11161411,0,2,2,lib/mEoS/Kr.py
11161411,0,1,1,lib/mEoS/MD2M.py
11161411,0,1,1,lib/mEoS/MD3M.py
11161411,0,1,1,lib/mEoS/MD4M.py
11161411,0,1,1,lib/mEoS/MDM.py
11161411,0,1,1,lib/mEoS/MM.py
11161411,0,3,3,lib/mEoS/Methanol.py
11161411,0,6,6,lib/mEoS/N2.py
11161411,0,1,1,lib/mEoS/N2O.py
11161411,0,1,1,lib/mEoS/NF3.py
11161411,0,4,4,lib/mEoS/NH3.py
11161411,0,1,1,lib/mEoS/Ne.py
11161411,0,4,4,lib/mEoS/O2.py
11161411,0,3,3,lib/mEoS/Propylene.py
11161411,0,1,1,lib/mEoS/Propyne.py
11161411,0,3,3,lib/mEoS/R11.py
11161411,0,2,2,lib/mEoS/R113.py
11161411,0,1,1,lib/mEoS/R114.py
11161411,0,2,2,lib/mEoS/R115.py
11161411,0,3,3,lib/mEoS/R116.py
11161411,0,2,2,lib/mEoS/R12.py
11161411,0,1,1,lib/mEoS/R1216.py
11161411,0,3,3,lib/mEoS/R123.py
11161411,0,1,1,lib/mEoS/R1233zd.py
11161411,0,2,2,lib/mEoS/R1234yf.py
11161411,0,3,3,lib/mEoS/R1234ze.py
11161411,0,2,2,lib/mEoS/R124.py
11161411,0,8,8,lib/mEoS/R125.py
11161411,0,2,2,lib/mEoS/R13.py
11161411,0,6,6,lib/mEoS/R134a.py
11161411,0,1,1,lib/mEoS/R13I1.py
11161411,0,1,1,lib/mEoS/R14.py
11161411,0,1,1,lib/mEoS/R141b.py
11161411,0,1,1,lib/mEoS/R142b.py
11161411,0,4,4,lib/mEoS/R143a.py
11161411,0,6,6,lib/mEoS/R152a.py
11161411,0,2,2,lib/mEoS/R161.py
11161411,0,1,1,lib/mEoS/R21.py
11161411,0,1,1,lib/mEoS/R218.py
11161411,0,3,3,lib/mEoS/R22.py
11161411,0,1,1,lib/mEoS/R227ea.py
11161411,0,3,3,lib/mEoS/R23.py
11161411,0,1,1,lib/mEoS/R236ea.py
11161411,0,2,2,lib/mEoS/R236fa.py
11161411,0,1,1,lib/mEoS/R245ca.py
11161411,0,2,2,lib/mEoS/R245fa.py
11161411,0,6,6,lib/mEoS/R32.py
11161411,0,1,1,lib/mEoS/R365mfc.py
11161411,0,1,1,lib/mEoS/R40.py
11161411,0,1,1,lib/mEoS/R404a.py
11161411,0,1,1,lib/mEoS/R407c.py
11161411,0,3,3,lib/mEoS/R41.py
11161411,0,1,1,lib/mEoS/R410a.py
11161411,0,1,1,lib/mEoS/R507a.py
11161411,0,1,1,lib/mEoS/RC318.py
11161411,0,1,1,lib/mEoS/RE143a.py
11161411,0,1,1,lib/mEoS/RE245cb2.py
11161411,0,1,1,lib/mEoS/RE245fa2.py
11161411,0,1,1,lib/mEoS/RE347mcc.py
11161411,0,4,4,lib/mEoS/SF6.py
11161411,0,3,3,lib/mEoS/SO2.py
11161411,0,3,3,lib/mEoS/Toluene.py
11161411,0,1,1,lib/mEoS/Trans_2_butene.py
11161411,0,1,1,lib/mEoS/Xe.py
11161411,0,1,1,lib/mEoS/iButene.py
11161411,0,7,7,lib/mEoS/iC4.py
11161411,0,4,4,lib/mEoS/iC5.py
11161411,0,1,1,lib/mEoS/iC6.py
11161411,0,1,1,lib/mEoS/iC8.py
11161411,0,1,1,lib/mEoS/mXylene.py
11161411,0,2,2,lib/mEoS/nC10.py
11161411,0,1,1,lib/mEoS/nC11.py
11161411,0,1,1,lib/mEoS/nC12.py
11161411,0,1,1,lib/mEoS/nC16.py
11161411,0,7,7,lib/mEoS/nC4.py
11161411,0,6,6,lib/mEoS/nC5.py
11161411,0,5,5,lib/mEoS/nC6.py
11161411,0,5,5,lib/mEoS/nC7.py
11161411,0,5,5,lib/mEoS/nC8.py
11161411,0,2,2,lib/mEoS/nC9.py
11161411,0,2,2,lib/mEoS/neoC5.py
11161411,0,1,1,lib/mEoS/oH2.py
11161411,0,1,1,lib/mEoS/oXylene.py
11161411,0,2,2,lib/mEoS/pH2.py
11161411,0,1,1,lib/mEoS/pXylene.py
11161411,41,2,43,lib/mEoS/R125.py
11161411,41,1,42,lib/mEoS/R32.py
11161411,1,1,2,lib/mEoS/Air.py
11161411,1,1,2,lib/mEoS/Ar.py
11161411,1,3,4,lib/mEoS/Cyclohexane.py
11161411,1,1,2,lib/mEoS/H2.py
11161411,1,1,2,lib/mEoS/He.py
11161411,1,1,2,lib/mEoS/Kr.py
11161411,1,1,2,lib/mEoS/Ne.py
11161411,1,1,2,lib/mEoS/R12.py
11161411,1,1,2,lib/mEoS/R143a.py
11161411,2,2,4,lib/mEoS/Xe.py
11161411,1,1,2,lib/mEoS/iC5.py
11161411,1,1,2,lib/mEoS/pH2.py
11161411,99,7,106,lib/meos.py
11161411,3,4,7,lib/mEoS/Ar.py
11161411,4,5,9,lib/mEoS/C2.py
11161411,5,5,10,lib/mEoS/C3.py
11161411,4,5,9,lib/mEoS/CH4.py
11161411,4,5,9,lib/mEoS/CO2.py
11161411,4,5,9,lib/mEoS/Ethylene.py
11161411,4,5,9,lib/mEoS/H2.py
11161411,4,5,9,lib/mEoS/He.py
11161411,4,5,9,lib/mEoS/Kr.py
11161411,4,5,9,lib/mEoS/N2.py
11161411,4,5,9,lib/mEoS/Ne.py
11161411,4,5,9,lib/mEoS/O2.py
11161411,4,5,9,lib/mEoS/Xe.py
11161411,2,0,2,lib/mEoS/__init__.py
11161411,4,5,9,lib/mEoS/iC4.py
11161411,4,5,9,lib/mEoS/iC5.py
11161411,5,5,10,lib/mEoS/nC10.py
11161411,4,5,9,lib/mEoS/nC4.py
11161411,4,5,9,lib/mEoS/nC5.py
11161411,5,5,10,lib/mEoS/nC6.py
11161411,5,5,10,lib/mEoS/nC7.py
11161411,5,5,10,lib/mEoS/nC8.py
11161411,5,5,10,lib/mEoS/nC9.py
11161411,4,5,9,lib/mEoS/pH2.py
11161411,84,33,117,lib/meos.py
11161411,133,20,153,lib/meos.py
11161411,10,11,21,lib/mEoS/O2.py
11161411,16,4,20,lib/mEoS/He.py
11161411,36,18,54,lib/mEoS/H2.py
11161411,31,17,48,lib/mEoS/pH2.py
11161411,9,6,15,lib/mEoS/Methanol.py
11161411,1,1,2,lib/mEoS/DMC.py
11161411,8,4,12,lib/mEoS/F2.py
11161411,1,1,2,lib/mEoS/Propyne.py
11161411,1,0,1,lib/mEoS/R32.py
11161411,1,1,2,lib/mEoS/R40.py
11161411,1,1,2,lib/mEoS/Cyclopropane.py
11161411,15,8,23,lib/mEoS/Ne.py
11161411,11,11,22,lib/mEoS/N2.py
11161411,17,11,28,lib/mEoS/CO2.py
11161411,15,5,20,lib/mEoS/CO.py
11161411,12,4,16,lib/mEoS/NH3.py
11161411,1,1,2,lib/mEoS/nC22.py
11161411,6,4,10,lib/mEoS/nC16.py
11161411,10,7,17,lib/mEoS/SF6.py
11161411,20,4,24,lib/mEoS/Cyclohexane.py
11161411,21,9,30,lib/mEoS/Xe.py
11161411,22,10,32,lib/mEoS/Kr.py
11161411,1,1,2,lib/mEoS/R236ea.py
11161411,1,1,2,lib/mEoS/R245fa.py
11161411,1,1,2,lib/mEoS/D5.py
11161411,1,1,2,lib/mEoS/MD4M.py
11161411,1,1,2,lib/mEoS/MM.py
11161411,11,0,11,lib/mEoS/R407c.py
11161411,11,0,11,lib/mEoS/R404a.py
11161411,11,0,11,lib/mEoS/R410a.py
11161411,11,0,11,lib/mEoS/R507a.py
11161411,0,46,46,lib/mEoS/R113.py
11161411,2,7,9,lib/mEoS/R13.py
11161411,11,31,42,lib/mEoS/H2O.py
11161411,19,15,34,lib/mEoS/D2O.py
11161411,15,0,15,lib/mEoS/Ethanol.py
11161411,1,1,2,lib/mEoS/C3.py
11161411,10,10,20,lib/mEoS/CH4.py
11161411,1,1,2,lib/mEoS/Propylene.py
11161411,1,1,2,lib/mEoS/iC5.py
11161411,1,1,2,lib/mEoS/nC5.py
11161411,13,4,17,lib/mEoS/Propylene.py
11161411,24,5,29,lib/mEoS/Ethylene.py
11161411,13,4,17,lib/mEoS/iC5.py
11161411,13,4,17,lib/mEoS/nC5.py
11161411,10,4,14,lib/mEoS/iC4.py
11161411,11,5,16,lib/mEoS/nC4.py
11161411,12,4,16,lib/mEoS/C3.py
11161411,1,2,3,lib/mEoS/R1233zd.py
11161411,1,1,2,lib/mEoS/MDM.py
11161411,0,36,36,lib/mEoS/iC6.py
11161411,19,12,31,lib/mEoS/Ar.py
11161411,10,4,14,lib/mEoS/C2.py
11161411,31,5,36,lib/mEoS/Air.py
11161411,0,69,69,lib/meos.py
11161411,62,96,158,lib/mEoS/R161.py
11161411,6,6,12,lib/mEoS/C2.py
11161411,88,28,116,lib/mEoS/CO2.py
11161411,2,2,4,lib/mEoS/iC4.py
11161411,2,2,4,lib/mEoS/nC4.py
11161411,43,13,56,lib/meos.py
11161411,3,2,5,lib/mEoS/C1Linoleate.py
11161411,3,2,5,lib/mEoS/C1Oleate.py
11161411,55,28,83,lib/mEoS/CO2.py
11161411,0,66,66,lib/mEoS/D2O.py
11161411,9,8,17,lib/mEoS/C3Cyclohexane.py
11161411,30,31,61,lib/mEoS/R125.py
11161411,1,1,2,lib/mEoS/RC318.py
11161411,39,51,90,lib/mEoS/MM.py
11161411,9,8,17,lib/mEoS/C1Cyclohexane.py
11161411,8,14,22,lib/mEoS/Benzene.py
11161411,2,25,27,lib/mEoS/CO.py
11161411,1,1,2,lib/mEoS/Cyclopropane.py
11161411,1,1,2,lib/mEoS/D5.py
11161411,1,1,2,lib/mEoS/Ethylene.py
11161411,1,1,2,lib/mEoS/H2.py
11161411,3,3,6,lib/mEoS/H2O.py
11161411,4,3,7,lib/mEoS/H2S.py
11161411,1,1,2,lib/mEoS/MD2M.py
11161411,4,5,9,lib/mEoS/MM.py
11161411,1,0,1,lib/mEoS/NH3.py
11161411,1,1,2,lib/mEoS/Propylene.py
11161411,1,1,2,lib/mEoS/Propyne.py
11161411,4,3,7,lib/mEoS/R116.py
11161411,2,2,4,lib/mEoS/R125.py
11161411,0,1,1,lib/mEoS/R141b.py
11161411,1,1,2,lib/mEoS/R152a.py
11161411,4,4,8,lib/mEoS/RE143a.py
11161411,2,3,5,lib/mEoS/SO2.py
11161411,3,19,22,lib/mEoS/iC5.py
11161411,2,18,20,lib/mEoS/nC5.py
11161411,2,3,5,lib/mEoS/nC6.py
11161411,2,3,5,lib/mEoS/nC7.py
11161411,4,3,7,lib/mEoS/nC8.py
11161411,33,12,45,lib/meos.py
11161411,2,4,6,lib/mEoS/Ar.py
11161411,1,2,3,lib/mEoS/Benzene.py
11161411,1,3,4,lib/mEoS/C1Cyclohexane.py
11161411,4,4,8,lib/mEoS/C1Linoleate.py
11161411,6,7,13,lib/mEoS/C1Linolenate.py
11161411,4,4,8,lib/mEoS/C1Oleate.py
11161411,4,4,8,lib/mEoS/C1Palmitate.py
11161411,4,4,8,lib/mEoS/C1Stearate.py
11161411,6,6,12,lib/mEoS/C2.py
11161411,8,12,20,lib/mEoS/C3.py
11161411,1,2,3,lib/mEoS/C3Cyclohexane.py
11161411,7,12,19,lib/mEoS/CH4.py
11161411,3,4,7,lib/mEoS/CO.py
11161411,5,8,13,lib/mEoS/CO2.py
11161411,1,1,2,lib/mEoS/Cis_2_butene.py
11161411,2,4,6,lib/mEoS/Cyclohexane.py
11161411,1,2,3,lib/mEoS/Cyclopentane.py
11161411,1,2,3,lib/mEoS/Cyclopropane.py
11161411,1,2,3,lib/mEoS/D2.py
11161411,2,4,6,lib/mEoS/D2O.py
11161411,5,5,10,lib/mEoS/D4.py
11161411,4,4,8,lib/mEoS/D5.py
11161411,4,3,7,lib/mEoS/D6.py
11161411,1,2,3,lib/mEoS/DMC.py
11161411,2,4,6,lib/mEoS/DME.py
11161411,1,2,3,lib/mEoS/Ethanol.py
11161411,2,5,7,lib/mEoS/Ethylene.py
11161411,3,4,7,lib/mEoS/F2.py
11161411,3,4,7,lib/mEoS/H2.py
11161411,2,2,4,lib/mEoS/H2O.py
11161411,9,10,19,lib/mEoS/H2S.py
11161411,2,3,5,lib/mEoS/He.py
11161411,4,3,7,lib/mEoS/MD2M.py
11161411,4,3,7,lib/mEoS/MD3M.py
11161411,4,4,8,lib/mEoS/MD4M.py
11161411,4,3,7,lib/mEoS/MDM.py
11161411,4,4,8,lib/mEoS/MM.py
11161411,2,4,6,lib/mEoS/Methanol.py
11161411,4,13,17,lib/mEoS/N2.py
11161411,1,3,4,lib/mEoS/NF3.py
11161411,3,5,8,lib/mEoS/NH3.py
11161411,1,1,2,lib/mEoS/Ne.py
11161411,4,6,10,lib/mEoS/O2.py
11161411,1,2,3,lib/mEoS/Propylene.py
11161411,1,2,3,lib/mEoS/Propyne.py
11161411,2,4,6,lib/mEoS/R11.py
11161411,1,2,3,lib/mEoS/R113.py
11161411,5,4,9,lib/mEoS/R114.py
11161411,2,5,7,lib/mEoS/R115.py
11161411,2,10,12,lib/mEoS/R116.py
11161411,1,2,3,lib/mEoS/R12.py
11161411,1,2,3,lib/mEoS/R1216.py
11161411,2,4,6,lib/mEoS/R123.py
11161411,1,2,3,lib/mEoS/R1233zd.py
11161411,2,4,6,lib/mEoS/R1234yf.py
11161411,5,13,18,lib/mEoS/R1234ze.py
11161411,5,7,12,lib/mEoS/R124.py
11161411,7,16,23,lib/mEoS/R125.py
11161411,2,4,6,lib/mEoS/R13.py
11161411,1,2,3,lib/mEoS/R134a.py
11161411,1,2,3,lib/mEoS/R13I1.py
11161411,1,2,3,lib/mEoS/R14.py
11161411,1,2,3,lib/mEoS/R143a.py
11161411,1,2,3,lib/mEoS/R152a.py
11161411,1,2,3,lib/mEoS/R161.py
11161411,1,2,3,lib/mEoS/R21.py
11161411,1,2,3,lib/mEoS/R218.py
11161411,1,2,3,lib/mEoS/R22.py
11161411,2,4,6,lib/mEoS/R23.py
11161411,1,2,3,lib/mEoS/R236ea.py
11161411,4,4,8,lib/mEoS/R236fa.py
11161411,2,5,7,lib/mEoS/R245ca.py
11161411,1,2,3,lib/mEoS/R32.py
11161411,5,11,16,lib/mEoS/R41.py
11161411,5,4,9,lib/mEoS/RC318.py
11161411,3,4,7,lib/mEoS/RE143a.py
11161411,2,4,6,lib/mEoS/RE245cb2.py
11161411,2,3,5,lib/mEoS/RE245fa2.py
11161411,1,3,4,lib/mEoS/RE347mcc.py
11161411,3,6,9,lib/mEoS/SF6.py
11161411,1,2,3,lib/mEoS/SO2.py
11161411,2,4,6,lib/mEoS/Toluene.py
11161411,1,1,2,lib/mEoS/Xe.py
11161411,8,12,20,lib/mEoS/iC4.py
11161411,12,10,22,lib/mEoS/iC5.py
11161411,1,2,3,lib/mEoS/iC8.py
11161411,2,2,4,lib/mEoS/nC10.py
11161411,1,2,3,lib/mEoS/nC11.py
11161411,1,2,3,lib/mEoS/nC12.py
11161411,8,10,18,lib/mEoS/nC4.py
11161411,25,11,36,lib/mEoS/nC5.py
11161411,5,6,11,lib/mEoS/nC6.py
11161411,6,8,14,lib/mEoS/nC7.py
11161411,9,11,20,lib/mEoS/nC8.py
11161411,2,2,4,lib/mEoS/nC9.py
11161411,5,5,10,lib/mEoS/neoC5.py
11161411,1,2,3,lib/mEoS/pH2.py
11161411,12,12,24,lib/meos.py
11161411,1,1,2,lib/mEoS/Acetone.py
11161411,1,8,9,lib/mEoS/Air.py
11161411,2,1,3,lib/mEoS/Ar.py
11161411,1,1,2,lib/mEoS/Benzene.py
11161411,1,1,2,lib/mEoS/Butene_1.py
11161411,1,1,2,lib/mEoS/C1Cyclohexane.py
11161411,1,1,2,lib/mEoS/C1Linoleate.py
11161411,1,1,2,lib/mEoS/C1Linolenate.py
11161411,1,1,2,lib/mEoS/C1Oleate.py
11161411,1,1,2,lib/mEoS/C1Palmitate.py
11161411,1,1,2,lib/mEoS/C1Stearate.py
11161411,1,1,2,lib/mEoS/C2.py
11161411,1,1,2,lib/mEoS/C3.py
11161411,1,1,2,lib/mEoS/C3Cyclohexane.py
11161411,1,1,2,lib/mEoS/CH4.py
11161411,1,1,2,lib/mEoS/CO.py
11161411,1,1,2,lib/mEoS/CO2.py
11161411,1,1,2,lib/mEoS/COS.py
11161411,1,1,2,lib/mEoS/Cis_2_butene.py
11161411,1,3,4,lib/mEoS/Cyclohexane.py
11161411,1,1,2,lib/mEoS/Cyclopentane.py
11161411,1,1,2,lib/mEoS/Cyclopropane.py
11161411,1,1,2,lib/mEoS/D2.py
11161411,1,1,2,lib/mEoS/D2O.py
11161411,1,1,2,lib/mEoS/D4.py
11161411,1,1,2,lib/mEoS/D5.py
11161411,1,1,2,lib/mEoS/D6.py
11161411,1,1,2,lib/mEoS/DEE.py
11161411,1,1,2,lib/mEoS/DMC.py
11161411,1,1,2,lib/mEoS/DME.py
11161411,1,1,2,lib/mEoS/Ethanol.py
11161411,1,1,2,lib/mEoS/EthyOxide.py
11161411,1,1,2,lib/mEoS/EthylBenzene.py
11161411,1,1,2,lib/mEoS/Ethylene.py
11161411,1,1,2,lib/mEoS/F2.py
11161411,1,1,2,lib/mEoS/H2.py
11161411,1,1,2,lib/mEoS/H2O.py
11161411,1,1,2,lib/mEoS/H2S.py
11161411,1,1,2,lib/mEoS/HCl.py
11161411,1,2,3,lib/mEoS/He.py
11161411,1,1,2,lib/mEoS/Kr.py
11161411,1,1,2,lib/mEoS/MD2M.py
11161411,1,1,2,lib/mEoS/MD3M.py
11161411,1,1,2,lib/mEoS/MD4M.py
11161411,1,1,2,lib/mEoS/MDM.py
11161411,1,1,2,lib/mEoS/MM.py
11161411,1,1,2,lib/mEoS/Methanol.py
11161411,1,1,2,lib/mEoS/N2.py
11161411,1,1,2,lib/mEoS/N2O.py
11161411,1,1,2,lib/mEoS/NF3.py
11161411,1,1,2,lib/mEoS/NH3.py
11161411,1,1,2,lib/mEoS/Ne.py
11161411,1,1,2,lib/mEoS/Novec649.py
11161411,1,1,2,lib/mEoS/O2.py
11161411,1,1,2,lib/mEoS/Propyne.py
11161411,1,1,2,lib/mEoS/R11.py
11161411,1,1,2,lib/mEoS/R113.py
11161411,1,1,2,lib/mEoS/R114.py
11161411,1,1,2,lib/mEoS/R12.py
11161411,1,1,2,lib/mEoS/R1216.py
11161411,1,1,2,lib/mEoS/R123.py
11161411,1,1,2,lib/mEoS/R1233zd.py
11161411,1,1,2,lib/mEoS/R1234yf.py
11161411,1,1,2,lib/mEoS/R1234ze.py
11161411,1,1,2,lib/mEoS/R124.py
11161411,1,1,2,lib/mEoS/R134a.py
11161411,1,1,2,lib/mEoS/R13I1.py
11161411,1,1,2,lib/mEoS/R14.py
11161411,1,1,2,lib/mEoS/R143a.py
11161411,1,1,2,lib/mEoS/R152a.py
11161411,1,1,2,lib/mEoS/R161.py
11161411,1,1,2,lib/mEoS/R21.py
11161411,1,1,2,lib/mEoS/R22.py
11161411,1,1,2,lib/mEoS/R23.py
11161411,1,21,22,lib/mEoS/R236ea.py
11161411,1,19,20,lib/mEoS/R245ca.py
11161411,1,1,2,lib/mEoS/R365mfc.py
11161411,1,1,2,lib/mEoS/R40.py
11161411,1,1,2,lib/mEoS/R404a.py
11161411,1,1,2,lib/mEoS/R407c.py
11161411,1,1,2,lib/mEoS/R41.py
11161411,1,1,2,lib/mEoS/R410a.py
11161411,1,1,2,lib/mEoS/R507a.py
11161411,1,1,2,lib/mEoS/RE143a.py
11161411,1,1,2,lib/mEoS/RE245cb2.py
11161411,1,1,2,lib/mEoS/RE245fa2.py
11161411,1,11,12,lib/mEoS/RE347mcc.py
11161411,1,1,2,lib/mEoS/SF6.py
11161411,1,1,2,lib/mEoS/SO2.py
11161411,1,1,2,lib/mEoS/Toluene.py
11161411,1,1,2,lib/mEoS/Trans_2_butene.py
11161411,1,1,2,lib/mEoS/Xe.py
11161411,1,1,2,lib/mEoS/iButene.py
11161411,1,1,2,lib/mEoS/iC4.py
11161411,1,1,2,lib/mEoS/iC5.py
11161411,1,1,2,lib/mEoS/iC6.py
11161411,1,1,2,lib/mEoS/iC8.py
11161411,1,1,2,lib/mEoS/mXylene.py
11161411,1,1,2,lib/mEoS/nC10.py
11161411,1,1,2,lib/mEoS/nC11.py
11161411,1,1,2,lib/mEoS/nC12.py
11161411,1,1,2,lib/mEoS/nC16.py
11161411,1,1,2,lib/mEoS/nC22.py
11161411,1,1,2,lib/mEoS/nC4.py
11161411,1,1,2,lib/mEoS/nC5.py
11161411,1,1,2,lib/mEoS/nC6.py
11161411,1,1,2,lib/mEoS/nC7.py
11161411,1,1,2,lib/mEoS/nC8.py
11161411,1,1,2,lib/mEoS/nC9.py
11161411,1,1,2,lib/mEoS/neoC5.py
11161411,1,1,2,lib/mEoS/oH2.py
11161411,1,1,2,lib/mEoS/oXylene.py
11161411,1,1,2,lib/mEoS/pH2.py
11161411,1,1,2,lib/mEoS/pXylene.py
11161411,0,112,112,lib/mEoS/C4F10.py
11161411,0,110,110,lib/mEoS/C5F12.py
11161411,5,7,12,lib/mEoS/__init__.py
11161411,0,2,2,lib/meos.py
11161411,6,8,14,lib/mEoS/R125.py
11161411,28,25,53,lib/mEoS/Propylene.py
11161411,1,1,2,lib/mEoS/CO2.py
11161411,3,3,6,lib/mEoS/Methanol.py
11161411,1,1,2,lib/mEoS/N2.py
11161411,1,1,2,lib/mEoS/O2.py
11161411,1,1,2,lib/mEoS/R23.py
11161411,1,1,2,lib/mEoS/R236ea.py
11161411,56,27,83,lib/meos.py
11161411,31,5,36,lib/mEoS/Propylene.py
11161411,31,1,32,lib/mEoS/R115.py
11161411,30,66,96,lib/mEoS/R116.py
11161411,31,1,32,lib/mEoS/R124.py
11161411,30,3,33,lib/mEoS/R125.py
11161411,24,13,37,lib/mEoS/R13.py
11161411,30,0,30,lib/mEoS/R14.py
11161411,31,1,32,lib/mEoS/R141b.py
11161411,31,1,32,lib/mEoS/R142b.py
11161411,31,1,32,lib/mEoS/R218.py
11161411,31,1,32,lib/mEoS/R227ea.py
11161411,21,12,33,lib/mEoS/R236ea.py
11161411,31,1,32,lib/mEoS/R236fa.py
11161411,22,13,35,lib/mEoS/R245ca.py
11161411,31,1,32,lib/mEoS/R245fa.py
11161411,26,17,43,lib/mEoS/R32.py
11161411,31,1,32,lib/mEoS/RC318.py
11161411,322,29,351,lib/meos.py
11161411,686,348,1034,lib/meos.py
11161411,3,2,5,lib/mEoS/Ar.py
11161411,22,3,25,lib/mEoS/C2.py
11161411,5,12,17,lib/mEoS/C3.py
11161411,3,2,5,lib/mEoS/N2.py
11161411,3,2,5,lib/mEoS/O2.py
11161411,3,3,6,lib/mEoS/iC4.py
11161411,5,5,10,lib/mEoS/nC4.py
11161411,34,48,82,lib/meos.py
11161411,127,100,227,lib/mEoS/CH4.py
11161411,80,79,159,lib/mEoS/C2.py
11161411,17,8,25,lib/mEoS/C3.py
11161411,292,7,299,lib/mEoS/C3.py
11161411,277,5,282,lib/mEoS/C2.py
11161411,243,11,254,lib/mEoS/iC4.py
11161411,278,13,291,lib/mEoS/nC4.py
11161411,5,4,9,lib/mEoS/iC4.py
11161411,1,1,2,lib/mEoS/Ar.py
11161411,319,36,355,lib/mEoS/CH4.py
11161411,1,1,2,lib/mEoS/N2.py
11161411,1,1,2,lib/mEoS/O2.py
11161411,1,1,2,lib/mEoS/R123.py
11161411,42,53,95,lib/meos.py
11161411,255,13,268,lib/mEoS/pH2.py
11161411,6,7,13,lib/mEoS/Ar.py
11161411,1,5,6,lib/mEoS/N2.py
11161411,33,30,63,lib/mEoS/O2.py
11161411,229,245,474,lib/meos.py
11161411,102,115,217,lib/mEoS/Methanol.py
11161411,10,7,17,lib/mEoS/Ethanol.py
11161411,2,3,5,lib/mEoS/D2.py
11161411,1,0,1,lib/mEoS/D2O.py
11161411,90,79,169,lib/mEoS/Ethylene.py
11161411,0,31,31,lib/mEoS/H2.py
11161411,259,5,264,lib/mEoS/NF3.py
11161411,307,23,330,lib/mEoS/Ar.py
11161411,235,163,398,lib/mEoS/O2.py
11161411,376,12,388,lib/mEoS/N2.py
11161411,324,111,435,lib/mEoS/N2.py
11161411,98,73,171,lib/mEoS/N2.py
11161411,160,70,230,lib/mEoS/Ar.py
11161411,88,73,161,lib/mEoS/Ethylene.py
11161411,18,42,60,lib/mEoS/Ethylene.py
11161411,416,69,485,lib/mEoS/Ethylene.py
11161411,55,95,150,lib/mEoS/O2.py
11161411,6,20,26,UI/viewComponents.py
11161411,26,0,26,UI/widgets.py
11161411,4,11,15,equipment/UI_reactor.py
11161411,11,41,52,tools/UI_Tables.py
11161411,4,5,9,tools/doi.py
11161411,60,33,93,UI/viewComponents.py
11161411,51,1,52,UI/widgets.py
11161411,11,5,16,equipment/UI_reactor.py
11161411,9,9,18,lib/compuestos.py
11161411,57,32,89,tools/UI_Tables.py
11161411,27,3,30,lib/mEoS/D2O.py
11161411,163,52,215,lib/mEoS/D2O.py
11161411,89,4,93,lib/mEoS/iC4.py
11161411,1,1,2,lib/mEoS/He.py
11161411,12,5,17,lib/mEoS/nC5.py
11161411,21,11,32,lib/mEoS/nC7.py
11161411,3,2,5,lib/mEoS/CO2.py
11161411,12,4,16,lib/mEoS/H2O.py
11161411,5,4,9,lib/mEoS/R41.py
11161411,4,3,7,lib/mEoS/R32.py
11161411,5,2,7,lib/mEoS/He.py
11161411,4,4,8,lib/mEoS/CO.py
11161411,1,1,2,lib/mEoS/R236ea.py
11161411,4,6,10,lib/mEoS/R236fa.py
11161411,1,1,2,lib/mEoS/R124.py
11161411,1,1,2,lib/mEoS/R125.py
11161411,1,1,2,lib/mEoS/R13.py
11161411,1,1,2,lib/mEoS/R134a.py
11161411,1,1,2,lib/mEoS/R143a.py
11161411,254,13,267,lib/mEoS/R152a.py
11161411,2,2,4,lib/mEoS/R123.py
11161411,9,7,16,lib/mEoS/R124.py
11161411,1,1,2,lib/mEoS/R125.py
11161411,4,3,7,lib/mEoS/R143a.py
11161411,92,35,127,lib/mEoS/R134a.py
11161411,10,9,19,lib/meos.py
11161411,10,8,18,lib/mEoS/R13.py
11161411,216,6,222,lib/mEoS/R125.py
11161411,316,98,414,lib/mEoS/R123.py
11161411,7,57,64,lib/meos.py
11161411,116,106,222,lib/meos.py
11161411,460,148,608,lib/meos.py
11161411,1,1,2,lib/gerg.py
11161411,8,8,16,lib/mEoS/D2O.py
11161411,4,4,8,lib/mEoS/H2O.py
11161411,1,1,2,lib/mEoS/SF6.py
11161411,498,547,1045,lib/meos.py
11161411,34,2,36,lib/meos.py
11161411,7,1,8,lib/mEoS/D2.py
11161411,2,2,4,lib/mEoS/D4.py
11161411,1,1,2,lib/mEoS/EthyOxide.py
11161411,16,9,25,lib/mEoS/MM.py
11161411,2,0,2,lib/mEoS/NH3.py
11161411,84,0,84,lib/mEoS/__init__.py
11161411,1,1,2,lib/mEoS/nC16.py
11161411,1597,447,2044,lib/meos.py
11161411,38,3,41,lib/mEoS/NH3.py
11161411,18,11,29,lib/mEoS/SF6.py
11161411,6,3,9,docs/generateMEOSrst.py
11161411,1,1,2,lib/mEoS/DEE.py
11161411,1,1,2,lib/mEoS/R143a.py
11161411,1,1,2,lib/mEoS/RC318.py
11161411,1,1,2,lib/mEoS/RE143a.py
11161411,1,1,2,lib/mEoS/Trans_2_butene.py
11161411,1,1,2,lib/mEoS/oXylene.py
11161411,3,4,7,lib/compuestos.py
11161411,2,6,8,lib/crude.py
11161411,52,50,102,lib/elemental.py
11161411,39,114,153,lib/adimensional.py
11161411,101,541,642,lib/compuestos.py
11161411,53,38,91,lib/config.py
11161411,74,181,255,lib/crude.py
11161411,97,202,299,lib/friction.py
11161411,75,234,309,lib/mezcla.py
11161411,51,194,245,lib/newComponent.py
11161411,59,398,457,lib/petro.py
11161411,23,21,44,lib/physics.py
11161411,57,57,114,lib/unidades.py
11161411,25,0,25,lib/utilities.py
11161411,13,13,26,lib/compuestos.py
11161411,1,1,2,lib/mezcla.py
11161411,19,2,21,docs/generateReferences.py
11161411,1,1,2,equipment/heatExchanger.py
11161411,20,20,40,lib/adimensional.py
11161411,184,147,331,lib/compuestos.py
11161411,80,74,154,lib/crude.py
11161411,30,30,60,lib/friction.py
11161411,78,64,142,lib/newComponent.py
11161411,439,376,815,lib/petro.py
11161411,107,14,121,lib/unidades.py
11161411,2,5,7,docs/conf.py
11161411,1,1,2,UI/prefMoody.py
11161411,8,0,8,docs/conf.py
11161411,303,252,555,lib/friction.py
11161411,1,1,2,lib/unidades.py
11161411,36,8,44,lib/friction.py
11161411,69,57,126,docs/conf.py
11161411,2,28,30,docs/conf.py
11161411,26,9,35,docs/conf.py
11161411,8,8,16,lib/compuestos.py
11161411,1,1,2,pychemqt.py
11161411,2,2,4,docs/conf.py
11161411,1,1,2,pychemqt.py
11161411,3,1,4,docs/conf.py
11161411,1,1,2,docs/conf.py
11161411,1,1,2,docs/conf.py
11161411,1,1,2,docs/conf.py
11161411,9,0,9,docs/conf.py
11161411,2,1,3,docs/conf.py
11161411,1,1,2,docs/conf.py
11161411,1,1,2,docs/conf.py
11161411,3,3,6,docs/conf.py
11161411,2,1,3,docs/conf.py
11161411,2,4,6,docs/conf.py
11161411,1,3,4,setup.py
11161411,1,0,1,setup.py
11161411,2,1,3,setup.py
11161411,0,0,0,__init__.py
11161411,0,0,0,Samples/__init__.py
11161411,1,1,2,UI/mainWindow.py
11161411,0,0,0,dat/__init__.py
11161411,0,0,0,docs/__init__.py
11161411,0,0,0,i18n/__init__.py
11161411,57,0,57,setup.py
11161411,0,15,15,docs/generateMEOSrst.py
11161411,1,15,16,docs/generateReferences.py
11161411,1,0,1,docs/conf.py
11161411,1,0,1,docs/conf.py
11161411,2,0,2,docs/conf.py
11161411,1,0,1,docs/conf.py
11161411,1,0,1,docs/conf.py
11161411,1,1,2,docs/conf.py
11161411,2,2,4,docs/conf.py
11161411,2,2,4,docs/conf.py
11161411,15,0,15,docs/generateMEOSrst.py
11161411,16,1,17,docs/generateReferences.py
11161411,4,2,6,docs/conf.py
11161411,2,2,4,docs/conf.py
11161411,17,9,26,lib/mEoS/SF6.py
11161411,4,0,4,lib/mEoS/__init__.py
11161411,218,0,218,lib/mEoS/EthyOxide.py
11161411,4,3,7,lib/mEoS/__init__.py
11161411,138,0,138,lib/mEoS/Novec649.py
11161411,2,1,3,lib/mEoS/__init__.py
11161411,0,4,4,lib/mEoS/__init__.py
11161411,83,1,84,lib/mEoS/nC16.py
11161411,0,1,1,lib/mEoS/nC22.py
11161411,98,1,99,lib/mEoS/nC16.py
11161411,3,1,4,lib/mEoS/__init__.py
11161411,102,0,102,lib/mEoS/nC16.py
11161411,97,0,97,lib/mEoS/nC22.py
11161411,1,1,2,docs/generateMEOSrst.py
11161411,1685,1288,2973,lib/meos.py
11161411,55,0,55,lib/utilities.py
11161411,12,12,24,tools/UI_Tables.py
11161411,5,0,5,tools/UI_psychrometry.py
11161411,1,1,2,UI/prefPsychrometric.py
11161411,8,8,16,lib/psycrometry.py
11161411,17,15,32,tools/UI_psychrometry.py
11161411,2,2,4,lib/psycrometry.py
11161411,2,0,2,lib/unidades.py
11161411,8,6,14,tools/UI_psychrometry.py
11161411,108,23,131,lib/mEoS/R152a.py
11161411,79,17,96,lib/mEoS/He.py
11161411,52,63,115,lib/mEoS/R152a.py
11161411,93,17,110,lib/mEoS/nC4.py
11161411,226,9,235,lib/mEoS/R161.py
11161411,50,3,53,lib/mEoS/R161.py
11161411,33,33,66,UI/mainWindow.py
11161411,18,2,20,UI/mainWindow.py
11161411,2,2,4,lib/mEoS/Ethanol.py
11161411,20,16,36,lib/mEoS/R134a.py
11161411,0,23,23,lib/mEoS/R245fa.py
11161411,56,43,99,lib/mEoS/R1234yf.py
11161411,69,61,130,lib/mEoS/R1234ze.py
11161411,2,2,4,lib/mEoS/CH4.py
11161411,8,8,16,lib/mEoS/F2.py
11161411,38,48,86,lib/mEoS/H2.py
11161411,0,24,24,lib/mEoS/H2S.py
11161411,0,14,14,lib/mEoS/MM.py
11161411,1,1,2,lib/mEoS/O2.py
11161411,8,47,55,lib/mEoS/Xe.py
11161411,4,0,4,lib/mEoS/__init__.py
11161411,28,23,51,lib/mEoS/iC4.py
11161411,83,98,181,lib/mEoS/pH2.py
11161411,36,41,77,lib/mEoS/R123.py
11161411,76,58,134,lib/mEoS/R123.py
11161411,23,0,23,lib/mEoS/R404a.py
11161411,23,0,23,lib/mEoS/R407c.py
11161411,23,0,23,lib/mEoS/R410a.py
11161411,23,0,23,lib/mEoS/R507a.py
11161411,48,2,50,lib/mEoS/nC6.py
11161411,3,0,3,tests/__main__.py
11161411,96,34,130,lib/mEoS/C2.py
11161411,78,18,96,lib/mEoS/C2.py
11161411,3,15,18,lib/mEoS/C3.py
11161411,59,0,59,lib/mEoS/R1233zd.py
11161411,16,13,29,lib/friction.py
11161411,46,3,49,lib/mEoS/nC7.py
11161411,96,74,170,lib/mEoS/Ethylene.py
11161411,31,20,51,lib/mEoS/Ethylene.py
11161411,58,2,60,lib/mEoS/Propylene.py
11161411,65,15,80,lib/mEoS/CO2.py
11161411,58,0,58,lib/mEoS/EthylBenzene.py
11161411,59,0,59,lib/mEoS/mXylene.py
11161411,53,1,54,lib/mEoS/oXylene.py
11161411,52,0,52,lib/mEoS/pXylene.py
11161411,49,16,65,lib/mEoS/NH3.py
11161411,67,5,72,lib/mEoS/C3.py
11161411,50,1,51,lib/mEoS/pXylene.py
11161411,116,4,120,lib/mEoS/EthylBenzene.py
11161411,42,0,42,lib/mEoS/SF6.py
11161411,41,19,60,lib/mEoS/Toluene.py
11161411,253,0,253,lib/mEoS/nC11.py
11161411,94,11,105,lib/mEoS/SO2.py
11161411,9,9,18,lib/mEoS/Acetone.py
11161411,10,9,19,lib/mEoS/Ar.py
11161411,9,13,22,lib/mEoS/Benzene.py
11161411,8,8,16,lib/mEoS/Butene_1.py
11161411,8,8,16,lib/mEoS/C1Cyclohexane.py
11161411,8,8,16,lib/mEoS/C1Linoleate.py
11161411,8,8,16,lib/mEoS/C1Linolenate.py
11161411,8,8,16,lib/mEoS/C1Oleate.py
11161411,8,8,16,lib/mEoS/C1Palmitate.py
11161411,8,8,16,lib/mEoS/C1Stearate.py
11161411,10,10,20,lib/mEoS/C2.py
11161411,9,8,17,lib/mEoS/C3.py
11161411,8,8,16,lib/mEoS/C3Cyclohexane.py
11161411,9,9,18,lib/mEoS/C4F10.py
11161411,9,9,18,lib/mEoS/C5F12.py
11161411,11,11,22,lib/mEoS/CH4.py
11161411,8,8,16,lib/mEoS/CO.py
11161411,9,9,18,lib/mEoS/CO2.py
11161411,8,8,16,lib/mEoS/COS.py
11161411,8,8,16,lib/mEoS/Cis_2_butene.py
11161411,8,8,16,lib/mEoS/Cyclohexane.py
11161411,8,8,16,lib/mEoS/Cyclopentane.py
11161411,11,11,22,lib/mEoS/Cyclopropane.py
11161411,8,8,16,lib/mEoS/D2.py
11161411,9,9,18,lib/mEoS/D2O.py
11161411,8,8,16,lib/mEoS/D4.py
11161411,8,8,16,lib/mEoS/D5.py
11161411,9,9,18,lib/mEoS/D6.py
11161411,8,8,16,lib/mEoS/DEE.py
11161411,10,10,20,lib/mEoS/DMC.py
11161411,8,8,16,lib/mEoS/DME.py
11161411,8,8,16,lib/mEoS/Ethanol.py
11161411,14,9,23,lib/mEoS/EthylBenzene.py
11161411,10,10,20,lib/mEoS/Ethylene.py
11161411,8,8,16,lib/mEoS/H2.py
11161411,16,16,32,lib/mEoS/H2O.py
11161411,9,9,18,lib/mEoS/H2S.py
11161411,9,9,18,lib/mEoS/HCl.py
11161411,9,9,18,lib/mEoS/He.py
11161411,8,8,16,lib/mEoS/Kr.py
11161411,8,8,16,lib/mEoS/MD2M.py
11161411,9,9,18,lib/mEoS/MD3M.py
11161411,9,9,18,lib/mEoS/MD4M.py
11161411,8,18,26,lib/mEoS/MDM.py
11161411,22,9,31,lib/mEoS/MM.py
11161411,8,8,16,lib/mEoS/Methanol.py
11161411,9,10,19,lib/mEoS/N2.py
11161411,8,8,16,lib/mEoS/N2O.py
11161411,8,8,16,lib/mEoS/NF3.py
11161411,8,8,16,lib/mEoS/NH3.py
11161411,9,8,17,lib/mEoS/Ne.py
11161411,8,8,16,lib/mEoS/O2.py
11161411,8,8,16,lib/mEoS/Propylene.py
11161411,8,8,16,lib/mEoS/Propyne.py
11161411,8,8,16,lib/mEoS/R11.py
11161411,8,33,41,lib/mEoS/R113.py
11161411,8,8,16,lib/mEoS/R114.py
11161411,8,8,16,lib/mEoS/R115.py
11161411,8,8,16,lib/mEoS/R116.py
11161411,8,8,16,lib/mEoS/R12.py
11161411,8,8,16,lib/mEoS/R1216.py
11161411,8,8,16,lib/mEoS/R123.py
11161411,8,8,16,lib/mEoS/R1233zd.py
11161411,8,8,16,lib/mEoS/R124.py
11161411,9,9,18,lib/mEoS/R125.py
11161411,8,8,16,lib/mEoS/R13.py
11161411,8,8,16,lib/mEoS/R134a.py
11161411,8,8,16,lib/mEoS/R13I1.py
11161411,8,8,16,lib/mEoS/R14.py
11161411,9,9,18,lib/mEoS/R141b.py
11161411,8,8,16,lib/mEoS/R142b.py
11161411,10,9,19,lib/mEoS/R143a.py
11161411,9,9,18,lib/mEoS/R152a.py
11161411,8,8,16,lib/mEoS/R21.py
11161411,8,8,16,lib/mEoS/R218.py
11161411,8,8,16,lib/mEoS/R22.py
11161411,8,8,16,lib/mEoS/R227ea.py
11161411,8,8,16,lib/mEoS/R23.py
11161411,8,8,16,lib/mEoS/R236ea.py
11161411,8,8,16,lib/mEoS/R236fa.py
11161411,8,8,16,lib/mEoS/R245ca.py
11161411,8,8,16,lib/mEoS/R245fa.py
11161411,8,8,16,lib/mEoS/R32.py
11161411,8,8,16,lib/mEoS/R365mfc.py
11161411,8,8,16,lib/mEoS/R40.py
11161411,8,8,16,lib/mEoS/R41.py
11161411,8,8,16,lib/mEoS/RC318.py
11161411,8,8,16,lib/mEoS/RE143a.py
11161411,8,8,16,lib/mEoS/RE245cb2.py
11161411,8,8,16,lib/mEoS/RE245fa2.py
11161411,8,8,16,lib/mEoS/RE347mcc.py
11161411,10,10,20,lib/mEoS/SF6.py
11161411,8,8,16,lib/mEoS/SO2.py
11161411,8,8,16,lib/mEoS/Toluene.py
11161411,8,8,16,lib/mEoS/Trans_2_butene.py
11161411,0,1,1,lib/mEoS/Xe.py
11161411,8,8,16,lib/mEoS/iButene.py
11161411,9,9,18,lib/mEoS/iC4.py
11161411,9,9,18,lib/mEoS/iC5.py
11161411,8,8,16,lib/mEoS/iC6.py
11161411,8,8,16,lib/mEoS/iC8.py
11161411,8,8,16,lib/mEoS/mXylene.py
11161411,8,8,16,lib/mEoS/nC10.py
11161411,8,8,16,lib/mEoS/nC11.py
11161411,8,8,16,lib/mEoS/nC12.py
11161411,8,8,16,lib/mEoS/nC5.py
11161411,8,8,16,lib/mEoS/nC6.py
11161411,8,8,16,lib/mEoS/nC7.py
11161411,8,8,16,lib/mEoS/nC8.py
11161411,8,8,16,lib/mEoS/nC9.py
11161411,8,8,16,lib/mEoS/neoC5.py
11161411,8,8,16,lib/mEoS/oH2.py
11161411,8,8,16,lib/mEoS/oXylene.py
11161411,8,8,16,lib/mEoS/pH2.py
11161411,8,8,16,lib/mEoS/pXylene.py
11161411,68,25,93,lib/meos.py
11161411,1,3,4,docs/conf.py
11161411,88,0,88,docs/generateMEOSrst.py
11161411,29,0,29,docs/generateReferences.py
11161411,44,146,190,lib/coolProp.py
11161411,1,0,1,lib/mEoS/Acetone.py
11161411,1,0,1,lib/mEoS/Air.py
11161411,3,1,4,lib/mEoS/Ar.py
11161411,1,0,1,lib/mEoS/Benzene.py
11161411,1,0,1,lib/mEoS/Butene_1.py
11161411,1,0,1,lib/mEoS/C1Cyclohexane.py
11161411,1,0,1,lib/mEoS/C1Linoleate.py
11161411,1,0,1,lib/mEoS/C1Linolenate.py
11161411,1,0,1,lib/mEoS/C1Oleate.py
11161411,1,0,1,lib/mEoS/C1Palmitate.py
11161411,1,0,1,lib/mEoS/C1Stearate.py
11161411,1,0,1,lib/mEoS/C2.py
11161411,1,0,1,lib/mEoS/C3.py
11161411,1,0,1,lib/mEoS/C3Cyclohexane.py
11161411,1,0,1,lib/mEoS/C4F10.py
11161411,1,0,1,lib/mEoS/C5F12.py
11161411,3,1,4,lib/mEoS/CH4.py
11161411,3,1,4,lib/mEoS/CO.py
11161411,1,0,1,lib/mEoS/CO2.py
11161411,1,0,1,lib/mEoS/COS.py
11161411,1,0,1,lib/mEoS/Cis_2_butene.py
11161411,1,0,1,lib/mEoS/Cyclohexane.py
11161411,1,0,1,lib/mEoS/Cyclopentane.py
11161411,1,0,1,lib/mEoS/Cyclopropane.py
11161411,5,1,6,lib/mEoS/D2.py
11161411,1,0,1,lib/mEoS/D2O.py
11161411,1,0,1,lib/mEoS/D4.py
11161411,1,0,1,lib/mEoS/D5.py
11161411,1,0,1,lib/mEoS/D6.py
11161411,1,0,1,lib/mEoS/DEE.py
11161411,1,0,1,lib/mEoS/DMC.py
11161411,1,0,1,lib/mEoS/DME.py
11161411,1,0,1,lib/mEoS/Ethanol.py
11161411,1,0,1,lib/mEoS/EthylBenzene.py
11161411,3,1,4,lib/mEoS/Ethylene.py
11161411,1,0,1,lib/mEoS/F2.py
11161411,3,1,4,lib/mEoS/H2.py
11161411,1,0,1,lib/mEoS/H2O.py
11161411,1,0,1,lib/mEoS/H2S.py
11161411,1,0,1,lib/mEoS/HCl.py
11161411,1,0,1,lib/mEoS/He.py
11161411,1,0,1,lib/mEoS/Kr.py
11161411,1,0,1,lib/mEoS/MD2M.py
11161411,1,0,1,lib/mEoS/MD3M.py
11161411,1,0,1,lib/mEoS/MD4M.py
11161411,1,0,1,lib/mEoS/MDM.py
11161411,1,0,1,lib/mEoS/MM.py
11161411,1,0,1,lib/mEoS/Methanol.py
11161411,3,1,4,lib/mEoS/N2.py
11161411,1,0,1,lib/mEoS/N2O.py
11161411,1,0,1,lib/mEoS/NF3.py
11161411,1,0,1,lib/mEoS/NH3.py
11161411,1,0,1,lib/mEoS/Ne.py
11161411,3,1,4,lib/mEoS/O2.py
11161411,1,0,1,lib/mEoS/Propylene.py
11161411,1,0,1,lib/mEoS/Propyne.py
11161411,1,0,1,lib/mEoS/R11.py
11161411,1,0,1,lib/mEoS/R113.py
11161411,1,0,1,lib/mEoS/R114.py
11161411,1,0,1,lib/mEoS/R115.py
11161411,3,1,4,lib/mEoS/R116.py
11161411,1,0,1,lib/mEoS/R12.py
11161411,2,0,2,lib/mEoS/R1216.py
11161411,2,1,3,lib/mEoS/R123.py
11161411,1,0,1,lib/mEoS/R1233zd.py
11161411,2,1,3,lib/mEoS/R1234yf.py
11161411,3,1,4,lib/mEoS/R124.py
11161411,1,0,1,lib/mEoS/R125.py
11161411,3,1,4,lib/mEoS/R13.py
11161411,2,1,3,lib/mEoS/R134a.py
11161411,1,0,1,lib/mEoS/R13I1.py
11161411,1,0,1,lib/mEoS/R14.py
11161411,1,0,1,lib/mEoS/R141b.py
11161411,1,0,1,lib/mEoS/R142b.py
11161411,1,0,1,lib/mEoS/R143a.py
11161411,2,1,3,lib/mEoS/R152a.py
11161411,2,0,2,lib/mEoS/R161.py
11161411,1,0,1,lib/mEoS/R21.py
11161411,1,0,1,lib/mEoS/R218.py
11161411,1,0,1,lib/mEoS/R22.py
11161411,1,0,1,lib/mEoS/R227ea.py
11161411,1,0,1,lib/mEoS/R23.py
11161411,3,1,4,lib/mEoS/R236ea.py
11161411,3,1,4,lib/mEoS/R236fa.py
11161411,1,0,1,lib/mEoS/R245ca.py
11161411,1,0,1,lib/mEoS/R245fa.py
11161411,3,1,4,lib/mEoS/R32.py
11161411,1,0,1,lib/mEoS/R365mfc.py
11161411,1,0,1,lib/mEoS/R40.py
11161411,1,0,1,lib/mEoS/R404a.py
11161411,1,1,2,lib/mEoS/R407c.py
11161411,3,1,4,lib/mEoS/R41.py
11161411,1,0,1,lib/mEoS/R410a.py
11161411,1,2,3,lib/mEoS/R507a.py
11161411,1,0,1,lib/mEoS/RC318.py
11161411,1,0,1,lib/mEoS/RE143a.py
11161411,1,0,1,lib/mEoS/RE245cb2.py
11161411,1,0,1,lib/mEoS/RE245fa2.py
11161411,1,0,1,lib/mEoS/RE347mcc.py
11161411,1,0,1,lib/mEoS/SF6.py
11161411,1,0,1,lib/mEoS/SO2.py
11161411,1,0,1,lib/mEoS/Toluene.py
11161411,1,0,1,lib/mEoS/Trans_2_butene.py
11161411,1,0,1,lib/mEoS/Xe.py
11161411,1,0,1,lib/mEoS/iButene.py
11161411,4,1,5,lib/mEoS/iC4.py
11161411,1,0,1,lib/mEoS/iC5.py
11161411,1,0,1,lib/mEoS/iC6.py
11161411,1,0,1,lib/mEoS/iC8.py
11161411,1,0,1,lib/mEoS/mXylene.py
11161411,1,0,1,lib/mEoS/nC10.py
11161411,1,0,1,lib/mEoS/nC11.py
11161411,1,0,1,lib/mEoS/nC12.py
11161411,1,0,1,lib/mEoS/nC4.py
11161411,3,1,4,lib/mEoS/nC5.py
11161411,1,0,1,lib/mEoS/nC6.py
11161411,1,0,1,lib/mEoS/nC7.py
11161411,1,0,1,lib/mEoS/nC8.py
11161411,1,0,1,lib/mEoS/nC9.py
11161411,1,0,1,lib/mEoS/neoC5.py
11161411,1,0,1,lib/mEoS/oH2.py
11161411,1,0,1,lib/mEoS/oXylene.py
11161411,3,1,4,lib/mEoS/pH2.py
11161411,1,0,1,lib/mEoS/pXylene.py
11161411,143,94,237,lib/mEoS/He.py
11161411,1,0,1,lib/mEoS/He.py
11161411,4,0,4,pychemqt.py
11161411,124,15,139,tools/UI_Tables.py
11161411,1,0,1,lib/mEoS/Acetone.py
11161411,1,0,1,lib/mEoS/Air.py
11161411,1,0,1,lib/mEoS/Ar.py
11161411,1,0,1,lib/mEoS/Benzene.py
11161411,1,0,1,lib/mEoS/Butene_1.py
11161411,1,0,1,lib/mEoS/C1Cyclohexane.py
11161411,1,0,1,lib/mEoS/C1Linoleate.py
11161411,1,0,1,lib/mEoS/C1Linolenate.py
11161411,1,0,1,lib/mEoS/C1Oleate.py
11161411,1,0,1,lib/mEoS/C1Palmitate.py
11161411,1,0,1,lib/mEoS/C1Stearate.py
11161411,1,0,1,lib/mEoS/C2.py
11161411,1,0,1,lib/mEoS/C3.py
11161411,1,0,1,lib/mEoS/C3Cyclohexane.py
11161411,1,0,1,lib/mEoS/C4F10.py
11161411,1,0,1,lib/mEoS/C5F12.py
11161411,1,0,1,lib/mEoS/CH4.py
11161411,1,0,1,lib/mEoS/CO.py
11161411,1,0,1,lib/mEoS/CO2.py
11161411,1,0,1,lib/mEoS/COS.py
11161411,1,0,1,lib/mEoS/Cis_2_butene.py
11161411,1,0,1,lib/mEoS/Cyclohexane.py
11161411,1,0,1,lib/mEoS/Cyclopentane.py
11161411,1,0,1,lib/mEoS/Cyclopropane.py
11161411,3,0,3,lib/mEoS/D2.py
11161411,1,0,1,lib/mEoS/D2O.py
11161411,1,0,1,lib/mEoS/D4.py
11161411,1,0,1,lib/mEoS/D5.py
11161411,1,0,1,lib/mEoS/D6.py
11161411,1,0,1,lib/mEoS/DEE.py
11161411,1,0,1,lib/mEoS/DMC.py
11161411,1,0,1,lib/mEoS/DME.py
11161411,1,0,1,lib/mEoS/Ethanol.py
11161411,1,0,1,lib/mEoS/EthylBenzene.py
11161411,1,0,1,lib/mEoS/Ethylene.py
11161411,1,0,1,lib/mEoS/F2.py
11161411,1,0,1,lib/mEoS/H2.py
11161411,1,0,1,lib/mEoS/H2O.py
11161411,1,0,1,lib/mEoS/H2S.py
11161411,1,0,1,lib/mEoS/HCl.py
11161411,1,0,1,lib/mEoS/He.py
11161411,1,0,1,lib/mEoS/Kr.py
11161411,1,0,1,lib/mEoS/MD2M.py
11161411,1,0,1,lib/mEoS/MD3M.py
11161411,1,0,1,lib/mEoS/MD4M.py
11161411,1,0,1,lib/mEoS/MDM.py
11161411,1,0,1,lib/mEoS/MM.py
11161411,1,0,1,lib/mEoS/Methanol.py
11161411,1,0,1,lib/mEoS/N2.py
11161411,1,0,1,lib/mEoS/N2O.py
11161411,1,0,1,lib/mEoS/NF3.py
11161411,1,0,1,lib/mEoS/NH3.py
11161411,1,0,1,lib/mEoS/Ne.py
11161411,1,0,1,lib/mEoS/O2.py
11161411,1,0,1,lib/mEoS/Propylene.py
11161411,1,0,1,lib/mEoS/Propyne.py
11161411,1,0,1,lib/mEoS/R11.py
11161411,1,0,1,lib/mEoS/R113.py
11161411,1,0,1,lib/mEoS/R114.py
11161411,1,0,1,lib/mEoS/R115.py
11161411,1,0,1,lib/mEoS/R116.py
11161411,1,0,1,lib/mEoS/R12.py
11161411,1,0,1,lib/mEoS/R1216.py
11161411,3,1,4,lib/mEoS/R123.py
11161411,1,0,1,lib/mEoS/R1233zd.py
11161411,1,0,1,lib/mEoS/R1234ze.py
11161411,1,0,1,lib/mEoS/R124.py
11161411,1,0,1,lib/mEoS/R125.py
11161411,1,0,1,lib/mEoS/R13.py
11161411,2,1,3,lib/mEoS/R134a.py
11161411,1,0,1,lib/mEoS/R13I1.py
11161411,1,0,1,lib/mEoS/R14.py
11161411,1,0,1,lib/mEoS/R141b.py
11161411,1,0,1,lib/mEoS/R142b.py
11161411,1,0,1,lib/mEoS/R143a.py
11161411,1,0,1,lib/mEoS/R152a.py
11161411,1,0,1,lib/mEoS/R161.py
11161411,1,0,1,lib/mEoS/R21.py
11161411,1,0,1,lib/mEoS/R218.py
11161411,1,0,1,lib/mEoS/R22.py
11161411,1,0,1,lib/mEoS/R227ea.py
11161411,1,0,1,lib/mEoS/R23.py
11161411,1,0,1,lib/mEoS/R236ea.py
11161411,1,0,1,lib/mEoS/R236fa.py
11161411,1,0,1,lib/mEoS/R245ca.py
11161411,1,0,1,lib/mEoS/R245fa.py
11161411,1,0,1,lib/mEoS/R32.py
11161411,1,0,1,lib/mEoS/R365mfc.py
11161411,1,0,1,lib/mEoS/R40.py
11161411,1,0,1,lib/mEoS/R404a.py
11161411,1,0,1,lib/mEoS/R407c.py
11161411,1,0,1,lib/mEoS/R41.py
11161411,1,0,1,lib/mEoS/R410a.py
11161411,1,0,1,lib/mEoS/R507a.py
11161411,1,0,1,lib/mEoS/RC318.py
11161411,1,0,1,lib/mEoS/RE143a.py
11161411,1,0,1,lib/mEoS/RE245cb2.py
11161411,1,0,1,lib/mEoS/RE245fa2.py
11161411,1,0,1,lib/mEoS/RE347mcc.py
11161411,1,0,1,lib/mEoS/SF6.py
11161411,1,0,1,lib/mEoS/SO2.py
11161411,1,0,1,lib/mEoS/Toluene.py
11161411,1,0,1,lib/mEoS/Trans_2_butene.py
11161411,1,0,1,lib/mEoS/Xe.py
11161411,8,27,35,lib/mEoS/__init__.py
11161411,1,0,1,lib/mEoS/iButene.py
11161411,1,0,1,lib/mEoS/iC4.py
11161411,1,0,1,lib/mEoS/iC5.py
11161411,1,0,1,lib/mEoS/iC6.py
11161411,1,0,1,lib/mEoS/iC8.py
11161411,1,0,1,lib/mEoS/mXylene.py
11161411,1,0,1,lib/mEoS/nC10.py
11161411,1,0,1,lib/mEoS/nC11.py
11161411,1,0,1,lib/mEoS/nC12.py
11161411,1,0,1,lib/mEoS/nC4.py
11161411,1,0,1,lib/mEoS/nC5.py
11161411,1,0,1,lib/mEoS/nC6.py
11161411,1,0,1,lib/mEoS/nC7.py
11161411,1,0,1,lib/mEoS/nC8.py
11161411,1,0,1,lib/mEoS/nC9.py
11161411,1,0,1,lib/mEoS/neoC5.py
11161411,1,0,1,lib/mEoS/oH2.py
11161411,1,0,1,lib/mEoS/oXylene.py
11161411,1,0,1,lib/mEoS/pH2.py
11161411,1,0,1,lib/mEoS/pXylene.py
11161411,12,81,93,lib/refProp.py
11161411,23,19,42,lib/mEoS/R125.py
11161411,50,14,64,lib/mEoS/NH3.py
11161411,42,65,107,lib/mEoS/nC7.py
11161411,33,59,92,lib/mEoS/nC6.py
11161411,34,0,34,lib/mEoS/Cyclopentane.py
11161411,45,33,78,lib/mEoS/iC5.py
11161411,33,34,67,lib/mEoS/nC5.py
11161411,24,19,43,lib/mEoS/nC4.py
11161411,11,21,32,lib/mEoS/nC12.py
11161411,23,21,44,lib/mEoS/nC10.py
11161411,28,27,55,lib/mEoS/nC8.py
11161411,25,24,49,lib/mEoS/nC9.py
11161411,59,66,125,lib/mEoS/Ethanol.py
11161411,29,23,52,lib/mEoS/C3.py
11161411,96,41,137,lib/mEoS/CO2.py
11161411,32,29,61,lib/mEoS/C2.py
11161411,54,44,98,lib/mEoS/C3Cyclohexane.py
11161411,45,40,85,lib/mEoS/C1Linoleate.py
11161411,0,24,24,lib/mEoS/C1Linolenate.py
11161411,42,37,79,lib/mEoS/C1Oleate.py
11161411,0,24,24,lib/mEoS/C1Palmitate.py
11161411,0,24,24,lib/mEoS/C1Stearate.py
11161411,0,2,2,lib/mEoS/Cyclopropane.py
11161411,57,46,103,lib/mEoS/C1Cyclohexane.py
11161411,24,25,49,lib/mEoS/Air.py
11161411,44,47,91,lib/mEoS/Ar.py
11161411,30,49,79,lib/mEoS/N2.py
11161411,20,17,37,lib/mEoS/O2.py
11161411,39,27,66,lib/mEoS/Benzene.py
11161411,1,0,1,pychemqt.py
11161411,56,292,348,lib/mEoS/Air.py
11161411,95,74,169,lib/mEoS/Ar.py
11161411,0,30,30,lib/mEoS/C1Cyclohexane.py
11161411,44,47,91,lib/mEoS/C3.py
11161411,23,39,62,lib/mEoS/CO.py
11161411,2,13,15,lib/mEoS/Cyclohexane.py
11161411,1,0,1,lib/mEoS/Cyclopropane.py
11161411,20,23,43,lib/mEoS/H2O.py
11161411,67,27,94,lib/mEoS/H2S.py
11161411,10,13,23,lib/mEoS/N2.py
11161411,34,39,73,lib/mEoS/iC4.py
11161411,33,37,70,lib/mEoS/nC4.py
11161411,86,76,162,lib/mEoS/N2.py
11161411,112,172,284,lib/mEoS/O2.py
11161411,68,61,129,lib/mEoS/Ethylene.py
11161411,53,27,80,lib/mEoS/Propylene.py
11161411,3,2,5,lib/mEoS/Methanol.py
11161411,37,35,72,lib/mEoS/Ethanol.py
11161411,172,102,274,lib/mEoS/Methanol.py
11161411,10,7,17,lib/mEoS/R113.py
11161411,87,100,187,lib/mEoS/R123.py
11161411,33,41,74,lib/mEoS/R125.py
11161411,46,85,131,lib/mEoS/R134a.py
11161411,104,28,132,lib/mEoS/R152a.py
11161411,4,4,8,lib/mEoS/R23.py
11161411,73,95,168,lib/mEoS/NH3.py
11161411,164,152,316,lib/mEoS/CH4.py
11161411,97,30,127,lib/mEoS/C2.py
11161411,25,18,43,lib/mEoS/Ne.py
11161411,48,34,82,lib/mEoS/He.py
11161411,72,113,185,lib/mEoS/H2.py
11161411,38,45,83,lib/mEoS/nC12.py
11161411,7,6,13,lib/mEoS/C2.py
11161411,7,6,13,lib/mEoS/C3.py
11161411,7,6,13,lib/mEoS/nC4.py
11161411,1,1,2,lib/mEoS/nC5.py
11161411,8,22,30,lib/mEoS/nC6.py
11161411,8,22,30,lib/mEoS/nC7.py
11161411,6,6,12,lib/mEoS/nC8.py
11161411,29,36,65,lib/mEoS/nC10.py
11161411,34,40,74,lib/mEoS/nC8.py
11161411,33,41,74,lib/mEoS/nC9.py
11161411,1,27,28,lib/mEoS/Butene_1.py
11161411,0,21,21,lib/mEoS/C3Cyclohexane.py
11161411,0,11,11,lib/mEoS/D4.py
11161411,5,27,32,lib/mEoS/DMC.py
11161411,0,10,10,lib/mEoS/RE245cb2.py
11161411,0,10,10,lib/mEoS/RE245fa2.py
11161411,1,1,2,lib/mEoS/RE347mcc.py
11161411,2,2,4,lib/mEoS/iC5.py
11161411,2,2,4,lib/mEoS/iC6.py
11161411,0,11,11,lib/mEoS/iC8.py
11161411,77,17,94,lib/mEoS/Toluene.py
11161411,38,0,38,lib/mEoS/SF6.py
11161411,90,3,93,tools/doi.py
11161411,103,0,103,lib/mEoS/mXylene.py
11161411,96,0,96,lib/mEoS/pXylene.py
11161411,103,0,103,lib/mEoS/oXylene.py
11161411,45,33,78,lib/mEoS/DME.py
11161411,81,0,81,lib/mEoS/Cyclohexane.py
11161411,110,25,135,lib/mEoS/CO2.py
11161411,81,11,92,lib/mEoS/Benzene.py
11161411,2,2,4,pychemqt.py
11161411,2,1,3,lib/mEoS/Benzene.py
11161411,13,13,26,lib/mEoS/C2.py
11161411,14,13,27,lib/mEoS/C3.py
11161411,20,20,40,lib/mEoS/CH4.py
11161411,12,12,24,lib/mEoS/CO2.py
11161411,10,11,21,lib/mEoS/H2O.py
11161411,10,29,39,lib/mEoS/N2.py
11161411,14,13,27,lib/mEoS/R134a.py
11161411,1,1,2,lib/mEoS/RE347mcc.py
11161411,14,13,27,lib/mEoS/nC4.py
11161411,14,13,27,lib/mEoS/nC5.py
11161411,14,13,27,lib/mEoS/nC6.py
11161411,14,13,27,lib/mEoS/nC7.py
11161411,14,13,27,lib/mEoS/nC8.py
11161411,1,1,2,lib/mEoS/pH2.py
11161411,26,42,68,lib/meos.py
11161411,311,234,545,lib/mEoS/H2O.py
11161411,42,10,52,lib/mEoS/H2O.py
11161411,17,12,29,lib/mEoS/CO2.py
11161411,1,2,3,lib/mEoS/R134a.py
11161411,251,166,417,lib/mEoS/R143a.py
11161411,28,12,40,lib/mEoS/R41.py
11161411,36,28,64,lib/mEoS/R23.py
11161411,254,31,285,lib/mEoS/R23.py
11161411,262,197,459,lib/mEoS/R32.py
11161411,177,97,274,lib/mEoS/R152a.py
11161411,51,36,87,lib/mEoS/R152a.py
11161411,44,1,45,lib/mEoS/R134a.py
11161411,275,271,546,lib/mEoS/R134a.py
11161411,168,92,260,lib/iapws97.py
11161411,5,1,6,tools/doi.py
11161411,3,2,5,lib/compuestos.py
11161411,45,33,78,lib/mEoS/R404a.py
11161411,39,26,65,lib/mEoS/R407c.py
11161411,39,28,67,lib/mEoS/R410a.py
11161411,41,27,68,lib/mEoS/R507a.py
11161411,10,7,17,lib/mEoS/SO2.py
11161411,1,23,24,lib/mEoS/Xe.py
11161411,16,1,17,lib/meos.py
11161411,6,7,13,lib/mEoS/R245fa.py
11161411,6,5,11,lib/mEoS/RC318.py
11161411,9,8,17,lib/mEoS/RE143a.py
11161411,9,8,17,lib/mEoS/RE245cb2.py
11161411,8,8,16,lib/mEoS/RE245fa2.py
11161411,8,9,17,lib/mEoS/RE347mcc.py
11161411,203,159,362,lib/mEoS/SF6.py
11161411,67,42,109,lib/mEoS/R22.py
11161411,1,1,2,lib/mEoS/R114.py
11161411,2,2,4,lib/mEoS/R115.py
11161411,9,7,16,lib/mEoS/R13.py
11161411,7,6,13,lib/mEoS/R14.py
11161411,2,2,4,lib/mEoS/R141b.py
11161411,2,2,4,lib/mEoS/R142b.py
11161411,12,8,20,lib/mEoS/R161.py
11161411,8,7,15,lib/mEoS/R21.py
11161411,2,2,4,lib/mEoS/R218.py
11161411,7,5,12,lib/mEoS/R236ea.py
11161411,29,10,39,lib/mEoS/R236fa.py
11161411,61,18,79,lib/mEoS/R245ca.py
11161411,41,25,66,lib/mEoS/R11.py
11161411,268,35,303,lib/mEoS/R123.py
11161411,12,9,21,lib/mEoS/Propyne.py
11161411,34,18,52,lib/mEoS/R113.py
11161411,10,8,18,lib/mEoS/R114.py
11161411,7,4,11,lib/mEoS/R116.py
11161411,36,19,55,lib/mEoS/R12.py
11161411,6,5,11,lib/mEoS/R1216.py
11161411,22,14,36,lib/mEoS/R1234yf.py
11161411,84,58,142,lib/mEoS/R1234ze.py
11161411,21,12,33,lib/mEoS/R124.py
11161411,149,66,215,lib/mEoS/R125.py
11161411,21,11,32,lib/mEoS/R134a.py
11161411,30,18,48,lib/mEoS/R143a.py
11161411,27,17,44,lib/mEoS/R152a.py
11161411,30,25,55,lib/mEoS/R1233zd.py
11161411,173,21,194,lib/mEoS/O2.py
11161411,219,117,336,lib/mEoS/NH3.py
11161411,15,10,25,lib/mEoS/Ne.py
11161411,24,17,41,lib/mEoS/nC5.py
11161411,12,7,19,lib/mEoS/nC6.py
11161411,17,10,27,lib/mEoS/nC7.py
11161411,11,6,17,lib/mEoS/nC8.py
11161411,10,7,17,lib/mEoS/neoC5.py
11161411,47,26,73,lib/mEoS/nC12.py
11161411,12,9,21,lib/mEoS/nC11.py
11161411,5,4,9,lib/compuestos.py
11161411,295,234,529,lib/mEoS/N2.py
11161411,2,2,4,lib/mEoS/N2O.py
11161411,88,19,107,lib/mEoS/H2.py
11161411,18,9,27,lib/mEoS/H2S.py
11161411,25,61,86,lib/mEoS/He.py
11161411,4,2,6,lib/mEoS/Kr.py
11161411,0,1,1,lib/mEoS/MD2M.py
11161411,0,1,1,lib/mEoS/MD3M.py
11161411,24,17,41,lib/mEoS/Methanol.py
11161411,0,1,1,lib/mEoS/NF3.py
11161411,4,3,7,lib/mEoS/__init__.py
11161411,2,2,4,lib/mEoS/iButene.py
11161411,15,9,24,lib/mEoS/iC5.py
11161411,2,2,4,lib/mEoS/iC6.py
11161411,4,3,7,lib/mEoS/iC8.py
11161411,76,14,90,lib/mEoS/oH2.py
11161411,77,14,91,lib/mEoS/pH2.py
11161411,244,250,494,lib/mEoS/Ethylene.py
11161411,10,6,16,lib/mEoS/F2.py
11161411,77,31,108,lib/mEoS/Ethanol.py
11161411,60,32,92,lib/mEoS/Ethanol.py
11161411,10,6,16,lib/mEoS/Cyclopropane.py
11161411,2,2,4,lib/mEoS/D2O.py
11161411,89,1,90,lib/mEoS/D4.py
11161411,44,41,85,lib/mEoS/DEE.py
11161411,41,38,79,lib/mEoS/HCl.py
11161411,107,1,108,lib/mEoS/MM.py
11161411,37,34,71,lib/mEoS/R40.py
11161411,204,90,294,lib/mEoS/D2O.py
11161411,22,2,24,lib/mEoS/H2O.py
11161411,129,47,176,lib/mEoS/D2.py
11161411,3,3,6,lib/mEoS/__init__.py
11161411,45,66,111,lib/mEoS/Cyclopentane.py
11161411,4,4,8,lib/mEoS/Cis_2_butene.py
11161411,88,45,133,lib/mEoS/Cyclohexane.py
11161411,107,147,254,lib/mEoS/CH4.py
11161411,5,3,8,lib/mEoS/CO.py
11161411,202,143,345,lib/mEoS/CO2.py
11161411,13,3,16,lib/mEoS/C3.py
11161411,226,211,437,lib/mEoS/CH4.py
11161411,17,5,22,lib/mEoS/iC4.py
11161411,15,5,20,lib/mEoS/nC4.py
11161411,42,14,56,lib/mEoS/R115.py
11161411,46,17,63,lib/mEoS/R227ea.py
11161411,44,18,62,lib/mEoS/R365mfc.py
11161411,2,2,4,lib/mEoS/__init__.py
11161411,6,3,9,lib/mEoS/C3.py
11161411,163,109,272,lib/mEoS/iC4.py
11161411,151,117,268,lib/mEoS/nC4.py
11161411,71,97,168,lib/mEoS/C3.py
11161411,1,1,2,lib/mEoS/Benzene.py
11161411,150,131,281,lib/mEoS/C2.py
11161411,9,11,20,lib/mEoS/MD4M.py
11161411,8,5,13,lib/mEoS/MDM.py
11161411,17,18,35,lib/mEoS/MM.py
11161411,1,1,2,lib/mEoS/Methanol.py
11161411,40,20,60,lib/mEoS/DEE.py
11161411,45,25,70,lib/mEoS/HCl.py
11161411,41,22,63,lib/mEoS/R40.py
11161411,284,122,406,lib/mEoS/C2.py
11161411,70,60,130,lib/mEoS/Ar.py
11161411,9,5,14,lib/mEoS/Benzene.py
11161411,10,1,11,lib/mEoS/C1Cyclohexane.py
11161411,9,7,16,lib/mEoS/C1Linoleate.py
11161411,11,9,20,lib/mEoS/C1Linolenate.py
11161411,11,9,20,lib/mEoS/C1Oleate.py
11161411,23,21,44,lib/mEoS/C1Palmitate.py
11161411,11,9,20,lib/mEoS/C1Stearate.py
11161411,42,36,78,lib/mEoS/C2.py
11161411,63,35,98,lib/mEoS/C3.py
11161411,2,1,3,lib/mEoS/C3Cyclohexane.py
11161411,52,32,84,lib/mEoS/CH4.py
11161411,9,5,14,lib/mEoS/CO.py
11161411,18,10,28,lib/mEoS/CO2.py
11161411,34,20,54,lib/mEoS/Cyclohexane.py
11161411,7,9,16,lib/mEoS/D4.py
11161411,7,9,16,lib/mEoS/D5.py
11161411,5,2,7,lib/mEoS/D6.py
11161411,4,2,6,lib/mEoS/DEE.py
11161411,7,4,11,lib/mEoS/Ethanol.py
11161411,33,17,50,lib/mEoS/Ethylene.py
11161411,9,5,14,lib/mEoS/H2.py
11161411,12,10,22,lib/mEoS/H2O.py
11161411,9,5,14,lib/mEoS/H2S.py
11161411,2,0,2,lib/mEoS/HCl.py
11161411,12,9,21,lib/mEoS/He.py
11161411,3,3,6,lib/mEoS/Kr.py
11161411,6,4,10,lib/mEoS/MD2M.py
11161411,6,4,10,lib/mEoS/MD3M.py
11161411,10,6,16,lib/mEoS/Methanol.py
11161411,72,29,101,lib/mEoS/N2.py
11161411,8,5,13,lib/mEoS/NF3.py
11161411,13,9,22,lib/mEoS/NH3.py
11161411,50,33,83,lib/mEoS/O2.py
11161411,16,13,29,lib/mEoS/R125.py
11161411,13,9,22,lib/mEoS/R134a.py
11161411,12,8,20,lib/mEoS/R32.py
11161411,2,0,2,lib/mEoS/R40.py
11161411,26,16,42,lib/mEoS/SF6.py
11161411,10,6,16,lib/mEoS/Toluene.py
11161411,58,35,93,lib/mEoS/iC4.py
11161411,7,3,10,lib/mEoS/iC5.py
11161411,9,5,14,lib/mEoS/nC10.py
11161411,53,31,84,lib/mEoS/nC4.py
11161411,52,27,79,lib/mEoS/nC5.py
11161411,49,29,78,lib/mEoS/nC6.py
11161411,39,23,62,lib/mEoS/nC7.py
11161411,48,29,77,lib/mEoS/nC8.py
11161411,10,6,16,lib/mEoS/nC9.py
11161411,8,5,13,lib/mEoS/pH2.py
11161411,110,76,186,lib/mEoS/Air.py
11161411,41,24,65,tools/doi.py
11161411,7,1,8,lib/meos.py
11161411,2,2,4,lib/mEoS/Acetone.py
11161411,16,11,27,lib/mEoS/Air.py
11161411,4,4,8,lib/mEoS/Ar.py
11161411,4,4,8,lib/mEoS/Benzene.py
11161411,3,3,6,lib/mEoS/Butene_1.py
11161411,2,2,4,lib/mEoS/C1Cyclohexane.py
11161411,2,2,4,lib/mEoS/C1Linoleate.py
11161411,2,2,4,lib/mEoS/C1Linolenate.py
11161411,2,2,4,lib/mEoS/C1Oleate.py
11161411,2,2,4,lib/mEoS/C1Palmitate.py
11161411,2,2,4,lib/mEoS/C1Stearate.py
11161411,5,5,10,lib/mEoS/C2.py
11161411,6,6,12,lib/mEoS/C3.py
11161411,2,2,4,lib/mEoS/C3Cyclohexane.py
11161411,2,2,4,lib/mEoS/CF3I.py
11161411,5,5,10,lib/mEoS/CH4.py
11161411,2,2,4,lib/mEoS/CO.py
11161411,5,5,10,lib/mEoS/CO2.py
11161411,2,2,4,lib/mEoS/COS.py
11161411,2,2,4,lib/mEoS/Cis_2_butene.py
11161411,5,5,10,lib/mEoS/Cyclohexane.py
11161411,3,3,6,lib/mEoS/Cyclopentane.py
11161411,2,2,4,lib/mEoS/Cyclopropane.py
11161411,2,2,4,lib/mEoS/D2.py
11161411,3,3,6,lib/mEoS/D2O.py
11161411,2,2,4,lib/mEoS/D4.py
11161411,2,2,4,lib/mEoS/D5.py
11161411,2,2,4,lib/mEoS/D6.py
11161411,2,2,4,lib/mEoS/DEE.py
11161411,2,2,4,lib/mEoS/DMC.py
11161411,3,3,6,lib/mEoS/DME.py
11161411,4,4,8,lib/mEoS/Ethanol.py
11161411,6,4,10,lib/mEoS/EthylBenzene.py
11161411,5,5,10,lib/mEoS/Ethylene.py
11161411,3,3,6,lib/mEoS/F2.py
11161411,3,3,6,lib/mEoS/H2.py
11161411,5,5,10,lib/mEoS/H2S.py
11161411,4,4,8,lib/mEoS/Toluene.py
11161411,5,19,24,lib/mEoS/Trans_2_butene.py
11161411,2,2,4,lib/mEoS/Xe.py
11161411,6,4,10,lib/mEoS/mXylene.py
11161411,8,5,13,lib/mEoS/oXylene.py
11161411,6,4,10,lib/mEoS/pXylene.py
11161411,11,6,17,lib/meos.py
11161411,46,21,67,lib/mEoS/Butene_1.py
11161411,42,17,59,lib/mEoS/Cis_2_butene.py
11161411,42,3,45,lib/mEoS/Trans_2_butene.py
11161411,1,1,2,lib/mEoS/Xe.py
11161411,43,18,61,lib/mEoS/iButene.py
11161411,1,1,2,lib/adimensional.py
11161411,415,269,684,lib/mEoS/Ar.py
11161411,18,48,66,lib/mEoS/Benzene.py
11161411,1,1,2,tools/UI_Preferences.py
11161411,11,0,11,pychemqt.py
11161411,13,0,13,pychemqt.py
11161411,4,0,4,tests/__main__.py
11161411,12,1,13,UI/mainWindow.py
11161411,20,9,29,lib/mEoS/Acetone.py
11161411,28,15,43,lib/mEoS/CO.py
11161411,19,8,27,lib/mEoS/COS.py
11161411,23,12,35,lib/mEoS/H2S.py
11161411,19,8,27,lib/mEoS/Kr.py
11161411,20,9,29,lib/mEoS/N2O.py
11161411,18,8,26,lib/mEoS/R116.py
11161411,19,8,27,lib/mEoS/R141b.py
11161411,18,7,25,lib/mEoS/R142b.py
11161411,20,9,29,lib/mEoS/R218.py
11161411,101,52,153,lib/mEoS/R245fa.py
11161411,33,16,49,lib/mEoS/R41.py
11161411,20,9,29,lib/mEoS/SO2.py
11161411,18,7,25,lib/mEoS/Toluene.py
11161411,19,8,27,lib/mEoS/Xe.py
11161411,19,9,28,lib/mEoS/iC5.py
11161411,20,9,29,lib/mEoS/iC6.py
11161411,32,21,53,lib/mEoS/nC10.py
11161411,22,11,33,lib/mEoS/nC9.py
11161411,19,8,27,lib/mEoS/neoC5.py
11161411,1,1,2,tests/test_lib.py
11161411,209,75,284,lib/EoS/virial.py
11161411,146,17,163,lib/EoS/virial.py
11161411,130,4,134,lib/EoS/virial.py
11161411,2,2,4,lib/EoS/BWRS.py
11161411,2,2,4,lib/EoS/__init__.py
11161411,97,240,337,lib/bip.py
11161411,72,144,216,UI/BIP.py
11161411,2,2,4,UI/widgets.py
11161411,34,12,46,tools/UI_confThermo.py
11161411,1,1,2,docs/conf.py
11161411,10,6,16,tools/firstrun.py
11161411,1,2,3,lib/pipeDatabase.py
11161411,3,4,7,tests/__main__.py
11161411,0,10,10,tests/initialization.py
11161411,17,15,32,tests/__main__.py
11161411,0,2,2,tests/initialization.py
11161411,0,1,1,lib/freeSteam.py
11161411,1,2,3,tests/initialization.py
11161411,1,0,1,lib/freeSteam.py
11161411,2,27,29,tests/initialization.py
11161411,1,1,2,lib/unidades.py
11161411,1,1,2,pychemqt.py
11161411,1,1,2,tests/initialization.py
11161411,1,1,2,tools/UI_Preferences.py
11161411,0,2,2,{lib => tools}/firstrun.py
11161411,1,1,2,tools/terminal.py
11161411,3,2,5,tests/initialization.py
11161411,13,3,16,tests/initialization.py
11161411,119,0,119,tests/initialization.py
11161411,45,1,46,lib/petro.py
11161411,58,13,71,lib/petro.py
11161411,83,80,163,lib/adimensional.py
11161411,3,3,6,lib/corriente.py
11161411,74,74,148,lib/mezcla.py
11161411,3,3,6,lib/refProp.py
11161411,1,4,5,lib/mEoS/Methanol.py
11161411,2,26,28,docs/conf.py
11161411,96,2,98,docs/conf.py
11161411,0,1,1,lib/compuestos.py
11161411,19,14,33,lib/firstrun.py
11161411,198,73,271,lib/unidades.py
11161411,21,0,21,pychemqt.py
11161411,26,3,29,tools/UI_unitConverter.py
11161411,10,0,10,docs/conf.py
11161411,1,0,1,docs/conf.py
11161411,81,144,225,lib/petro.py
11161411,187,173,360,lib/petro.py
11161411,0,33,33,docs/conf.py
11161411,15,12,27,lib/compuestos.py
11161411,333,103,436,lib/mezcla.py
11161411,55,55,110,lib/newComponent.py
11161411,33,0,33,docs/conf.py
11161411,195,195,390,lib/compuestos.py
11161411,519,127,646,lib/compuestos.py
11161411,1,1,2,lib/corriente.py
11161411,2,2,4,lib/EoS/BWRS.py
11161411,20,19,39,lib/EoS/cubic.py
11161411,107,0,107,lib/bip.py
11161411,38,6,44,lib/compuestos.py
11161411,1,1,2,lib/corriente.py
11161411,424,915,1339,lib/mezcla.py
11161411,8,0,8,lib/firstrun.py
11161411,134,28,162,tools/UI_confTransport.py
11161411,5,2,7,tools/doi.py
11161411,153,0,153,lib/mezcla.py
11161411,885,253,1138,lib/mezcla.py
11161411,6,6,12,lib/compuestos.py
11161411,124,1,125,lib/mezcla.py
11161411,1,2,3,lib/compuestos.py
11161411,223,3,226,lib/mezcla.py
11161411,108,105,213,lib/compuestos.py
11161411,154,0,154,lib/mezcla.py
11161411,62,0,62,lib/mezcla.py
11161411,156,2,158,lib/mezcla.py
11161411,114,5,119,lib/mezcla.py
11161411,87,0,87,lib/mezcla.py
11161411,139,8,147,lib/mezcla.py
11161411,116,2,118,lib/mezcla.py
11161411,2,0,2,lib/compuestos.py
11161411,118,6,124,lib/mezcla.py
11161411,1,1,2,lib/compuestos.py
11161411,146,1,147,lib/mezcla.py
11161411,54,3,57,lib/mezcla.py
11161411,39,0,39,lib/mezcla.py
11161411,88,12,100,lib/compuestos.py
11161411,191,6,197,lib/mezcla.py
11161411,108,2,110,lib/mezcla.py
11161411,77,3,80,lib/mezcla.py
11161411,102,0,102,lib/mezcla.py
11161411,77,5,82,lib/mezcla.py
11161411,15,0,15,tests/__main__.py
11161411,1,1,2,tests/__main__.py
11161411,15,2,17,docs/conf.py
11161411,160,117,277,lib/compuestos.py
11161411,3,3,6,lib/crude.py
11161411,12,7,19,lib/mezcla.py
11161411,203,129,332,lib/newComponent.py
11161411,46,46,92,lib/petro.py
11161411,3,3,6,UI/flujo.py
11161411,12,11,23,UI/mainWindow.py
11161411,8,3,11,pychemqt.py
11161411,25,1,26,lib/compuestos.py
11161411,12,0,12,lib/firstrun.py
11161411,82,1,83,tools/UI_Preferences.py
11161411,39,27,66,UI/viewComponents.py
11161411,95,119,214,lib/compuestos.py
11161411,3,3,6,lib/config.py
11161411,2,2,4,tools/dependences.py
11161411,177,153,330,UI/viewComponents.py
11161411,2,0,2,UI/widgets.py
11161411,28,23,51,lib/compuestos.py
11161411,1,1,2,tools/UI_databank.py
11161411,93,0,93,lib/EoS/Lee_Kesler.py
11161411,14,0,14,lib/EoS/cubic.py
11161411,11,197,208,lib/compuestos.py
11161411,3,3,6,lib/corriente.py
11161411,7,7,14,lib/mezcla.py
11161411,28,11,39,lib/newComponent.py
11161411,0,1,1,lib/petro.py
11161411,71,52,123,lib/compuestos.py
11161411,28,23,51,lib/compuestos.py
11161411,4,5,9,tools/UI_confTransport.py
11161411,41,0,41,lib/compuestos.py
11161411,66,4,70,lib/compuestos.py
11161411,123,20,143,lib/compuestos.py
11161411,22,46,68,lib/compuestos.py
11161411,15,8,23,tools/UI_confTransport.py
11161411,74,0,74,lib/compuestos.py
11161411,103,16,119,lib/compuestos.py
11161411,218,113,331,lib/compuestos.py
11161411,39,0,39,lib/compuestos.py
11161411,39,1,40,lib/compuestos.py
11161411,138,63,201,lib/compuestos.py
11161411,119,27,146,lib/mezcla.py
11161411,40,41,81,lib/compuestos.py
11161411,61,5,66,lib/compuestos.py
11161411,59,2,61,lib/compuestos.py
11161411,38,22,60,lib/compuestos.py
11161411,85,60,145,lib/compuestos.py
11161411,1,0,1,lib/firstrun.py
11161411,1,1,2,lib/sql.py
11161411,9,3,12,tools/UI_confTransport.py
11161411,148,51,199,lib/compuestos.py
11161411,76,5,81,lib/compuestos.py
11161411,93,2,95,lib/compuestos.py
11161411,73,30,103,lib/compuestos.py
11161411,156,2,158,lib/compuestos.py
11161411,62,0,62,lib/compuestos.py
11161411,95,3,98,lib/compuestos.py
11161411,2,2,4,UI/viewComponents.py
11161411,104,3,107,lib/compuestos.py
11161411,58,311,369,lib/compuestos.py
11161411,88,1,89,lib/physics.py
11161411,180,109,289,lib/compuestos.py
11161411,224,29,253,lib/compuestos.py
11161411,328,182,510,lib/compuestos.py
11161411,13,24,37,lib/compuestos.py
11161411,17,14,31,tools/UI_confTransport.py
11161411,73,22,95,lib/compuestos.py
11161411,9,9,18,UI/viewComponents.py
11161411,119,42,161,lib/compuestos.py
11161411,4,7,11,lib/meos.py
11161411,1,1,2,tools/UI_databank.py
11161411,72,2,74,lib/compuestos.py
11161411,79,37,116,lib/compuestos.py
11161411,45,1,46,lib/compuestos.py
11161411,73,32,105,lib/compuestos.py
11161411,113,2,115,lib/compuestos.py
11161411,102,4,106,lib/compuestos.py
11161411,83,14,97,lib/compuestos.py
11161411,67,28,95,lib/compuestos.py
11161411,0,0,0,UI/BIP.py
11161411,0,0,0,UI/__init__.py
11161411,0,0,0,UI/bombaCurva.py
11161411,0,0,0,UI/inputTable.py
11161411,0,0,0,UI/mainWindow.py
11161411,0,0,0,UI/petro.py
11161411,15,15,30,UI/viewComponents.py
11161411,0,0,0,equipment/UI_ciclon.py
11161411,0,0,0,equipment/UI_divider.py
11161411,0,0,0,equipment/UI_mixer.py
11161411,0,0,0,equipment/UI_pipe.py
11161411,0,0,0,equipment/UI_pump.py
11161411,0,0,0,equipment/__init__.py
11161411,0,0,0,equipment/compressor.py
11161411,0,0,0,equipment/distillation.py
11161411,0,0,0,equipment/flux.py
11161411,0,0,0,equipment/gas_solid.py
11161411,0,0,0,equipment/gas_solid_liquid.py
11161411,0,0,0,equipment/liquid_solid.py
11161411,0,0,0,equipment/pipe.py
11161411,0,0,0,equipment/reactor.py
11161411,0,0,0,equipment/solids.py
11161411,0,0,0,equipment/tank.py
11161411,2,2,4,lib/EoS/Grayson_Streed.py
11161411,1,1,2,lib/EoS/virial.py
11161411,54,26,80,lib/compuestos.py
11161411,29,21,50,lib/firstrun.py
11161411,3,3,6,lib/mezcla.py
11161411,2,2,4,lib/reaction.py
11161411,10,10,20,lib/sql.py
11161411,0,0,0,tools/UI_Tables.py
11161411,0,0,0,tools/UI_confComponents.py
11161411,0,0,0,tools/UI_databank.py
11161411,0,0,0,tools/UI_unitConverter.py
11161411,0,0,0,tools/qtelemental.py
11161411,45,5,50,lib/compuestos.py
11161411,64,17,81,lib/compuestos.py
11161411,130,5,135,lib/compuestos.py
11161411,140,2,142,lib/compuestos.py
11161411,73,2,75,lib/compuestos.py
11161411,65,2,67,lib/compuestos.py
11161411,60,3,63,lib/compuestos.py
11161411,78,18,96,lib/compuestos.py
11161411,88,26,114,lib/compuestos.py
11161411,48,20,68,lib/compuestos.py
11161411,4,6,10,tools/UI_confTransport.py
11161411,81,17,98,lib/compuestos.py
11161411,66,32,98,lib/compuestos.py
11161411,96,3,99,lib/compuestos.py
11161411,77,5,82,lib/compuestos.py
11161411,81,28,109,lib/compuestos.py
11161411,58,4,62,lib/compuestos.py
11161411,37,2,39,lib/compuestos.py
11161411,55,12,67,lib/compuestos.py
11161411,110,1,111,lib/compuestos.py
11161411,115,112,227,lib/compuestos.py
11161411,2,2,4,lib/corriente.py
11161411,2,2,4,lib/eos.py
11161411,4,4,8,lib/mezcla.py
11161411,39,11,50,lib/compuestos.py
11161411,1,8,9,lib/newComponent.py
11161411,16,16,32,UI/viewComponents.py
11161411,186,102,288,lib/compuestos.py
11161411,2,2,4,lib/newComponent.py
11161411,1,77,78,lib/petro.py
11161411,121,51,172,lib/compuestos.py
11161411,1,0,1,lib/firstrun.py
11161411,10,0,10,tools/UI_confTransport.py
11161411,23,12,35,UI/viewComponents.py
11161411,24,27,51,lib/compuestos.py
11161411,66,3,69,lib/compuestos.py
11161411,13,10,23,lib/compuestos.py
11161411,9,11,20,tools/UI_confTransport.py
11161411,115,22,137,lib/compuestos.py
11161411,126,79,205,lib/compuestos.py
11161411,3,1,4,lib/sql.py
11161411,77,16,93,lib/compuestos.py
11161411,23,6,29,UI/viewComponents.py
11161411,2,2,4,lib/compuestos.py
11161411,166,99,265,UI/viewComponents.py
11161411,1,2,3,lib/compuestos.py
11161411,1,1,2,lib/unidades.py
11161411,115,37,152,lib/compuestos.py
11161411,4,11,15,lib/newComponent.py
11161411,82,8,90,lib/compuestos.py
11161411,50,8,58,UI/inputTable.py
11161411,28,25,53,UI/viewComponents.py
11161411,1,1,2,UI/viewComponents.py
11161411,188,181,369,lib/compuestos.py
11161411,1,40,41,lib/newComponent.py
11161411,83,57,140,lib/EoS/virial.py
11161411,3,1,4,lib/EoS/__init__.py
11161411,0,2,2,tests/__main__.py
11161411,16,1,17,tests/test_lib.py
11161411,0,11,11,tests/test_meos.py
11161411,7,0,7,lib/EoS/__init__.py
11161411,6,2,8,tools/doi.py
11161411,23,23,46,UI/newComponent.py
11161411,0,3,3,lib/newComponent.py
11161411,114,27,141,lib/newComponent.py
11161411,11,2,13,lib/newComponent.py
11161411,875,6,881,lib/newComponent.py
11161411,7,7,14,UI/inputTable.py
11161411,95,81,176,UI/viewComponents.py
11161411,1133,909,2042,UI/viewComponents.py
11161411,2,2,4,UI/petro.py
11161411,1,1,2,tools/UI_Tables.py
11161411,22,9,31,UI/newComponent.py
11161411,1,0,1,lib/newComponent.py
11161411,4,5,9,UI/newComponent.py
11161411,187,16,203,lib/newComponent.py
11161411,82,13,95,lib/newComponent.py
11161411,11,6,17,lib/newComponent.py
11161411,4,4,8,UI/newComponent.py
11161411,372,2,374,lib/newComponent.py
11161411,115,13,128,lib/newComponent.py
11161411,119,6,125,lib/newComponent.py
11161411,6,5,11,UI/newComponent.py
11161411,497,11,508,lib/newComponent.py
11161411,7,1,8,UI/flujo.py
11161411,4,7,11,UI/newComponent.py
11161411,158,16,174,lib/newComponent.py
11161411,29,8,37,lib/coolProp.py
11161411,22,15,37,lib/refProp.py
11161411,3,0,3,UI/newComponent.py
11161411,166,6,172,lib/newComponent.py
11161411,40,24,64,lib/mEoS/__init__.py
11161411,40,65,105,tools/doi.py
11161411,136,103,239,UI/newComponent.py
11161411,4,5,9,lib/newComponent.py
11161411,9,15,24,UI/mainWindow.py
11161411,10,12,22,UI/newComponent.py
11161411,19,5,24,lib/newComponent.py
11161411,190,4,194,lib/newComponent.py
11161411,4,4,8,UI/newComponent.py
11161411,97,24,121,lib/newComponent.py
11161411,88,14,102,lib/newComponent.py
11161411,400,573,973,lib/newComponent.py
11161411,58,22,80,lib/newComponent.py
11161411,182,169,351,lib/newComponent.py
11161411,0,38,38,lib/compuestos.py
11161411,460,209,669,lib/newComponent.py
11161411,40,0,40,lib/newComponent.py
11161411,6,6,12,UI/newComponent.py
11161411,173,110,283,lib/newComponent.py
11161411,86,70,156,UI/newComponent.py
11161411,205,125,330,UI/newComponent.py
11161411,1129,491,1620,lib/newComponent.py
11161411,3,0,3,UI/petro.py
11161411,11,9,20,lib/petro.py
11161411,4,6,10,tests/test_lib.py
11161411,16,6,22,lib/__init__.py
11161411,3,3,6,lib/petro.py
11161411,12,6,18,lib/__init__.py
11161411,3,3,6,lib/petro.py
11161411,129,11,140,UI/newComponent.py
11161411,7,0,7,UI/petro.py
11161411,0,116,116,UI/viewComponents.py
11161411,2,1178,1180,lib/compuestos.py
11161411,1569,0,1569,lib/newComponent.py
11161411,1,1,2,lib/__init__.py
11161411,19,9,28,tools/doi.py
11161411,1,1,2,UI/prefStandingKatz.py
11161411,1170,4,1174,lib/crude.py
11161411,11,1124,1135,lib/petro.py
11161411,2,4,6,plots/standing.py
11161411,2,1,3,UI/mainWindow.py
11161411,2,306,308,UI/newComponent.py
11161411,554,0,554,UI/petro.py
11161411,1,135,136,UI/viewComponents.py
11161411,61,62,123,UI/prefPetro.py
11161411,5,3,8,lib/firstrun.py
11161411,625,1104,1729,lib/petro.py
11161411,837,264,1101,lib/petro.py
11161411,252,126,378,UI/newComponent.py
11161411,2,4,6,UI/prefPetro.py
11161411,207,97,304,lib/petro.py
11161411,3,1,4,UI/widgets.py
11161411,4,4,8,UI/prefPetro.py
11161411,57,112,169,lib/petro.py
11161411,675,270,945,lib/petro.py
11161411,3,2,5,UI/inputTable.py
11161411,19,8,27,UI/inputTable.py
11161411,1,1,2,equipment/UI_reactor.py
11161411,1,1,2,UI/__init__.py
11161411,73,59,132,UI/inputTable.py
11161411,1,0,1,UI/widgets.py
11161411,2,2,4,UI/viewComponents.py
11161411,2,3,5,equipment/UI_reactor.py
11161411,5,5,10,lib/petro.py
11161411,8,0,8,lib/unidades.py
11161411,180,0,180,UI/prefPetro.py
11161411,2,118,120,tools/UI_Preferences.py
11161411,7,5,12,UI/newComponent.py
11161411,646,0,646,lib/crude.py
11161411,7,128,135,lib/petro.py
11161411,31,8,39,plots/moody.py
11161411,1,8,9,plots/standing.py
11161411,2,2,4,lib/friction.py
11161411,4,4,8,UI/prefMoody.py
11161411,3,3,6,UI/prefStandingKatz.py
11161411,1,4,5,lib/petro.py
11161411,27,6,33,plots/moody.py
11161411,12,45,57,plots/standing.py
11161411,1196,52,1248,lib/petro.py
11161411,38,5,43,plots/standing.py
11161411,2,2,4,plots/moody.py
11161411,115,0,115,UI/prefStandingKatz.py
11161411,29,0,29,lib/firstrun.py
11161411,217,48,265,plots/standing.py
11161411,5,2,7,tools/UI_Preferences.py
11161411,303,183,486,lib/friction.py
11161411,78,54,132,tools/doi.py
11161411,195,144,339,lib/petro.py
11161411,188,69,257,lib/petro.py
11161411,182,40,222,lib/petro.py
11161411,25,6,31,lib/compuestos.py
11161411,3,2,5,tests/test_lib.py
11161411,84,4,88,lib/compuestos.py
11161411,148,16,164,lib/petro.py
11161411,1221,364,1585,lib/petro.py
11161411,344,345,689,lib/petro.py
11161411,2,3,5,tests/__main__.py
11161411,7,4,11,tests/test_lib.py
11161411,1,0,1,lib/elemental.py
11161411,1,0,1,docs/conf.py
11161411,2,1,3,tests/__main__.py
11161411,28,26,54,lib/adimensional.py
11161411,1,1,2,UI/BIP.py
11161411,1,1,2,UI/UI_corriente.py
11161411,1,1,2,UI/__init__.py
11161411,1,1,2,UI/bombaCurva.py
11161411,1,1,2,UI/delegate.py
11161411,1,1,2,UI/entrada_datos.py
11161411,1,1,2,UI/flujo.py
11161411,1,1,2,UI/mainWindow.py
11161411,1,1,2,UI/newComponent.py
11161411,1,1,2,UI/plots.py
11161411,1,1,2,UI/prefElemental.py
11161411,1,1,2,UI/prefMEOS.py
11161411,1,1,2,UI/prefMoody.py
11161411,1,1,2,UI/prefPFD.py
11161411,1,1,2,UI/prefPsychrometric.py
11161411,1,1,2,UI/texteditor.py
11161411,1,1,2,UI/viewComponents.py
11161411,1,1,2,UI/widgets.py
11161411,1,1,2,UI/wizard.py
11161411,0,0,0,__init__.py
11161411,1,1,2,equipment/UI_baghouse.py
11161411,1,1,2,equipment/UI_centrifuge.py
11161411,1,1,2,equipment/UI_ciclon.py
11161411,1,1,2,equipment/UI_columnFUG.py
11161411,1,1,2,equipment/UI_compressor.py
11161411,1,1,2,equipment/UI_crystallizer.py
11161411,1,1,2,equipment/UI_divider.py
11161411,1,1,2,equipment/UI_dryer.py
11161411,1,1,2,equipment/UI_electricPrecipitator.py
11161411,1,1,2,equipment/UI_filter.py
11161411,1,1,2,equipment/UI_fireHeater.py
11161411,1,1,2,equipment/UI_flash.py
11161411,1,1,2,equipment/UI_gravityChamber.py
11161411,1,1,2,equipment/UI_grinder.py
11161411,1,1,2,equipment/UI_hairpin.py
11161411,1,1,2,equipment/UI_heatExchanger.py
11161411,1,1,2,equipment/UI_mixer.py
11161411,1,1,2,equipment/UI_pipe.py
11161411,1,1,2,equipment/UI_pump.py
11161411,1,1,2,equipment/UI_reactor.py
11161411,1,1,2,equipment/UI_screen.py
11161411,1,1,2,equipment/UI_scrubber.py
11161411,1,1,2,equipment/UI_shellTube.py
11161411,1,1,2,equipment/UI_solidWasher.py
11161411,1,1,2,equipment/UI_spreadsheet.py
11161411,1,1,2,equipment/UI_tank.py
11161411,1,1,2,equipment/UI_tower.py
11161411,1,1,2,equipment/UI_turbine.py
11161411,1,1,2,equipment/UI_vacuum.py
11161411,1,1,2,equipment/UI_valve.py
11161411,1,1,2,equipment/__init__.py
11161411,1,1,2,equipment/compressor.py
11161411,1,1,2,equipment/distillation.py
11161411,1,1,2,equipment/flux.py
11161411,1,1,2,equipment/gas_solid.py
11161411,1,1,2,equipment/gas_solid_liquid.py
11161411,1,1,2,equipment/heatExchanger.py
11161411,1,1,2,equipment/liquid_solid.py
11161411,1,1,2,equipment/parents.py
11161411,1,1,2,equipment/pipe.py
11161411,1,1,2,equipment/pump.py
11161411,1,1,2,equipment/reactor.py
11161411,1,1,2,equipment/solids.py
11161411,1,1,2,equipment/spreadsheet.py
11161411,1,1,2,equipment/tank.py
11161411,1,1,2,equipment/widget.py
11161411,1,1,2,lib/EoS/BWRS.py
11161411,1,1,2,lib/EoS/Grayson_Streed.py
11161411,1,1,2,lib/EoS/Lee_Kesler.py
11161411,1,1,2,lib/EoS/__init__.py
11161411,1,1,2,lib/EoS/cubic.py
11161411,1,1,2,lib/EoS/virial.py
11161411,1,1,2,lib/__init__.py
11161411,1,1,2,lib/adimensional.py
11161411,1,1,2,lib/bip.py
11161411,1,1,2,lib/compuestos.py
11161411,1,1,2,lib/config.py
11161411,1,1,2,lib/coolProp.py
11161411,1,1,2,lib/corriente.py
11161411,1,1,2,lib/datasheet.py
11161411,1,1,2,lib/elemental.py
11161411,1,1,2,lib/eos.py
11161411,1,1,2,lib/firstrun.py
11161411,1,1,2,lib/freeSteam.py
11161411,1,1,2,lib/friction.py
11161411,1,1,2,lib/gerg.py
11161411,1,1,2,lib/heatTransfer.py
11161411,1,1,2,lib/iapws97.py
11161411,1,1,2,lib/mEoS/Acetone.py
11161411,1,1,2,lib/mEoS/Air.py
11161411,1,1,2,lib/mEoS/Ar.py
11161411,1,1,2,lib/mEoS/Benzene.py
11161411,1,1,2,lib/mEoS/Butene_1.py
11161411,1,1,2,lib/mEoS/C1Cyclohexane.py
11161411,1,1,2,lib/mEoS/C1Linoleate.py
11161411,1,1,2,lib/mEoS/C1Linolenate.py
11161411,1,1,2,lib/mEoS/C1Oleate.py
11161411,1,1,2,lib/mEoS/C1Palmitate.py
11161411,1,1,2,lib/mEoS/C1Stearate.py
11161411,1,1,2,lib/mEoS/C2.py
11161411,1,1,2,lib/mEoS/C3.py
11161411,1,1,2,lib/mEoS/C3Cyclohexane.py
11161411,1,1,2,lib/mEoS/C4F10.py
11161411,1,1,2,lib/mEoS/C5F12.py
11161411,1,1,2,lib/mEoS/CF3I.py
11161411,1,1,2,lib/mEoS/CH4.py
11161411,1,1,2,lib/mEoS/CO.py
11161411,1,1,2,lib/mEoS/CO2.py
11161411,1,1,2,lib/mEoS/COS.py
11161411,1,1,2,lib/mEoS/Cis_2_butene.py
11161411,1,1,2,lib/mEoS/Cyclohexane.py
11161411,1,1,2,lib/mEoS/Cyclopentane.py
11161411,1,1,2,lib/mEoS/Cyclopropane.py
11161411,1,1,2,lib/mEoS/D2.py
11161411,1,1,2,lib/mEoS/D2O.py
11161411,1,1,2,lib/mEoS/D4.py
11161411,1,1,2,lib/mEoS/D5.py
11161411,1,1,2,lib/mEoS/D6.py
11161411,1,1,2,lib/mEoS/DEE.py
11161411,1,1,2,lib/mEoS/DMC.py
11161411,1,1,2,lib/mEoS/DME.py
11161411,1,1,2,lib/mEoS/Ethanol.py
11161411,1,1,2,lib/mEoS/EthylBenzene.py
11161411,1,1,2,lib/mEoS/Ethylene.py
11161411,1,1,2,lib/mEoS/F2.py
11161411,1,1,2,lib/mEoS/H2.py
11161411,1,1,2,lib/mEoS/H2O.py
11161411,1,1,2,lib/mEoS/H2S.py
11161411,1,1,2,lib/mEoS/HCl.py
11161411,1,1,2,lib/mEoS/He.py
11161411,1,1,2,lib/mEoS/Kr.py
11161411,1,1,2,lib/mEoS/MD2M.py
11161411,1,1,2,lib/mEoS/MD3M.py
11161411,1,1,2,lib/mEoS/MD4M.py
11161411,1,1,2,lib/mEoS/MDM.py
11161411,1,1,2,lib/mEoS/MM.py
11161411,1,1,2,lib/mEoS/Methanol.py
11161411,1,1,2,lib/mEoS/N2.py
11161411,1,1,2,lib/mEoS/N2O.py
11161411,1,1,2,lib/mEoS/NF3.py
11161411,1,1,2,lib/mEoS/NH3.py
11161411,1,1,2,lib/mEoS/Ne.py
11161411,1,1,2,lib/mEoS/O2.py
11161411,1,1,2,lib/mEoS/Propylene.py
11161411,1,1,2,lib/mEoS/Propyne.py
11161411,1,1,2,lib/mEoS/R11.py
11161411,1,1,2,lib/mEoS/R113.py
11161411,1,1,2,lib/mEoS/R114.py
11161411,1,1,2,lib/mEoS/R115.py
11161411,1,1,2,lib/mEoS/R116.py
11161411,1,1,2,lib/mEoS/R12.py
11161411,1,1,2,lib/mEoS/R1216.py
11161411,1,1,2,lib/mEoS/R123.py
11161411,1,1,2,lib/mEoS/R1233zd.py
11161411,1,1,2,lib/mEoS/R1234yf.py
11161411,1,1,2,lib/mEoS/R1234ze.py
11161411,1,1,2,lib/mEoS/R124.py
11161411,1,1,2,lib/mEoS/R125.py
11161411,1,1,2,lib/mEoS/R13.py
11161411,1,1,2,lib/mEoS/R134a.py
11161411,1,1,2,lib/mEoS/R14.py
11161411,1,1,2,lib/mEoS/R141b.py
11161411,1,1,2,lib/mEoS/R142b.py
11161411,1,1,2,lib/mEoS/R143a.py
11161411,1,1,2,lib/mEoS/R152a.py
11161411,1,1,2,lib/mEoS/R161.py
11161411,1,1,2,lib/mEoS/R21.py
11161411,1,1,2,lib/mEoS/R218.py
11161411,1,1,2,lib/mEoS/R22.py
11161411,1,1,2,lib/mEoS/R227ea.py
11161411,1,1,2,lib/mEoS/R23.py
11161411,1,1,2,lib/mEoS/R236ea.py
11161411,1,1,2,lib/mEoS/R236fa.py
11161411,1,1,2,lib/mEoS/R245ca.py
11161411,1,1,2,lib/mEoS/R245fa.py
11161411,1,1,2,lib/mEoS/R32.py
11161411,1,1,2,lib/mEoS/R365mfc.py
11161411,1,1,2,lib/mEoS/R40.py
11161411,1,1,2,lib/mEoS/R404a.py
11161411,1,1,2,lib/mEoS/R407c.py
11161411,1,1,2,lib/mEoS/R41.py
11161411,1,1,2,lib/mEoS/R410a.py
11161411,1,1,2,lib/mEoS/R507a.py
11161411,1,1,2,lib/mEoS/RC318.py
11161411,1,1,2,lib/mEoS/RE143a.py
11161411,1,1,2,lib/mEoS/RE245cb2.py
11161411,1,1,2,lib/mEoS/RE245fa2.py
11161411,1,1,2,lib/mEoS/RE347mcc.py
11161411,1,1,2,lib/mEoS/SF6.py
11161411,1,1,2,lib/mEoS/SO2.py
11161411,1,1,2,lib/mEoS/Toluene.py
11161411,1,1,2,lib/mEoS/Trans_2_butene.py
11161411,1,1,2,lib/mEoS/Xe.py
11161411,1,1,2,lib/mEoS/__init__.py
11161411,1,1,2,lib/mEoS/iButene.py
11161411,1,1,2,lib/mEoS/iC4.py
11161411,1,1,2,lib/mEoS/iC5.py
11161411,1,1,2,lib/mEoS/iC6.py
11161411,1,1,2,lib/mEoS/iC8.py
11161411,1,1,2,lib/mEoS/mXylene.py
11161411,1,1,2,lib/mEoS/nC10.py
11161411,1,1,2,lib/mEoS/nC11.py
11161411,1,1,2,lib/mEoS/nC12.py
11161411,1,1,2,lib/mEoS/nC4.py
11161411,1,1,2,lib/mEoS/nC5.py
11161411,1,1,2,lib/mEoS/nC6.py
11161411,1,1,2,lib/mEoS/nC7.py
11161411,1,1,2,lib/mEoS/nC8.py
11161411,1,1,2,lib/mEoS/nC9.py
11161411,1,1,2,lib/mEoS/neoC5.py
11161411,1,1,2,lib/mEoS/oH2.py
11161411,1,1,2,lib/mEoS/oXylene.py
11161411,1,1,2,lib/mEoS/pH2.py
11161411,1,1,2,lib/mEoS/pXylene.py
11161411,1,1,2,lib/meos.py
11161411,1,1,2,lib/mezcla.py
11161411,1,1,2,lib/petro.py
11161411,1,1,2,lib/physics.py
11161411,1,1,2,lib/pipeDatabase.py
11161411,1,1,2,lib/plot.py
11161411,1,1,2,lib/project.py
11161411,1,1,2,lib/psycrometry.py
11161411,1,1,2,lib/reaction.py
11161411,1,1,2,lib/refProp.py
11161411,1,1,2,lib/solids.py
11161411,1,1,2,lib/sql.py
11161411,1,1,2,lib/thermo.py
11161411,1,1,2,lib/thread.py
11161411,1,1,2,lib/unidades.py
11161411,1,1,2,lib/utilities.py
11161411,1,1,2,plots/__init__.py
11161411,1,1,2,plots/heatTransfer.py
11161411,1,1,2,plots/moody.py
11161411,1,1,2,plots/standing.py
11161411,2,2,4,pychemqt.py
11161411,1,1,2,tools/UI_Preferences.py
11161411,1,1,2,tools/UI_Tables.py
11161411,1,1,2,tools/UI_confComponents.py
11161411,1,1,2,tools/UI_confResolution.py
11161411,1,1,2,tools/UI_confThermo.py
11161411,1,1,2,tools/UI_confTransport.py
11161411,1,1,2,tools/UI_confUnits.py
11161411,1,1,2,tools/UI_databank.py
11161411,1,1,2,tools/UI_psychrometry.py
11161411,1,1,2,tools/UI_unitConverter.py
11161411,1,1,2,tools/__init__.py
11161411,1,1,2,tools/codeEditor.py
11161411,1,1,2,tools/costIndex.py
11161411,1,1,2,tools/dependences.py
11161411,1,1,2,tools/doi.py
11161411,1,1,2,tools/qtelemental.py
11161411,1,1,2,tools/terminal.py
11161411,49,13,62,lib/unidades.py
11161411,301,0,301,docs/conf.py
11161411,283,930,1213,lib/unidades.py
11161411,2,0,2,tests/__main__.py
11161411,0,46,46,tests/test_meos.py
11161411,8,0,8,tests/test_unidades.py
11161411,2,0,2,tests/__init__.py
11161411,14,0,14,tests/__main__.py
11161411,57,0,57,tests/test_meos.py
11161411,1,1,2,lib/thermo.py
11161411,7,0,7,pychemqt.py
11161411,92,72,164,lib/mEoS/D2O.py
11161411,9,9,18,lib/mEoS/NH3.py
11161411,1,1,2,lib/mEoS/__init__.py
11161411,100,32,132,lib/mEoS/Air.py
11161411,10,12,22,UI/mainWindow.py
11161411,0,3,3,lib/config.py
11161411,11,0,11,pychemqt.py
11161411,27,27,54,UI/flujo.py
11161411,18,18,36,UI/widgets.py
11161411,7,7,14,lib/config.py
11161411,38,80,118,lib/corriente.py
11161411,12,3,15,lib/refProp.py
11161411,43,61,104,lib/thermo.py
11161411,6,1,7,lib/corriente.py
11161411,4,0,4,UI/mainWindow.py
11161411,2,2,4,UI/flujo.py
11161411,33,7,40,UI/mainWindow.py
11161411,1,1,2,equipment/UI_spreadsheet.py
11161411,2,0,2,equipment/spreadsheet.py
11161411,11,4,15,lib/config.py
11161411,3,0,3,lib/corriente.py
11161411,8,0,8,lib/project.py
11161411,3,0,3,tools/UI_Tables.py
11161411,1,1,2,tools/qtelemental.py
11161411,7,6,13,UI/wizard.py
11161411,1,1,2,UI/mainWindow.py
11161411,1,1,2,UI/flujo.py
11161411,13,14,27,UI/texteditor.py
11161411,1,1,2,UI/UI_corriente.py
11161411,20,19,39,tools/costIndex.py
11161411,4,1,5,lib/elemental.py
11161411,3,3,6,lib/sql.py
11161411,6,2,8,tools/costIndex.py
11161411,77,65,142,tools/codeEditor.py
11161411,25,19,44,UI/entrada_datos.py
11161411,57,53,110,equipment/parents.py
11161411,0,68,68,tools/HelpView.py
11161411,20,19,39,tools/doi.py
11161411,9,3,12,pychemqt.py
11161411,2,2,4,lib/gerg.py
11161411,4,2,6,lib/gerg.py
11161411,1,1,2,pychemqt.py
11161411,1,1,2,pychemqt.py
11161411,1,1,2,pychemqt.py
11161411,17,15,32,lib/coolProp.py
11161411,11,10,21,lib/freeSteam.py
11161411,1,1,2,pychemqt.py
11161411,1,1,2,UI/UI_corriente.py
11161411,1,1,2,equipment/gas_solid_liquid.py
11161411,3,3,6,lib/coolProp.py
11161411,1,1,2,lib/corriente.py
11161411,2,2,4,lib/freeSteam.py
11161411,2,2,4,lib/iapws97.py
11161411,7,8,15,lib/meos.py
11161411,2,2,4,lib/refProp.py
11161411,21,13,34,tools/UI_Tables.py
11161411,65,23,88,tools/UI_Tables.py
11161411,6,4,10,tools/UI_Tables.py
11161411,4,4,8,lib/coolProp.py
11161411,13,11,24,tools/UI_Tables.py
11161411,0,1,1,UI/mainWindow.py
11161411,122,50,172,tools/UI_Tables.py
11161411,9,5,14,UI/widgets.py
11161411,8,0,8,tools/UI_Tables.py
11161411,55,12,67,lib/coolProp.py
11161411,7,3,10,lib/refProp.py
11161411,4,0,4,lib/thermo.py
11161411,88,32,120,tools/UI_Tables.py
11161411,2,0,2,lib/coolProp.py
11161411,1,16,17,lib/meos.py
11161411,2,0,2,lib/refProp.py
11161411,14,0,14,lib/thermo.py
11161411,3,0,3,UI/mainWindow.py
11161411,1,0,1,tools/UI_Tables.py
11161411,11,4,15,tools/UI_Tables.py
11161411,12,5,17,tools/UI_Tables.py
11161411,9,9,18,UI/mainWindow.py
11161411,32,103,135,tools/UI_Tables.py
11161411,0,3,3,UI/widgets.py
11161411,5,6,11,tools/UI_Tables.py
11161411,21,21,42,lib/utilities.py
11161411,15,15,30,tools/UI_Tables.py
11161411,171,0,171,UI/widgets.py
11161411,2,2,4,lib/utilities.py
11161411,2,170,172,tools/UI_Preferences.py
11161411,2,2,4,tools/UI_Tables.py
11161411,20,17,37,lib/firstrun.py
11161411,12,22,34,lib/unidades.py
11161411,32,15,47,tools/UI_Preferences.py
11161411,1,13,14,UI/flujo.py
11161411,320,0,320,UI/prefPFD.py
11161411,0,151,151,UI/widgets.py
11161411,4,87,91,tools/UI_Preferences.py
11161411,0,77,77,UI/delegate.py
11161411,1,1,2,UI/flujo.py
11161411,63,45,108,UI/widgets.py
11161411,105,0,105,UI/prefElemental.py
11161411,1,1,2,UI/prefMEOS.py
11161411,1,1,2,UI/prefMoody.py
11161411,1,1,2,UI/prefPsychrometric.py
11161411,12,70,82,tools/UI_Preferences.py
11161411,47,48,95,lib/elemental.py
11161411,52,16,68,tools/qtelemental.py
11161411,2,2,4,lib/utilities.py
11161411,36,7,43,plots/moody.py
11161411,23,21,44,plots/moody.py
11161411,2,0,2,UI/prefMEOS.py
11161411,2,0,2,UI/prefPsychrometric.py
11161411,44,130,174,tools/UI_Preferences.py
11161411,162,28,190,UI/widgets.py
11161411,6,151,157,tools/UI_Preferences.py
11161411,143,2,145,UI/prefMEOS.py
11161411,1,1,2,plots/moody.py
11161411,3,114,117,tools/UI_Preferences.py
11161411,36,21,57,tools/UI_Tables.py
11161411,5,5,10,UI/prefPsychrometric.py
11161411,28,0,28,plots/moody.py
11161411,25,0,25,lib/friction.py
11161411,101,70,171,plots/moody.py
11161411,121,0,121,UI/prefMoody.py
11161411,24,0,24,lib/firstrun.py
11161411,3,48,51,tools/UI_Preferences.py
11161411,13,0,13,lib/plot.py
11161411,1,13,14,tools/UI_psychrometry.py
11161411,2,1,3,UI/prefMEOS.py
11161411,9,2,11,UI/prefPsychrometric.py
11161411,12,0,12,lib/firstrun.py
11161411,13,8,21,tools/UI_psychrometry.py
11161411,44,24,68,tools/UI_psychrometry.py
11161411,181,0,181,UI/prefMEOS.py
11161411,177,0,177,UI/prefPsychrometric.py
11161411,1,1,2,UI/widgets.py
11161411,3,3,6,lib/utilities.py
11161411,4,279,283,tools/UI_Preferences.py
11161411,8,8,16,UI/widgets.py
11161411,11,21,32,UI/widgets.py
11161411,12,8,20,lib/firstrun.py
11161411,14,13,27,lib/psycrometry.py
11161411,6,16,22,lib/utilities.py
11161411,22,2,24,pychemqt.py
11161411,104,25,129,UI/widgets.py
11161411,26,10,36,lib/firstrun.py
11161411,34,1,35,lib/utilities.py
11161411,2,7,9,tools/UI_Tables.py
11161411,15,38,53,tools/UI_psychrometry.py
11161411,1,1,2,UI/UI_corriente.py
11161411,2,2,4,UI/bombaCurva.py
11161411,3,3,6,UI/entrada_datos.py
11161411,158,2,160,UI/mainWindow.py
11161411,1,1,2,UI/plots.py
11161411,1,1,2,UI/viewComponents.py
11161411,246,347,593,UI/widgets.py
11161411,1,1,2,equipment/UI_spreadsheet.py
11161411,9,8,17,tools/UI_Tables.py
11161411,68,47,115,UI/widgets.py
11161411,97,48,145,UI/widgets.py
11161411,218,155,373,UI/widgets.py
11161411,1,1,2,UI/widgets.py
11161411,81,58,139,tools/UI_Tables.py
11161411,22,6,28,tools/UI_Tables.py
11161411,45,6,51,lib/thermo.py
11161411,2,2,4,pychemqt.py
11161411,8,7,15,tools/UI_Tables.py
11161411,5,5,10,lib/mEoS/H2O.py
11161411,82,86,168,tools/UI_Tables.py
11161411,1,1,2,tools/codeEditor.py
11161411,58,20,78,tools/UI_Tables.py
11161411,232,170,402,lib/mEoS/H2O.py
11161411,16,16,32,lib/mEoS/__init__.py
11161411,12,0,12,lib/thermo.py
11161411,123,107,230,tools/UI_Tables.py
11161411,14,5,19,tools/UI_Tables.py
11161411,15,1,16,UI/mainWindow.py
11161411,135,99,234,tools/UI_Tables.py
11161411,620,412,1032,tools/UI_Tables.py
11161411,98,100,198,lib/refProp.py
11161411,30,30,60,lib/thermo.py
11161411,22,11,33,lib/coolProp.py
11161411,2,2,4,lib/corriente.py
11161411,5,6,11,lib/freeSteam.py
11161411,61,40,101,lib/meos.py
11161411,4,4,8,lib/refProp.py
11161411,228,103,331,lib/thermo.py
11161411,0,1,1,lib/config.py
11161411,26,34,60,lib/coolProp.py
11161411,1,4,5,lib/corriente.py
11161411,6,7,13,lib/gerg.py
11161411,7,7,14,lib/meos.py
11161411,6,6,12,lib/refProp.py
11161411,8,238,246,lib/thermo.py
11161411,5,29,34,lib/freeSteam.py
11161411,12,5,17,lib/iapws97.py
11161411,38,4,42,lib/thermo.py
11161411,16,17,33,lib/meos.py
11161411,4,4,8,lib/__init__.py
11161411,4,5,9,lib/corriente.py
11161411,9,3,12,lib/freeSteam.py
11161411,0,3450,3450,lib/iapws.py
11161411,292,0,292,lib/iapws97.py
11161411,1,1,2,lib/mEoS/H2O.py
11161411,10,0,10,pychemqt.py
11161411,169,3,172,lib/firstrun.py
11161411,3,171,174,lib/sql.py
11161411,9,8,17,pychemqt.py
11161411,67,70,137,lib/unidades.py
11161411,19,16,35,UI/wizard.py
11161411,3,0,3,tools/UI_unitConverter.py
11161411,3,0,3,tools/qtelemental.py
11161411,5,1,6,lib/psycrometry.py
11161411,3,0,3,tools/UI_psychrometry.py
11161411,1,1,2,lib/plot.py
11161411,70,70,140,lib/psycrometry.py
11161411,128,73,201,tools/UI_psychrometry.py
11161411,3,4,7,tools/UI_psychrometry.py
11161411,1,1,2,tools/UI_psychrometry.py
11161411,92,56,148,lib/psycrometry.py
11161411,5,1,6,tools/UI_psychrometry.py
11161411,104,96,200,tools/UI_psychrometry.py
11161411,62,59,121,tools/UI_unitConverter.py
11161411,3,3,6,UI/__init__.py
11161411,0,134,134,UI/conversor_unidades.py
11161411,1,2,3,UI/mainWindow.py
11161411,1,1,2,UI/widgets.py
11161411,112,10,122,tools/UI_unitConverter.py
11161411,2,19,21,UI/mainWindow.py
11161411,0,2253,2253,tools/UI_steamTables.py
11161411,1,1,2,tools/__init__.py
11161411,1,1,2,tools/qtelemental.py
11161411,26,1,27,lib/elemental.py
11161411,3,1,4,lib/elemental.py
11161411,8,10,18,lib/elemental.py
11161411,39,42,81,tools/qtelemental.py
11161411,1,1,2,tools/costIndex.py
11161411,30,28,58,tools/costIndex.py
11161411,15,14,29,tools/costIndex.py
11161411,16,5,21,lib/freeSteam.py
11161411,25,19,44,lib/iapws.py
11161411,13,13,26,lib/meos.py
11161411,94,35,129,lib/refProp.py
11161411,20,19,39,lib/thermo.py
11161411,74,73,147,lib/coolProp.py
11161411,5,5,10,lib/unidades.py
11161411,1,1,2,lib/coolProp.py
11161411,251,95,346,lib/refProp.py
11161411,113,0,113,lib/thermo.py
11161411,6,6,12,lib/corriente.py
11161411,2,1,3,lib/freeSteam.py
11161411,2,1,3,lib/iapws.py
11161411,399,298,697,lib/refProp.py
11161411,5,6,11,lib/thermo.py
11161411,3,0,3,lib/unidades.py
11161411,1,1,2,lib/coolProp.py
11161411,281,195,476,equipment/distillation.py
11161411,9,4,13,lib/coolProp.py
11161411,4,4,8,lib/corriente.py
11161411,106,1,107,lib/thermo.py
11161411,6,5,11,lib/coolProp.py
11161411,17,8,25,lib/corriente.py
11161411,1,1,2,lib/freeSteam.py
11161411,1,1,2,lib/iapws.py
11161411,2,2,4,lib/meos.py
11161411,1,1,2,lib/mezcla.py
11161411,1,1,2,lib/thermo.py
11161411,5,2,7,lib/sql.py
11161411,4,4,8,pychemqt.py
11161411,23,21,44,lib/coolProp.py
11161411,18,11,29,lib/corriente.py
11161411,2,0,2,lib/freeSteam.py
11161411,2,1,3,lib/iapws.py
11161411,2,0,2,lib/meos.py
11161411,25,17,42,lib/mezcla.py
11161411,9,5,14,pychemqt.py
11161411,2,2,4,tools/dependences.py
11161411,129,36,165,lib/mezcla.py
11161411,9,0,9,pychemqt.py
11161411,11,10,21,lib/freeSteam.py
11161411,9,10,19,lib/iapws.py
11161411,10,8,18,lib/corriente.py
11161411,20,18,38,lib/freeSteam.py
11161411,2,2,4,lib/iapws.py
11161411,3,3,6,lib/meos.py
11161411,117,2,119,lib/thermo.py
11161411,453,245,698,lib/coolProp.py
11161411,10,8,18,lib/corriente.py
11161411,16,15,31,tools/UI_databank.py
11161411,2,2,4,pychemqt.py
11161411,1,4,5,lib/corriente.py
11161411,2,3,5,lib/freeSteam.py
11161411,2,2,4,lib/iapws.py
11161411,80,74,154,lib/meos.py
11161411,63,48,111,lib/thermo.py
11161411,84,51,135,lib/corriente.py
11161411,4,4,8,lib/freeSteam.py
11161411,38,55,93,lib/coolProp.py
11161411,72,62,134,lib/freeSteam.py
11161411,9,54,63,lib/iapws.py
11161411,1,12,13,lib/refProp.py
11161411,55,4,59,lib/thermo.py
11161411,2,2,4,lib/EoS/__init__.py
11161411,6,6,12,lib/corriente.py
11161411,9,0,9,lib/iapws.py
11161411,1,1,2,lib/meos.py
11161411,8,3,11,lib/freeSteam.py
11161411,1,1,2,UI/flujo.py
11161411,49,71,120,lib/thermo.py
11161411,3,1,4,lib/corriente.py
11161411,2,1,3,lib/iapws.py
11161411,12,8,20,UI/UI_corriente.py
11161411,16,0,16,tools/UI_confThermo.py
11161411,7,7,14,UI/flujo.py
11161411,11,9,20,UI/flujo.py
11161411,334,315,649,UI/flujo.py
11161411,6,1,7,UI/flujo.py
11161411,188,151,339,UI/flujo.py
11161411,116,74,190,equipment/UI_scrubber.py
11161411,34,35,69,equipment/UI_pump.py
11161411,26,24,50,equipment/UI_spreadsheet.py
11161411,27,26,53,equipment/UI_fireHeater.py
11161411,44,40,84,equipment/UI_hairpin.py
11161411,3,2,5,equipment/UI_heatExchanger.py
11161411,24,27,51,equipment/UI_compressor.py
11161411,16,16,32,equipment/UI_turbine.py
11161411,11,11,22,equipment/UI_divider.py
11161411,11,10,21,equipment/UI_mixer.py
11161411,6,8,14,equipment/UI_valve.py
11161411,16,15,31,equipment/UI_baghouse.py
11161411,30,30,60,equipment/UI_ciclon.py
11161411,12,11,23,equipment/UI_electricPrecipitator.py
11161411,12,11,23,equipment/UI_gravityChamber.py
11161411,11,8,19,UI/flujo.py
11161411,2,2,4,equipment/UI_ciclon.py
11161411,33,21,54,equipment/gas_solid.py
11161411,289,257,546,equipment/gas_solid_liquid.py
11161411,3,0,3,lib/solids.py
11161411,833,346,1179,UI/mainWindow.py
11161411,2,2,4,UI/widgets.py
11161411,6,7,13,lib/config.py
11161411,3,3,6,UI/mainWindow.py
11161411,6,6,12,pychemqt.py
11161411,9,9,18,pychemqt.py
11161411,833,346,1179,UI/mainWindow.py
11161411,2,2,4,UI/widgets.py
11161411,1,1,2,UI/flujo.py
11161411,6,5,11,UI/flujo.py
11161411,488,358,846,equipment/flux.py
11161411,4,4,8,lib/project.py
11161411,2,1,3,lib/config.py
11161411,4,6,10,lib/gerg.py
11161411,148,129,277,lib/mEoS/__init__.py
11161411,5,2,7,pychemqt.py
11161411,150,154,304,equipment/gas_solid.py
11161411,269,253,522,equipment/gas_solid.py
11161411,2,1,3,lib/corriente.py
11161411,1,1,2,pychemqt.py
11161411,458,516,974,equipment/gas_solid.py
11161411,20,10,30,lib/corriente.py
11161411,302,30,332,equipment/gas_solid.py
11161411,15,8,23,lib/solids.py
11161411,184,45,229,lib/mEoS/Air.py
11161411,1,1,2,lib/mEoS/__init__.py
11161411,7,7,14,pychemqt.py
11161411,1,1,2,UI/flujo.py
11161411,6,5,11,UI/flujo.py
11161411,488,358,846,equipment/flux.py
11161411,0,1,1,lib/config.py
11161411,4,4,8,lib/project.py
11161411,2,1,3,lib/config.py
11161411,4,6,10,lib/gerg.py
11161411,148,129,277,lib/mEoS/__init__.py
11161411,7,3,10,lib/config.py
11161411,6,2,8,tools/codeEditor.py
11161411,2,0,2,tools/dependences.py
11161411,150,154,304,equipment/gas_solid.py
11161411,269,253,522,equipment/gas_solid.py
11161411,2,1,3,lib/corriente.py
11161411,1,1,2,pychemqt.py
11161411,458,516,974,equipment/gas_solid.py
11161411,20,10,30,lib/corriente.py
11161411,302,30,332,equipment/gas_solid.py
11161411,15,8,23,lib/solids.py
11161411,184,45,229,lib/mEoS/Air.py
11161411,1,1,2,lib/mEoS/__init__.py
11161411,148,111,259,UI/UI_corriente.py
11161411,8,2,10,lib/solids.py
11161411,24,12,36,pychemqt.py
11161411,3,1,4,pychemqt.py
11161411,11,1,12,equipment/parents.py
11161411,18,12,30,lib/config.py
11161411,5,2,7,equipment/heatExchanger.py
11161411,14,4,18,lib/EoS/__init__.py
11161411,10,3,13,lib/EoS/cubic.py
11161411,2,2,4,lib/config.py
11161411,85,19,104,lib/corriente.py
11161411,1,1,2,lib/mezcla.py
11161411,57,29,86,tools/UI_confThermo.py
11161411,146,24,170,equipment/heatExchanger.py
11161411,38,1,39,lib/config.py
11161411,1,1,2,lib/iapws.py
11161411,1,0,1,UI/mainWindow.py
11161411,1210,1159,2369,equipment/heatExchanger.py
11161411,1,1,2,lib/meos.py
11161411,9,9,18,equipment/UI_heatExchanger.py
11161411,324,300,624,equipment/heatExchanger.py
11161411,2,1,3,UI/plots.py
11161411,36,1366,1402,lib/corriente.py
11161411,1333,0,1333,lib/mezcla.py
11161411,2,2,4,lib/solids.py
11161411,96,298,394,lib/corriente.py
11161411,266,0,266,lib/solids.py
11161411,1,1,2,equipment/parents.py
11161411,176,148,324,equipment/pipe.py
11161411,34,34,68,lib/project.py
11161411,10,8,18,pychemqt.py
11161411,169,147,316,equipment/pump.py
11161411,494,456,950,equipment/compressor.py
11161411,378,63,441,lib/adimensional.py
11161411,8,8,16,pychemqt.py
11161411,3,9,12,lib/sql.py
11161411,295,246,541,lib/sql.py
11161411,112,114,226,UI/BIP.py
11161411,2,3,5,UI/__init__.py
11161411,1,4,5,lib/__init__.py
11161411,5,4,9,lib/datasheet.py
11161411,2,0,2,tools/dependences.py
11161411,9,1,10,UI/__init__.py
11161411,5,1,6,UI/bombaCurva.py
11161411,2,1,3,UI/conversor_unidades.py
11161411,4,3,7,UI/mainWindow.py
11161411,15,8,23,equipment/__init__.py
11161411,13,1,14,lib/__init__.py
11161411,3,1,4,plots/__init__.py
11161411,152,83,235,pychemqt.py
11161411,7,1,8,tools/__init__.py
11161411,8,8,16,tools/dependences.py
11161411,3,2,5,UI/conversor_unidades.py
11161411,2,2,4,lib/firstrun.py
11161411,67,64,131,lib/unidades.py
11161411,11,14,25,lib/firstrun.py
11161411,2,0,2,pychemqt.py
11161411,9,9,18,equipment/UI_spreadsheet.py
11161411,8,7,15,equipment/spreadsheet.py
11161411,95,94,189,equipment/spreadsheet.py
11161411,6,6,12,UI/flujo.py
11161411,3,2,5,lib/project.py
11161411,9,474,483,equipment/UI_heatExchanger.py
11161411,3,355,358,equipment/heatExchanger.py
11161411,344,1,345,lib/heatTransfer.py
11161411,1,1,2,plots/__init__.py
11161411,401,0,401,plots/heatTransfer.py
11161411,34,16,50,equipment/heatExchanger.py
11161411,46,62,108,UI/flujo.py
11161411,5,1,6,lib/config.py
11161411,1,1,2,UI/widgets.py
11161411,232,18,250,lib/friction.py
11161411,1,1,2,lib/utilities.py
11161411,9,3,12,plots/moody.py
11161411,1070,1087,2157,equipment/heatExchanger.py
11161411,41,41,82,equipment/heatExchanger.py
11161411,1,1,2,lib/utilities.py
11161411,3,224,227,equipment/heatExchanger.py
11161411,265,0,265,lib/heatTransfer.py
11161411,9,20,29,equipment/UI_pipe.py
11161411,29,21,50,lib/pipeDatabase.py
11161411,8,10,18,UI/delegate.py
11161411,34,25,59,equipment/UI_pipe.py
11161411,1,1,2,equipment/widget.py
11161411,273,0,273,lib/pipeDatabase.py
11161411,0,1555,1555,lib/table.py
11161411,3,3,6,tools/UI_Preferences.py
11161411,3,3,6,plots/moody.py
11161411,649,452,1101,tools/UI_Preferences.py
11161411,34,27,61,lib/firstrun.py
11161411,5,3,8,plots/moody.py
11161411,54,6,60,tools/UI_Preferences.py
11161411,31,26,57,lib/friction.py
11161411,104,52,156,plots/moody.py
11161411,31,20,51,plots/moody.py
11161411,1,1,2,equipment/UI_pipe.py
11161411,1,1,2,equipment/heatExchanger.py
11161411,1,1,2,equipment/pipe.py
11161411,1066,0,1066,lib/friction.py
11161411,14,397,411,lib/physics.py
11161411,15,33,48,plots/moody.py
11161411,6,3,9,lib/utilities.py
11161411,15,10,25,equipment/UI_pipe.py
11161411,171,134,305,equipment/pipe.py
11161411,3,2,5,UI/widgets.py
11161411,37,38,75,lib/utilities.py
11161411,94,32,126,plots/moody.py
11161411,0,7,7,lib/physics.py
11161411,52,35,87,plots/moody.py
11161411,0,205,205,UI/charts.py
11161411,6,2,8,UI/mainWindow.py
11161411,1,1,2,equipment/parents.py
11161411,15,14,29,lib/plot.py
11161411,35,0,35,plots/__init__.py
11161411,179,0,179,plots/moody.py
11161411,90,0,90,plots/standing.py
11161411,2,1,3,pychemqt.py
11161411,2,2,4,lib/meos.py
11161411,8,8,16,equipment/UI_pump.py
11161411,231,221,452,equipment/pump.py
11161411,49,53,102,equipment/pump.py
11161411,68,68,136,equipment/compressor.py
11161411,24,25,49,UI/flujo.py
11161411,14,11,25,UI/mainWindow.py
11161411,3,1,4,lib/config.py
11161411,1,1,2,lib/coolProp.py
11161411,166,31,197,lib/corriente.py
11161411,1,1,2,lib/freeSteam.py
11161411,7,7,14,lib/iapws.py
11161411,6,41,47,lib/meos.py
11161411,7,5,12,lib/project.py
11161411,1,1,2,lib/refProp.py
11161411,63,165,228,lib/thermo.py
11161411,1,1,2,lib/mEoS/Butene_1.py
11161411,1,1,2,lib/mEoS/C4F10.py
11161411,1,1,2,lib/mEoS/C5F12.py
11161411,1,1,2,lib/mEoS/D2.py
11161411,1,1,2,lib/mEoS/R13.py
11161411,1,1,2,lib/mEoS/R236ea.py
11161411,1,1,2,lib/mEoS/R245ca.py
11161411,125,125,250,lib/mEoS/__init__.py
11161411,3,3,6,UI/UI_corriente.py
11161411,15,12,27,lib/config.py
11161411,4,3,7,lib/coolProp.py
11161411,14,5,19,lib/corriente.py
11161411,3,4,7,lib/freeSteam.py
11161411,25,79,104,lib/iapws.py
11161411,9,71,80,lib/meos.py
11161411,4,5,9,lib/refProp.py
11161411,288,3,291,lib/thermo.py
11161411,2,0,2,UI/flujo.py
11161411,417,45,462,lib/EoS/virial.py
11161411,240,167,407,UI/flujo.py
11161411,55,59,114,UI/mainWindow.py
11161411,32,45,77,lib/config.py
11161411,136,162,298,lib/corriente.py
11161411,16,17,33,lib/firstrun.py
11161411,1,0,1,lib/meos.py
11161411,101,105,206,lib/project.py
11161411,115,127,242,lib/thermo.py
11161411,1,1,2,UI/flujo.py
11161411,6,3,9,UI/mainWindow.py
11161411,25,27,52,lib/config.py
11161411,31,25,56,lib/unidades.py
11161411,1,1,2,lib/mEoS/Butene_1.py
11161411,1,1,2,lib/mEoS/C4F10.py
11161411,1,1,2,lib/mEoS/C5F12.py
11161411,1,1,2,lib/mEoS/R13.py
11161411,1,1,2,lib/mEoS/R236ea.py
11161411,1,1,2,lib/mEoS/R245ca.py
11161411,88,15,103,lib/mEoS/R245fa.py
11161411,126,126,252,lib/mEoS/__init__.py
11161411,13,13,26,UI/bombaCurva.py
11161411,0,2,2,UI/mainWindow.py
11161411,2,1,3,equipment/heatExchanger.py
11161411,2,1,3,equipment/pipe.py
11161411,20,0,20,lib/EoS/Lee_Kesler.py
11161411,680,0,680,lib/adimensional.py
11161411,0,45,45,lib/physics.py
11161411,18,1,19,UI/BIP.py
11161411,18,1,19,UI/UI_corriente.py
11161411,18,1,19,UI/__init__.py
11161411,18,1,19,UI/bombaCurva.py
11161411,35,17,52,UI/charts.py
11161411,19,1,20,UI/conversor_unidades.py
11161411,19,1,20,UI/delegate.py
11161411,19,1,20,UI/entrada_datos.py
11161411,19,1,20,UI/flujo.py
11161411,19,1,20,UI/mainWindow.py
11161411,19,1,20,UI/newComponent.py
11161411,28,10,38,UI/plots.py
11161411,19,1,20,UI/texteditor.py
11161411,86,68,154,UI/viewComponents.py
11161411,21,3,24,UI/widgets.py
11161411,19,1,20,UI/wizard.py
11161411,19,1,20,equipment/UI_baghouse.py
11161411,19,1,20,equipment/UI_centrifuge.py
11161411,19,1,20,equipment/UI_ciclon.py
11161411,19,1,20,equipment/UI_columnFUG.py
11161411,19,1,20,equipment/UI_compressor.py
11161411,19,1,20,equipment/UI_crystallizer.py
11161411,20,2,22,equipment/UI_divider.py
11161411,19,1,20,equipment/UI_dryer.py
11161411,19,1,20,equipment/UI_electricPrecipitator.py
11161411,19,1,20,equipment/UI_filter.py
11161411,19,1,20,equipment/UI_fireHeater.py
11161411,19,1,20,equipment/UI_flash.py
11161411,19,1,20,equipment/UI_gravityChamber.py
11161411,19,1,20,equipment/UI_grinder.py
11161411,19,1,20,equipment/UI_hairpin.py
11161411,19,1,20,equipment/UI_heatExchanger.py
11161411,19,1,20,equipment/UI_mixer.py
11161411,21,3,24,equipment/UI_pipe.py
11161411,19,1,20,equipment/UI_pump.py
11161411,61,43,104,equipment/UI_reactor.py
11161411,19,1,20,equipment/UI_screen.py
11161411,20,2,22,equipment/UI_scrubber.py
11161411,19,1,20,equipment/UI_shellTube.py
11161411,19,1,20,equipment/UI_solidWasher.py
11161411,19,1,20,equipment/UI_spreadsheet.py
11161411,19,1,20,equipment/UI_tank.py
11161411,19,1,20,equipment/UI_tower.py
11161411,19,1,20,equipment/UI_turbine.py
11161411,19,1,20,equipment/UI_vacuum.py
11161411,19,1,20,equipment/UI_valve.py
11161411,19,1,20,equipment/__init__.py
11161411,19,1,20,equipment/compressor.py
11161411,20,2,22,equipment/distillation.py
11161411,19,1,20,equipment/gas_solid.py
11161411,29,11,40,equipment/gas_solid_liquid.py
11161411,40,22,62,equipment/heatExchanger.py
11161411,19,1,20,equipment/liquid_solid.py
11161411,19,1,20,equipment/parents.py
11161411,19,1,20,equipment/pipe.py
11161411,96,78,174,equipment/pump.py
11161411,45,27,72,equipment/reactor.py
11161411,19,1,20,equipment/solids.py
11161411,20,2,22,equipment/spreadsheet.py
11161411,33,15,48,equipment/tank.py
11161411,19,1,20,equipment/widget.py
11161411,19,1,20,lib/EoS/BWRS.py
11161411,19,1,20,lib/EoS/Grayson_Streed.py
11161411,0,2,2,lib/EoS/Lee_Kesler.py
11161411,20,0,20,lib/EoS/__init__.py
11161411,26,8,34,lib/EoS/cubic.py
11161411,19,1,20,lib/EoS/virial.py
11161411,19,1,20,lib/__init__.py
11161411,19,1,20,lib/bip.py
11161411,19,1,20,lib/compuestos.py
11161411,19,1,20,lib/config.py
11161411,19,1,20,lib/coolProp.py
11161411,42,24,66,lib/corriente.py
11161411,19,1,20,lib/datasheet.py
11161411,31,13,44,lib/elemental.py
11161411,20,2,22,lib/eos.py
11161411,19,1,20,lib/firstrun.py
11161411,19,1,20,lib/freeSteam.py
11161411,19,1,20,lib/gerg.py
11161411,21,3,24,lib/iapws.py
11161411,24,7,31,lib/mEoS/Acetone.py
11161411,53,38,91,lib/mEoS/Air.py
11161411,69,52,121,lib/mEoS/Ar.py
11161411,45,28,73,lib/mEoS/Benzene.py
11161411,30,13,43,lib/mEoS/Butene_1.py
11161411,31,14,45,lib/mEoS/C1Cyclohexane.py
11161411,28,11,39,lib/mEoS/C1Linoleate.py
11161411,26,9,35,lib/mEoS/C1Linolenate.py
11161411,28,11,39,lib/mEoS/C1Oleate.py
11161411,26,9,35,lib/mEoS/C1Palmitate.py
11161411,26,9,35,lib/mEoS/C1Stearate.py
11161411,67,50,117,lib/mEoS/C2.py
11161411,75,58,133,lib/mEoS/C3.py
11161411,30,13,43,lib/mEoS/C3Cyclohexane.py
11161411,20,3,23,lib/mEoS/C4F10.py
11161411,20,3,23,lib/mEoS/C5F12.py
11161411,23,6,29,lib/mEoS/CF3I.py
11161411,78,61,139,lib/mEoS/CH4.py
11161411,39,22,61,lib/mEoS/CO.py
11161411,62,45,107,lib/mEoS/CO2.py
11161411,23,6,29,lib/mEoS/COS.py
11161411,23,6,29,lib/mEoS/Cis_2_butene.py
11161411,47,30,77,lib/mEoS/Cyclohexane.py
11161411,31,14,45,lib/mEoS/Cyclopentane.py
11161411,23,6,29,lib/mEoS/Cyclopropane.py
11161411,35,18,53,lib/mEoS/D2.py
11161411,36,19,55,lib/mEoS/D2O.py
11161411,27,10,37,lib/mEoS/D4.py
11161411,24,7,31,lib/mEoS/D5.py
11161411,24,7,31,lib/mEoS/D6.py
11161411,27,10,37,lib/mEoS/DEE.py
11161411,33,16,49,lib/mEoS/DMC.py
11161411,45,28,73,lib/mEoS/DME.py
11161411,54,37,91,lib/mEoS/Ethanol.py
11161411,27,10,37,lib/mEoS/EthylBenzene.py
11161411,58,41,99,lib/mEoS/Ethylene.py
11161411,29,12,41,lib/mEoS/F2.py
11161411,67,50,117,lib/mEoS/H2.py
11161411,75,58,133,lib/mEoS/H2O.py
11161411,54,37,91,lib/mEoS/H2S.py
11161411,26,9,35,lib/mEoS/HCl.py
11161411,55,38,93,lib/mEoS/He.py
11161411,29,12,41,lib/mEoS/Kr.py
11161411,24,7,31,lib/mEoS/MD2M.py
11161411,24,7,31,lib/mEoS/MD3M.py
11161411,24,7,31,lib/mEoS/MD4M.py
11161411,26,9,35,lib/mEoS/MDM.py
11161411,25,8,33,lib/mEoS/MM.py
11161411,40,23,63,lib/mEoS/Methanol.py
11161411,71,54,125,lib/mEoS/N2.py
11161411,24,7,31,lib/mEoS/N2O.py
11161411,22,5,27,lib/mEoS/NF3.py
11161411,45,28,73,lib/mEoS/NH3.py
11161411,25,8,33,lib/mEoS/Ne.py
11161411,53,36,89,lib/mEoS/O2.py
11161411,37,20,57,lib/mEoS/Propylene.py
11161411,23,6,29,lib/mEoS/Propyne.py
11161411,31,14,45,lib/mEoS/R11.py
11161411,34,17,51,lib/mEoS/R113.py
11161411,24,7,31,lib/mEoS/R114.py
11161411,32,15,47,lib/mEoS/R115.py
11161411,37,20,57,lib/mEoS/R116.py
11161411,29,12,41,lib/mEoS/R12.py
11161411,23,6,29,lib/mEoS/R1216.py
11161411,45,28,73,lib/mEoS/R123.py
11161411,24,7,31,lib/mEoS/R1233zd.py
11161411,34,17,51,lib/mEoS/R1234yf.py
11161411,53,36,89,lib/mEoS/R1234ze.py
11161411,29,12,41,lib/mEoS/R124.py
11161411,66,49,115,lib/mEoS/R125.py
11161411,32,15,47,lib/mEoS/R13.py
11161411,55,38,93,lib/mEoS/R134a.py
11161411,24,7,31,lib/mEoS/R14.py
11161411,25,8,33,lib/mEoS/R141b.py
11161411,26,9,35,lib/mEoS/R142b.py
11161411,43,26,69,lib/mEoS/R143a.py
11161411,56,39,95,lib/mEoS/R152a.py
11161411,29,12,41,lib/mEoS/R161.py
11161411,24,7,31,lib/mEoS/R21.py
11161411,25,8,33,lib/mEoS/R218.py
11161411,41,24,65,lib/mEoS/R22.py
11161411,23,6,29,lib/mEoS/R227ea.py
11161411,41,24,65,lib/mEoS/R23.py
11161411,30,13,43,lib/mEoS/R236ea.py
11161411,31,14,45,lib/mEoS/R236fa.py
11161411,28,11,39,lib/mEoS/R245ca.py
11161411,25,8,33,lib/mEoS/R245fa.py
11161411,50,33,83,lib/mEoS/R32.py
11161411,25,8,33,lib/mEoS/R365mfc.py
11161411,27,10,37,lib/mEoS/R40.py
11161411,32,15,47,lib/mEoS/R404a.py
11161411,31,14,45,lib/mEoS/R407c.py
11161411,37,20,57,lib/mEoS/R41.py
11161411,30,13,43,lib/mEoS/R410a.py
11161411,30,13,43,lib/mEoS/R507a.py
11161411,24,7,31,lib/mEoS/RC318.py
11161411,26,9,35,lib/mEoS/RE143a.py
11161411,28,11,39,lib/mEoS/RE245cb2.py
11161411,28,11,39,lib/mEoS/RE245fa2.py
11161411,27,10,37,lib/mEoS/RE347mcc.py
11161411,44,27,71,lib/mEoS/SF6.py
11161411,31,14,45,lib/mEoS/SO2.py
11161411,37,20,57,lib/mEoS/Toluene.py
11161411,24,7,31,lib/mEoS/Trans_2_butene.py
11161411,28,11,39,lib/mEoS/Xe.py
11161411,19,2,21,lib/mEoS/__init__.py
11161411,24,7,31,lib/mEoS/iButene.py
11161411,67,50,117,lib/mEoS/iC4.py
11161411,45,28,73,lib/mEoS/iC5.py
11161411,28,11,39,lib/mEoS/iC6.py
11161411,29,12,41,lib/mEoS/iC8.py
11161411,28,11,39,lib/mEoS/mXylene.py
11161411,35,18,53,lib/mEoS/nC10.py
11161411,27,10,37,lib/mEoS/nC11.py
11161411,27,10,37,lib/mEoS/nC12.py
11161411,73,56,129,lib/mEoS/nC4.py
11161411,59,42,101,lib/mEoS/nC5.py
11161411,58,41,99,lib/mEoS/nC6.py
11161411,60,43,103,lib/mEoS/nC7.py
11161411,52,35,87,lib/mEoS/nC8.py
11161411,35,18,53,lib/mEoS/nC9.py
11161411,31,14,45,lib/mEoS/neoC5.py
11161411,24,7,31,lib/mEoS/oH2.py
11161411,27,10,37,lib/mEoS/oXylene.py
11161411,40,23,63,lib/mEoS/pH2.py
11161411,28,11,39,lib/mEoS/pXylene.py
11161411,79,61,140,lib/meos.py
11161411,323,305,628,lib/petro.py
11161411,19,1,20,lib/physics.py
11161411,30,12,42,lib/plot.py
11161411,21,2,23,lib/project.py
11161411,22,4,26,lib/psycrometry.py
11161411,20,2,22,lib/reaction.py
11161411,19,1,20,lib/refProp.py
11161411,19,1,20,lib/sql.py
11161411,19,1,20,lib/table.py
11161411,19,1,20,lib/thermo.py
11161411,19,1,20,lib/thread.py
11161411,20,2,22,lib/unidades.py
11161411,28,10,38,lib/utilities.py
11161411,17,0,17,pychemqt.py
11161411,19,1,20,tools/HelpView.py
11161411,21,3,24,tools/UI_Preferences.py
11161411,19,1,20,tools/UI_Tables.py
11161411,19,1,20,tools/UI_confComponents.py
11161411,19,1,20,tools/UI_confResolution.py
11161411,19,1,20,tools/UI_confThermo.py
11161411,19,1,20,tools/UI_confTransport.py
11161411,19,1,20,tools/UI_confUnits.py
11161411,19,1,20,tools/UI_databank.py
11161411,21,3,24,tools/UI_psychrometry.py
11161411,108,90,198,tools/UI_steamTables.py
11161411,19,1,20,tools/UI_unitConverter.py
11161411,19,1,20,tools/__init__.py
11161411,19,1,20,tools/codeEditor.py
11161411,19,1,20,tools/costIndex.py
11161411,19,1,20,tools/dependences.py
11161411,19,1,20,tools/doi.py
11161411,26,8,34,tools/qtelemental.py
11161411,21,3,24,tools/terminal.py
11161411,1,1,2,lib/meos.py
11161411,2,2,4,tools/costIndex.py
11161411,2,2,4,lib/config.py
11161411,10,9,19,pychemqt.py
11161411,1,1,2,UI/flujo.py
11161411,7,6,13,equipment/parents.py
11161411,7,7,14,lib/config.py
11161411,3,0,3,lib/project.py
11161411,9,9,18,lib/unidades.py
11161411,210,171,381,equipment/pipe.py
11161411,40,5,45,equipment/heatExchanger.py
11161411,11,0,11,equipment/spreadsheet.py
11161411,68,22,90,equipment/pump.py
11161411,5,3,8,UI/mainWindow.py
11161411,18,17,35,lib/firstrun.py
11161411,0,9,9,lib/config.py
11161411,1,1,2,lib/coolProp.py
11161411,1,1,2,lib/freeSteam.py
11161411,1,1,2,lib/gerg.py
11161411,11,10,21,lib/iapws.py
11161411,8,8,16,lib/meos.py
11161411,1,1,2,lib/refProp.py
11161411,134,312,446,lib/thermo.py
11161411,1,1,2,pychemqt.py
11161411,1,1,2,tools/dependences.py
11161411,33,10,43,lib/config.py
11161411,5,11,16,UI/mainWindow.py
11161411,10,7,17,UI/mainWindow.py
11161411,2,0,2,lib/config.py
11161411,17,14,31,lib/firstrun.py
11161411,7,7,14,pychemqt.py
11161411,3,1,4,tools/UI_Preferences.py
11161411,76,0,76,equipment/compressor.py
11161411,1,1,2,equipment/flux.py
11161411,59,12,71,equipment/flux.py
11161411,1,1,2,UI/flujo.py
11161411,19,22,41,UI/flujo.py
11161411,3,7,10,UI/mainWindow.py
11161411,3,0,3,lib/__init__.py
11161411,179,9,188,lib/corriente.py
11161411,6,3,9,lib/project.py
11161411,1,1,2,tools/__init__.py
11161411,6,6,12,equipment/UI_mixer.py
11161411,4,1,5,UI/delegate.py
11161411,5,2,7,UI/widgets.py
11161411,2,2,4,UI/texteditor.py
11161411,5,5,10,equipment/UI_divider.py
11161411,3,3,6,lib/compuestos.py
11161411,3,3,6,tools/UI_Tables.py
11161411,3,3,6,tools/UI_confThermo.py
11161411,1,1,2,UI/flujo.py
11161411,331,0,331,lib/thermo.py
11161411,9,5,14,UI/flujo.py
11161411,1,1,2,UI/mainWindow.py
11161411,1,1,2,equipment/gas_solid_liquid.py
11161411,8,8,16,equipment/pipe.py
11161411,13,13,26,lib/corriente.py
11161411,1,1,2,lib/meos.py
11161411,15,14,29,tools/UI_Tables.py
11161411,11,17,28,UI/flujo.py
11161411,13,13,26,lib/config.py
11161411,4,4,8,lib/project.py
11161411,20,33,53,UI/flujo.py
11161411,1,1,2,UI/flujo.py
11161411,17,15,32,UI/mainWindow.py
11161411,3,3,6,equipment/UI_heatExchanger.py
11161411,1,1,2,lib/coolProp.py
11161411,1,4,5,lib/corriente.py
11161411,1,5,6,lib/plot.py
11161411,13,13,26,lib/project.py
11161411,0,2,2,lib/psycrometry.py
11161411,2,2,4,tools/UI_confComponents.py
11161411,1,1,2,tools/UI_psychrometry.py
11161411,1,1,2,UI/bombaCurva.py
11161411,6,4,10,lib/compuestos.py
11161411,2,2,4,lib/plot.py
11161411,1,1,2,tools/UI_steamTables.py
11161411,1,1,2,UI/widgets.py
11161411,0,4,4,lib/elemental.py
11161411,25,29,54,tools/UI_Preferences.py
11161411,0,1,1,UI/widgets.py
11161411,6,0,6,lib/elemental.py
11161411,21,1,22,tools/qtelemental.py
11161411,3,3,6,lib/elemental.py
11161411,18,4,22,tools/UI_Preferences.py
11161411,68,23,91,lib/elemental.py
11161411,13,7,20,lib/utilities.py
11161411,29,7,36,tools/UI_Preferences.py
11161411,231,226,457,tools/qtelemental.py
11161411,30,0,30,lib/elemental.py
11161411,1,0,1,lib/firstrun.py
11161411,15,0,15,tools/UI_Preferences.py
11161411,26,4,30,tools/qtelemental.py
11161411,0,2,2,UI/mainWindow.py
11161411,3,2,5,lib/corriente.py
11161411,131,0,131,lib/elemental.py
11161411,12,45,57,lib/unidades.py
11161411,0,3,3,tools/dependences.py
11161411,280,292,572,tools/qtelemental.py
11161411,51,2,53,lib/unidades.py
11161411,1,0,1,tools/UI_unitConverter.py
11161411,2,0,2,tools/dependences.py
11161411,1,1,2,UI/delegate.py
11161411,1,2,3,UI/mainWindow.py
11161411,1,1,2,lib/firstrun.py
11161411,4,2,6,tools/UI_Preferences.py
11161411,16,20,36,tools/terminal.py
11161411,4,4,8,UI/mainWindow.py
11161411,4,4,8,UI/widgets.py
11161411,53,53,106,UI/UI_corriente.py
11161411,11,11,22,UI/bombaCurva.py
11161411,32,31,63,UI/charts.py
11161411,4,4,8,UI/conversor_unidades.py
11161411,6,6,12,UI/entrada_datos.py
11161411,47,47,94,UI/flujo.py
11161411,197,192,389,UI/mainWindow.py
11161411,29,29,58,UI/newComponent.py
11161411,16,15,31,UI/plots.py
11161411,14,14,28,UI/texteditor.py
11161411,138,138,276,UI/viewComponents.py
11161411,17,17,34,UI/widgets.py
11161411,51,50,101,UI/wizard.py
11161411,22,22,44,equipment/UI_baghouse.py
11161411,19,19,38,equipment/UI_centrifuge.py
11161411,23,23,46,equipment/UI_ciclon.py
11161411,42,42,84,equipment/UI_columnFUG.py
11161411,22,22,44,equipment/UI_compressor.py
11161411,17,17,34,equipment/UI_crystallizer.py
11161411,4,4,8,equipment/UI_divider.py
11161411,14,14,28,equipment/UI_dryer.py
11161411,12,12,24,equipment/UI_electricPrecipitator.py
11161411,13,13,26,equipment/UI_filter.py
11161411,16,16,32,equipment/UI_fireHeater.py
11161411,17,17,34,equipment/UI_flash.py
11161411,18,18,36,equipment/UI_gravityChamber.py
11161411,14,14,28,equipment/UI_grinder.py
11161411,40,40,80,equipment/UI_hairpin.py
11161411,58,58,116,equipment/UI_heatExchanger.py
11161411,2,2,4,equipment/UI_mixer.py
11161411,78,78,156,equipment/UI_pipe.py
11161411,31,31,62,equipment/UI_pump.py
11161411,59,59,118,equipment/UI_reactor.py
11161411,6,6,12,equipment/UI_screen.py
11161411,15,15,30,equipment/UI_scrubber.py
11161411,69,69,138,equipment/UI_shellTube.py
11161411,16,16,32,equipment/UI_solidWasher.py
11161411,15,15,30,equipment/UI_spreadsheet.py
11161411,34,34,68,equipment/UI_tank.py
11161411,49,49,98,equipment/UI_tower.py
11161411,13,13,26,equipment/UI_turbine.py
11161411,25,25,50,equipment/UI_vacuum.py
11161411,5,5,10,equipment/UI_valve.py
11161411,3,3,6,equipment/compressor.py
11161411,8,8,16,equipment/distillation.py
11161411,1,1,2,equipment/flux.py
11161411,7,7,14,equipment/gas_solid.py
11161411,4,4,8,equipment/gas_solid_liquid.py
11161411,12,12,24,equipment/heatExchanger.py
11161411,1,1,2,equipment/liquid_solid.py
11161411,14,14,28,equipment/parents.py
11161411,2,2,4,equipment/pipe.py
11161411,1,1,2,equipment/pump.py
11161411,5,5,10,equipment/reactor.py
11161411,1,1,2,equipment/solids.py
11161411,1,1,2,equipment/spreadsheet.py
11161411,3,3,6,equipment/tank.py
11161411,24,24,48,equipment/widget.py
11161411,9,9,18,lib/config.py
11161411,4,4,8,lib/reaction.py
11161411,1,1,2,lib/table.py
11161411,3,1,4,pychemqt.py
11161411,1,1,2,tools/HelpView.py
11161411,258,257,515,tools/UI_Preferences.py
11161411,680,679,1359,tools/UI_Tables.py
11161411,28,27,55,tools/UI_confComponents.py
11161411,16,15,31,tools/UI_confResolution.py
11161411,32,31,63,tools/UI_confThermo.py
11161411,31,30,61,tools/UI_confTransport.py
11161411,38,37,75,tools/UI_confUnits.py
11161411,36,35,71,tools/UI_databank.py
11161411,18,18,36,tools/UI_psychrometry.py
11161411,363,362,725,tools/UI_steamTables.py
11161411,4,3,7,tools/codeEditor.py
11161411,19,19,38,tools/costIndex.py
11161411,17,16,33,tools/doi.py
11161411,10,10,20,tools/qtelemental.py
11161411,2,2,4,tools/terminal.py
11161411,132,131,263,UI/UI_corriente.py
11161411,35,34,69,UI/bombaCurva.py
11161411,35,34,69,UI/entrada_datos.py
11161411,114,110,224,UI/flujo.py
11161411,95,94,189,UI/newComponent.py
11161411,257,256,513,UI/viewComponents.py
11161411,37,36,73,equipment/UI_baghouse.py
11161411,33,32,65,equipment/UI_centrifuge.py
11161411,64,63,127,equipment/UI_ciclon.py
11161411,118,117,235,equipment/UI_columnFUG.py
11161411,47,46,93,equipment/UI_compressor.py
11161411,31,30,61,equipment/UI_crystallizer.py
11161411,10,9,19,equipment/UI_divider.py
11161411,31,30,61,equipment/UI_dryer.py
11161411,26,25,51,equipment/UI_electricPrecipitator.py
11161411,23,22,45,equipment/UI_filter.py
11161411,49,48,97,equipment/UI_fireHeater.py
11161411,51,50,101,equipment/UI_flash.py
11161411,30,29,59,equipment/UI_gravityChamber.py
11161411,26,25,51,equipment/UI_grinder.py
11161411,101,100,201,equipment/UI_hairpin.py
11161411,103,102,205,equipment/UI_heatExchanger.py
11161411,11,10,21,equipment/UI_mixer.py
11161411,236,235,471,equipment/UI_pipe.py
11161411,85,85,170,equipment/UI_pump.py
11161411,119,118,237,equipment/UI_reactor.py
11161411,15,14,29,equipment/UI_screen.py
11161411,32,31,63,equipment/UI_scrubber.py
11161411,186,185,371,equipment/UI_shellTube.py
11161411,25,24,49,equipment/UI_solidWasher.py
11161411,24,23,47,equipment/UI_spreadsheet.py
11161411,46,45,91,equipment/UI_tank.py
11161411,67,66,133,equipment/UI_tower.py
11161411,32,31,63,equipment/UI_turbine.py
11161411,39,38,77,equipment/UI_vacuum.py
11161411,14,13,27,equipment/UI_valve.py
11161411,30,30,60,equipment/__init__.py
11161411,5,5,10,equipment/compressor.py
11161411,1,1,2,equipment/distillation.py
11161411,8,8,16,equipment/flux.py
11161411,7,7,14,equipment/gas_solid.py
11161411,1,1,2,equipment/gas_solid_liquid.py
11161411,5,5,10,equipment/heatExchanger.py
11161411,29,28,57,equipment/parents.py
11161411,11,11,22,equipment/pipe.py
11161411,3,3,6,equipment/pump.py
11161411,1,1,2,equipment/reactor.py
11161411,1,1,2,equipment/spreadsheet.py
11161411,1,1,2,equipment/tank.py
11161411,25,24,49,equipment/widget.py
11161411,11,11,22,lib/coolProp.py
11161411,6,6,12,lib/freeSteam.py
11161411,5,5,10,lib/gerg.py
11161411,3,3,6,lib/iapws.py
11161411,2,2,4,lib/mEoS/Butene_1.py
11161411,6,6,12,lib/mEoS/C4F10.py
11161411,5,5,10,lib/mEoS/C5F12.py
11161411,0,159,159,lib/mEoS/H2O.py
11161411,1,1,2,lib/mEoS/R13.py
11161411,1,1,2,lib/mEoS/R236ea.py
11161411,5,5,10,lib/mEoS/R245ca.py
11161411,0,9,9,lib/mEoS/SF6.py
11161411,0,8,8,lib/mEoS/Toluene.py
11161411,7,7,14,lib/petro.py
11161411,12,11,23,lib/plot.py
11161411,7,7,14,lib/project.py
11161411,5,5,10,lib/psycrometry.py
11161411,113,113,226,lib/refProp.py
11161411,1,1,2,lib/thread.py
11161411,12,11,23,tools/HelpView.py
11161411,56,55,111,tools/UI_psychrometry.py
11161411,41,40,81,tools/costIndex.py
11161411,1,1,2,lib/EoS/BWRS.py
11161411,2,2,4,lib/EoS/Grayson_Streed.py
11161411,1,1,2,lib/EoS/Lee_Kesler.py
11161411,5,5,10,lib/EoS/__init__.py
11161411,1,1,2,lib/EoS/cubic.py
11161411,1,1,2,lib/EoS/virial.py
11161411,40,40,80,lib/compuestos.py
11161411,11,11,22,lib/corriente.py
11161411,11,11,22,lib/eos.py
11161411,127,127,254,lib/mEoS/__init__.py
11161411,10,10,20,lib/meos.py
11161411,15,15,30,lib/physics.py
11161411,13,13,26,lib/config.py
11161411,15,15,30,UI/conversor_unidades.py
11161411,22,21,43,UI/delegate.py
11161411,26,26,52,UI/texteditor.py
11161411,98,98,196,UI/widgets.py
11161411,10,9,19,lib/config.py
11161411,5,5,10,lib/firstrun.py
11161411,88,87,175,lib/unidades.py
11161411,5,5,10,lib/utilities.py
11161411,28,28,56,pychemqt.py
11161411,7,7,14,tools/UI_unitConverter.py
11161411,20,20,40,tools/dependences.py
11161411,6,6,12,UI/UI_corriente.py
11161411,16,16,32,equipment/heatExchanger.py
11161411,31,7,38,lib/meos.py
11161411,3,3,6,lib/plot.py
11161411,1,0,1,lib/mEoS/__init__.py
11161411,73,0,73,lib/mEoS/nC11.py
11161411,1,0,1,lib/mEoS/__init__.py
11161411,90,0,90,lib/mEoS/iC8.py
11161411,0,3,3,lib/mEoS/D2.py
11161411,113,70,183,lib/mEoS/D2O.py
11161411,1,1,2,lib/mEoS/__init__.py
11161411,107,14,121,lib/mEoS/D2.py
11161411,111,65,176,lib/mEoS/He.py
11161411,2,14,16,lib/mEoS/oH2.py
11161411,75,31,106,lib/mEoS/pH2.py
11161411,162,23,185,lib/mEoS/H2.py
11161411,10,10,20,lib/mEoS/H2.py
11161411,3,2,5,lib/mEoS/__init__.py
11161411,1,1,2,lib/mEoS/Cis_2_butene.py
11161411,70,20,90,lib/mEoS/Ethanol.py
11161411,82,18,100,lib/mEoS/Ethanol.py
11161411,154,54,208,lib/mEoS/Ethylene.py
11161411,71,2,73,lib/mEoS/Ethylene.py
11161411,184,24,208,lib/mEoS/Ethylene.py
11161411,13,13,26,lib/config.py
11161411,15,15,30,UI/conversor_unidades.py
11161411,22,21,43,UI/delegate.py
11161411,26,26,52,UI/texteditor.py
11161411,98,98,196,UI/widgets.py
11161411,10,9,19,lib/config.py
11161411,5,5,10,lib/firstrun.py
11161411,88,87,175,lib/unidades.py
11161411,5,5,10,lib/utilities.py
11161411,28,28,56,pychemqt.py
11161411,7,7,14,tools/UI_unitConverter.py
11161411,20,20,40,tools/dependences.py
11161411,34,16,50,lib/mEoS/CO2.py
11161411,1,0,1,lib/mEoS/R123.py
11161411,5,9,14,lib/mEoS/Ar.py
11161411,10,9,19,lib/mEoS/nC4.py
11161411,48,20,68,lib/mEoS/C1Cyclohexane.py
11161411,45,20,65,lib/mEoS/C3Cyclohexane.py
11161411,101,23,124,lib/mEoS/NH3.py
11161411,1,12,13,lib/mEoS/Air.py
11161411,115,11,126,lib/mEoS/NH3.py
11161411,26,0,26,lib/mEoS/Butene_1.py
11161411,39,8,47,lib/mEoS/Benzene.py
11161411,37,9,46,lib/mEoS/Benzene.py
11161411,2,7,9,lib/mEoS/C4F10.py
11161411,1,6,7,lib/mEoS/C5F12.py
11161411,0,1,1,lib/mEoS/nC12.py
11161411,20,3,23,lib/mEoS/CF3I.py
11161411,13,3,16,lib/mEoS/CO.py
11161411,6,1,7,lib/mEoS/CO2.py
11161411,17,24,41,lib/mEoS/Cyclohexane.py
11161411,81,24,105,lib/mEoS/Cyclopentane.py
11161411,1,1,2,lib/mEoS/Cyclopropane.py
11161411,1,11,12,lib/mEoS/D4.py
11161411,12,11,23,lib/mEoS/C2.py
11161411,2,12,14,lib/mEoS/D5.py
11161411,3,13,16,lib/mEoS/D6.py
11161411,1,1,2,lib/mEoS/DEE.py
11161411,7,19,26,lib/mEoS/DMC.py
11161411,36,17,53,lib/mEoS/DME.py
11161411,0,3,3,lib/mEoS/HCl.py
11161411,1,1,2,lib/mEoS/__init__.py
11161411,0,13,13,lib/mEoS/nC10.py
11161411,14,9,23,lib/mEoS/H2S.py
11161411,53,14,67,lib/mEoS/nC7.py
11161411,49,15,64,lib/mEoS/nC6.py
11161411,1,10,11,lib/mEoS/MD2M.py
11161411,2,11,13,lib/mEoS/MD3M.py
11161411,3,10,13,lib/mEoS/MD4M.py
11161411,1,12,13,lib/mEoS/MDM.py
11161411,2,3,5,lib/mEoS/Kr.py
11161411,10,9,19,lib/mEoS/iC6.py
11161411,9,14,23,lib/mEoS/iC5.py
11161411,21,23,44,lib/mEoS/CH4.py
11161411,14,8,22,lib/mEoS/iC4.py
11161411,104,31,135,lib/mEoS/Methanol.py
11161411,20,3,23,lib/mEoS/C1Linoleate.py
11161411,4,1,5,lib/mEoS/C1Linolenate.py
11161411,20,3,23,lib/mEoS/C1Oleate.py
11161411,4,1,5,lib/mEoS/C1Palmitate.py
11161411,4,1,5,lib/mEoS/C1Stearate.py
11161411,3,17,20,lib/mEoS/MM.py
11161411,0,6,6,lib/mEoS/N2O.py
11161411,5,7,12,lib/mEoS/Ne.py
11161411,2,0,2,lib/mEoS/__init__.py
11161411,155,11,166,lib/mEoS/O2.py
11161411,68,23,91,lib/mEoS/N2.py
11161411,4,4,8,lib/mEoS/nC8.py
11161411,77,0,77,lib/mEoS/EthylBenzene.py
11161411,4,0,4,lib/mEoS/__init__.py
11161411,78,0,78,lib/mEoS/mXylene.py
11161411,77,0,77,lib/mEoS/oXylene.py
11161411,78,0,78,lib/mEoS/pXylene.py
11161411,46,23,69,lib/mEoS/nC5.py
11161411,27,1,28,lib/mEoS/nC7.py
11161411,24,11,35,lib/mEoS/R23.py
11161411,25,5,30,lib/mEoS/Ar.py
11161411,11,22,33,lib/mEoS/C2.py
11161411,24,13,37,lib/mEoS/C3.py
11161411,17,4,21,lib/mEoS/CH4.py
11161411,5,1,6,lib/mEoS/H2.py
11161411,9,2,11,lib/mEoS/N2.py
11161411,5,1,6,lib/mEoS/NF3.py
11161411,14,3,17,lib/mEoS/O2.py
11161411,1,1,2,lib/mEoS/R124.py
11161411,17,3,20,lib/mEoS/iC4.py
11161411,16,3,19,lib/mEoS/nC4.py
11161411,5,5,10,lib/mEoS/pH2.py
11161411,16,7,23,lib/meos.py
11161411,18,15,33,lib/mEoS/C3.py
11161411,34,28,62,lib/mEoS/Propylene.py
11161411,88,0,88,lib/mEoS/DEE.py
11161411,92,0,92,lib/mEoS/HCl.py
11161411,89,0,89,lib/mEoS/R40.py
11161411,4,1,5,lib/mEoS/__init__.py
11161411,11,10,21,lib/mEoS/R115.py
11161411,37,15,52,lib/mEoS/R22.py
11161411,15,9,24,lib/mEoS/R11.py
11161411,6,7,13,lib/mEoS/R12.py
11161411,9,8,17,lib/mEoS/R13.py
11161411,6,6,12,lib/mEoS/R41.py
11161411,15,15,30,lib/mEoS/R113.py
11161411,21,15,36,lib/mEoS/R32.py
11161411,192,23,215,lib/mEoS/R32.py
11161411,5,2,7,lib/mEoS/R116.py
11161411,9,2,11,lib/mEoS/R134a.py
11161411,5,1,6,lib/mEoS/R116.py
11161411,5,1,6,lib/mEoS/R134a.py
11161411,279,25,304,lib/mEoS/R134a.py
11161411,20,2,22,lib/mEoS/R125.py
11161411,74,32,106,lib/mEoS/R125.py
11161411,8,1,9,lib/mEoS/R125.py
11161411,6,1,7,lib/mEoS/R32.py
11161411,10,8,18,lib/mEoS/R124.py
11161411,1,1,2,lib/mEoS/__init__.py
11161411,110,2,112,lib/mEoS/R123.py
11161411,4,2,6,UI/flujo.py
11161411,2,0,2,UI/flujo.py
11161411,0,1,1,UI/mainWindow.py
11161411,0,1,1,lib/project.py
11161411,36,19,55,lib/corriente.py
11161411,1,1,2,pychemqt.py
11161411,662,447,1109,equipment/UI_pipe.py
11161411,406,304,710,equipment/UI_shellTube.py
11161411,219,171,390,equipment/heatExchanger.py
11161411,1,4,5,equipment/widget.py
11161411,97,80,177,equipment/UI_dryer.py
11161411,16,7,23,equipment/gas_solid_liquid.py
11161411,18,15,33,UI/UI_corriente.py
11161411,0,1,1,equipment/UI_columnFUG.py
11161411,0,1,1,equipment/UI_flash.py
11161411,6,13,19,equipment/UI_hairpin.py
11161411,5,4,9,equipment/UI_heatExchanger.py
11161411,1,1,2,equipment/UI_tower.py
11161411,35,15,50,equipment/parents.py
11161411,5,0,5,lib/unidades.py
11161411,3,13,16,equipment/UI_columnFUG.py
11161411,2,16,18,equipment/UI_flash.py
11161411,6,11,17,equipment/UI_baghouse.py
11161411,5,10,15,equipment/UI_ciclon.py
11161411,5,10,15,equipment/UI_electricPrecipitator.py
11161411,6,9,15,equipment/UI_gravityChamber.py
11161411,2,12,14,equipment/gas_solid.py
11161411,257,179,436,equipment/UI_hairpin.py
11161411,16,11,27,equipment/heatExchanger.py
11161411,102,83,185,equipment/UI_spreadsheet.py
11161411,43,23,66,equipment/UI_heatExchanger.py
11161411,264,183,447,equipment/UI_columnFUG.py
11161411,193,126,319,equipment/UI_pump.py
11161411,78,58,136,equipment/UI_heatExchanger.py
11161411,136,90,226,equipment/UI_flash.py
11161411,121,84,205,equipment/UI_fireHeater.py
11161411,5,6,11,lib/mEoS/R116.py
11161411,12,8,20,lib/mEoS/R123.py
11161411,4,3,7,lib/mEoS/R13.py
11161411,0,5,5,lib/mEoS/R141b.py
11161411,1,0,1,lib/mEoS/R236ea.py
11161411,50,12,62,lib/mEoS/R236fa.py
11161411,52,25,77,lib/mEoS/R236ea.py
11161411,45,12,57,lib/mEoS/R161.py
11161411,1,1,2,lib/mEoS/__init__.py
11161411,10,2,12,lib/mEoS/R152a.py
11161411,136,27,163,lib/mEoS/R152a.py
11161411,163,18,181,lib/mEoS/R143a.py
11161411,4,8,12,lib/mEoS/R161.py
11161411,6,8,14,lib/mEoS/R227ea.py
11161411,1,1,2,lib/mEoS/__init__.py
11161411,26,17,43,lib/mEoS/R1234yf.py
11161411,28,15,43,lib/mEoS/R1234ze.py
11161411,1,1,2,lib/mEoS/RE245cb2.py
11161411,1,1,2,lib/mEoS/RE245fa2.py
11161411,1,1,2,lib/mEoS/__init__.py
11161411,41,2,43,lib/mEoS/R1234ze.py
11161411,55,12,67,lib/mEoS/R1234ze.py
11161411,51,16,67,lib/mEoS/R1234yf.py
11161411,42,15,57,lib/mEoS/R1234ze.py
11161411,6,0,6,lib/mEoS/__init__.py
11161411,1,1,2,lib/meos.py
11161411,75,0,75,lib/mEoS/R1233zd.py
11161411,76,0,76,lib/mEoS/R1216.py
11161411,1,6,7,lib/mEoS/R245ca.py
11161411,53,14,67,lib/mEoS/R245ca.py
11161411,11,6,17,lib/mEoS/R365mfc.py
11161411,1,1,2,lib/mEoS/SF6.py
11161411,73,0,73,lib/mEoS/RE143a.py
11161411,4,2,6,lib/mEoS/RE245fa2.py
11161411,4,2,6,lib/mEoS/RE347mcc.py
11161411,87,0,87,lib/mEoS/RE245cb2.py
11161411,1,1,2,lib/mEoS/RE245fa2.py
11161411,87,0,87,lib/mEoS/RE245fa2.py
11161411,10,1,11,lib/mEoS/RE347mcc.py
11161411,78,0,78,lib/mEoS/RE347mcc.py
11161411,1,1,2,lib/mEoS/SF6.py
11161411,0,5,5,lib/mEoS/SO2.py
11161411,160,112,272,equipment/UI_compressor.py
11161411,112,88,200,equipment/UI_turbine.py
11161411,151,101,252,equipment/UI_baghouse.py
11161411,201,142,343,equipment/UI_ciclon.py
11161411,3,3,6,equipment/UI_divider.py
11161411,95,63,158,equipment/UI_electricPrecipitator.py
11161411,109,73,182,equipment/UI_gravityChamber.py
11161411,3,3,6,equipment/UI_mixer.py
11161411,2,2,4,equipment/UI_valve.py
11161411,1,1,2,equipment/gas_solid.py
11161411,55,45,100,equipment/UI_divider.py
11161411,31,24,55,equipment/UI_mixer.py
11161411,42,34,76,equipment/UI_valve.py
11161411,1,1,2,lib/corriente.py
11161411,4,1,5,lib/meos.py
11161411,0,1,1,UI/mainWindow.py
11161411,41,41,82,equipment/UI_reactor.py
11161411,1,1,2,equipment/__init__.py
11161411,22,29,51,equipment/reactor.py
11161411,61,54,115,lib/reaction.py
11161411,1,1,2,lib/mEoS/Acetone.py
11161411,2,2,4,lib/mEoS/Benzene.py
11161411,1,1,2,lib/mEoS/Butene_1.py
11161411,1,1,2,lib/mEoS/C2.py
11161411,1,1,2,lib/mEoS/C3.py
11161411,1,1,2,lib/mEoS/C4F10.py
11161411,1,1,2,lib/mEoS/C5F12.py
11161411,1,1,2,lib/mEoS/CF3I.py
11161411,2,2,4,lib/mEoS/CH4.py
11161411,2,2,4,lib/mEoS/CO.py
11161411,1,1,2,lib/mEoS/CO2.py
11161411,1,1,2,lib/mEoS/COS.py
11161411,1,1,2,lib/mEoS/Cyclohexane.py
11161411,2,7,9,lib/mEoS/D2.py
11161411,1,1,2,lib/mEoS/D2O.py
11161411,1,1,2,lib/mEoS/DME.py
11161411,1,1,2,lib/mEoS/Ethanol.py
11161411,1,1,2,lib/mEoS/Ethylene.py
11161411,1,1,2,lib/mEoS/F2.py
11161411,2,1,3,lib/mEoS/H2.py
11161411,1,1,2,lib/mEoS/H2O.py
11161411,1,1,2,lib/mEoS/H2S.py
11161411,2,2,4,lib/mEoS/He.py
11161411,1,1,2,lib/mEoS/Kr.py
11161411,2,2,4,lib/mEoS/Methanol.py
11161411,1,1,2,lib/mEoS/N2.py
11161411,1,1,2,lib/mEoS/N2O.py
11161411,1,1,2,lib/mEoS/NH3.py
11161411,2,2,4,lib/mEoS/Ne.py
11161411,1,1,2,lib/mEoS/O2.py
11161411,1,1,2,lib/mEoS/Propylene.py
11161411,1,2,3,lib/mEoS/Propyne.py
11161411,1,1,2,lib/mEoS/R11.py
11161411,1,1,2,lib/mEoS/R113.py
11161411,1,1,2,lib/mEoS/R114.py
11161411,1,1,2,lib/mEoS/R115.py
11161411,1,1,2,lib/mEoS/R116.py
11161411,1,1,2,lib/mEoS/R12.py
11161411,1,1,2,lib/mEoS/R123.py
11161411,1,1,2,lib/mEoS/R1234yf.py
11161411,6,1,7,lib/mEoS/R1234ze.py
11161411,1,1,2,lib/mEoS/R124.py
11161411,1,1,2,lib/mEoS/R125.py
11161411,1,1,2,lib/mEoS/R13.py
11161411,1,1,2,lib/mEoS/R134a.py
11161411,1,1,2,lib/mEoS/R141b.py
11161411,1,1,2,lib/mEoS/R142b.py
11161411,1,1,2,lib/mEoS/R143a.py
11161411,1,1,2,lib/mEoS/R152a.py
11161411,1,1,2,lib/mEoS/R161.py
11161411,1,1,2,lib/mEoS/R21.py
11161411,1,1,2,lib/mEoS/R218.py
11161411,1,1,2,lib/mEoS/R22.py
11161411,2,1,3,lib/mEoS/R227ea.py
11161411,1,1,2,lib/mEoS/R23.py
11161411,1,2,3,lib/mEoS/R236ea.py
11161411,1,2,3,lib/mEoS/R236fa.py
11161411,1,2,3,lib/mEoS/R245ca.py
11161411,2,2,4,lib/mEoS/R245fa.py
11161411,1,1,2,lib/mEoS/R32.py
11161411,1,1,2,lib/mEoS/R41.py
11161411,1,1,2,lib/mEoS/RC318.py
11161411,1,1,2,lib/mEoS/SF6.py
11161411,2,2,4,lib/mEoS/SO2.py
11161411,1,1,2,lib/mEoS/Toluene.py
11161411,1,2,3,lib/mEoS/Xe.py
11161411,1,1,2,lib/mEoS/__init__.py
11161411,1,1,2,lib/mEoS/iButene.py
11161411,1,1,2,lib/mEoS/iC4.py
11161411,1,1,2,lib/mEoS/iC5.py
11161411,1,1,2,lib/mEoS/iC6.py
11161411,1,1,2,lib/mEoS/nC10.py
11161411,2,2,4,lib/mEoS/nC12.py
11161411,1,1,2,lib/mEoS/nC4.py
11161411,2,2,4,lib/mEoS/nC5.py
11161411,1,2,3,lib/mEoS/nC6.py
11161411,1,2,3,lib/mEoS/nC7.py
11161411,2,2,4,lib/mEoS/nC8.py
11161411,1,1,2,lib/mEoS/nC9.py
11161411,1,1,2,lib/mEoS/pH2.py
11161411,10,0,10,lib/meos.py
11161411,6,7,13,lib/mEoS/F2.py
11161411,14,28,42,lib/mEoS/H2S.py
11161411,8,7,15,lib/mEoS/Methanol.py
11161411,121,1,122,lib/mEoS/N2.py
11161411,0,17,17,lib/meos.py
11161411,1,2,3,lib/mEoS/Ethanol.py
11161411,5,1,6,lib/mEoS/Ne.py
11161411,16,2,18,lib/mEoS/O2.py
11161411,1,1,2,lib/mEoS/H2.py
11161411,2,3,5,lib/mEoS/He.py
11161411,1,10,11,lib/mEoS/N2O.py
11161411,1,6,7,lib/mEoS/NF3.py
11161411,1,6,7,lib/mEoS/NH3.py
11161411,1,6,7,lib/mEoS/Ne.py
11161411,1,6,7,lib/mEoS/O2.py
11161411,1,6,7,lib/mEoS/Propylene.py
11161411,2,7,9,lib/mEoS/R116.py
11161411,1,6,7,lib/mEoS/R141b.py
11161411,2,13,15,lib/mEoS/R142b.py
11161411,1,6,7,lib/mEoS/R218.py
11161411,1,6,7,lib/mEoS/R365mfc.py
11161411,2,7,9,lib/mEoS/R41.py
11161411,183,16,199,lib/mEoS/SF6.py
11161411,10,10,20,lib/mEoS/__init__.py
11161411,2,2,4,lib/mEoS/nC10.py
11161411,5,1,6,lib/mEoS/C2.py
11161411,6,2,8,lib/mEoS/C3.py
11161411,6,2,8,lib/mEoS/CO2.py
11161411,15,15,30,lib/mEoS/H2O.py
11161411,5,1,6,lib/mEoS/R134a.py
11161411,5,1,6,lib/mEoS/nC4.py
11161411,5,1,6,lib/mEoS/nC5.py
11161411,5,1,6,lib/mEoS/nC6.py
11161411,5,1,6,lib/mEoS/nC7.py
11161411,10,17,27,lib/mEoS/nC4.py
11161411,10,11,21,lib/mEoS/iC4.py
11161411,54,10,64,lib/mEoS/nC12.py
11161411,6,7,13,lib/mEoS/R114.py
11161411,5,1,6,lib/mEoS/R115.py
11161411,6,7,13,lib/mEoS/R13.py
11161411,7,8,15,lib/mEoS/R14.py
11161411,6,12,18,lib/mEoS/R21.py
11161411,5,1,6,lib/mEoS/R23.py
11161411,6,7,13,lib/mEoS/RC318.py
11161411,5,1,6,lib/mEoS/H2S.py
11161411,5,1,6,lib/mEoS/iC5.py
11161411,5,1,6,lib/mEoS/nC5.py
11161411,6,2,8,lib/mEoS/nC6.py
11161411,5,1,6,lib/mEoS/nC7.py
11161411,13,14,27,lib/mEoS/nC8.py
11161411,5,1,6,lib/mEoS/F2.py
11161411,7,4,11,lib/mEoS/H2S.py
11161411,8,13,21,lib/mEoS/Kr.py
11161411,6,7,13,lib/mEoS/Methanol.py
11161411,6,7,13,lib/mEoS/Propyne.py
11161411,6,7,13,lib/mEoS/SF6.py
11161411,7,8,15,lib/mEoS/SO2.py
11161411,6,6,12,lib/mEoS/Toluene.py
11161411,7,3,10,lib/mEoS/iC4.py
11161411,9,11,20,lib/mEoS/iC5.py
11161411,8,5,13,lib/mEoS/nC4.py
11161411,8,10,18,lib/mEoS/nC5.py
11161411,9,10,19,lib/mEoS/nC6.py
11161411,8,9,17,lib/mEoS/nC7.py
11161411,5,1,6,lib/mEoS/nC8.py
11161411,6,2,8,lib/mEoS/neoC5.py
11161411,37,15,52,lib/mEoS/R404a.py
11161411,36,14,50,lib/mEoS/R407c.py
11161411,35,15,50,lib/mEoS/R410a.py
11161411,35,15,50,lib/mEoS/R507a.py
11161411,2,29,31,lib/mEoS/Air.py
11161411,32,0,32,lib/meos.py
11161411,20,9,29,lib/mEoS/nC10.py
11161411,28,11,39,lib/mEoS/nC8.py
11161411,22,11,33,lib/mEoS/nC9.py
11161411,2,13,15,lib/mEoS/neoC5.py
11161411,2,2,4,tools/UI_Tables.py
11161411,50,46,96,lib/mEoS/DMC.py
11161411,20,17,37,lib/mEoS/__init__.py
11161411,3,4,7,lib/meos.py
11161411,24,14,38,lib/mEoS/DME.py
11161411,4,0,4,equipment/parents.py
11161411,5,0,5,lib/corriente.py
11161411,29,9,38,pychemqt.py
11161411,25,9,34,lib/mEoS/CO2.py
11161411,1,6,7,lib/mEoS/Cyclopentane.py
11161411,6,7,13,lib/mEoS/Cyclopropane.py
11161411,13,1,14,lib/mEoS/NH3.py
11161411,13,1,14,lib/mEoS/R11.py
11161411,13,1,14,lib/mEoS/R113.py
11161411,13,1,14,lib/mEoS/R12.py
11161411,13,1,14,lib/mEoS/R123.py
11161411,13,1,14,lib/mEoS/R125.py
11161411,13,1,14,lib/mEoS/R134a.py
11161411,13,1,14,lib/mEoS/R143a.py
11161411,13,1,14,lib/mEoS/R152a.py
11161411,13,1,14,lib/mEoS/R22.py
11161411,13,1,14,lib/mEoS/R32.py
11161411,1,1,2,lib/mEoS/__init__.py
11161411,106,32,138,lib/mEoS/Cyclohexane.py
11161411,9,7,16,lib/mEoS/__init__.py
11161411,7,4,11,lib/mEoS/CH4.py
11161411,2,23,25,lib/mEoS/CO.py
11161411,150,19,169,lib/mEoS/CO2.py
11161411,1,1,2,lib/mEoS/__init__.py
11161411,4,2,6,lib/meos.py
11161411,1,1,2,lib/mEoS/C3.py
11161411,168,19,187,lib/mEoS/CH4.py
11161411,26,25,51,lib/mEoS/C3.py
11161411,0,12,12,lib/mEoS/C2.py
11161411,131,24,155,lib/mEoS/C3.py
11161411,2,2,4,lib/mEoS/__init__.py
11161411,0,1,1,lib/meos.py
11161411,174,23,197,lib/mEoS/C2.py
11161411,1,1,2,lib/mEoS/__init__.py
11161411,12,4,16,lib/meos.py
11161411,4,1,5,lib/unidades.py
11161411,4,1,5,lib/mEoS/Benzene.py
11161411,135,17,152,lib/mEoS/C2.py
11161411,4,4,8,lib/mEoS/__init__.py
11161411,79,8,87,lib/unidades.py
11161411,17,12,29,lib/mEoS/Benzene.py
11161411,3,3,6,lib/mEoS/__init__.py
11161411,25,34,59,lib/mEoS/Air.py
11161411,13,22,35,lib/mEoS/Ar.py
11161411,14,2,16,lib/mEoS/C2.py
11161411,14,2,16,lib/mEoS/C3.py
11161411,6,7,13,lib/mEoS/CH4.py
11161411,13,2,15,lib/mEoS/CO.py
11161411,14,2,16,lib/mEoS/CO2.py
11161411,13,2,15,lib/mEoS/H2.py
11161411,1,2,3,lib/mEoS/H2O.py
11161411,21,9,30,lib/mEoS/H2S.py
11161411,13,3,16,lib/mEoS/He.py
11161411,15,3,18,lib/mEoS/N2.py
11161411,13,2,15,lib/mEoS/O2.py
11161411,7,1,8,lib/mEoS/__init__.py
11161411,13,2,15,lib/mEoS/iC4.py
11161411,13,2,15,lib/mEoS/iC5.py
11161411,14,3,17,lib/mEoS/nC10.py
11161411,21,8,29,lib/mEoS/nC4.py
11161411,16,4,20,lib/mEoS/nC5.py
11161411,23,5,28,lib/mEoS/nC6.py
11161411,13,3,16,lib/mEoS/nC7.py
11161411,13,2,15,lib/mEoS/nC8.py
11161411,14,16,30,lib/mEoS/nC9.py
11161411,3,0,3,lib/unidades.py
11161411,41,274,315,lib/unidades.py
11161411,62,44,106,lib/mEoS/Air.py
11161411,52,24,76,lib/mEoS/Ar.py
11161411,56,43,99,lib/mEoS/N2.py
11161411,53,42,95,lib/mEoS/O2.py
11161411,136,128,264,lib/meos.py
11161411,73,24,97,lib/mEoS/Air.py
11161411,78,14,92,lib/mEoS/Air.py
11161411,2,7,9,lib/mEoS/Xe.py
11161411,5,0,5,lib/meos.py
11161411,32,27,59,lib/mEoS/Ar.py
11161411,2,2,4,lib/mEoS/N2.py
11161411,1,1,2,lib/mEoS/__init__.py
11161411,4,4,8,lib/mEoS/nC4.py
11161411,40,39,79,lib/meos.py
11161411,66,43,109,lib/meos.py
11161411,118,16,134,lib/mEoS/iC4.py
11161411,125,13,138,lib/mEoS/nC4.py
11161411,19,4,23,lib/mEoS/Ar.py
11161411,13,1,14,lib/mEoS/C2.py
11161411,13,1,14,lib/mEoS/C3.py
11161411,50,4,54,lib/mEoS/CH4.py
11161411,13,1,14,lib/mEoS/Cyclohexane.py
11161411,13,1,14,lib/mEoS/Ethylene.py
11161411,22,6,28,lib/mEoS/N2.py
11161411,13,1,14,lib/mEoS/O2.py
11161411,13,1,14,lib/mEoS/SF6.py
11161411,1,1,2,lib/mEoS/__init__.py
11161411,13,1,14,lib/mEoS/iC4.py
11161411,13,1,14,lib/mEoS/nC4.py
11161411,13,0,13,lib/mEoS/nC5.py
11161411,13,1,14,lib/mEoS/nC6.py
11161411,13,1,14,lib/mEoS/nC7.py
11161411,13,1,14,lib/mEoS/nC8.py
11161411,294,93,387,lib/mEoS/Ar.py
11161411,1,1,2,lib/mEoS/H2O.py
11161411,1,2,3,lib/mEoS/H2O.py
11161411,118,11,129,lib/mEoS/N2.py
11161411,26,1,27,lib/mEoS/Benzene.py
11161411,26,1,27,lib/mEoS/C2.py
11161411,26,1,27,lib/mEoS/C3.py
11161411,26,1,27,lib/mEoS/CO2.py
11161411,26,1,27,lib/mEoS/Cyclohexane.py
11161411,8,2,10,lib/mEoS/Ethanol.py
11161411,26,1,27,lib/mEoS/Ethylene.py
11161411,30,3,33,lib/mEoS/H2O.py
11161411,9,6,15,lib/mEoS/Methanol.py
11161411,31,6,37,lib/mEoS/N2.py
11161411,27,2,29,lib/mEoS/NH3.py
11161411,26,1,27,lib/mEoS/R125.py
11161411,26,1,27,lib/mEoS/R134a.py
11161411,26,1,27,lib/mEoS/R32.py
11161411,31,4,35,lib/mEoS/Toluene.py
11161411,4,1,5,lib/mEoS/__init__.py
11161411,26,1,27,lib/mEoS/iC4.py
11161411,26,1,27,lib/mEoS/nC4.py
11161411,26,1,27,lib/mEoS/nC5.py
11161411,26,1,27,lib/mEoS/nC6.py
11161411,26,1,27,lib/mEoS/nC8.py
11161411,14,3,17,lib/meos.py
11161411,31,14,45,lib/mEoS/Ethanol.py
11161411,229,15,244,lib/mEoS/CH4.py
11161411,1,1,2,lib/mEoS/Acetone.py
11161411,220,33,253,lib/mEoS/H2O.py
11161411,83,20,103,lib/meos.py
11161411,7,16,23,lib/mEoS/C1Linoleate.py
11161411,7,16,23,lib/mEoS/C1Linolenate.py
11161411,7,16,23,lib/mEoS/C1Oleate.py
11161411,7,16,23,lib/mEoS/C1Palmitate.py
11161411,7,16,23,lib/mEoS/C1Stearate.py
11161411,105,35,140,lib/EoS/cubic.py
11161411,0,5,5,lib/mEoS/Butene_1.py
11161411,30,15,45,lib/mEoS/H2.py
11161411,3,2,5,lib/mEoS/__init__.py
11161411,25,10,35,lib/mEoS/oH2.py
11161411,42,13,55,lib/mEoS/pH2.py
11161411,16,12,28,lib/mEoS/__init__.py
11161411,329,266,595,lib/meos.py
11161411,14,13,27,lib/firstrun.py
11161411,1,1,2,lib/project.py
11161411,47,8,55,lib/unidades.py
11161411,19,14,33,lib/mEoS/Acetone.py
11161411,28,7,35,lib/mEoS/CO.py
11161411,17,12,29,lib/mEoS/COS.py
11161411,27,6,33,lib/mEoS/H2S.py
11161411,22,7,29,lib/mEoS/Kr.py
11161411,24,3,27,lib/mEoS/N2.py
11161411,25,5,30,lib/mEoS/N2O.py
11161411,22,6,28,lib/mEoS/R116.py
11161411,22,6,28,lib/mEoS/R141b.py
11161411,21,5,26,lib/mEoS/R142b.py
11161411,21,5,26,lib/mEoS/R218.py
11161411,18,12,30,lib/mEoS/R245fa.py
11161411,34,8,42,lib/mEoS/R41.py
11161411,22,6,28,lib/mEoS/SO2.py
11161411,22,6,28,lib/mEoS/Toluene.py
11161411,22,7,29,lib/mEoS/Xe.py
11161411,23,6,29,lib/mEoS/iC5.py
11161411,19,8,27,lib/mEoS/iC6.py
11161411,23,6,29,lib/mEoS/nC10.py
11161411,23,6,29,lib/mEoS/nC9.py
11161411,24,8,32,lib/mEoS/neoC5.py
11161411,33,14,47,lib/mEoS/Butene_1.py
11161411,27,13,40,lib/mEoS/Cis_2_butene.py
11161411,27,13,40,lib/mEoS/Trans_2_butene.py
11161411,28,14,42,lib/mEoS/iButene.py
11161411,1526,1130,2656,tools/UI_Tables.py
11161411,22,9,31,tools/UI_Tables.py
11161411,2,2,4,UI/flujo.py
11161411,2,2,4,equipment/UI_spreadsheet.py
11161411,142,17,159,lib/utilities.py
11161411,44,18,62,tools/UI_Tables.py
11161411,2,0,2,lib/plot.py
11161411,841,847,1688,tools/UI_Tables.py
11161411,0,4,4,lib/firstrun.py
11161411,1,21,22,tools/UI_Preferences.py
11161411,89,97,186,tools/UI_Tables.py
11161411,4,4,8,lib/mEoS/H2O.py
11161411,6,4,10,lib/meos.py
11161411,16,3,19,tools/UI_Tables.py
11161411,37,10,47,tools/UI_Tables.py
11161411,7,1,8,lib/mEoS/H2O.py
11161411,174,123,297,lib/meos.py
11161411,22,5,27,lib/unidades.py
11161411,44,42,86,lib/gerg.py
11161411,0,2,2,UI/widgets.py
11161411,5,5,10,equipment/distillation.py
11161411,0,4,4,lib/project.py
11161411,750,870,1620,tools/UI_Tables.py
11161411,3,0,3,lib/mEoS/Acetone.py
11161411,8,1,9,lib/mEoS/Air.py
11161411,19,2,21,lib/mEoS/Ar.py
11161411,13,0,13,lib/mEoS/Benzene.py
11161411,3,0,3,lib/mEoS/Butene_1.py
11161411,3,0,3,lib/mEoS/C1Cyclohexane.py
11161411,3,0,3,lib/mEoS/C1Linoleate.py
11161411,3,0,3,lib/mEoS/C1Linolenate.py
11161411,4,1,5,lib/mEoS/C1Oleate.py
11161411,3,0,3,lib/mEoS/C1Palmitate.py
11161411,3,0,3,lib/mEoS/C1Stearate.py
11161411,16,0,16,lib/mEoS/C2.py
11161411,19,0,19,lib/mEoS/C3.py
11161411,3,0,3,lib/mEoS/C3Cyclohexane.py
11161411,3,0,3,lib/mEoS/C4F10.py
11161411,3,0,3,lib/mEoS/C5F12.py
11161411,3,0,3,lib/mEoS/CF3I.py
11161411,18,0,18,lib/mEoS/CH4.py
11161411,10,0,10,lib/mEoS/CO.py
11161411,17,0,17,lib/mEoS/CO2.py
11161411,3,0,3,lib/mEoS/COS.py
11161411,3,0,3,lib/mEoS/Cis_2_butene.py
11161411,8,1,9,lib/mEoS/Cyclohexane.py
11161411,3,0,3,lib/mEoS/Cyclopentane.py
11161411,3,0,3,lib/mEoS/Cyclopropane.py
11161411,3,0,3,lib/mEoS/D2.py
11161411,4,1,5,lib/mEoS/D2O.py
11161411,3,0,3,lib/mEoS/DMC.py
11161411,6,0,6,lib/mEoS/DME.py
11161411,3,0,3,lib/mEoS/DecaC1Cyc5Siloxane.py
11161411,3,0,3,lib/mEoS/DecaC1_4Siloxane.py
11161411,3,0,3,lib/mEoS/DodecaC1Cyc6Siloxane.py
11161411,3,0,3,lib/mEoS/DodecaC1_5Siloxane.py
11161411,8,0,8,lib/mEoS/Ethanol.py
11161411,13,0,13,lib/mEoS/Ethylene.py
11161411,7,0,7,lib/mEoS/F2.py
11161411,14,0,14,lib/mEoS/H2.py
11161411,222,119,341,lib/mEoS/H2O.py
11161411,15,0,15,lib/mEoS/H2S.py
11161411,13,0,13,lib/mEoS/He.py
11161411,3,0,3,lib/mEoS/HexaC1_2Siloxane.py
11161411,8,0,8,lib/mEoS/Kr.py
11161411,22,15,37,lib/mEoS/Methanol.py
11161411,17,0,17,lib/mEoS/N2.py
11161411,3,0,3,lib/mEoS/N2O.py
11161411,3,0,3,lib/mEoS/NF3.py
11161411,10,0,10,lib/mEoS/NH3.py
11161411,5,0,5,lib/mEoS/Ne.py
11161411,34,1,35,lib/mEoS/O2.py
11161411,3,0,3,lib/mEoS/OctaC1Cyc4Siloxane.py
11161411,3,0,3,lib/mEoS/OctaC1_3Siloxane.py
11161411,10,0,10,lib/mEoS/Propylene.py
11161411,3,0,3,lib/mEoS/Propyne.py
11161411,9,0,9,lib/mEoS/R11.py
11161411,6,0,6,lib/mEoS/R113.py
11161411,3,0,3,lib/mEoS/R114.py
11161411,6,0,6,lib/mEoS/R115.py
11161411,7,0,7,lib/mEoS/R116.py
11161411,6,0,6,lib/mEoS/R12.py
11161411,9,0,9,lib/mEoS/R123.py
11161411,3,0,3,lib/mEoS/R1234yf.py
11161411,3,0,3,lib/mEoS/R1234ze.py
11161411,7,0,7,lib/mEoS/R124.py
11161411,18,0,18,lib/mEoS/R125.py
11161411,6,0,6,lib/mEoS/R13.py
11161411,12,0,12,lib/mEoS/R134a.py
11161411,3,0,3,lib/mEoS/R14.py
11161411,3,0,3,lib/mEoS/R141b.py
11161411,3,0,3,lib/mEoS/R142b.py
11161411,12,0,12,lib/mEoS/R143a.py
11161411,15,0,15,lib/mEoS/R152a.py
11161411,3,0,3,lib/mEoS/R161.py
11161411,3,0,3,lib/mEoS/R21.py
11161411,3,0,3,lib/mEoS/R218.py
11161411,9,0,9,lib/mEoS/R22.py
11161411,3,0,3,lib/mEoS/R227ea.py
11161411,9,0,9,lib/mEoS/R23.py
11161411,3,0,3,lib/mEoS/R236ea.py
11161411,3,0,3,lib/mEoS/R236fa.py
11161411,3,0,3,lib/mEoS/R245ca.py
11161411,3,0,3,lib/mEoS/R245fa.py
11161411,12,0,12,lib/mEoS/R32.py
11161411,3,0,3,lib/mEoS/R365mfc.py
11161411,3,0,3,lib/mEoS/R404a.py
11161411,3,0,3,lib/mEoS/R407c.py
11161411,10,0,10,lib/mEoS/R41.py
11161411,3,0,3,lib/mEoS/R410a.py
11161411,3,0,3,lib/mEoS/R507a.py
11161411,3,0,3,lib/mEoS/RC318.py
11161411,14,0,14,lib/mEoS/SF6.py
11161411,6,0,6,lib/mEoS/SO2.py
11161411,3,0,3,lib/mEoS/TetradecaC1_6Siloxane.py
11161411,6,0,6,lib/mEoS/Toluene.py
11161411,3,0,3,lib/mEoS/Trans_2_butene.py
11161411,9,0,9,lib/mEoS/Xe.py
11161411,3,0,3,lib/mEoS/iButene.py
11161411,19,0,19,lib/mEoS/iC4.py
11161411,13,0,13,lib/mEoS/iC5.py
11161411,3,0,3,lib/mEoS/iC6.py
11161411,6,0,6,lib/mEoS/nC10.py
11161411,3,0,3,lib/mEoS/nC12.py
11161411,19,0,19,lib/mEoS/nC4.py
11161411,13,0,13,lib/mEoS/nC5.py
11161411,12,0,12,lib/mEoS/nC6.py
11161411,12,0,12,lib/mEoS/nC7.py
11161411,12,0,12,lib/mEoS/nC8.py
11161411,6,0,6,lib/mEoS/nC9.py
11161411,6,0,6,lib/mEoS/neoC5.py
11161411,3,0,3,lib/mEoS/oH2.py
11161411,8,0,8,lib/mEoS/pH2.py
11161411,5,0,5,lib/eos.py
11161411,14,14,28,lib/corriente.py
11161411,1,0,1,lib/corriente.py
11161411,25,23,48,lib/compuestos.py
11161411,29,40,69,equipment/distillation.py
11161411,1,0,1,lib/meos.py
11161411,2,2,4,lib/corriente.py
11161411,200,310,510,lib/meos.py
11161411,13,2,15,lib/corriente.py
11161411,33,0,33,lib/meos.py
11161411,1,1,2,lib/unidades.py
11161411,3,2,5,lib/unidades.py
11161411,9,12,21,UI/flujo.py
11161411,1,1,2,lib/corriente.py
11161411,1,1,2,equipment/pump.py
11161411,2,2,4,tools/UI_Tables.py
11161411,11,10,21,lib/firstrun.py
11161411,7,4,11,lib/unidades.py
11161411,10,11,21,tools/UI_Tables.py
11161411,6,5,11,equipment/gas_solid.py
11161411,2,2,4,lib/corriente.py
11161411,1,0,1,lib/iapws.py
11161411,76,53,129,lib/meos.py
11161411,17,20,37,tools/UI_Tables.py
11161411,20,19,39,lib/meos.py
11161411,1,0,1,lib/firstrun.py
11161411,11,5,16,tools/UI_Preferences.py
11161411,75,19,94,tools/UI_Tables.py
11161411,4,4,8,tools/UI_Tables.py
11161411,63,12,75,tools/UI_Tables.py
11161411,59,16,75,lib/meos.py
11161411,36,26,62,tools/UI_Tables.py
11161411,8,3,11,UI/widgets.py
11161411,78,3,81,tools/UI_Tables.py
11161411,61,7,68,tools/UI_Tables.py
11161411,81,22,103,tools/UI_Tables.py
11161411,159,55,214,lib/meos.py
11161411,19,10,29,tools/UI_Tables.py
11161411,1,1,2,lib/plot.py
11161411,86,9,95,tools/UI_Tables.py
11161411,137,0,137,tools/UI_Tables.py
11161411,65,50,115,tools/UI_Tables.py
11161411,9,19,28,UI/mainWindow.py
11161411,23,2,25,UI/plots.py
11161411,80,51,131,tools/UI_Tables.py
11161411,4,0,4,tools/UI_Tables.py
11161411,11,0,11,tools/UI_Tables.py
11161411,23,14,37,tools/UI_Tables.py
11161411,15,10,25,lib/meos.py
11161411,27,47,74,lib/meos.py
11161411,98,89,187,tools/UI_Tables.py
11161411,86,59,145,tools/UI_Tables.py
11161411,42,6,48,tools/UI_Tables.py
11161411,11,23,34,tools/UI_Tables.py
11161411,56,78,134,tools/UI_Tables.py
11161411,310,182,492,tools/UI_Tables.py
11161411,81,55,136,lib/meos.py
11161411,5,5,10,lib/meos.py
11161411,30,40,70,lib/meos.py
11161411,24,15,39,tools/UI_Tables.py
11161411,0,1,1,UI/widgets.py
11161411,1,0,1,tools/UI_Preferences.py
11161411,855,830,1685,tools/UI_Tables.py
11161411,177,151,328,tools/UI_Tables.py
11161411,1,1,2,lib/iapws.py
11161411,1,1,2,lib/mEoS/H2O.py
11161411,414,122,536,tools/UI_Tables.py
11161411,1,0,1,lib/firstrun.py
11161411,11,1,12,tools/UI_Preferences.py
11161411,19,12,31,lib/meos.py
11161411,137,55,192,tools/UI_Tables.py
11161411,22,12,34,lib/meos.py
11161411,8,4,12,UI/widgets.py
11161411,2,2,4,lib/mEoS/H2O.py
11161411,4,1,5,lib/unidades.py
11161411,48,15,63,tools/UI_Tables.py
11161411,71,65,136,lib/meos.py
11161411,0,1,1,lib/meos.py
11161411,1,1,2,lib/unidades.py
11161411,11,2,13,tools/UI_Preferences.py
11161411,30,8,38,tools/UI_Tables.py
11161411,36,31,67,tools/UI_Tables.py
11161411,1,1,2,UI/mainWindow.py
11161411,1,1,2,lib/meos.py
11161411,826,793,1619,tools/UI_Tables.py
11161411,58,74,132,tools/UI_Tables.py
11161411,8,0,8,UI/delegate.py
11161411,1,1,2,UI/mainWindow.py
11161411,1,2,3,lib/meos.py
11161411,1053,771,1824,tools/UI_Tables.py
11161411,11,11,22,equipment/UI_dryer.py
11161411,5,4,9,equipment/UI_scrubber.py
11161411,3,3,6,equipment/gas_solid_liquid.py
11161411,1,1,2,lib/iapws.py
11161411,49,33,82,lib/meos.py
11161411,16,6,22,lib/corriente.py
11161411,1,1,2,lib/iapws.py
11161411,1,0,1,lib/__init__.py
11161411,3,2,5,lib/mEoS/Ar.py
11161411,2,2,4,lib/mEoS/C2.py
11161411,8,4,12,lib/mEoS/H2O.py
11161411,2,1,3,lib/mEoS/He.py
11161411,1,1,2,lib/mEoS/H2O.py
11161411,2,2,4,UI/widgets.py
11161411,0,16,16,lib/utilities.py
11161411,0,3,3,lib/meos.py
11161411,61,67,128,lib/unidades.py
11161411,13,13,26,lib/firstrun.py
11161411,7,5,12,lib/mEoS/Ar.py
11161411,1,1,2,lib/mEoS/CO2.py
11161411,62,17,79,lib/mEoS/D2O.py
11161411,134,97,231,lib/mEoS/H2O.py
11161411,148,124,272,lib/meos.py
11161411,123,10,133,lib/unidades.py
11161411,7,6,13,lib/iapws.py
11161411,692,336,1028,lib/meos.py
11161411,232,226,458,lib/iapws.py
11161411,38,22,60,UI/UI_corriente.py
11161411,30,10,40,lib/corriente.py
11161411,716,750,1466,UI/UI_corriente.py
11161411,2,13,15,equipment/parents.py
11161411,40,1,41,lib/config.py
11161411,595,424,1019,UI/UI_corriente.py
11161411,64,29,93,lib/corriente.py
11161411,1,1,2,lib/iapws.py
11161411,145,51,196,UI/UI_corriente.py
11161411,2,2,4,lib/mEoS/H2O.py
11161411,128,111,239,lib/meos.py
11161411,6,5,11,UI/UI_corriente.py
11161411,39,48,87,UI/UI_corriente.py
11161411,41,8,49,lib/corriente.py
11161411,7,3,10,lib/unidades.py
11161411,111,1,112,lib/corriente.py
11161411,0,5,5,lib/psycrometry.py
11161411,5,2,7,UI/UI_corriente.py
11161411,19,7,26,equipment/parents.py
11161411,107,199,306,UI/UI_corriente.py
11161411,290,90,380,lib/psycrometry.py
11161411,2,0,2,lib/unidades.py
11161411,29,104,133,tools/UI_psychrometry.py
11161411,8,7,15,tools/UI_psychrometry.py
11161411,8,1,9,tools/UI_psychrometry.py
11161411,24,40,64,UI/UI_corriente.py
11161411,1,1,2,equipment/gas_solid_liquid.py
11161411,2,145,147,lib/coolProp.py
11161411,6,6,12,lib/plot.py
11161411,411,479,890,lib/psycrometry.py
11161411,314,292,606,tools/UI_psychrometry.py
11161411,9,9,18,lib/config.py
11161411,1,1,2,lib/corriente.py
11161411,12,12,24,UI/UI_corriente.py
11161411,115,38,153,lib/coolProp.py
11161411,382,111,493,lib/psycrometry.py
11161411,45,14,59,tools/UI_psychrometry.py
11161411,43,1,44,lib/firstrun.py
11161411,8,2,10,tools/UI_Preferences.py
11161411,0,2,2,tools/UI_psychrometry.py
11161411,1,1,2,UI/mainWindow.py
11161411,16,16,32,UI/widgets.py
11161411,9,9,18,lib/config.py
11161411,67,0,67,lib/coolProp.py
11161411,3,3,6,lib/meos.py
11161411,294,130,424,lib/psycrometry.py
11161411,17,1,18,lib/unidades.py
11161411,139,36,175,tools/UI_Preferences.py
11161411,286,179,465,tools/UI_psychrometry.py
11161411,189,30,219,lib/iapws.py
11161411,83,47,130,lib/meos.py
11161411,1281,1152,2433,lib/corriente.py
11161411,134,104,238,lib/config.py
11161411,3,3,6,lib/coolProp.py
11161411,3,3,6,lib/freeSteam.py
11161411,3,3,6,lib/gerg.py
11161411,4,4,8,lib/iapws.py
11161411,4,4,8,lib/meos.py
11161411,22,21,43,lib/refProp.py
11161411,8,7,15,UI/UI_corriente.py
11161411,2,1,3,UI/bombaCurva.py
11161411,2,3,5,UI/charts.py
11161411,8,7,15,UI/widgets.py
11161411,2,1,3,equipment/UI_pipe.py
11161411,3,2,5,equipment/UI_vacuum.py
11161411,5,4,9,equipment/pipe.py
11161411,0,57,57,lib/config.py
11161411,20,20,40,lib/datasheet.py
11161411,3,2,5,lib/unidades.py
11161411,114,0,114,lib/utilities.py
11161411,1,20,21,tools/UI_Preferences.py
11161411,4,3,7,tools/UI_Tables.py
11161411,5,4,9,tools/UI_psychrometry.py
11161411,34,33,67,tools/UI_steamTables.py
11161411,1,1,2,tools/UI_Preferences.py
11161411,2,1,3,UI/UI_corriente.py
11161411,43,68,111,equipment/gas_solid_liquid.py
11161411,3,2,5,lib/config.py
11161411,41,23,64,lib/corriente.py
11161411,17,8,25,UI/flujo.py
11161411,4,6,10,lib/project.py
11161411,3,3,6,UI/wizard.py
11161411,22,22,44,equipment/gas_solid_liquid.py
11161411,1,0,1,lib/EoS/BWRS.py
11161411,1,1,2,lib/EoS/Grayson_Streed.py
11161411,1,0,1,lib/EoS/Lee_Kesler.py
11161411,2,2,4,lib/EoS/__init__.py
11161411,2,2,4,lib/meos.py
11161411,1,1,2,lib/unidades.py
11161411,1,1,2,tools/UI_confThermo.py
11161411,1,1,2,UI/__init__.py
11161411,35,1,36,UI/mainWindow.py
11161411,0,21,21,UI/widgets.py
11161411,1,1,2,equipment/UI_baghouse.py
11161411,8,8,16,equipment/UI_dryer.py
11161411,9,9,18,equipment/UI_electricPrecipitator.py
11161411,8,8,16,equipment/UI_gravityChamber.py
11161411,54,54,108,equipment/UI_heatExchanger.py
11161411,6,6,12,equipment/UI_mixer.py
11161411,1,1,2,equipment/UI_solidWasher.py
11161411,17,17,34,equipment/UI_spreadsheet.py
11161411,1,1,2,equipment/UI_vacuum.py
11161411,6,6,12,equipment/UI_valve.py
11161411,176,171,347,equipment/distillation.py
11161411,4,3,7,equipment/gas_solid.py
11161411,411,411,822,equipment/heatExchanger.py
11161411,1,1,2,lib/EoS/cubic.py
11161411,7,5,12,lib/corriente.py
11161411,53,17,70,lib/iapws.py
11161411,4,1,5,lib/project.py
11161411,1,1,2,tools/UI_Preferences.py
11161411,247,237,484,lib/psycrometry.py
11161411,1306,1266,2572,lib/meos.py
11161411,452,342,794,lib/gerg.py
11161411,1771,949,2720,lib/iapws.py
11161411,1,0,1,equipment/parents.py
11161411,9,9,18,lib/config.py
11161411,54,49,103,lib/firstrun.py
11161411,132,105,237,UI/BIP.py
11161411,11,7,18,UI/conversor_unidades.py
11161411,41,16,57,UI/delegate.py
11161411,79,52,131,UI/entrada_datos.py
11161411,85,79,164,UI/flujo.py
11161411,270,199,469,UI/newComponent.py
11161411,99,126,225,lib/EoS/BWRS.py
11161411,0,1,1,lib/EoS/Grayson_Streed.py
11161411,2,2,4,lib/EoS/cubic.py
11161411,4,4,8,lib/bip.py
11161411,237,238,475,lib/coolProp.py
11161411,23,23,46,lib/corriente.py
11161411,143,138,281,lib/datasheet.py
11161411,0,1,1,lib/eos.py
11161411,114,116,230,lib/freeSteam.py
11161411,267,289,556,lib/physics.py
11161411,67,65,132,lib/project.py
11161411,169,151,320,lib/reaction.py
11161411,174,168,342,lib/refProp.py
11161411,49,39,88,lib/sql.py
11161411,13,9,22,tools/doi.py
11161411,2,0,2,UI/mainWindow.py
11161411,113,17,130,equipment/gas_solid_liquid.py
11161411,1,0,1,equipment/parents.py
11161411,4,1,5,lib/compuestos.py
11161411,45,29,74,tools/doi.py
11161411,1,1,2,UI/mainWindow.py
11161411,201,0,201,lib/EoS/BWRS.py
11161411,150,0,150,lib/EoS/Grayson_Streed.py
11161411,109,0,109,lib/EoS/Lee_Kesler.py
11161411,8,0,8,lib/EoS/__init__.py
11161411,992,0,992,lib/EoS/cubic.py
11161411,15,15,30,lib/EoS/virial.py
11161411,251,249,500,lib/compuestos.py
11161411,2,1319,1321,lib/eos.py
11161411,1,1,2,pychemqt.py
11161411,1,1,2,tools/UI_confThermo.py
11161411,111,58,169,UI/texteditor.py
11161411,128,104,232,UI/widgets.py
11161411,13,3,16,UI/wizard.py
11161411,39,42,81,lib/EoS/virial.py
11161411,16,8,24,tools/dependences.py
11161411,128,69,197,UI/wizard.py
11161411,8,8,16,lib/config.py
11161411,5,1,6,tools/UI_confThermo.py
11161411,1,1,2,UI/mainWindow.py
11161411,0,1999,1999,lib/EoS.py
11161411,44,17,61,lib/EoS/virial.py
11161411,12,12,24,lib/compuestos.py
11161411,5,5,10,lib/corriente.py
11161411,7,0,7,lib/eos.py
11161411,2,1,3,lib/iapws.py
11161411,1,1,2,lib/psycrometry.py
11161411,1,1,2,pychemqt.py
11161411,1,1,2,tools/UI_confThermo.py
11161411,45,22,67,lib/iapws.py
11161411,13,1,14,UI/wizard.py
11161411,107,15,122,lib/EoS/virial.py
11161411,1977,0,1977,lib/eos.py
11161411,425,373,798,lib/iapws.py
11161411,3,0,3,tools/UI_databank.py
11161411,43,30,73,lib/freeSteam.py
11161411,67,42,109,lib/mEoS/R11.py
11161411,110,87,197,lib/mEoS/R113.py
11161411,44,31,75,lib/mEoS/R114.py
11161411,50,36,86,lib/mEoS/R115.py
11161411,113,92,205,lib/mEoS/R116.py
11161411,47,31,78,lib/mEoS/R12.py
11161411,136,100,236,lib/mEoS/R123.py
11161411,61,50,111,lib/mEoS/R1234yf.py
11161411,54,46,100,lib/mEoS/R1234ze.py
11161411,60,37,97,lib/mEoS/R124.py
11161411,161,131,292,lib/mEoS/R125.py
11161411,84,59,143,lib/mEoS/R13.py
11161411,192,154,346,lib/mEoS/R134a.py
11161411,44,30,74,lib/mEoS/R14.py
11161411,41,31,72,lib/mEoS/R141b.py
11161411,39,29,68,lib/mEoS/R142b.py
11161411,76,53,129,lib/mEoS/R143a.py
11161411,154,117,271,lib/mEoS/R152a.py
11161411,37,30,67,lib/mEoS/R161.py
11161411,45,29,74,lib/mEoS/R21.py
11161411,37,29,66,lib/mEoS/R218.py
11161411,71,46,117,lib/mEoS/R22.py
11161411,38,29,67,lib/mEoS/R227ea.py
11161411,119,95,214,lib/mEoS/R23.py
11161411,71,62,133,lib/mEoS/R236ea.py
11161411,49,30,79,lib/mEoS/R236fa.py
11161411,70,61,131,lib/mEoS/R245ca.py
11161411,62,53,115,lib/mEoS/R245fa.py
11161411,100,75,175,lib/mEoS/R32.py
11161411,35,27,62,lib/mEoS/R365mfc.py
11161411,39,32,71,lib/mEoS/R404a.py
11161411,38,31,69,lib/mEoS/R407c.py
11161411,55,36,91,lib/mEoS/R41.py
11161411,39,31,70,lib/mEoS/R410a.py
11161411,38,35,73,lib/mEoS/R507a.py
11161411,44,30,74,lib/mEoS/RC318.py
11161411,1,0,1,lib/EoS.py
11161411,0,0,0,lib/EoS/__init__.py
11161411,51,0,51,lib/EoS/virial.py
11161411,3,4,7,tools/qtelemental.py
11161411,5,3,8,lib/unidades.py
11161411,3,3,6,tools/qtelemental.py
11161411,343,0,343,equipment/widget.py
11161411,7,6,13,lib/coolProp.py
11161411,3,1,4,lib/firstrun.py
11161411,39,29,68,lib/mEoS/Acetone.py
11161411,140,116,256,lib/mEoS/Air.py
11161411,251,178,429,lib/mEoS/Ar.py
11161411,55,39,94,lib/mEoS/Benzene.py
11161411,38,33,71,lib/mEoS/Butene_1.py
11161411,85,74,159,lib/mEoS/C1Cyclohexane.py
11161411,64,55,119,lib/mEoS/C1Linoleate.py
11161411,58,49,107,lib/mEoS/C1Linolenate.py
11161411,66,56,122,lib/mEoS/C1Oleate.py
11161411,59,49,108,lib/mEoS/C1Palmitate.py
11161411,58,49,107,lib/mEoS/C1Stearate.py
11161411,212,150,362,lib/mEoS/C2.py
11161411,225,176,401,lib/mEoS/C3.py
11161411,77,66,143,lib/mEoS/C3Cyclohexane.py
11161411,65,54,119,lib/mEoS/C4F10.py
11161411,63,53,116,lib/mEoS/C5F12.py
11161411,28,25,53,lib/mEoS/CF3I.py
11161411,251,181,432,lib/mEoS/CH4.py
11161411,105,77,182,lib/mEoS/CO.py
11161411,188,123,311,lib/mEoS/CO2.py
11161411,38,29,67,lib/mEoS/COS.py
11161411,37,26,63,lib/mEoS/Cis_2_butene.py
11161411,57,37,94,lib/mEoS/Cyclohexane.py
11161411,36,25,61,lib/mEoS/Cyclopentane.py
11161411,45,29,74,lib/mEoS/Cyclopropane.py
11161411,50,25,75,lib/mEoS/D2.py
11161411,104,66,170,lib/mEoS/D2O.py
11161411,54,53,107,lib/mEoS/DMC.py
11161411,42,30,72,lib/mEoS/DME.py
11161411,40,28,68,lib/mEoS/DecaC1Cyc5Siloxane.py
11161411,41,29,70,lib/mEoS/DecaC1_4Siloxane.py
11161411,41,29,70,lib/mEoS/DodecaC1Cyc6Siloxane.py
11161411,40,28,68,lib/mEoS/DodecaC1_5Siloxane.py
11161411,112,91,203,lib/mEoS/Ethanol.py
11161411,171,110,281,lib/mEoS/Ethylene.py
11161411,65,38,103,lib/mEoS/F2.py
11161411,124,75,199,lib/mEoS/H2.py
11161411,219,163,382,lib/mEoS/H2O.py
11161411,137,111,248,lib/mEoS/H2S.py
11161411,148,95,243,lib/mEoS/He.py
11161411,39,29,68,lib/mEoS/HexaC1_2Siloxane.py
11161411,59,37,96,lib/mEoS/Kr.py
11161411,156,104,260,lib/mEoS/Methanol.py
11161411,267,197,464,lib/mEoS/N2.py
11161411,39,30,69,lib/mEoS/N2O.py
11161411,48,32,80,lib/mEoS/NF3.py
11161411,113,81,194,lib/mEoS/NH3.py
11161411,77,54,131,lib/mEoS/Ne.py
11161411,241,193,434,lib/mEoS/O2.py
11161411,46,36,82,lib/mEoS/OctaC1Cyc4Siloxane.py
11161411,47,36,83,lib/mEoS/OctaC1_3Siloxane.py
11161411,86,53,139,lib/mEoS/Propylene.py
11161411,45,30,75,lib/mEoS/Propyne.py
11161411,103,63,166,lib/mEoS/SF6.py
11161411,52,35,87,lib/mEoS/SO2.py
11161411,39,28,67,lib/mEoS/TetradecaC1_6Siloxane.py
11161411,97,74,171,lib/mEoS/Toluene.py
11161411,37,28,65,lib/mEoS/Trans_2_butene.py
11161411,103,68,171,lib/mEoS/Xe.py
11161411,14,11,25,lib/mEoS/__init__.py
11161411,37,29,66,lib/mEoS/iButene.py
11161411,214,161,375,lib/mEoS/iC4.py
11161411,118,91,209,lib/mEoS/iC5.py
11161411,68,61,129,lib/mEoS/iC6.py
11161411,109,96,205,lib/mEoS/nC10.py
11161411,95,83,178,lib/mEoS/nC12.py
11161411,228,176,404,lib/mEoS/nC4.py
11161411,139,117,256,lib/mEoS/nC5.py
11161411,137,112,249,lib/mEoS/nC6.py
11161411,136,112,248,lib/mEoS/nC7.py
11161411,163,135,298,lib/mEoS/nC8.py
11161411,110,97,207,lib/mEoS/nC9.py
11161411,52,48,100,lib/mEoS/neoC5.py
11161411,40,27,67,lib/mEoS/oH2.py
11161411,110,76,186,lib/mEoS/pH2.py
11161411,64,65,129,lib/meos.py
11161411,11,5,16,lib/thread.py
11161411,189,137,326,tools/UI_Preferences.py
11161411,203,119,322,tools/qtelemental.py
11161411,3,4,7,UI/mainWindow.py
11161411,34,22,56,equipment/UI_scrubber.py
11161411,2,2,4,equipment/__init__.py
11161411,2,3,5,equipment/gas_solid.py
11161411,96,49,145,equipment/gas_solid_liquid.py
11161411,1,2,3,lib/meos.py
11161411,25,3,28,lib/physics.py
11161411,4,4,8,UI/conversor_unidades.py
11161411,12,12,24,equipment/UI_centrifuge.py
11161411,14,14,28,equipment/UI_crystallizer.py
11161411,25,25,50,equipment/UI_filter.py
11161411,80,80,160,equipment/UI_grinder.py
11161411,14,13,27,equipment/UI_hairpin.py
11161411,1,1,2,equipment/UI_scrubber.py
11161411,24,23,47,equipment/UI_shellTube.py
11161411,18,18,36,equipment/UI_solidWasher.py
11161411,13,13,26,equipment/UI_tank.py
11161411,16,16,32,equipment/UI_tower.py
11161411,29,29,58,equipment/UI_vacuum.py
11161411,3,1,4,equipment/__init__.py
11161411,196,453,649,equipment/parents.py
11161411,65,35,100,lib/firstrun.py
11161411,1019,414,1433,lib/unidades.py
11161411,2,2,4,pychemqt.py
11161411,13,5,18,tools/HelpView.py
11161411,108,90,198,tools/UI_Preferences.py
11161411,127,86,213,tools/UI_confComponents.py
11161411,44,28,72,tools/UI_confResolution.py
11161411,65,44,109,tools/UI_confThermo.py
11161411,59,38,97,tools/UI_confTransport.py
11161411,79,49,128,tools/UI_confUnits.py
11161411,74,48,122,tools/UI_databank.py
11161411,17,10,27,tools/UI_unitConverter.py
11161411,17,16,33,tools/codeEditor.py
11161411,134,78,212,tools/costIndex.py
11161411,45,18,63,tools/dependences.py
11161411,195,120,315,tools/qtelemental.py
11161411,12,4,16,tools/terminal.py
11161411,14,13,27,UI/conversor_unidades.py
11161411,21,20,41,UI/wizard.py
11161411,27,20,47,equipment/UI_scrubber.py
11161411,68,68,136,equipment/gas_solid.py
11161411,48,43,91,equipment/gas_solid_liquid.py
11161411,0,0,0,lib/iapws.py
11161411,7,0,7,lib/mEoS/Air.py
11161411,39,38,77,lib/meos.py
11161411,2,1,3,pychemqt.py
11161411,86,86,172,UI/mainWindow.py
11161411,90,97,187,equipment/UI_scrubber.py
11161411,1,1,2,equipment/__init__.py
11161411,119,48,167,equipment/gas_solid_liquid.py
11161411,2,2,4,lib/corriente.py
11161411,0,0,0,lib/iapws.py
11161411,2,2,4,lib/unidades.py
11161411,27,20,47,pychemqt.py
11161411,145,0,145,UI/BIP.py
11161411,949,0,949,UI/UI_corriente.py
11161411,4,0,4,UI/__init__.py
11161411,307,0,307,UI/bombaCurva.py
11161411,187,0,187,UI/charts.py
11161411,109,0,109,UI/conversor_unidades.py
11161411,126,0,126,UI/delegate.py
11161411,174,0,174,UI/entrada_datos.py
11161411,1358,0,1358,UI/flujo.py
11161411,1145,0,1145,UI/mainWindow.py
11161411,410,0,410,UI/newComponent.py
11161411,120,0,120,UI/plots.py
11161411,198,0,198,UI/texteditor.py
11161411,1513,0,1513,UI/viewComponents.py
11161411,1075,0,1075,UI/widgets.py
11161411,164,0,164,UI/wizard.py
11161411,0,0,0,__init__.py
11161411,166,0,166,equipment/UI_baghouse.py
11161411,123,0,123,equipment/UI_centrifuge.py
11161411,246,0,246,equipment/UI_ciclon.py
11161411,266,0,266,equipment/UI_columnFUG.py
11161411,218,0,218,equipment/UI_compressor.py
11161411,137,0,137,equipment/UI_crystallizer.py
11161411,108,0,108,equipment/UI_divider.py
11161411,116,0,116,equipment/UI_dryer.py
11161411,105,0,105,equipment/UI_electricPrecipitator.py
11161411,121,0,121,equipment/UI_filter.py
11161411,136,0,136,equipment/UI_fireHeater.py
11161411,135,0,135,equipment/UI_flash.py
11161411,129,0,129,equipment/UI_gravityChamber.py
11161411,208,0,208,equipment/UI_grinder.py
11161411,248,0,248,equipment/UI_hairpin.py
11161411,545,0,545,equipment/UI_heatExchanger.py
11161411,82,0,82,equipment/UI_mixer.py
11161411,920,0,920,equipment/UI_pipe.py
11161411,203,0,203,equipment/UI_pump.py
11161411,622,0,622,equipment/UI_reactor.py
11161411,98,0,98,equipment/UI_screen.py
11161411,142,0,142,equipment/UI_scrubber.py
11161411,431,0,431,equipment/UI_shellTube.py
11161411,135,0,135,equipment/UI_solidWasher.py
11161411,215,0,215,equipment/UI_spreadsheet.py
11161411,146,0,146,equipment/UI_tank.py
11161411,193,0,193,equipment/UI_tower.py
11161411,179,0,179,equipment/UI_turbine.py
11161411,232,0,232,equipment/UI_vacuum.py
11161411,77,0,77,equipment/UI_valve.py
11161411,54,0,54,equipment/__init__.py
11161411,633,0,633,equipment/compressor.py
11161411,832,0,832,equipment/distillation.py
11161411,432,0,432,equipment/flux.py
11161411,1108,0,1108,equipment/gas_solid.py
11161411,196,0,196,equipment/gas_solid_liquid.py
11161411,2458,0,2458,equipment/heatExchanger.py
11161411,164,0,164,equipment/liquid_solid.py
11161411,601,0,601,equipment/parents.py
11161411,401,0,401,equipment/pipe.py
11161411,506,0,506,equipment/pump.py
11161411,117,0,117,equipment/reactor.py
11161411,61,0,61,equipment/solids.py
11161411,199,0,199,equipment/spreadsheet.py
11161411,96,0,96,equipment/tank.py
11161411,0,0,0,images/__init__.py
11161411,1998,0,1998,lib/EoS.py
11161411,0,0,0,lib/__init__.py
11161411,194,0,194,lib/bip.py
11161411,2785,0,2785,lib/compuestos.py
11161411,294,0,294,lib/config.py
11161411,350,0,350,lib/coolProp.py
11161411,1991,0,1991,lib/corriente.py
11161411,282,0,282,lib/datasheet.py
11161411,230,0,230,lib/firstrun.py
11161411,213,0,213,lib/freeSteam.py
11161411,593,0,593,lib/gerg.py
11161411,2417,0,2417,lib/iapws.py
11161411,57,0,57,lib/mEoS/Acetone.py
11161411,154,0,154,lib/mEoS/Air.py
11161411,323,0,323,lib/mEoS/Ar.py
11161411,90,0,90,lib/mEoS/Benzene.py
11161411,61,0,61,lib/mEoS/Butene_1.py
11161411,109,0,109,lib/mEoS/C1Cyclohexane.py
11161411,101,0,101,lib/mEoS/C1Linoleate.py
11161411,95,0,95,lib/mEoS/C1Linolenate.py
11161411,100,0,100,lib/mEoS/C1Oleate.py
11161411,95,0,95,lib/mEoS/C1Palmitate.py
11161411,95,0,95,lib/mEoS/C1Stearate.py
11161411,230,0,230,lib/mEoS/C2.py
11161411,278,0,278,lib/mEoS/C3.py
11161411,103,0,103,lib/mEoS/C3Cyclohexane.py
11161411,84,0,84,lib/mEoS/C4F10.py
11161411,83,0,83,lib/mEoS/C5F12.py
11161411,52,0,52,lib/mEoS/CF3I.py
11161411,262,0,262,lib/mEoS/CH4.py
11161411,125,0,125,lib/mEoS/CO.py
11161411,216,0,216,lib/mEoS/CO2.py
11161411,57,0,57,lib/mEoS/COS.py
11161411,55,0,55,lib/mEoS/Cis_2_butene.py
11161411,86,0,86,lib/mEoS/Cyclohexane.py
11161411,71,0,71,lib/mEoS/Cyclopentane.py
11161411,56,0,56,lib/mEoS/Cyclopropane.py
11161411,45,0,45,lib/mEoS/D2.py
11161411,110,0,110,lib/mEoS/D2O.py
11161411,105,0,105,lib/mEoS/DMC.py
11161411,83,0,83,lib/mEoS/DME.py
11161411,66,0,66,lib/mEoS/DecaC1Cyc5Siloxane.py
11161411,66,0,66,lib/mEoS/DecaC1_4Siloxane.py
11161411,66,0,66,lib/mEoS/DodecaC1Cyc6Siloxane.py
11161411,65,0,65,lib/mEoS/DodecaC1_5Siloxane.py
11161411,136,0,136,lib/mEoS/Ethanol.py
11161411,202,0,202,lib/mEoS/Ethylene.py
11161411,81,0,81,lib/mEoS/F2.py
11161411,182,0,182,lib/mEoS/H2.py
11161411,299,0,299,lib/mEoS/H2O.py
11161411,196,0,196,lib/mEoS/H2S.py
11161411,232,0,232,lib/mEoS/He.py
11161411,66,0,66,lib/mEoS/HexaC1_2Siloxane.py
11161411,84,0,84,lib/mEoS/Kr.py
11161411,181,0,181,lib/mEoS/Methanol.py
11161411,283,0,283,lib/mEoS/N2.py
11161411,58,0,58,lib/mEoS/N2O.py
11161411,52,0,52,lib/mEoS/NF3.py
11161411,136,0,136,lib/mEoS/NH3.py
11161411,94,0,94,lib/mEoS/Ne.py
11161411,241,0,241,lib/mEoS/O2.py
11161411,74,0,74,lib/mEoS/OctaC1Cyc4Siloxane.py
11161411,74,0,74,lib/mEoS/OctaC1_3Siloxane.py
11161411,129,0,129,lib/mEoS/Propylene.py
11161411,57,0,57,lib/mEoS/Propyne.py
11161411,96,0,96,lib/mEoS/R11.py
11161411,133,0,133,lib/mEoS/R113.py
11161411,58,0,58,lib/mEoS/R114.py
11161411,81,0,81,lib/mEoS/R115.py
11161411,138,0,138,lib/mEoS/R116.py
11161411,74,0,74,lib/mEoS/R12.py
11161411,146,0,146,lib/mEoS/R123.py
11161411,95,0,95,lib/mEoS/R1234yf.py
11161411,95,0,95,lib/mEoS/R1234ze.py
11161411,72,0,72,lib/mEoS/R124.py
11161411,230,0,230,lib/mEoS/R125.py
11161411,99,0,99,lib/mEoS/R13.py
11161411,216,0,216,lib/mEoS/R134a.py
11161411,57,0,57,lib/mEoS/R14.py
11161411,58,0,58,lib/mEoS/R141b.py
11161411,57,0,57,lib/mEoS/R142b.py
11161411,112,0,112,lib/mEoS/R143a.py
11161411,171,0,171,lib/mEoS/R152a.py
11161411,65,0,65,lib/mEoS/R161.py
11161411,61,0,61,lib/mEoS/R21.py
11161411,57,0,57,lib/mEoS/R218.py
11161411,98,0,98,lib/mEoS/R22.py
11161411,66,0,66,lib/mEoS/R227ea.py
11161411,160,0,160,lib/mEoS/R23.py
11161411,84,0,84,lib/mEoS/R236ea.py
11161411,50,0,50,lib/mEoS/R236fa.py
11161411,83,0,83,lib/mEoS/R245ca.py
11161411,79,0,79,lib/mEoS/R245fa.py
11161411,135,0,135,lib/mEoS/R32.py
11161411,66,0,66,lib/mEoS/R365mfc.py
11161411,59,0,59,lib/mEoS/R404a.py
11161411,59,0,59,lib/mEoS/R407c.py
11161411,88,0,88,lib/mEoS/R41.py
11161411,59,0,59,lib/mEoS/R410a.py
11161411,63,0,63,lib/mEoS/R507a.py
11161411,57,0,57,lib/mEoS/RC318.py
11161411,136,0,136,lib/mEoS/SF6.py
11161411,79,0,79,lib/mEoS/SO2.py
11161411,65,0,65,lib/mEoS/TetradecaC1_6Siloxane.py
11161411,121,0,121,lib/mEoS/Toluene.py
11161411,56,0,56,lib/mEoS/Trans_2_butene.py
11161411,103,0,103,lib/mEoS/Xe.py
11161411,140,0,140,lib/mEoS/__init__.py
11161411,58,0,58,lib/mEoS/iButene.py
11161411,259,0,259,lib/mEoS/iC4.py
11161411,161,0,161,lib/mEoS/iC5.py
11161411,88,0,88,lib/mEoS/iC6.py
11161411,138,0,138,lib/mEoS/nC10.py
11161411,111,0,111,lib/mEoS/nC12.py
11161411,277,0,277,lib/mEoS/nC4.py
11161411,186,0,186,lib/mEoS/nC5.py
11161411,181,0,181,lib/mEoS/nC6.py
11161411,186,0,186,lib/mEoS/nC7.py
11161411,202,0,202,lib/mEoS/nC8.py
11161411,139,0,139,lib/mEoS/nC9.py
11161411,89,0,89,lib/mEoS/neoC5.py
11161411,66,0,66,lib/mEoS/oH2.py
11161411,144,0,144,lib/mEoS/pH2.py
11161411,2209,0,2209,lib/meos.py
11161411,3267,0,3267,lib/petro.py
11161411,558,0,558,lib/physics.py
11161411,131,0,131,lib/plot.py
11161411,333,0,333,lib/project.py
11161411,334,0,334,lib/psycrometry.py
11161411,228,0,228,lib/reaction.py
11161411,472,0,472,lib/refProp.py
11161411,376,0,376,lib/sql.py
11161411,1537,0,1537,lib/table.py
11161411,41,0,41,lib/thread.py
11161411,2018,0,2018,lib/unidades.py
11161411,142,0,142,pychemqt.py
11161411,41,0,41,tools/HelpView.py
11161411,1121,0,1121,tools/UI_Preferences.py
11161411,2459,0,2459,tools/UI_Tables.py
11161411,214,0,214,tools/UI_confComponents.py
11161411,98,0,98,tools/UI_confResolution.py
11161411,142,0,142,tools/UI_confThermo.py
11161411,139,0,139,tools/UI_confTransport.py
11161411,192,0,192,tools/UI_confUnits.py
11161411,152,0,152,tools/UI_databank.py
11161411,347,0,347,tools/UI_psychrometry.py
11161411,2233,0,2233,tools/UI_steamTables.py
11161411,38,0,38,tools/UI_unitConverter.py
11161411,4,0,4,tools/__init__.py
11161411,87,0,87,tools/codeEditor.py
11161411,226,0,226,tools/costIndex.py
11161411,41,0,41,tools/dependences.py
11161411,88,0,88,tools/doi.py
11161411,446,0,446,tools/qtelemental.py
11161411,61,0,61,tools/terminal.py
34561609,1,1,2,analysis_scripts/compute_JS_div_Marvin.py
34561609,69,0,69,neuraltda/topology2.py
34561609,5,5,10,analysis_scripts/compute_JS_div_Marvin.py
34561609,24,24,48,analysis_scripts/compute_JS_div_Marvin.py
34561609,49,125,174,analysis_scripts/compute_JS_div_Marvin.py
34561609,203,0,203,analysis_scripts/compute_JS_div_Marvin.py
34561609,1,1,2,neuraltda/simpComp.py
34561609,2,2,4,analysis_scripts/compute_lap_spectra_krista.py
34561609,2,2,4,analysis_scripts/EnvironmentTest_RandomPFs_precompute.py
34561609,6,0,6,analysis_scripts/EnvironmentTest_RandomPFs_precompute.py
34561609,1,1,2,analysis_scripts/EnvironmentTest_RandomPFs_precompute.py
34561609,4,1,5,analysis_scripts/EnvironmentTest_RandomPFs_precompute.py
34561609,0,1,1,analysis_scripts/EnvironmentTest_RandomPFs_precompute.py
34561609,385,0,385,analysis_scripts/EnvironmentTest_RandomPFs_precompute.py
34561609,7,16,23,analysis_scripts/compute_lap_spectra_krista.py
34561609,6,5,11,neuraltda/simpComp.py
34561609,13,1,14,neuraltda/simpComp.py
34561609,4,0,4,neuraltda/simpComp.py
34561609,1,1,2,analysis_scripts/compute_lap_spectra_krista.py
34561609,4,4,8,analysis_scripts/compute_lap_spectra_krista.py
34561609,5,5,10,analysis_scripts/compute_lap_spectra_krista.py
34561609,347,0,347,analysis_scripts/PySLSA_EnvironmentTest_RandomPFs_cuda_sqrt_multipop.py
34561609,347,0,347,analysis_scripts/PySLSA_EnvironmentTest_RandomPFs_svd_multipop.py
34561609,200,0,200,analysis_scripts/compute_lap_spectra_krista.py
34561609,3,1,4,analysis_scripts/compute_JS_div_Krista.py
34561609,27,8,35,analysis_scripts/compute_JS_div_Krista.py
34561609,17,0,17,neuraltda/simpComp.py
34561609,1,1,2,analysis_scripts/compute_JS_div_Krista.py
34561609,4,3,7,analysis_scripts/compute_JS_div_Krista.py
34561609,18,16,34,analysis_scripts/compute_JS_div_Krista.py
34561609,1,1,2,analysis_scripts/compute_JS_div_Krista.py
34561609,3,3,6,analysis_scripts/compute_JS_div_Krista.py
34561609,1,1,2,analysis_scripts/compute_JS_div_Krista.py
34561609,1,0,1,analysis_scripts/compute_JS_div_Krista.py
34561609,54,30,84,analysis_scripts/compute_JS_div_Krista.py
34561609,20,12,32,neuraltda/FRLCP.py
34561609,34,27,61,neuraltda/TPLCP.py
34561609,17,17,34,neuraltda/model_fitting.py
34561609,17,14,31,neuraltda/plotting.py
34561609,172,111,283,neuraltda/pyslsa_environments.py
34561609,318,119,437,neuraltda/simpComp.py
34561609,111,96,207,neuraltda/spectralAnalysis.py
34561609,1,0,1,neuraltda/spikeutils.py
34561609,65,49,114,neuraltda/stimulus_space.py
34561609,621,400,1021,neuraltda/topology2.py
34561609,7,5,12,neuraltda/TPLCP.py
34561609,9,0,9,neuraltda/topology2.py
34561609,25,0,25,neuraltda/topology2.py
34561609,107,6,113,neuraltda/topology2.py
34561609,1,9,10,neuraltda/stimulus_space.py
34561609,1,1,2,neuraltda/topology2.py
34561609,4,4,8,analysis_scripts/compute_JS_div_Krista.py
34561609,62,0,62,neuraltda/topology2.py
34561609,2,2,4,analysis_scripts/compute_JS_div_Krista.py
34561609,4,0,4,analysis_scripts/compute_JS_div_Krista.py
34561609,158,0,158,analysis_scripts/compute_JS_div_Krista.py
34561609,17,6,23,neuraltda/stimulus_space.py
34561609,119,1,120,neuraltda/pyslsa_environments.py
34561609,1,1,2,neuraltda/stimulus_space.py
34561609,34,8,42,neuraltda/stimulus_space.py
34561609,32,0,32,neuraltda/topology2.py
34561609,29,6,35,neuraltda/stimulus_space.py
34561609,62,1,63,neuraltda/stimulus_space.py
34561609,345,0,345,analysis_scripts/PySLSA_EnvironmentTest_RandomPFs_cuda_sqrt.py
34561609,51,4,55,neuraltda/stimulus_space.py
34561609,58,42,100,neuraltda/pyslsa_environments.py
34561609,25,0,25,neuraltda/simpComp.py
34561609,16,13,29,neuraltda/spectralAnalysis.py
34561609,125,0,125,neuraltda/stimulus_space.py
34561609,344,0,344,analysis_scripts/PySLSA_EnvironmentTest_RandomPFs_cuda.py
34561609,323,0,323,analysis_scripts/PySLSA_EnvironmentTest_cuda.py
34561609,60,0,60,analysis_scripts/makeSCGs-SD-correctincorrect-widenarrow.py
34561609,26,0,26,neuraltda/simpComp.py
34561609,6,4,10,analysis_scripts/PySLSA_EnvironmentTest_RandomPFs.py
34561609,0,0,0,{c_code => pyslsa}/setup.py
34561609,9,0,9,pyslsa/setup_pycuslsa.py
34561609,136,0,136,pyslsa/test/test_modelfitting_c.py
34561609,10,0,10,pyslsa/test/test_pycuslsa.py
34561609,0,0,0,{c_code => pyslsa/test}/test_pyslsa.py
34561609,8,0,8,pyslsa/test/test_pyslsa_march.py
34561609,2,2,4,analysis_scripts/PySLSA_EnvironmentTest_RandomPFs.py
34561609,39,1,40,neuraltda/plotting.py
34561609,3,3,6,neuraltda/plotting.py
34561609,2,2,4,analysis_scripts/PySLSA_EnvironmentTest_RandomPFs.py
34561609,335,0,335,analysis_scripts/PySLSA_EnvironmentTest_RandomPFs.py
34561609,58,3,61,analysis_scripts/PySLSA_EnvironmentTest.py
34561609,43,1,44,neuraltda/pyslsa_environments.py
34561609,268,0,268,analysis_scripts/PySLSA_EnvironmentTest.py
34561609,173,0,173,neuraltda/pyslsa_environments.py
34561609,1,1,2,neuraltda/topology2.py
34561609,2,0,2,analysis_scripts/compute_KL_parameter_sweep_B1056_JS.py
34561609,2,0,2,analysis_scripts/compute_KL_parameter_sweep_B1235_JS.py
34561609,95,0,95,analysis_scripts/compute_KL_parameter_sweep_B1056_JS.py
34561609,95,0,95,analysis_scripts/compute_KL_parameter_sweep_B1235_JS.py
34561609,5,5,10,analysis_scripts/compute_KL_parameter_sweep.py
34561609,96,0,96,analysis_scripts/compute_KL_parameter_sweep_B1056.py
34561609,96,0,96,analysis_scripts/compute_KL_parameter_sweep_B1235.py
34561609,2,1,3,analysis_scripts/pyslsa_modelfitting_parametersweep.py
34561609,107,0,107,analysis_scripts/pyslsa_modelfitting_parametersweep.py
34561609,5,4,9,analysis_scripts/compute_KL_parameter_sweep.py
34561609,95,0,95,analysis_scripts/compute_KL_parameter_sweep.py
34561609,78,0,78,neuraltda/spectralAnalysis.py
34561609,5,3,8,c_code/test_pyslsa.py
34561609,1,1,2,c_code/test_pyslsa.py
34561609,3,0,3,c_code/test_pyslsa.py
34561609,4,1,5,c_code/test_pyslsa.py
34561609,2,1,3,c_code/setup.py
34561609,10,1,11,c_code/test_pyslsa.py
34561609,8,0,8,c_code/setup.py
34561609,8,0,8,c_code/test_pyslsa.py
34561609,90,0,90,neuraltda/model_fitting.py
34561609,3,3,6,neuraltda/simpComp.py
34561609,12,2,14,neuraltda/plotting.py
34561609,22,6,28,neuraltda/simpComp.py
34561609,1,1,2,neuraltda/plotting.py
34561609,38,0,38,neuraltda/plotting.py
34561609,2,1,3,neuraltda/simpComp.py
34561609,24,12,36,neuraltda/spectralAnalysis.py
34561609,20,2,22,neuraltda/topology2.py
34561609,27,7,34,neuraltda/topology2.py
34561609,35,9,44,neuraltda/topology2.py
34561609,54,54,108,neuraltda/simpComp.py
34561609,23,0,23,neuraltda/simpComp.py
34561609,0,4,4,neuraltda/topology2.py
34561609,11,1,12,neuraltda/topology2.py
34561609,3,2,5,neuraltda/FRLCP.py
34561609,0,98,98,neuraltda/FiringRateLogisticClassPredictor.py
34561609,0,258,258,neuraltda/H_MDS.py
34561609,0,42,42,neuraltda/SLSEMetric.py
34561609,0,414,414,neuraltda/SimplicialComplex.py
34561609,0,107,107,neuraltda/SpikingNetwork.py
34561609,0,510,510,neuraltda/build_space.py
34561609,0,164,164,neuraltda/mrUtils.py
34561609,117,282,399,neuraltda/topology2.py
34561609,0,296,296,neuraltda/topology_plots.py
34561609,0,45,45,neuraltda/totalTopology.py
34561609,274,63,337,old_code/topology_old.py
34561609,0,0,0,{neuraltda => tests}/test_neuraltda.py
34561609,0,0,0,{neuraltda => tests}/test_pipeline.py
34561609,0,0,0,{neuraltda => tests}/test_topology.py
34561609,54,0,54,neuraltda/FRLCP.py
34561609,2,1,3,neuraltda/TPLCP.py
34561609,8,1,9,neuraltda/spectralAnalysis.py
34561609,11,0,11,neuraltda/topology2.py
34561609,34,21,55,neuraltda/TPLCP.py
34561609,0,8,8,neuraltda/spectralAnalysis.py
34561609,79,7,86,neuraltda/topology2.py
34561609,1,1,2,neuraltda/topology2.py
34561609,25,0,25,neuraltda/spectralAnalysis.py
34561609,0,1,1,neuraltda/simpComp.py
34561609,4,4,8,neuraltda/spectralAnalysis.py
34561609,29,0,29,neuraltda/spikeutils.py
34561609,26,5,31,neuraltda/simpComp.py
34561609,199,31,230,neuraltda/topology2.py
34561609,5,5,10,neuraltda/simpComp.py
34561609,52,5,57,neuraltda/simpComp.py
34561609,10,5,15,neuraltda/spectralAnalysis.py
34561609,58,1,59,neuraltda/simpComp.py
34561609,1,4,5,neuraltda/spectralAnalysis.py
34561609,38,0,38,neuraltda/TPLCP.py
34561609,5,10,15,neuraltda/TPLCP.py
34561609,16,9,25,neuraltda/topology2.py
34561609,4,1,5,neuraltda/TPLCP.py
34561609,4,2,6,neuraltda/topology2.py
34561609,45,0,45,neuraltda/TPLCP.py
34561609,0,136,136,neuraltda/TopologicalLogisticClassPredictor.py
34561609,7,4,11,neuraltda/topology2.py
34561609,7,3,10,neuraltda/topology2.py
34561609,1,0,1,neuraltda/topology2.py
34561609,84,59,143,neuraltda/topology2.py
34561609,1,1,2,neuraltda/simpComp.py
34561609,5,5,10,neuraltda/spectralAnalysis.py
34561609,20,16,36,neuraltda/simpComp.py
34561609,20,20,40,neuraltda/spectralAnalysis.py
34561609,0,6,6,neuraltda/topology2.py
34561609,33,33,66,neuraltda/topology2.py
34561609,1,101,102,neuraltda/topology2.py
34561609,100,0,100,old_code/topology_old.py
34561609,1,1,2,neuraltda/topology2.py
34561609,3,3,6,neuraltda/topology2.py
34561609,35,0,35,neuraltda/topology2.py
34561609,15,40,55,neuraltda/topology2.py
34561609,2,2,4,neuraltda/Annealer.py
34561609,2,2,4,neuraltda/SLSEMetric.py
34561609,1,1,2,neuraltda/SpikingNetwork.py
34561609,2,2,4,neuraltda/spectralAnalysis.py
34561609,0,1,1,neuraltda/spectralAnalysis.py
34561609,36,0,36,neuraltda/topology2.py
34561609,17,15,32,neuraltda/Annealer.py
34561609,24,1,25,neuraltda/SLSEMetric.py
34561609,6,8,14,neuraltda/SpikingNetwork.py
34561609,11,5,16,neuraltda/Annealer.py
34561609,2,2,4,neuraltda/SLSEMetric.py
34561609,59,15,74,neuraltda/SpikingNetwork.py
34561609,2,2,4,neuraltda/SLSEMetric.py
34561609,65,0,65,neuraltda/SpikingNetwork.py
34561609,45,0,45,neuraltda/Annealer.py
34561609,19,0,19,neuraltda/SLSEMetric.py
34561609,10,8,18,neuraltda/spectralAnalysis.py
34561609,2,2,4,neuraltda/spectralAnalysis.py
34561609,15,0,15,neuraltda/spectralAnalysis.py
34561609,1,0,1,neuraltda/spectralAnalysis.py
34561609,1,1,2,neuraltda/spectralAnalysis.py
34561609,1,0,1,neuraltda/spectralAnalysis.py
34561609,1,0,1,neuraltda/spectralAnalysis.py
34561609,1,2,3,neuraltda/spectralAnalysis.py
34561609,1,0,1,neuraltda/spectralAnalysis.py
34561609,2,0,2,neuraltda/spectralAnalysis.py
34561609,3,3,6,neuraltda/spectralAnalysis.py
34561609,19,3,22,neuraltda/simpComp.py
34561609,1,1,2,neuraltda/spectralAnalysis.py
34561609,6,3,9,neuraltda/simpComp.py
34561609,1,1,2,neuraltda/spectralAnalysis.py
34561609,1,1,2,neuraltda/topology2.py
34561609,11,0,11,neuraltda/spectralAnalysis.py
34561609,0,2,2,neuraltda/spectralAnalysis.py
34561609,12,187,199,neuraltda/topology2.py
34561609,1,1,2,analysis_scripts/B604_makeSCGs_widenarrow.py
34561609,0,0,0,analysis_scripts/B604_bin_widenarrow.py
34561609,27,0,27,analysis_scripts/B604_makeSCGs_widenarrow.py
34561609,18,2,20,neuraltda/spectralAnalysis.py
34561609,43,0,43,analysis_scripts/B604_Binning.py
34561609,120,0,120,analysis_scripts/B604_Binning.py
34561609,0,1,1,neuraltda/simpComp.py
34561609,1,1,2,neuraltda/simpComp.py
34561609,10,0,10,neuraltda/simpComp.py
34561609,1,1,2,neuraltda/topology2.py
34561609,1,1,2,neuraltda/topology2.py
34561609,4,1,5,neuraltda/spectralAnalysis.py
34561609,17,0,17,neuraltda/topology2.py
34561609,13,13,26,neuraltda/spectralAnalysis.py
34561609,2,2,4,neuraltda/spectralAnalysis.py
34561609,15,14,29,neuraltda/spectralAnalysis.py
34561609,1,1,2,neuraltda/spectralAnalysis.py
34561609,5,4,9,neuraltda/simpComp.py
34561609,8,1,9,neuraltda/spectralAnalysis.py
34561609,12,6,18,neuraltda/simpComp.py
34561609,14,0,14,neuraltda/spectralAnalysis.py
34561609,4,4,8,neuraltda/spectralAnalysis.py
34561609,1,1,2,neuraltda/spectralAnalysis.py
34561609,1,0,1,neuraltda/spectralAnalysis.py
34561609,3,0,3,neuraltda/spectralAnalysis.py
34561609,5,0,5,neuraltda/topology2.py
34561609,2,4,6,neuraltda/topology2.py
34561609,1,1,2,neuraltda/topology2.py
34561609,1,1,2,neuraltda/topology2.py
34561609,3,3,6,neuraltda/topology2.py
34561609,107,1,108,neuraltda/topology2.py
34561609,1,1,2,neuraltda/spectralAnalysis.py
34561609,2,0,2,neuraltda/spectralAnalysis.py
34561609,5,2,7,neuraltda/spectralAnalysis.py
34561609,1,1,2,neuraltda/topology2.py
34561609,2,2,4,neuraltda/topology2.py
34561609,5,4,9,neuraltda/topology2.py
34561609,1,1,2,neuraltda/topology2.py
34561609,1,0,1,neuraltda/topology2.py
34561609,88,42,130,neuraltda/topology2.py
34561609,1,1,2,neuraltda/spectralAnalysis.py
34561609,2,2,4,neuraltda/spectralAnalysis.py
34561609,18,7,25,neuraltda/spectralAnalysis.py
34561609,54,12,66,neuraltda/simpComp.py
34561609,27,0,27,analysis_scripts/allTrialTopology.py
34561609,0,27,27,neuraltda/allTrialTopology.py
34561609,0,37,37,neuraltda/bin_data.py
34561609,0,49,49,neuraltda/calculate_CI_topology_recursive.py
34561609,0,38,38,neuraltda/calculate_cliquetop_recursive.py
34561609,0,29,29,neuraltda/compute_avalanche_statistics.py
34561609,0,28,28,neuraltda/make_cij.py
34561609,0,44,44,neuraltda/make_hmds.py
34561609,0,35,35,neuraltda/make_pf_graph_plots.py
34561609,0,41,41,neuraltda/make_plots.py
34561609,0,32,32,neuraltda/make_shuffled_controls_recursive.py
34561609,164,0,164,neuraltda/mrUtils.py
34561609,0,34,34,neuraltda/permute_binned_data_recursive.py
34561609,0,99,99,neuraltda/simpliciallaplacian.py
34561609,0,112,112,neuraltda/slidingSimplex.py
34561609,1,1,2,neuraltda/test_topology.py
34561609,0,1994,1994,neuraltda/topology.py
34561609,27,27,54,neuraltda/simpComp.py
34561609,163,170,333,neuraltda/topology2.py
34561609,2,4,6,neuraltda/topology2.py
34561609,11,8,19,neuraltda/simpComp.py
34561609,98,84,182,neuraltda/topology2.py
34561609,52,43,95,neuraltda/topology2.py
34561609,13,6,19,neuraltda/topology2.py
34561609,1,1,2,neuraltda/topology2.py
34561609,1,2,3,neuraltda/topology2.py
34561609,1,1,2,neuraltda/topology2.py
34561609,6,3,9,neuraltda/topology2.py
34561609,1,1,2,neuraltda/topology2.py
34561609,53,7,60,neuraltda/topology2.py
34561609,2,2,4,analysis_scripts/makeSCGs.py
34561609,1,1,2,neuraltda/topology2.py
34561609,3,1,4,neuraltda/topology2.py
34561609,2,0,2,neuraltda/topology2.py
34561609,10,4,14,neuraltda/topology2.py
34561609,1,1,2,neuraltda/topology2.py
34561609,2,2,4,analysis_scripts/parallelBin.py
34561609,5,4,9,analysis_scripts/paramSweep2.py
34561609,7,1,8,neuraltda/simpComp.py
34561609,33,4,37,neuraltda/topology2.py
34561609,1,1,2,analysis_scripts/parallelBin.py
34561609,2,0,2,analysis_scripts/makeMasterResults2.py
34561609,9,0,9,analysis_scripts/parallelBin.py
34561609,4,4,8,analysis_scripts/paramSweep2.py
34561609,0,4,4,neuraltda/topology2.py
34561609,3,3,6,analysis_scripts/makeMasterResults2.py
34561609,13,0,13,analysis_scripts/makeMasterResults2.py
34561609,27,0,27,analysis_scripts/paramSweep2.py
34561609,4,6,10,neuraltda/topology2.py
34561609,38,2,40,neuraltda/topology2.py
34561609,1,2,3,neuraltda/topology2.py
34561609,58,4,62,neuraltda/topology2.py
34561609,7,0,7,neuraltda/simpComp.py
34561609,2,0,2,neuraltda/simpComp.py
34561609,40,5,45,neuraltda/simpComp.py
34561609,21,0,21,neuraltda/simpComp.py
34561609,60,7,67,neuraltda/simpComp.py
34561609,17,0,17,analysis_scripts/makeLaplacians.py
34561609,37,1,38,neuraltda/topology2.py
34561609,0,0,0,{neuraltda => analysis_scripts}/classifyArbitraryUnfamiliar.py
34561609,0,0,0,{neuraltda => analysis_scripts}/classifyFamiliarUnfamiliar.py
34561609,0,0,0,{neuraltda => analysis_scripts}/makeMasterResults.py
34561609,0,0,0,{neuraltda => analysis_scripts}/makeSCGs.py
34561609,0,0,0,{neuraltda => analysis_scripts}/paramSweep.py
34561609,0,0,0,{neuraltda => analysis_scripts}/testFRLCPaccuracy.py
34561609,0,0,0,{neuraltda => analysis_scripts}/testTPLCpaccuracy-TrialShuffle.py
34561609,0,0,0,{neuraltda => analysis_scripts}/testTPLCpaccuracy.py
34561609,27,0,27,neuraltda/makeSCGs.py
34561609,2,2,4,neuraltda/simpComp.py
34561609,5,3,8,neuraltda/spectralAnalysis.py
34561609,8,0,8,neuraltda/simpComp.py
34561609,32,1,33,neuraltda/spectralAnalysis.py
34561609,7,0,7,neuraltda/spectralAnalysis.py
34561609,41,0,41,neuraltda/spectralAnalysis.py
34561609,4,3,7,neuraltda/simpComp.py
34561609,1,0,1,neuraltda/topology2.py
34561609,47,1,48,neuraltda/simpComp.py
34561609,24,1,25,neuraltda/simpComp.py
34561609,21,0,21,neuraltda/simpComp.py
34561609,4,2,6,neuraltda/simpComp.py
34561609,13,5,18,neuraltda/SimplicialComplex.py
34561609,12,0,12,neuraltda/simpComp.py
34561609,71,0,71,neuraltda/simpComp.py
34561609,7,5,12,neuraltda/totalTopology.py
34561609,7,0,7,neuraltda/topology2.py
34561609,0,3,3,neuraltda/topology2.py
34561609,2,1,3,neuraltda/totalTopology.py
34561609,22,22,44,neuraltda/totalTopology.py
34561609,42,0,42,neuraltda/totalTopology.py
34561609,1,16,17,neuraltda/topology2.py
34561609,10,2,12,neuraltda/topology2.py
34561609,69,0,69,neuraltda/topology2.py
34561609,27,0,27,neuraltda/allTrialTopology.py
34561609,35,0,35,neuraltda/classifyArbitraryUnfamiliar.py
34561609,35,0,35,neuraltda/classifyFamiliarUnfamiliar.py
34561609,15,0,15,neuraltda/makeMasterResults.py
34561609,27,0,27,neuraltda/paramSweep.py
34561609,6,5,11,neuraltda/testFRLCPaccuracy.py
34561609,59,0,59,neuraltda/testTPLCpaccuracy-TrialShuffle.py
34561609,6,4,10,neuraltda/topology2.py
34561609,93,3,96,neuraltda/topology2.py
34561609,17,1,18,neuraltda/topology2.py
34561609,2,3,5,neuraltda/topology2.py
34561609,35,5,40,neuraltda/topology2.py
34561609,65,7,72,neuraltda/topology2.py
34561609,38,0,38,neuraltda/topology2.py
34561609,4,310,314,neuraltda/topology2.py
34561609,6,7,13,neuraltda/topology2.py
34561609,64,6,70,neuraltda/topology2.py
34561609,749,0,749,neuraltda/topology2.py
34561609,6,7,13,neuraltda/topology.py
34561609,78,0,78,neuraltda/topology.py
34561609,12,8,20,neuraltda/topology.py
34561609,3,2,5,neuraltda/topology.py
34561609,1,1,2,neuraltda/topology.py
34561609,17,3,20,neuraltda/SimplicialComplex.py
34561609,4,4,8,neuraltda/topology.py
34561609,19,2,21,neuraltda/SimplicialComplex.py
34561609,8,39,47,neuraltda/topology.py
34561609,37,0,37,old_code/topology_old.py
34561609,28,0,28,neuraltda/topology.py
34561609,6,2,8,neuraltda/SimplicialComplex.py
34561609,1,1,2,neuraltda/topology.py
34561609,1,1,2,neuraltda/topology.py
34561609,1,6,7,neuraltda/topology.py
34561609,3,2,5,neuraltda/topology.py
34561609,1,1,2,neuraltda/topology.py
34561609,2,0,2,neuraltda/topology.py
34561609,1,0,1,neuraltda/topology.py
34561609,6,5,11,neuraltda/slidingSimplex.py
34561609,87,86,173,neuraltda/slidingSimplex.py
34561609,22,1,23,neuraltda/topology.py
34561609,1,1,2,neuraltda/slidingSimplex.py
34561609,48,1,49,neuraltda/SimplicialComplex.py
34561609,110,0,110,neuraltda/slidingSimplex.py
34561609,14,5,19,neuraltda/topology.py
34561609,1,0,1,neuraltda/topology.py
34561609,108,84,192,neuraltda/topology.py
34561609,1,0,1,neuraltda/topology.py
34561609,104,0,104,neuraltda/topology.py
34561609,2,2,4,neuraltda/topology.py
34561609,1,1,2,neuraltda/topology.py
34561609,115,1,116,neuraltda/topology.py
34561609,1,1,2,neuraltda/TopologicalLogisticClassPredictor.py
34561609,1,1,2,neuraltda/TopologicalLogisticClassPredictor.py
34561609,1,1,2,neuraltda/TopologicalLogisticClassPredictor.py
34561609,12,3,15,neuraltda/TopologicalLogisticClassPredictor.py
34561609,4,3,7,neuraltda/FiringRateLogisticClassPredictor.py
34561609,1,1,2,neuraltda/FiringRateLogisticClassPredictor.py
34561609,2,2,4,neuraltda/FiringRateLogisticClassPredictor.py
34561609,8,1,9,neuraltda/FiringRateLogisticClassPredictor.py
34561609,0,2,2,neuraltda/FiringRateLogisticClassPredictor.py
34561609,1,1,2,neuraltda/FiringRateLogisticClassPredictor.py
34561609,1,1,2,neuraltda/FiringRateLogisticClassPredictor.py
34561609,1,0,1,neuraltda/FiringRateLogisticClassPredictor.py
34561609,1,1,2,neuraltda/FiringRateLogisticClassPredictor.py
34561609,1,1,2,neuraltda/FiringRateLogisticClassPredictor.py
34561609,1,1,2,neuraltda/FiringRateLogisticClassPredictor.py
34561609,1,1,2,neuraltda/FiringRateLogisticClassPredictor.py
34561609,1,1,2,neuraltda/FiringRateLogisticClassPredictor.py
34561609,1,1,2,neuraltda/FiringRateLogisticClassPredictor.py
34561609,4,1,5,neuraltda/FiringRateLogisticClassPredictor.py
34561609,27,0,27,neuraltda/testFRLCPaccuracy.py
34561609,88,0,88,neuraltda/FiringRateLogisticClassPredictor.py
34561609,35,0,35,neuraltda/testTPLCpaccuracy.py
34561609,3,3,6,neuraltda/TopologicalLogisticClassPredictor.py
34561609,6,5,11,neuraltda/TopologicalLogisticClassPredictor.py
34561609,3,1,4,neuraltda/TopologicalLogisticClassPredictor.py
34561609,19,3,22,neuraltda/TopologicalLogisticClassPredictor.py
34561609,1,1,2,neuraltda/TopologicalLogisticClassPredictor.py
34561609,1,1,2,neuraltda/TopologicalLogisticClassPredictor.py
34561609,1,0,1,neuraltda/TopologicalLogisticClassPredictor.py
34561609,1,1,2,neuraltda/TopologicalLogisticClassPredictor.py
34561609,1,1,2,neuraltda/TopologicalLogisticClassPredictor.py
34561609,2,0,2,neuraltda/TopologicalLogisticClassPredictor.py
34561609,41,5,46,neuraltda/TopologicalLogisticClassPredictor.py
34561609,2,8,10,neuraltda/TopologicalLogisticClassPredictor.py
34561609,1,1,2,neuraltda/TopologicalLogisticClassPredictor.py
34561609,1,1,2,neuraltda/TopologicalLogisticClassPredictor.py
34561609,18,0,18,neuraltda/TopologicalLogisticClassPredictor.py
34561609,1,1,2,neuraltda/TopologicalLogisticClassPredictor.py
34561609,1,1,2,neuraltda/TopologicalLogisticClassPredictor.py
34561609,1,1,2,neuraltda/TopologicalLogisticClassPredictor.py
34561609,1,0,1,neuraltda/TopologicalLogisticClassPredictor.py
34561609,1,1,2,neuraltda/TopologicalLogisticClassPredictor.py
34561609,30,30,60,neuraltda/TopologicalLogisticClassPredictor.py
34561609,56,0,56,neuraltda/TopologicalLogisticClassPredictor.py
34561609,10,4,14,neuraltda/topology.py
34561609,205,0,205,neuraltda/build_space.py
34561609,18,0,18,neuraltda/SimplicialComplex.py
34561609,1,1,2,neuraltda/topology.py
34561609,12,5,17,neuraltda/SimplicialComplex.py
34561609,100,14,114,neuraltda/SimplicialComplex.py
34561609,10,0,10,neuraltda/SimplicialComplex.py
34561609,23,7,30,neuraltda/SimplicialComplex.py
34561609,187,0,187,neuraltda/SimplicialComplex.py
34561609,54,6,60,neuraltda/simpliciallaplacian.py
34561609,11,1,12,neuraltda/simpliciallaplacian.py
34561609,41,0,41,neuraltda/simpliciallaplacian.py
34561609,1,0,1,neuraltda/topology.py
34561609,2,1,3,neuraltda/topology.py
34561609,2,2,4,neuraltda/topology.py
34561609,4,4,8,neuraltda/topology.py
34561609,8,7,15,neuraltda/topology.py
34561609,3,3,6,neuraltda/topology.py
34561609,1,1,2,neuraltda/topology.py
34561609,2,0,2,neuraltda/topology.py
34561609,1,0,1,neuraltda/topology.py
34561609,2,1,3,neuraltda/topology.py
34561609,1,1,2,neuraltda/topology.py
34561609,1,1,2,neuraltda/topology.py
34561609,3,0,3,neuraltda/topology.py
34561609,3,2,5,neuraltda/topology.py
34561609,1,1,2,neuraltda/topology.py
34561609,0,1,1,neuraltda/topology.py
34561609,1,1,2,neuraltda/topology.py
34561609,28,2,30,neuraltda/topology.py
34561609,16,1,17,neuraltda/topology.py
34561609,34,1,35,neuraltda/topology.py
34561609,20,4,24,neuraltda/topology.py
34561609,84,0,84,neuraltda/topology.py
34561609,25,5,30,neuraltda/topology.py
34561609,8,8,16,neuraltda/topology.py
34561609,39,0,39,neuraltda/topology.py
34561609,5,0,5,neuraltda/topology.py
34561609,2,1,3,neuraltda/compute_avalanche_statistics.py
34561609,7,4,11,neuraltda/topology.py
34561609,17,0,17,neuraltda/topology_plots.py
34561609,14,8,22,neuraltda/topology.py
34561609,1,1,2,neuraltda/test_pipeline.py
34561609,3,3,6,neuraltda/topology.py
34561609,2,19,21,neuraltda/test_pipeline.py
34561609,22,0,22,neuraltda/topology.py
34561609,0,2,2,neuraltda/test_neuraltda.py
34561609,19,1,20,neuraltda/topology.py
34561609,6,4,10,neuraltda/test_neuraltda.py
34561609,0,4,4,neuraltda/test_pipeline.py
34561609,5,4,9,neuraltda/topology.py
34561609,1,1,2,neuraltda/topology.py
34561609,1,0,1,neuraltda/topology.py
34561609,41,8,49,neuraltda/topology.py
34561609,1,1,2,neuraltda/topology_plots.py
34561609,4,4,8,neuraltda/topology_plots.py
34561609,32,50,82,neuraltda/topology_plots.py
34561609,3,3,6,neuraltda/topology_plots.py
34561609,23,11,34,neuraltda/topology_plots.py
34561609,10,6,16,neuraltda/topology_plots.py
34561609,1,1,2,neuraltda/topology_plots.py
34561609,2,1,3,neuraltda/topology_plots.py
34561609,1,1,2,neuraltda/test_pipeline.py
34561609,1,0,1,neuraltda/topology.py
34561609,1,1,2,neuraltda/test_pipeline.py
34561609,1,1,2,neuraltda/test_pipeline.py
34561609,1,1,2,neuraltda/test_pipeline.py
34561609,1,1,2,neuraltda/test_neuraltda.py
34561609,1,7,8,neuraltda/test_neuraltda.py
34561609,1,1,2,neuraltda/test_pipeline.py
34561609,15,2,17,neuraltda/test_pipeline.py
34561609,42,0,42,neuraltda/test_neuraltda.py
34561609,1,1,2,neuraltda/topology.py
34561609,2,1,3,setup.py
34561609,3,3,6,neuraltda/test_pipeline.py
34561609,74,9,83,neuraltda/test_pipeline.py
34561609,3,9,12,neuraltda/test_pipeline.py
34561609,40,17,57,neuraltda/test_pipeline.py
34561609,2,3,5,neuraltda/topology_plots.py
34561609,70,34,104,neuraltda/topology_plots.py
34561609,4,0,4,neuraltda/topology.py
34561609,129,183,312,neuraltda/topology.py
34561609,187,188,375,neuraltda/topology.py
34561609,133,59,192,neuraltda/topology.py
34561609,1,1,2,neuraltda/topology.py
34561609,0,0,0,{neuraltda => old_code}/calculate_CI_topology_from_binned.py
34561609,0,0,0,{neuraltda => old_code}/calculate_CI_topology_from_permuted_binned.py
34561609,0,0,0,{neuraltda => old_code}/calculate_topology.py
34561609,0,0,0,{neuraltda => old_code}/make_shuffled_binned_controls.py
34561609,0,0,0,{neuraltda => old_code}/permute_binned_data.py
34561609,0,0,0,{neuraltda => old_code}/topology_old.py
34561609,0,5,5,setup.py
34561609,229,736,965,neuraltda/topology.py
34561609,595,0,595,neuraltda/topology_old.py
34561609,1,1,2,neuraltda/topology.py
34561609,6,6,12,neuraltda/topology.py
34561609,1,2,3,neuraltda/topology.py
34561609,1,0,1,neuraltda/topology.py
34561609,1,1,2,neuraltda/topology.py
34561609,4,2,6,neuraltda/topology.py
34561609,2,1,3,neuraltda/topology.py
34561609,3,3,6,neuraltda/topology.py
34561609,52,52,104,neuraltda/topology.py
34561609,2,2,4,neuraltda/topology.py
34561609,4,1,5,neuraltda/topology.py
34561609,2,12,14,neuraltda/bin_data.py
34561609,1,12,13,neuraltda/calculate_cliquetop_recursive.py
34561609,1,13,14,neuraltda/make_cij.py
34561609,2,13,15,neuraltda/make_hmds.py
34561609,2,13,15,neuraltda/make_pf_graph_plots.py
34561609,2,12,14,neuraltda/make_plots.py
34561609,1,13,14,neuraltda/make_shuffled_controls_recursive.py
34561609,1,13,14,neuraltda/permute_binned_data_recursive.py
34561609,25,0,25,neuraltda/topology.py
34561609,13,9,22,neuraltda/topology.py
34561609,2,2,4,neuraltda/topology.py
34561609,1,1,2,neuraltda/topology.py
34561609,1,1,2,neuraltda/topology.py
34561609,1,0,1,neuraltda/topology.py
34561609,1,0,1,neuraltda/topology.py
34561609,5,5,10,neuraltda/topology.py
34561609,1,0,1,neuraltda/topology.py
34561609,1,1,2,neuraltda/bin_data.py
34561609,2,1,3,setup.py
34561609,49,0,49,neuraltda/calculate_cliquetop_recursive.py
34561609,7,4,11,neuraltda/topology.py
34561609,1,1,2,neuraltda/bin_data.py
34561609,1,1,2,neuraltda/calculate_CI_topology_recursive.py
34561609,1,1,2,neuraltda/make_cij.py
34561609,1,1,2,neuraltda/make_hmds.py
34561609,1,1,2,neuraltda/make_pf_graph_plots.py
34561609,1,1,2,neuraltda/make_plots.py
34561609,1,1,2,neuraltda/make_shuffled_controls_recursive.py
34561609,1,1,2,neuraltda/permute_binned_data_recursive.py
34561609,77,1,78,neuraltda/topology.py
34561609,97,1,98,neuraltda/topology.py
34561609,13,9,22,neuraltda/bin_data.py
34561609,1,0,1,neuraltda/build_space.py
34561609,15,9,24,neuraltda/calculate_CI_topology_recursive.py
34561609,16,0,16,neuraltda/make_cij.py
34561609,17,0,17,neuraltda/make_hmds.py
34561609,16,0,16,neuraltda/make_pf_graph_plots.py
34561609,17,0,17,neuraltda/make_plots.py
34561609,11,7,18,neuraltda/make_shuffled_controls_recursive.py
34561609,13,8,21,neuraltda/permute_binned_data_recursive.py
34561609,1,1,2,neuraltda/bin_data.py
34561609,1,1,2,neuraltda/calculate_CI_topology_recursive.py
34561609,1,1,2,neuraltda/make_shuffled_controls_recursive.py
34561609,1,1,2,neuraltda/permute_binned_data_recursive.py
34561609,1,1,2,neuraltda/bin_data.py
34561609,1,1,2,neuraltda/calculate_CI_topology_recursive.py
34561609,1,1,2,neuraltda/make_shuffled_controls_recursive.py
34561609,1,1,2,neuraltda/permute_binned_data_recursive.py
34561609,1,1,2,neuraltda/bin_data.py
34561609,1,1,2,neuraltda/calculate_CI_topology_recursive.py
34561609,1,1,2,neuraltda/make_shuffled_controls_recursive.py
34561609,1,1,2,neuraltda/permute_binned_data_recursive.py
34561609,4,5,9,neuraltda/topology.py
34561609,13,0,13,neuraltda/bin_data.py
34561609,12,0,12,neuraltda/calculate_CI_topology_recursive.py
34561609,14,1,15,neuraltda/make_shuffled_controls_recursive.py
34561609,2,1,3,neuraltda/permute_binned_data.py
34561609,13,1,14,neuraltda/permute_binned_data_recursive.py
34561609,29,43,72,neuraltda/topology.py
34561609,1,0,1,neuraltda/topology_plots.py
34561609,7,3,10,neuraltda/build_space.py
34561609,38,0,38,neuraltda/make_hmds.py
34561609,2,0,2,neuraltda/build_space.py
34561609,7,6,13,neuraltda/build_space.py
34561609,9,5,14,neuraltda/build_space.py
34561609,6,0,6,neuraltda/build_space.py
34561609,4,4,8,neuraltda/build_space.py
34561609,4,4,8,neuraltda/build_space.py
34561609,3,1,4,neuraltda/build_space.py
34561609,1,0,1,neuraltda/build_space.py
34561609,2,2,4,neuraltda/topology.py
34561609,2,2,4,neuraltda/build_space.py
34561609,1,1,2,neuraltda/make_pf_graph_plots.py
34561609,30,0,30,neuraltda/make_pf_graph_plots.py
34561609,2,1,3,setup.py
34561609,17,13,30,neuraltda/build_space.py
34561609,10,5,15,neuraltda/build_space.py
34561609,36,0,36,neuraltda/build_space.py
34561609,2,0,2,neuraltda/build_space.py
34561609,7,1,8,neuraltda/build_space.py
34561609,39,1,40,neuraltda/build_space.py
34561609,1,1,2,neuraltda/build_space.py
34561609,145,98,243,neuraltda/build_space.py
34561609,2,1,3,neuraltda/topology.py
34561609,1,1,2,neuraltda/topology.py
34561609,50,1,51,neuraltda/topology.py
34561609,2,0,2,neuraltda/topology.py
34561609,1,0,1,neuraltda/topology.py
34561609,1,1,2,neuraltda/topology.py
34561609,1,1,2,neuraltda/topology.py
34561609,4,4,8,neuraltda/topology.py
34561609,1,0,1,neuraltda/topology.py
34561609,1,1,2,neuraltda/topology.py
34561609,3,3,6,neuraltda/topology.py
34561609,1,1,2,neuraltda/topology.py
34561609,7,5,12,neuraltda/topology.py
34561609,2,2,4,neuraltda/topology.py
34561609,1,1,2,neuraltda/make_cij.py
34561609,1,1,2,neuraltda/make_cij.py
34561609,1,1,2,neuraltda/topology.py
34561609,1,1,2,neuraltda/topology.py
34561609,1,1,2,neuraltda/topology.py
34561609,24,0,24,neuraltda/make_cij.py
34561609,2,1,3,setup.py
34561609,98,0,98,neuraltda/topology.py
34561609,5,1,6,neuraltda/build_space.py
34561609,13,1,14,neuraltda/build_space.py
34561609,7,5,12,neuraltda/H_MDS.py
34561609,199,173,372,neuraltda/H_MDS.py
34561609,71,4,75,neuraltda/H_MDS.py
34561609,40,4,44,neuraltda/H_MDS.py
34561609,9,7,16,neuraltda/H_MDS.py
34561609,16,14,30,neuraltda/H_MDS.py
34561609,43,15,58,neuraltda/H_MDS.py
34561609,95,0,95,neuraltda/H_MDS.py
34561609,36,4,40,neuraltda/build_space.py
34561609,2,2,4,setup.py
34561609,29,5,34,neuraltda/build_space.py
34561609,336,308,644,neuraltda/topology.py
34561609,5,3,8,neuraltda/topology.py
34561609,3,3,6,neuraltda/test_pipeline.py
34561609,3,2,5,neuraltda/build_space.py
34561609,18,3,21,neuraltda/test_pipeline.py
34561609,8,1,9,neuraltda/test_pipeline.py
34561609,11,11,22,neuraltda/test_pipeline.py
34561609,1,2,3,neuraltda/topology.py
34561609,1,1,2,neuraltda/topology.py
34561609,7,6,13,neuraltda/test_pipeline.py
34561609,2,2,4,neuraltda/topology.py
34561609,6,0,6,neuraltda/test_pipeline.py
34561609,1,1,2,neuraltda/topology.py
34561609,3,1,4,neuraltda/test_pipeline.py
34561609,12,1,13,neuraltda/test_pipeline.py
34561609,29,0,29,neuraltda/permute_binned_data_recursive.py
34561609,80,0,80,neuraltda/topology.py
34561609,1,0,1,setup.py
34561609,27,3,30,neuraltda/build_space.py
34561609,9,0,9,neuraltda/build_space.py
34561609,12,6,18,neuraltda/build_space.py
34561609,34,0,34,neuraltda/build_space.py
34561609,44,0,44,neuraltda/test_pipeline.py
34561609,1,1,2,neuraltda/topology_plots.py
34561609,1,1,2,neuraltda/topology_plots.py
34561609,1,0,1,neuraltda/topology_plots.py
34561609,9,8,17,neuraltda/topology_plots.py
34561609,3,1,4,neuraltda/topology_plots.py
34561609,1,1,2,neuraltda/topology_plots.py
34561609,1,1,2,neuraltda/topology_plots.py
34561609,11,9,20,neuraltda/topology_plots.py
34561609,4,4,8,neuraltda/topology_plots.py
34561609,5,4,9,neuraltda/topology_plots.py
34561609,6,0,6,neuraltda/topology_plots.py
34561609,3,3,6,neuraltda/topology_plots.py
34561609,2,0,2,neuraltda/topology_plots.py
34561609,1,1,2,neuraltda/topology_plots.py
34561609,133,133,266,neuraltda/topology_plots.py
34561609,34,0,34,neuraltda/make_plots.py
34561609,2,1,3,setup.py
34561609,18,0,18,neuraltda/topology_plots.py
34561609,10,7,17,neuraltda/topology_plots.py
34561609,115,2,117,neuraltda/topology_plots.py
34561609,95,0,95,neuraltda/topology_plots.py
34561609,2,2,4,neuraltda/topology.py
34561609,2,1,3,neuraltda/topology.py
34561609,10,6,16,neuraltda/topology.py
34561609,1,0,1,neuraltda/topology.py
34561609,3,3,6,neuraltda/topology.py
34561609,1,1,2,neuraltda/topology.py
34561609,1,1,2,neuraltda/topology.py
34561609,1,0,1,neuraltda/topology.py
34561609,27,0,27,neuraltda/make_shuffled_binned_controls_hierarchical.py
34561609,33,0,33,neuraltda/topology.py
34561609,1,0,1,setup.py
34561609,2,1,3,neuraltda/compute_avalanche_statistics.py
34561609,43,0,43,neuraltda/topology.py
34561609,27,0,27,neuraltda/compute_avalanche_statistics.py
34561609,0,5,5,neuraltda/topology.py
34561609,1,1,2,neuraltda/topology.py
34561609,3,1,4,neuraltda/topology.py
34561609,1,0,1,neuraltda/topology.py
34561609,1,0,1,neuraltda/topology.py
34561609,1,1,2,neuraltda/topology.py
34561609,1,1,2,setup.py
34561609,1,1,2,setup.py
34561609,31,0,31,neuraltda/calculate_CI_topology_hierarchical_binned.py
34561609,1,0,1,setup.py
34561609,79,0,79,neuraltda/topology.py
34561609,1,1,2,neuraltda/topology.py
34561609,31,0,31,neuraltda/calculate_CI_topology_from_permuted_binned.py
34561609,2,1,3,setup.py
34561609,71,0,71,neuraltda/topology.py
34561609,6,2,8,neuraltda/topology.py
34561609,1,1,2,neuraltda/topology.py
34561609,1,1,2,neuraltda/topology.py
34561609,2,2,4,neuraltda/topology.py
34561609,1,1,2,setup.py
34561609,27,0,27,neuraltda/make_shuffled_binned_controls.py
34561609,29,0,29,neuraltda/permute_binned_data.py
34561609,34,0,34,neuraltda/topology.py
34561609,3,1,4,setup.py
34561609,1,3,4,neuraltda/bin_data.py
34561609,61,30,91,neuraltda/topology.py
34561609,1,1,2,neuraltda/topology.py
34561609,2,2,4,neuraltda/topology.py
34561609,1,1,2,neuraltda/topology.py
34561609,1,2,3,neuraltda/topology.py
34561609,4,5,9,neuraltda/topology.py
34561609,1,0,1,neuraltda/topology.py
34561609,1,1,2,neuraltda/topology.py
34561609,1,1,2,neuraltda/topology.py
34561609,2,2,4,neuraltda/topology.py
34561609,2,1,3,neuraltda/topology.py
34561609,0,2,2,neuraltda/topology.py
34561609,1,0,1,neuraltda/topology.py
34561609,3,3,6,neuraltda/topology.py
34561609,1,1,2,neuraltda/topology.py
34561609,4,1,5,neuraltda/bin_data.py
34561609,5,1,6,neuraltda/topology.py
34561609,27,3,30,neuraltda/topology.py
34561609,59,1,60,neuraltda/topology.py
34561609,4,2,6,neuraltda/topology.py
34561609,0,2,2,neuraltda/topology.py
34561609,25,14,39,neuraltda/topology.py
34561609,48,1,49,neuraltda/topology.py
34561609,5,5,10,neuraltda/topology.py
34561609,1,0,1,neuraltda/topology.py
34561609,6,2,8,neuraltda/topology.py
34561609,1,0,1,neuraltda/topology.py
34561609,3,1,4,neuraltda/bin_data.py
34561609,2,1,3,neuraltda/topology.py
34561609,5,5,10,neuraltda/topology.py
34561609,1,1,2,neuraltda/topology.py
34561609,1,1,2,neuraltda/calculate_CI_topology_from_binned.py
34561609,1,1,2,neuraltda/calculate_CI_topology_from_binned.py
34561609,1,1,2,neuraltda/calculate_CI_topology_from_binned.py
34561609,1,1,2,neuraltda/calculate_CI_topology_from_binned.py
34561609,2,1,3,neuraltda/calculate_CI_topology_from_binned.py
34561609,5,6,11,neuraltda/topology.py
34561609,1,1,2,neuraltda/topology.py
34561609,5,5,10,neuraltda/topology.py
34561609,1,1,2,neuraltda/bin_data.py
34561609,12,8,20,neuraltda/topology.py
34561609,1,1,2,neuraltda/topology.py
34561609,2,0,2,neuraltda/topology.py
34561609,3,1,4,neuraltda/topology.py
34561609,1,1,2,neuraltda/topology.py
34561609,1,1,2,neuraltda/topology.py
34561609,2,2,4,neuraltda/topology.py
34561609,3,8,11,neuraltda/topology.py
34561609,1,0,1,neuraltda/topology.py
34561609,1,1,2,neuraltda/calculate_CI_topology_from_binned.py
34561609,1,0,1,neuraltda/calculate_CI_topology_from_binned.py
34561609,5,5,10,neuraltda/topology.py
34561609,1,1,2,setup.py
34561609,2,1,3,setup.py
34561609,31,0,31,neuraltda/calculate_CI_topology_from_binned.py
34561609,1,2,3,neuraltda/calculate_topology.py
34561609,2,2,4,neuraltda/topology.py
34561609,30,24,54,neuraltda/topology.py
34561609,95,2,97,neuraltda/topology.py
34561609,27,0,27,neuraltda/bin_data.py
34561609,1,1,2,neuraltda/topology.py
34561609,1,0,1,setup.py
34561609,9,5,14,neuraltda/topology.py
34561609,48,1,49,neuraltda/topology.py
34561609,36,37,73,neuraltda/topology.py
34561609,1,1,2,neuraltda/topology.py
34561609,14,13,27,neuraltda/topology.py
34561609,1,1,2,neuraltda/topology.py
34561609,2,1,3,neuraltda/topology.py
34561609,3,2,5,neuraltda/topology.py
34561609,1,1,2,neuraltda/topology.py
34561609,10,2,12,neuraltda/topology.py
34561609,1,0,1,neuraltda/topology.py
34561609,1,1,2,neuraltda/topology.py
34561609,1,1,2,neuraltda/topology.py
34561609,1,1,2,neuraltda/calculate_topology.py
34561609,2,2,4,neuraltda/calculate_topology.py
34561609,6,2,8,neuraltda/calculate_topology.py
34561609,0,0,0,neuraltda/__init__.py
34561609,0,1,1,setup.py
34561609,1,2,3,neuraltda/topology.py
34561609,1,1,2,setup.py
34561609,2,3,5,setup.py
34561609,2,2,4,{scripts => neuraltda}/calculate_topology.py
34561609,0,0,0,{src => neuraltda}/test_topology.py
34561609,0,0,0,{src => neuraltda}/topology.py
34561609,19,0,19,setup.py
34561609,0,89,89,src/test.py
34561609,2,2,4,scripts/calculate_topology.py
34561609,7,0,7,src/topology.py
34561609,19,9,28,src/topology.py
34561609,27,3,30,src/topology.py
34561609,2,7,9,src/topology.py
34561609,4,0,4,src/topology.py
34561609,29,0,29,src/topology.py
34561609,89,0,89,src/test_topology.py
34561609,3,3,6,src/test.py
34561609,10,1,11,src/test.py
34561609,21,1,22,src/test.py
34561609,23,1,24,src/test.py
34561609,52,0,52,src/topology.py
34561609,38,0,38,src/test.py
34561609,1,1,2,src/topology.py
34561609,1,1,2,scripts/calculate_topology.py
34561609,9,0,9,scripts/calculate_topology.py
34561609,104,1,105,src/topology.py
34561609,3,1,4,scripts/calculate_topology.py
34561609,4,1,5,src/topology.py
34561609,1,0,1,src/topology.py
34561609,2,2,4,src/topology.py
34561609,1,1,2,scripts/calculate_topology.py
34561609,6,3,9,scripts/calculate_topology.py
34561609,11,5,16,src/topology.py
34561609,54,7,61,src/topology.py
34561609,44,0,44,scripts/calculate_topology.py
34561609,431,0,431,src/topology.py
41010830,1,1,2,oandapyV20/endpoints/orders.py
41010830,4,5,9,oandapyV20/contrib/requests/onfill.py
41010830,1,1,2,oandapyV20/__init__.py
41010830,8,0,8,oandapyV20/definitions/accounts.py
41010830,2,1,3,oandapyV20/definitions/orders.py
41010830,148,0,148,oandapyV20/definitions/transactions.py
41010830,1,1,2,oandapyV20/__init__.py
41010830,2,0,2,tests/test_contrib_generic.py
41010830,2,1,3,oandapyV20/contrib/generic.py
41010830,2,2,4,oandapyV20/__init__.py
41010830,2,3,5,oandapyV20/contrib/factories/history.py
41010830,62,63,125,oandapyV20/endpoints/responses/forexlabs.py
41010830,3,6,9,oandapyV20/endpoints/forexlabs.py
41010830,1,1,2,docs/conf.py
41010830,2,0,2,oandapyV20/endpoints/forexlabs.py
41010830,1,1,2,oandapyV20/__init__.py
41010830,25,25,50,tests/test_forexlabs.py
41010830,18,0,18,tests/unittestsetup.py
41010830,0,140,140,oandapyV20/endpoints/responses/forexlabs.py
41010830,5,5,10,tests/test_forexlabs.py
41010830,4,4,8,oandapyV20/endpoints/forexlabs.py
41010830,231,0,231,oandapyV20/endpoints/forexlabs.py
41010830,768,0,768,oandapyV20/endpoints/responses/forexlabs.py
41010830,116,0,116,tests/test_forexlabs.py
41010830,1,1,2,oandapyV20/__init__.py
41010830,2,2,4,oandapyV20/definitions/orders.py
41010830,271,0,271,oandapyV20/definitions/transactions.py
41010830,19,0,19,oandapyV20/definitions/trades.py
41010830,6,0,6,oandapyV20/definitions/primitives.py
41010830,29,0,29,oandapyV20/definitions/orders.py
41010830,1,0,1,oandapyV20/definitions/instruments.py
41010830,1,1,2,oandapyV20/__init__.py
41010830,6,1,7,oandapyV20/contrib/factories/history.py
41010830,1,1,2,oandapyV20/contrib/factories/history.py
41010830,7,0,7,tests/test_contrib_factories.py
41010830,1,1,2,oandapyV20/contrib/factories/history.py
41010830,1,1,2,oandapyV20/__init__.py
41010830,9,15,24,oandapyV20/contrib/factories/history.py
41010830,0,0,0,jupyter/exampleauth/__init__.py
41010830,10,0,10,jupyter/exampleauth/exampleauth.py
41010830,1,1,2,oandapyV20/__init__.py
41010830,6,0,6,oandapyV20/contrib/requests/limitorder.py
41010830,12,0,12,tests/test_contrib_orders.py
41010830,1,1,2,oandapyV20/__init__.py
41010830,1,3,4,oandapyV20/contrib/factories/history.py
41010830,8,8,16,tests/test_transactions.py
41010830,1,1,2,oandapyV20/__init__.py
41010830,1,1,2,oandapyV20/contrib/factories/history.py
41010830,20,1,21,tests/test_contrib_factories.py
41010830,0,9,9,tests/test_trades.py
41010830,0,15,15,tests/test_accounts.py
41010830,2,6,8,tests/unittestsetup.py
41010830,8,3,11,oandapyV20/__init__.py
41010830,9,0,9,tests/test_contrib_orders.py
41010830,3,5,8,oandapyV20/contrib/requests/marketorder.py
41010830,5,7,12,tests/test_decorators.py
41010830,0,2,2,tests/test_definitions.py
41010830,4,17,21,tests/test_oandapyv20.py
41010830,0,10,10,tests/test_instruments.py
41010830,2,10,12,tests/test_orders.py
41010830,0,8,8,tests/test_positions.py
41010830,3,10,13,tests/test_pricing.py
41010830,1,9,10,tests/test_trades.py
41010830,7,14,21,tests/test_transactions.py
41010830,2,4,6,tests/test_contrib_orders.py
41010830,2,3,5,tests/test_accounts.py
41010830,2,2,4,tests/test_types.py
41010830,1,1,2,oandapyV20/__init__.py
41010830,15,0,15,tests/test_contrib_factories.py
41010830,1,2,3,oandapyV20/contrib/factories/history.py
41010830,2,2,4,oandapyV20/contrib/factories/__init__.py
41010830,94,66,160,oandapyV20/contrib/factories/history.py
41010830,16,0,16,oandapyV20/contrib/generic.py
41010830,2,2,4,tests/test_contrib_factories.py
41010830,1,7,8,oandapyV20/contrib/factories/history.py
41010830,4,0,4,tests/test_contrib_generic.py
41010830,1,1,2,tests/test_contrib_generic.py
41010830,4,3,7,oandapyV20/contrib/factories/history.py
41010830,4,4,8,tests/test_contrib_factories.py
41010830,23,0,23,oandapyV20/contrib/generic.py
41010830,41,0,41,tests/test_contrib_generic.py
41010830,14,8,22,tests/test_contrib_factories.py
41010830,8,8,16,oandapyV20/contrib/factories/history.py
41010830,2,2,4,oandapyV20/contrib/factories/__init__.py
41010830,55,0,55,tests/test_contrib_factories.py
41010830,5,0,5,oandapyV20/contrib/factories/__init__.py
41010830,115,0,115,oandapyV20/contrib/factories/history.py
41010830,2,2,4,oandapyV20/__init__.py
41010830,2,2,4,oandapyV20/endpoints/instruments.py
41010830,1,1,2,tests/unittestsetup.py
41010830,2,2,4,oandapyV20/endpoints/instruments.py
41010830,30,0,30,tests/test_instruments.py
41010830,295,0,295,oandapyV20/endpoints/responses/instruments.py
41010830,88,0,88,oandapyV20/endpoints/instruments.py
41010830,1,1,2,setup.py
41010830,1,1,2,oandapyV20/__init__.py
41010830,2,2,4,oandapyV20/endpoints/accounts.py
41010830,1,1,2,oandapyV20/__init__.py
41010830,1,0,1,oandapyV20/endpoints/trades.py
41010830,6,6,12,oandapyV20/types/types.py
41010830,1,1,2,oandapyV20/types/types.py
41010830,7,7,14,tests/test_types.py
41010830,2,2,4,oandapyV20/types/types.py
41010830,10,10,20,tests/test_types.py
41010830,5,2,7,oandapyV20/types/types.py
41010830,5,2,7,oandapyV20/types/types.py
41010830,44,0,44,docs/dirstruct.py
41010830,1,1,2,tests/test_types.py
41010830,1,1,2,oandapyV20/types/types.py
41010830,3,3,6,tests/test_types.py
41010830,1,0,1,oandapyV20/contrib/requests/positionclose.py
41010830,0,1,1,oandapyV20/contrib/requests/trailingstoplossorder.py
41010830,21,13,34,oandapyV20/contrib/requests/takeprofitorder.py
41010830,0,1,1,oandapyV20/contrib/requests/stoporder.py
41010830,0,1,1,oandapyV20/contrib/requests/stoplossorder.py
41010830,39,26,65,oandapyV20/contrib/requests/onfill.py
41010830,23,13,36,oandapyV20/contrib/requests/mitorder.py
41010830,23,11,34,oandapyV20/contrib/requests/limitorder.py
41010830,11,0,11,oandapyV20/definitions/__init__.py
41010830,0,1,1,tests/test_types.py
41010830,2,0,2,oandapyV20/types/__init__.py
41010830,74,0,74,oandapyV20/types/types.py
41010830,49,0,49,tests/test_types.py
41010830,5,0,5,oandapyV20/definitions/instruments.py
41010830,6,3,9,oandapyV20/endpoints/responses/pricing.py
41010830,0,62,62,examples/candle-data.py
41010830,0,62,62,examples/contrib_mo_tp_sl.py
41010830,0,10,10,examples/exampleauth.py
41010830,0,71,71,examples/neworder.py
41010830,0,68,68,examples/streaming_prices.py
41010830,0,19,19,examples/streaming_trans.py
41010830,17,1,18,examples/neworder.py
41010830,6,6,12,oandapyV20/contrib/requests/onfill.py
41010830,1,1,2,oandapyV20/contrib/requests/stoplossorder.py
41010830,16,16,32,oandapyV20/contrib/requests/__init__.py
41010830,0,1,1,oandapyV20/contrib/requests/mitorder.py
41010830,2,4,6,oandapyV20/contrib/requests/stoporder.py
41010830,3,3,6,oandapyV20/contrib/requests/tradeclose.py
41010830,14,15,29,oandapyV20/types/__init__.py
41010830,1,1,2,oandapyV20/__init__.py
41010830,13,1,14,setup.py
41010830,36,26,62,tests/test_contrib_orders.py
41010830,11,0,11,tests/test_contrib_orders.py
41010830,8,4,12,oandapyV20/contrib/requests/limitorder.py
41010830,18,5,23,oandapyV20/contrib/requests/marketorder.py
41010830,14,5,19,oandapyV20/contrib/requests/mitorder.py
41010830,11,5,16,oandapyV20/contrib/requests/stoplossorder.py
41010830,8,6,14,oandapyV20/contrib/requests/stoporder.py
41010830,10,4,14,oandapyV20/contrib/requests/takeprofitorder.py
41010830,11,5,16,oandapyV20/contrib/requests/trailingstoplossorder.py
41010830,48,0,48,tests/test_contrib_orders.py
41010830,1,1,2,examples/streaming_prices.py
41010830,1,1,2,examples/streaming_prices.py
41010830,8,0,8,tests/test_types.py
41010830,17,3,20,oandapyV20/definitions/__init__.py
41010830,6,0,6,tests/test_definitions.py
41010830,2,0,2,oandapyV20/types/__init__.py
41010830,29,0,29,oandapyV20/types/types.py
41010830,8,0,8,tests/test_types.py
41010830,1,1,2,oandapyV20/__init__.py
41010830,1,4,5,examples/candle-data.py
41010830,1,1,2,oandapyV20/__init__.py
41010830,5,2,7,setup.py
41010830,9,2,11,setup.py
41010830,1,1,2,examples/candle-data.py
41010830,1,1,2,examples/contrib_mo_tp_sl.py
41010830,1,1,2,examples/streaming_prices.py
41010830,1,1,2,oandapyV20/contrib/requests/baserequest.py
41010830,1,1,2,oandapyV20/contrib/requests/extensions.py
41010830,1,1,2,oandapyV20/contrib/requests/limitorder.py
41010830,1,1,2,oandapyV20/contrib/requests/marketorder.py
41010830,1,1,2,oandapyV20/contrib/requests/mitorder.py
41010830,1,1,2,oandapyV20/contrib/requests/onfill.py
41010830,1,1,2,oandapyV20/contrib/requests/positionclose.py
41010830,1,1,2,oandapyV20/contrib/requests/stoplossorder.py
41010830,1,1,2,oandapyV20/contrib/requests/stoporder.py
41010830,1,1,2,oandapyV20/contrib/requests/takeprofitorder.py
41010830,1,1,2,oandapyV20/contrib/requests/tradeclose.py
41010830,1,1,2,oandapyV20/contrib/requests/trailingstoplossorder.py
41010830,1,1,2,oandapyV20/definitions/__init__.py
41010830,1,1,2,oandapyV20/definitions/accounts.py
41010830,1,1,2,oandapyV20/definitions/instruments.py
41010830,1,1,2,oandapyV20/definitions/orders.py
41010830,1,1,2,oandapyV20/definitions/pricing.py
41010830,1,1,2,oandapyV20/definitions/primitives.py
41010830,1,1,2,oandapyV20/definitions/trades.py
41010830,1,1,2,oandapyV20/definitions/transactions.py
41010830,1,1,2,oandapyV20/endpoints/accounts.py
41010830,1,1,2,oandapyV20/endpoints/decorators.py
41010830,1,1,2,oandapyV20/endpoints/instruments.py
41010830,1,1,2,oandapyV20/endpoints/orders.py
41010830,1,1,2,oandapyV20/endpoints/pricing.py
41010830,1,1,2,oandapyV20/endpoints/responses/orders.py
41010830,1,1,2,oandapyV20/endpoints/trades.py
41010830,1,1,2,oandapyV20/endpoints/transactions.py
41010830,1,0,1,oandapyV20/oandapyV20.py
41010830,1,1,2,oandapyV20/types/types.py
41010830,3,3,6,tests/test_contrib_orders.py
41010830,1,0,1,oandapyV20/contrib/requests/__init__.py
41010830,0,1,1,oandapyV20/types/types.py
41010830,7,7,14,examples/contrib_mo_tp_sl.py
41010830,1,1,2,oandapyV20/contrib/requests/onfill.py
41010830,0,11,11,oandapyV20/types/types.py
41010830,2,0,2,oandapyV20/contrib/requests/__init__.py
41010830,75,0,75,oandapyV20/contrib/requests/extensions.py
41010830,1,0,1,oandapyV20/contrib/requests/onfill.py
41010830,19,0,19,tests/test_contrib_orders.py
41010830,4,0,4,oandapyV20/types/__init__.py
41010830,33,0,33,oandapyV20/types/types.py
41010830,20,0,20,tests/test_types.py
41010830,4,1,5,oandapyV20/contrib/requests/__init__.py
41010830,62,0,62,examples/contrib_mo_tp_sl.py
41010830,7,1,8,oandapyV20/contrib/requests/__init__.py
41010830,247,0,247,oandapyV20/contrib/requests/onfill.py
41010830,67,0,67,tests/test_contrib_orders.py
41010830,3,2,5,oandapyV20/contrib/requests/limitorder.py
41010830,8,3,11,oandapyV20/contrib/requests/marketorder.py
41010830,3,2,5,oandapyV20/contrib/requests/mitorder.py
41010830,3,2,5,oandapyV20/contrib/requests/positionclose.py
41010830,3,2,5,oandapyV20/contrib/requests/stoplossorder.py
41010830,3,2,5,oandapyV20/contrib/requests/stoporder.py
41010830,3,2,5,oandapyV20/contrib/requests/takeprofitorder.py
41010830,3,2,5,oandapyV20/contrib/requests/trailingstoplossorder.py
41010830,47,17,64,oandapyV20/types/types.py
41010830,15,15,30,tests/test_types.py
41010830,22,0,22,oandapyV20/types/__init__.py
41010830,86,0,86,oandapyV20/types/types.py
41010830,140,0,140,tests/test_types.py
41010830,2,2,4,oandapyV20/contrib/requests/positionclose.py
41010830,1,0,1,oandapyV20/contrib/requests/__init__.py
41010830,53,0,53,oandapyV20/contrib/requests/tradeclose.py
41010830,12,2,14,tests/test_contrib_orders.py
41010830,2,0,2,oandapyV20/contrib/requests/__init__.py
41010830,79,0,79,oandapyV20/contrib/requests/positionclose.py
41010830,36,0,36,tests/test_contrib_orders.py
41010830,17,13,30,tests/test_contrib_orders.py
41010830,5,6,11,oandapyV20/contrib/requests/stoplossorder.py
41010830,4,4,8,oandapyV20/contrib/requests/takeprofitorder.py
41010830,1,0,1,oandapyV20/contrib/requests/__init__.py
41010830,2,0,2,oandapyV20/contrib/requests/__init__.py
41010830,108,0,108,oandapyV20/contrib/requests/stoporder.py
41010830,20,0,20,tests/test_contrib_orders.py
41010830,1,0,1,oandapyV20/contrib/requests/__init__.py
41010830,85,0,85,oandapyV20/contrib/requests/trailingstoplossorder.py
41010830,16,0,16,tests/test_contrib_orders.py
41010830,1,1,2,oandapyV20/contrib/requests/mitorder.py
41010830,1,1,2,oandapyV20/contrib/requests/stoplossorder.py
41010830,1,1,2,oandapyV20/contrib/requests/takeprofitorder.py
41010830,2,0,2,oandapyV20/contrib/requests/__init__.py
41010830,85,0,85,oandapyV20/contrib/requests/stoplossorder.py
41010830,16,0,16,tests/test_contrib_orders.py
41010830,74,0,74,oandapyV20/contrib/requests/takeprofitorder.py
41010830,2,0,2,oandapyV20/contrib/requests/__init__.py
41010830,16,0,16,tests/test_contrib_orders.py
41010830,2,0,2,oandapyV20/contrib/requests/__init__.py
41010830,92,0,92,oandapyV20/contrib/requests/mitorder.py
41010830,30,4,34,tests/test_contrib_orders.py
41010830,8,8,16,tests/test_contrib_orders.py
41010830,0,0,0,oandapyV20/contrib/__init__.py
41010830,7,0,7,oandapyV20/contrib/requests/__init__.py
41010830,42,0,42,oandapyV20/contrib/requests/baserequest.py
41010830,80,0,80,oandapyV20/contrib/requests/limitorder.py
41010830,132,0,132,oandapyV20/contrib/requests/marketorder.py
41010830,73,0,73,tests/test_contrib_orders.py
41010830,2,1,3,oandapyV20/definitions/__init__.py
41010830,44,7,51,oandapyV20/definitions/__init__.py
41010830,21,0,21,tests/test_definitions.py
41010830,1,0,1,oandapyV20/definitions/__init__.py
41010830,0,1,1,tests/test_accounts.py
41010830,55,0,55,oandapyV20/definitions/__init__.py
41010830,0,0,0,oandapyV20/{endpoints => }/definitions/accounts.py
41010830,0,0,0,oandapyV20/{endpoints => }/definitions/instruments.py
41010830,0,0,0,oandapyV20/{endpoints => }/definitions/orders.py
41010830,0,0,0,oandapyV20/{endpoints => }/definitions/pricing.py
41010830,0,0,0,oandapyV20/{endpoints => }/definitions/primitives.py
41010830,0,0,0,oandapyV20/{endpoints => }/definitions/trades.py
41010830,0,0,0,oandapyV20/{endpoints => }/definitions/transactions.py
41010830,0,1,1,oandapyV20/endpoints/accounts.py
41010830,0,0,0,oandapyV20/endpoints/definitions/__init__.py
41010830,0,1,1,oandapyV20/endpoints/instruments.py
41010830,0,1,1,oandapyV20/endpoints/orders.py
41010830,0,1,1,oandapyV20/endpoints/pricing.py
41010830,0,1,1,oandapyV20/endpoints/trades.py
41010830,0,1,1,oandapyV20/endpoints/transactions.py
41010830,1,0,1,oandapyV20/endpoints/apirequest.py
41010830,1,1,2,oandapyV20/oandapyV20.py
41010830,41,1,42,tests/test_decorators.py
41010830,1,3,4,oandapyV20/endpoints/accounts.py
41010830,2,3,5,oandapyV20/endpoints/apirequest.py
41010830,1,3,4,oandapyV20/endpoints/instruments.py
41010830,1,3,4,oandapyV20/endpoints/orders.py
41010830,1,3,4,oandapyV20/endpoints/positions.py
41010830,1,3,4,oandapyV20/endpoints/pricing.py
41010830,1,3,4,oandapyV20/endpoints/trades.py
41010830,1,3,4,oandapyV20/endpoints/transactions.py
41010830,5,2,7,oandapyV20/endpoints/accounts.py
41010830,5,2,7,oandapyV20/endpoints/instruments.py
41010830,5,2,7,oandapyV20/endpoints/orders.py
41010830,5,2,7,oandapyV20/endpoints/positions.py
41010830,5,2,7,oandapyV20/endpoints/pricing.py
41010830,5,2,7,oandapyV20/endpoints/trades.py
41010830,5,2,7,oandapyV20/endpoints/transactions.py
41010830,2,1,3,tests/test_orders.py
41010830,2,1,3,tests/test_trades.py
41010830,0,4,4,oandapyV20/endpoints/apirequest.py
41010830,12,0,12,oandapyV20/__init__.py
41010830,7,7,14,oandapyV20/endpoints/responses/pricing.py
41010830,26,0,26,tests/test_decorators.py
41010830,9,0,9,oandapyV20/oandapyV20.py
41010830,44,6,50,oandapyV20/endpoints/positions.py
41010830,61,1,62,oandapyV20/endpoints/responses/positions.py
41010830,12,0,12,tests/test_positions.py
41010830,29,0,29,oandapyV20/endpoints/positions.py
41010830,28,0,28,oandapyV20/endpoints/responses/positions.py
41010830,12,0,12,tests/test_positions.py
41010830,1,1,2,oandapyV20/endpoints/positions.py
41010830,25,0,25,oandapyV20/endpoints/positions.py
41010830,52,0,52,oandapyV20/endpoints/responses/positions.py
41010830,12,0,12,tests/test_positions.py
41010830,25,0,25,oandapyV20/endpoints/positions.py
41010830,0,1,1,oandapyV20/endpoints/responses/positions.py
41010830,8,12,20,tests/test_positions.py
41010830,1,4,5,oandapyV20/endpoints/positions.py
41010830,60,0,60,oandapyV20/endpoints/responses/trades.py
41010830,44,6,50,oandapyV20/endpoints/trades.py
41010830,12,0,12,tests/test_trades.py
41010830,28,0,28,oandapyV20/endpoints/responses/trades.py
41010830,42,1,43,oandapyV20/endpoints/trades.py
41010830,12,0,12,tests/test_trades.py
41010830,54,0,54,oandapyV20/endpoints/responses/trades.py
41010830,39,1,40,oandapyV20/endpoints/trades.py
41010830,12,0,12,tests/test_trades.py
41010830,2,0,2,oandapyV20/endpoints/trades.py
41010830,1,1,2,oandapyV20/endpoints/responses/trades.py
41010830,19,0,19,oandapyV20/endpoints/responses/trades.py
41010830,27,3,30,oandapyV20/endpoints/trades.py
41010830,12,0,12,tests/test_trades.py
41010830,21,1,22,oandapyV20/endpoints/responses/trades.py
41010830,23,4,27,oandapyV20/endpoints/trades.py
41010830,12,0,12,tests/test_trades.py
41010830,19,16,35,oandapyV20/endpoints/responses/trades.py
41010830,34,4,38,oandapyV20/endpoints/trades.py
41010830,8,11,19,tests/test_trades.py
41010830,1,1,2,oandapyV20/endpoints/transactions.py
41010830,1,1,2,oandapyV20/endpoints/orders.py
41010830,4,9,13,oandapyV20/endpoints/pricing.py
41010830,1,1,2,oandapyV20/endpoints/instruments.py
41010830,1,8,9,oandapyV20/endpoints/trades.py
41010830,1,4,5,oandapyV20/endpoints/transactions.py
41010830,30,0,30,oandapyV20/endpoints/responses/transactions.py
41010830,44,2,46,oandapyV20/endpoints/transactions.py
41010830,13,13,26,tests/test_transactions.py
41010830,113,34,147,oandapyV20/endpoints/responses/transactions.py
41010830,36,3,39,oandapyV20/endpoints/transactions.py
41010830,12,0,12,tests/test_transactions.py
41010830,2,2,4,oandapyV20/endpoints/transactions.py
41010830,56,0,56,oandapyV20/endpoints/responses/transactions.py
41010830,38,4,42,oandapyV20/endpoints/transactions.py
41010830,12,0,12,tests/test_transactions.py
41010830,25,0,25,oandapyV20/endpoints/responses/transactions.py
41010830,26,4,30,oandapyV20/endpoints/transactions.py
41010830,13,0,13,tests/test_transactions.py
41010830,0,1,1,oandapyV20/endpoints/transactions.py
41010830,3,0,3,oandapyV20/endpoints/responses/transactions.py
41010830,33,1,34,oandapyV20/endpoints/transactions.py
41010830,7,7,14,tests/test_transactions.py
41010830,0,22,22,oandapyV20/endpoints/accounts.py
41010830,1,1,2,oandapyV20/endpoints/accounts.py
41010830,34,1,35,oandapyV20/endpoints/accounts.py
41010830,4,0,4,oandapyV20/endpoints/responses/accounts.py
41010830,8,19,27,tests/test_accounts.py
41010830,25,1,26,oandapyV20/endpoints/accounts.py
41010830,7,6,13,tests/test_accounts.py
41010830,18,16,34,oandapyV20/endpoints/accounts.py
41010830,7,7,14,tests/test_accounts.py
41010830,1,1,2,tests/test_accounts.py
41010830,47,4,51,oandapyV20/endpoints/pricing.py
41010830,125,0,125,oandapyV20/endpoints/responses/pricing.py
41010830,11,13,24,tests/test_pricing.py
41010830,34,11,45,oandapyV20/endpoints/decorators.py
41010830,35,1,36,oandapyV20/endpoints/pricing.py
41010830,3,1,4,oandapyV20/endpoints/responses/pricing.py
41010830,11,11,22,tests/test_pricing.py
41010830,24,3,27,oandapyV20/endpoints/accounts.py
41010830,8,11,19,tests/test_accounts.py
41010830,1,1,2,oandapyV20/endpoints/accounts.py
41010830,32,27,59,oandapyV20/endpoints/accounts.py
41010830,5,5,10,oandapyV20/endpoints/responses/accounts.py
41010830,12,0,12,tests/test_accounts.py
41010830,34,11,45,oandapyV20/endpoints/accounts.py
41010830,75,0,75,oandapyV20/endpoints/responses/accounts.py
41010830,17,2,19,tests/test_accounts.py
41010830,43,10,53,oandapyV20/endpoints/instruments.py
41010830,5,0,5,oandapyV20/endpoints/responses/instruments.py
41010830,7,8,15,tests/test_instruments.py
41010830,4,1,5,tests/unittestsetup.py
41010830,2,0,2,oandapyV20/endpoints/decorators.py
41010830,7,2,9,tests/unittestsetup.py
41010830,27,3,30,oandapyV20/endpoints/orders.py
41010830,24,0,24,oandapyV20/endpoints/responses/orders.py
41010830,15,0,15,tests/test_orders.py
41010830,30,3,33,oandapyV20/endpoints/orders.py
41010830,21,0,21,oandapyV20/endpoints/responses/orders.py
41010830,16,0,16,tests/test_orders.py
41010830,36,1,37,oandapyV20/endpoints/orders.py
41010830,43,15,58,oandapyV20/endpoints/responses/orders.py
41010830,18,21,39,tests/test_orders.py
41010830,5,5,10,tests/test_orders.py
41010830,27,3,30,oandapyV20/endpoints/orders.py
41010830,29,0,29,oandapyV20/endpoints/responses/orders.py
41010830,13,0,13,tests/test_orders.py
41010830,32,4,36,oandapyV20/endpoints/orders.py
41010830,1,1,2,oandapyV20/endpoints/responses/orders.py
41010830,9,8,17,tests/test_orders.py
41010830,4,4,8,tests/test_orders.py
41010830,39,4,43,oandapyV20/endpoints/orders.py
41010830,29,0,29,oandapyV20/endpoints/responses/orders.py
41010830,15,3,18,tests/test_orders.py
41010830,1,2,3,tests/unittestsetup.py
41010830,33,5,38,oandapyV20/endpoints/orders.py
41010830,43,0,43,oandapyV20/endpoints/responses/orders.py
41010830,15,0,15,tests/test_orders.py
41010830,12,0,12,tests/unittestsetup.py
41010830,4,0,4,oandapyV20/endpoints/apirequest.py
41010830,1,1,2,tests/test_orders.py
41010830,1,9,10,oandapyV20/endpoints/orders.py
41010830,0,0,0,oandapyV20/endpoints/responses/__init__.py
41010830,62,0,62,oandapyV20/endpoints/responses/transactions.py
41010830,1,58,59,oandapyV20/endpoints/transactions.py
41010830,1,124,125,oandapyV20/endpoints/pricing.py
41010830,128,0,128,oandapyV20/endpoints/responses/pricing.py
41010830,1,70,71,oandapyV20/endpoints/positions.py
41010830,74,0,74,oandapyV20/endpoints/responses/positions.py
41010830,38,0,38,oandapyV20/endpoints/responses/trades.py
41010830,1,35,36,oandapyV20/endpoints/trades.py
41010830,1,51,52,oandapyV20/endpoints/orders.py
41010830,53,0,53,oandapyV20/endpoints/responses/orders.py
41010830,1,67,68,oandapyV20/endpoints/instruments.py
41010830,70,0,70,oandapyV20/endpoints/responses/instruments.py
41010830,1,292,293,oandapyV20/endpoints/accounts.py
41010830,294,0,294,oandapyV20/endpoints/responses/accounts.py
41010830,0,1,1,examples/neworder.py
41010830,6,5,11,docs/conf.py
41010830,8,9,17,oandapyV20/oandapyV20.py
41010830,8,1,9,examples/neworder.py
41010830,12,0,12,oandapyV20/oandapyV20.py
41010830,14,13,27,oandapyV20/oandapyV20.py
41010830,13,10,23,examples/candle-data.py
41010830,2,1,3,examples/streaming_trans.py
41010830,49,0,49,examples/neworder.py
41010830,1,1,2,oandapyV20/endpoints/decorators.py
41010830,9,7,16,examples/streaming_prices.py
41010830,8,2,10,oandapyV20/endpoints/apirequest.py
41010830,8,0,8,oandapyV20/endpoints/pricing.py
41010830,8,0,8,oandapyV20/endpoints/transactions.py
41010830,4,0,4,oandapyV20/exceptions.py
41010830,7,23,30,oandapyV20/oandapyV20.py
41010830,14,7,21,tests/test_pricing.py
41010830,14,7,21,tests/test_transactions.py
41010830,2,0,2,oandapyV20/endpoints/accounts.py
41010830,6,0,6,oandapyV20/endpoints/orders.py
41010830,2,0,2,oandapyV20/endpoints/positions.py
41010830,6,0,6,oandapyV20/endpoints/trades.py
41010830,14,6,20,oandapyV20/oandapyV20.py
41010830,0,1,1,examples/candle-data.py
41010830,0,2,2,examples/streaming_prices.py
41010830,2,0,2,examples/candle-data.py
41010830,0,21,21,examples/prices-historical.py
41010830,61,15,76,examples/streaming_prices.py
41010830,9,0,9,tests/test_oandapyv20.py
41010830,36,14,50,oandapyV20/oandapyV20.py
41010830,52,13,65,examples/candle-data.py
41010830,22,0,22,examples/candle-data.py
41010830,21,0,21,examples/prices-historical.py
41010830,36,0,36,oandapyV20/endpoints/definitions/instruments.py
41010830,105,0,105,oandapyV20/endpoints/instruments.py
41010830,72,0,72,tests/test_instruments.py
41010830,10,0,10,examples/exampleauth.py
41010830,13,1,14,tests/test_accounts.py
41010830,1,1,2,oandapyV20/endpoints/accounts.py
41010830,1,1,2,oandapyV20/endpoints/orders.py
41010830,1,1,2,oandapyV20/endpoints/pricing.py
41010830,1,1,2,oandapyV20/endpoints/trades.py
41010830,1,1,2,oandapyV20/endpoints/transactions.py
41010830,2,0,2,oandapyV20/endpoints/accounts.py
41010830,2,0,2,oandapyV20/endpoints/orders.py
41010830,2,0,2,oandapyV20/endpoints/pricing.py
41010830,2,0,2,oandapyV20/endpoints/trades.py
41010830,2,0,2,oandapyV20/endpoints/transactions.py
41010830,0,0,0,oandapyV20/endpoints/definitions/__init__.py
41010830,26,0,26,oandapyV20/endpoints/definitions/accounts.py
41010830,40,0,40,oandapyV20/endpoints/definitions/orders.py
41010830,11,0,11,oandapyV20/endpoints/definitions/pricing.py
41010830,16,0,16,oandapyV20/endpoints/definitions/primitives.py
41010830,11,0,11,oandapyV20/endpoints/definitions/trades.py
41010830,220,0,220,oandapyV20/endpoints/definitions/transactions.py
41010830,18,0,18,examples/streaming_trans.py
41010830,12,0,12,oandapyV20/endpoints/transactions.py
41010830,24,0,24,tests/test_transactions.py
41010830,2,2,4,tests/test_pricing.py
41010830,2,1,3,tests/test_orders.py
41010830,19,22,41,oandapyV20/oandapyV20.py
41010830,13,1,14,oandapyV20/endpoints/apirequest.py
41010830,2,1,3,oandapyV20/endpoints/decorators.py
41010830,5,3,8,oandapyV20/endpoints/orders.py
41010830,30,2,32,tests/test_orders.py
41010830,2,1,3,oandapyV20/oandapyV20.py
41010830,5,0,5,oandapyV20/oandapyV20.py
41010830,2,1,3,oandapyV20/oandapyV20.py
41010830,5,1,6,oandapyV20/oandapyV20.py
41010830,4,4,8,oandapyV20/oandapyV20.py
41010830,4,4,8,oandapyV20/oandapyV20.py
41010830,20,0,20,examples/streaming.py
41010830,3,10,13,oandapyV20/oandapyV20.py
41010830,24,26,50,oandapyV20/oandapyV20.py
41010830,11,6,17,oandapyV20/oandapyV20.py
41010830,14,6,20,tests/test_pricing.py
41010830,2,1,3,oandapyV20/endpoints/pricing.py
41010830,7,0,7,tests/test_accounts.py
41010830,16,2,18,tests/test_oandapyv20.py
41010830,7,0,7,tests/test_orders.py
41010830,7,0,7,tests/test_positions.py
41010830,24,1,25,tests/test_pricing.py
41010830,7,0,7,tests/test_trades.py
41010830,7,0,7,tests/test_transactions.py
41010830,84,22,106,oandapyV20/oandapyV20.py
41010830,10,0,10,oandapyV20/endpoints/pricing.py
41010830,0,34,34,tests/helper.py
41010830,13,0,13,tests/test_oandapyv20.py
41010830,6,5,11,oandapyV20/endpoints/accounts.py
41010830,1,2,3,oandapyV20/endpoints/apirequest.py
41010830,18,12,30,oandapyV20/endpoints/decorators.py
41010830,7,4,11,oandapyV20/endpoints/orders.py
41010830,4,3,7,oandapyV20/endpoints/positions.py
41010830,2,2,4,oandapyV20/endpoints/pricing.py
41010830,7,4,11,oandapyV20/endpoints/trades.py
41010830,5,5,10,oandapyV20/endpoints/transactions.py
41010830,2,2,4,oandapyV20/oandapyV20.py
41010830,14,0,14,tests/test_accounts.py
41010830,1,1,2,tests/test_accounts.py
41010830,2,0,2,oandapyV20/endpoints/decorators.py
41010830,25,0,25,tests/test_orders.py
41010830,22,0,22,oandapyV20/endpoints/orders.py
41010830,71,0,71,tests/test_orders.py
41010830,27,1,28,oandapyV20/endpoints/orders.py
41010830,2,2,4,tests/test_trades.py
41010830,9,1,10,tests/test_trades.py
41010830,78,0,78,tests/test_trades.py
41010830,34,1,35,oandapyV20/endpoints/trades.py
41010830,57,0,57,tests/test_oandapyv20.py
41010830,65,0,65,tests/test_positions.py
41010830,69,1,70,oandapyV20/endpoints/positions.py
41010830,51,29,80,oandapyV20/endpoints/transactions.py
41010830,54,54,108,oandapyV20/endpoints/pricing.py
41010830,62,0,62,tests/test_transactions.py
41010830,36,1,37,oandapyV20/endpoints/transactions.py
41010830,3,2,5,tests/test_pricing.py
41010830,123,1,124,oandapyV20/endpoints/pricing.py
41010830,63,0,63,tests/test_pricing.py
41010830,92,0,92,oandapyV20/endpoints/accounts.py
41010830,11,0,11,tests/test_accounts.py
41010830,0,1,1,tests/test_accounts.py
41010830,111,0,111,tests/test_accounts.py
41010830,0,141,141,tests/test_endp_accounts.py
41010830,0,101,101,tests/test_endp_positions.py
41010830,0,61,61,tests/test_endp_pricing.py
41010830,35,0,35,oandapyV20/endpoints/accounts.py
41010830,1,1,2,oandapyV20/oandapyV20.py
41010830,0,5,5,oandapyV20/oandapyV20.py
41010830,4,16,20,oandapyV20/endpoints/orders.py
41010830,4,0,4,oandapyV20/endpoints/pricing.py
41010830,4,15,19,oandapyV20/endpoints/trades.py
41010830,3,0,3,oandapyV20/endpoints/transactions.py
41010830,1,0,1,oandapyV20/endpoints/apirequest.py
41010830,6,1,7,oandapyV20/endpoints/accounts.py
41010830,18,0,18,oandapyV20/endpoints/decorators.py
41010830,2,1,3,oandapyV20/endpoints/orders.py
41010830,2,1,3,oandapyV20/endpoints/pricing.py
41010830,2,1,3,oandapyV20/endpoints/trades.py
41010830,4,1,5,oandapyV20/endpoints/transactions.py
41010830,7,2,9,oandapyV20/oandapyV20.py
41010830,3,6,9,tests/test_endp_accounts.py
41010830,2,2,4,tests/test_endp_pricing.py
41010830,1,1,2,oandapyV20/endpoints/accounts.py
41010830,1,1,2,oandapyV20/endpoints/orders.py
41010830,1,1,2,oandapyV20/endpoints/trades.py
41010830,6,6,12,oandapyV20/endpoints/accounts.py
41010830,7,7,14,oandapyV20/endpoints/orders.py
41010830,6,6,12,oandapyV20/endpoints/trades.py
41010830,1,1,2,tests/test_endp_positions.py
41010830,2,3,5,tests/helper.py
41010830,5,8,13,tests/test_endp_accounts.py
41010830,2,1,3,tests/test_endp_positions.py
41010830,1,1,2,tests/test_endp_pricing.py
41010830,40,34,74,oandapyV20/endpoints/transactions.py
41010830,44,53,97,oandapyV20/endpoints/positions.py
41010830,62,45,107,oandapyV20/endpoints/orders.py
41010830,17,3,20,oandapyV20/endpoints/pricing.py
41010830,53,42,95,oandapyV20/endpoints/trades.py
41010830,3,0,3,oandapyV20/endpoints/apirequest.py
41010830,63,50,113,oandapyV20/endpoints/accounts.py
41010830,35,0,35,oandapyV20/endpoints/decorators.py
41010830,0,40,40,oandapyV20/endpoints/apirequest.py
41010830,43,0,43,oandapyV20/endpoints/decorators.py
41010830,1,1,2,oandapyV20/endpoints/transactions.py
41010830,1,1,2,oandapyV20/endpoints/pricing.py
41010830,1,1,2,oandapyV20/endpoints/positions.py
41010830,2,1,3,oandapyV20/endpoints/orders.py
41010830,1,1,2,docs/conf.py
41010830,42,0,42,docs/conf.py
41010830,14,3,17,docs/conf.py
41010830,14,3,17,oandapyV20/endpoints/accounts.py
41010830,13,1,14,oandapyV20/endpoints/orders.py
41010830,11,1,12,oandapyV20/endpoints/positions.py
41010830,13,2,15,oandapyV20/endpoints/trades.py
41010830,7,0,7,oandapyV20/endpoints/transactions.py
41010830,131,2,133,oandapyV20/oandapyV20.py
41010830,74,0,74,oandapyV20/endpoints/trades.py
41010830,52,0,52,oandapyV20/endpoints/transactions.py
41010830,37,25,62,oandapyV20/endpoints/positions.py
41010830,4,4,8,tests/helper.py
41010830,12,14,26,tests/test_endp_positions.py
41010830,5,7,12,oandapyV20/endpoints/pricing.py
41010830,16,16,32,tests/test_endp_accounts.py
41010830,3,1,4,oandapyV20/oandapyV20.py
41010830,5,10,15,oandapyV20/endpoints/orders.py
41010830,1,1,2,oandapyV20/endpoints/accounts.py
41010830,268,23,291,oandapyV20/endpoints/accounts.py
41010830,12,0,12,oandapyV20/endpoints/apirequest.py
41010830,28,0,28,oandapyV20/endpoints/apirequest.py
41010830,49,31,80,oandapyV20/endpoints/orders.py
41010830,35,0,35,tests/helper.py
41010830,7,33,40,tests/test_endp_positions.py
41010830,56,0,56,oandapyV20/endpoints/positions.py
41010830,128,0,128,tests/test_endp_positions.py
41010830,1,1,2,oandapyV20/endpoints/orders.py
41010830,1,1,2,tests/test_endp_pricing.py
41010830,22,0,22,oandapyV20/endpoints/pricing.py
41010830,61,0,61,tests/test_endp_pricing.py
41010830,11,21,32,tests/test_endp_accounts.py
41010830,64,0,64,oandapyV20/endpoints/orders.py
41010830,335,0,335,docs/conf.py
41010830,44,0,44,setup.py
41010830,157,0,157,tests/test_endp_accounts.py
41010830,40,0,40,oandapyV20/endpoints/accounts.py
41010830,0,0,0,oandapyV20/endpoints/__init__.py
41010830,34,0,34,oandapyV20/endpoints/apirequest.py
41010830,10,0,10,oandapyV20/__init__.py
41010830,25,0,25,oandapyV20/exceptions.py
41010830,91,0,91,oandapyV20/oandapyV20.py
41010830,0,0,0,tests/__init__.py
41010830,30,0,30,tests/unittestsetup.py
